H.t,DD.t_h,UD.t_h,H.h,DD.h_u,UD.h_u,H.u,DD.u_g,UD.u_g,H.g,DD.g_dash,UD.g_dash,H.dash,DD.dash_1,UD.dash_1,H.1,DD.1_7,UD.1_7,H.7,DD.7_3,UD.7_3,H.3,total,user
100,232,132,100,185,85,85,200,115,185,1319,1134,101,887,786,116,116,0,85,254,169,63,3256,S126a
79,386,307,85,185,100,100,185,85,116,332,216,100,717,617,85,239,154,131,348,217,84,2476,S126a
69,216,147,69,216,147,69,169,100,85,348,263,107,423,316,101,285,184,116,316,200,85,2058,S126a
86,218,132,84,200,116,84,185,101,84,347,263,101,270,169,100,432,332,132,339,207,83,2074,S126a
78,379,301,122,269,147,69,170,101,84,332,248,116,448,332,107,401,294,85,339,254,100,2438,S126a
69,207,138,94,201,107,93,178,85,85,285,200,132,301,169,100,201,101,138,416,278,69,1858,S126a
85,223,138,100,216,116,85,169,84,89,316,227,147,301,154,116,178,62,123,339,216,84,1826,S126a
100,222,122,116,201,85,78,194,116,85,307,222,116,395,279,107,169,62,138,370,232,84,1942,S126a
69,323,254,15,178,163,54,170,116,131,385,254,116,918,802,100,200,100,116,702,586,100,2976,S126a
78,232,154,84,185,101,84,184,100,97,279,182,138,301,163,122,269,147,116,348,232,85,1883,S126a
84,216,132,85,169,84,85,201,116,84,316,232,101,216,115,101,317,216,122,354,232,85,1874,S126a
84,222,138,79,163,84,101,201,100,100,332,232,107,254,147,100,131,31,138,355,217,100,1758,S126a
69,216,147,85,201,116,69,185,116,69,269,200,116,216,100,101,132,31,147,354,207,63,1636,S126a
69,207,138,100,194,94,69,192,123,77,247,170,116,263,147,138,169,31,132,354,222,101,1727,S126a
69,201,132,116,223,107,62,162,100,85,332,247,107,270,163,154,270,116,116,370,254,71,1899,S126a
85,232,147,69,169,100,69,185,116,85,317,232,100,253,153,116,179,63,122,354,232,85,1774,S126a
78,263,185,84,238,154,62,178,116,69,756,687,84,216,132,116,332,216,116,385,269,85,2453,S126a
72,207,135,84,185,101,69,169,100,78,279,201,84,222,138,132,216,84,116,433,317,69,1780,S126a
85,201,116,84,185,101,69,169,100,78,248,170,100,184,84,101,232,131,116,470,354,85,1774,S126a
100,216,116,100,201,101,77,185,108,84,285,201,100,269,169,85,364,279,84,338,254,63,1921,S126a
63,201,138,85,163,78,84,185,101,69,238,169,100,232,132,116,200,84,132,386,254,78,1683,S126a
100,238,138,94,201,107,78,194,116,84,607,523,94,289,195,106,175,69,100,316,216,85,2105,S126a
84,238,154,85,216,131,69,185,116,69,433,364,69,269,200,116,232,116,85,354,269,63,1990,S126a
69,216,147,69,185,116,69,185,116,53,339,286,100,300,200,101,148,47,131,369,238,85,1827,S126a
62,185,123,93,200,107,63,179,116,69,253,184,106,348,242,138,185,47,138,417,279,69,1836,S126a
63,209,146,88,188,100,85,201,116,69,285,216,100,1388,1288,116,116,0,116,301,185,69,2757,S126a
69,216,147,69,185,116,69,185,116,47,216,169,100,248,148,122,153,31,135,385,250,101,1689,S126a
84,200,116,100,185,85,85,185,100,69,232,163,100,517,417,100,122,22,147,401,254,63,1905,S126a
85,239,154,100,200,100,63,185,122,63,248,185,131,485,354,101,69,-32,147,348,201,84,1858,S126a
100,247,147,85,201,116,53,185,132,53,254,201,100,1003,903,100,162,62,132,370,238,85,2507,S126a
85,216,131,85,170,85,84,185,101,78,964,886,101,440,339,131,131,0,132,364,232,69,2539,S126a
85,216,131,85,200,115,85,185,100,85,263,178,116,285,169,101,170,69,147,385,238,85,1789,S126a
84,247,163,85,771,686,69,185,116,85,386,301,100,231,131,116,248,132,122,523,401,85,2676,S126a
85,232,147,100,1172,1072,84,216,132,85,385,300,116,301,185,132,170,38,162,401,239,84,2961,S126a
101,248,147,85,200,115,85,201,116,69,269,200,101,270,169,147,147,0,154,417,263,116,1868,S126a
100,263,163,69,185,116,69,201,132,69,795,726,106,222,116,138,154,16,163,379,216,107,2306,S126a
101,254,153,132,301,169,63,1179,1116,-916,-615,301,100,201,101,115,338,223,116,432,316,85,2175,S126a
85,402,317,100,216,116,69,200,131,54,771,717,69,154,85,100,200,100,147,348,201,100,2391,S126a
69,216,147,100,216,116,94,238,144,78,479,401,85,185,100,116,533,417,107,301,194,85,2253,S126a
100,238,138,85,185,100,79,185,106,79,248,169,116,247,131,123,308,185,131,363,232,85,1859,S126a
115,238,123,78,178,100,69,169,100,69,239,170,100,236,136,111,143,32,100,354,254,69,1626,S126a
78,232,154,69,184,115,69,201,132,69,232,163,116,200,84,132,401,269,116,386,270,100,1936,S126a
84,222,138,78,194,116,38,471,433,53,670,617,85,201,116,147,169,22,116,332,216,92,2351,S126a
84,238,154,100,201,101,78,178,100,85,270,185,116,332,216,122,185,63,138,338,200,94,1836,S126a
101,248,147,100,185,85,84,185,101,100,285,185,116,216,100,116,147,31,154,354,200,85,1705,S126a
86,247,161,101,217,116,69,169,100,84,301,217,147,269,122,116,295,179,138,369,231,54,1921,S126a
100,248,148,84,185,101,69,169,100,100,263,163,116,232,116,100,153,53,132,333,201,84,1667,S126a
85,232,147,100,348,248,69,185,116,100,269,169,154,386,232,85,185,100,147,385,238,94,2084,S126a
100,232,132,116,670,554,85,201,116,100,501,401,79,163,84,100,655,555,116,317,201,100,2839,S126a
85,204,119,97,197,100,69,185,116,85,301,216,169,269,100,101,185,84,148,332,184,70,1743,S126a
100,248,148,100,238,138,62,178,116,69,301,232,85,239,154,100,200,100,116,386,270,78,1868,S126a
90,221,131,100,201,101,84,185,101,69,285,216,116,216,100,131,216,85,116,386,270,69,1779,S126a
78,216,138,89,184,95,78,194,116,69,624,555,85,185,100,100,163,63,138,370,232,100,2036,S126a
34,298,264,100,184,84,116,239,123,100,1203,1103,100,201,101,93,247,154,132,370,238,85,2827,S126a
100,248,148,84,169,85,100,200,100,101,286,185,116,232,116,122,138,16,147,363,216,100,1736,S126a
101,254,153,78,163,85,85,201,116,84,269,185,116,216,100,132,254,122,132,395,263,85,1837,S126a
93,232,139,84,200,116,69,185,116,100,363,263,123,223,100,116,301,185,116,448,332,85,2037,S126a
100,270,170,84,200,116,85,201,116,100,818,718,115,285,170,147,416,269,116,402,286,100,2692,S126a
100,232,132,93,187,94,84,200,116,81,313,232,100,170,70,100,153,53,147,433,286,84,1772,S126a
78,216,138,84,200,116,78,201,123,78,316,238,116,248,132,100,138,38,131,385,254,116,1820,S126a
85,279,194,84,724,640,84,232,148,100,432,332,96,223,127,131,316,185,116,617,501,101,2924,S126a
100,232,132,85,185,100,69,200,131,70,254,184,116,179,63,138,169,31,116,385,269,116,1720,S126a
100,231,131,85,185,100,69,185,116,78,263,185,123,223,100,132,201,69,131,379,248,100,1767,S126a
100,232,132,93,169,76,84,200,116,78,348,270,85,238,153,116,263,147,139,355,216,84,1889,S126a
85,200,115,101,185,84,85,185,100,71,286,215,116,648,532,132,132,0,122,354,232,100,2090,S126a
79,201,122,94,194,100,69,169,100,85,254,169,116,185,69,131,348,217,115,354,239,78,1783,S126a
69,223,154,100,200,100,78,179,101,100,554,454,116,301,185,116,201,85,147,548,401,69,2275,S126a
69,1172,1103,101,185,84,101,201,100,84,285,201,100,247,147,116,787,671,116,401,285,100,3378,S126a
85,217,132,116,839,723,100,232,132,85,448,363,122,222,100,148,163,15,154,401,247,100,2622,S126a
85,232,147,85,201,116,53,169,116,85,254,169,116,216,100,101,370,269,116,348,232,100,1890,S126a
85,263,178,70,201,131,85,185,100,85,270,185,115,269,154,147,147,0,116,355,239,116,1806,S126a
101,286,185,90,369,279,94,200,106,94,301,207,132,201,69,147,479,332,138,386,248,84,2306,S126a
100,269,169,69,185,116,69,185,116,78,486,408,78,216,138,163,147,-16,116,338,222,101,1927,S126a
85,232,147,69,154,85,85,185,100,84,247,163,116,254,138,116,116,0,132,332,200,85,1605,S126a
85,216,131,69,170,101,78,178,100,69,238,169,116,263,147,123,571,448,116,432,316,69,2137,S126a
101,223,122,78,178,100,69,185,116,69,239,170,116,764,648,132,169,37,148,439,291,78,2275,S126a
69,201,132,100,200,100,69,185,116,69,248,179,100,269,169,116,170,54,147,401,254,100,1774,S126a
85,301,216,85,270,185,62,163,101,100,686,586,100,470,370,116,100,-16,148,348,200,100,2438,S126a
84,216,132,100,201,101,69,185,116,62,247,185,115,338,223,132,132,0,147,363,216,100,1782,S126a
97,228,131,85,169,84,69,170,101,69,232,163,116,601,485,138,138,0,132,433,301,69,2040,S126a
84,253,169,94,179,85,69,185,116,69,238,169,94,294,200,123,486,363,100,439,339,131,2205,S126a
100,238,138,79,1852,1773,101,239,138,93,316,223,85,216,131,111,586,475,100,363,263,101,3911,S126a
78,216,138,84,200,116,69,185,116,85,364,279,100,269,169,101,185,84,147,386,239,84,1889,S126a
85,216,131,85,185,100,69,185,116,69,254,185,100,263,163,116,154,38,131,385,254,86,1728,S126a
100,238,138,100,301,201,85,200,115,85,333,248,100,354,254,100,163,63,131,385,254,85,2059,S126a
69,201,132,85,207,122,100,216,116,84,749,665,100,871,771,147,348,201,84,353,269,69,3014,S126a
54,207,153,78,201,123,62,178,116,54,223,169,116,232,116,116,232,116,155,474,319,95,1842,S126a
84,216,132,69,185,116,69,200,131,63,232,169,116,216,100,101,1041,940,63,464,401,69,2623,S126a
78,216,138,85,200,115,79,185,106,78,903,825,78,833,755,101,185,84,116,486,370,94,3102,S126a
85,216,131,85,201,116,69,169,100,85,248,163,116,200,84,101,370,269,132,602,470,84,2090,S126a
69,232,163,85,201,116,100,185,85,84,369,285,101,232,131,101,185,84,132,370,238,100,1874,S126a
70,204,134,97,181,84,85,201,116,69,216,147,116,270,154,162,162,0,138,355,217,84,1673,S126a
100,232,132,69,169,100,78,179,101,69,222,153,100,258,158,105,159,54,131,385,254,63,1667,S126a
100,216,116,69,169,100,78,185,107,63,232,169,84,908,824,132,147,15,107,508,401,100,2465,S126a
69,223,154,85,185,100,94,201,107,78,301,223,115,300,185,132,163,31,132,439,307,100,1912,S126a
63,216,153,85,486,401,85,448,363,69,270,201,100,470,370,132,178,46,138,402,264,84,2554,S126a
101,333,232,100,269,169,94,201,107,100,301,201,131,263,132,116,185,69,153,401,248,116,2069,S126a
101,270,169,69,169,100,85,185,100,94,301,207,116,401,285,116,116,0,132,363,231,101,1906,S126a
116,254,138,100,833,733,85,200,115,85,270,185,116,348,232,138,153,15,147,401,254,116,2575,S126a
100,247,147,69,185,116,85,201,116,84,285,201,116,247,131,138,116,-22,154,386,232,100,1767,S126a
100,247,147,85,223,138,62,194,132,69,285,216,116,254,138,116,116,0,131,401,270,116,1836,S126a
85,232,147,69,185,116,69,200,131,54,270,216,116,201,85,131,169,38,131,363,232,85,1705,S126a
85,254,169,132,270,138,100,200,100,78,332,254,116,270,154,131,116,-15,131,332,201,69,1843,S126a
100,185,85,115,216,101,100,185,85,62,285,223,116,279,163,100,338,238,101,285,184,74,1847,S126a
100,216,116,116,216,100,69,170,101,78,332,254,100,517,417,116,316,200,123,339,216,84,2190,S126a
69,223,154,100,232,132,57,169,112,147,448,301,100,285,185,85,185,100,147,363,216,69,1974,S126a
62,216,154,100,216,116,47,169,122,94,279,185,122,238,116,132,217,85,147,363,216,85,1783,S126a
85,207,122,116,248,132,53,153,100,94,279,185,122,223,101,116,163,47,138,338,200,78,1689,S126a
100,247,147,100,254,154,31,169,138,78,248,170,84,232,148,100,138,38,147,332,185,69,1689,S126a
84,231,147,85,201,116,69,185,116,93,253,160,116,270,154,133,134,1,113,345,232,85,1704,S126a
84,216,132,85,185,100,78,185,107,100,316,216,101,248,147,1084,116,-968,122,370,248,84,1720,S126a
69,200,131,105,216,111,69,185,116,69,269,200,101,401,300,101,148,47,116,470,354,100,1989,S126a
85,223,138,94,200,106,79,195,116,53,385,332,100,285,185,116,201,85,131,338,207,63,1890,S126a
84,216,132,69,185,116,47,154,107,78,316,238,84,258,174,74,158,84,132,348,216,85,1720,S126a
69,216,147,101,217,116,53,169,116,69,269,200,101,1150,1049,132,471,339,100,300,200,63,2855,S126a
69,201,132,85,169,84,100,201,101,62,247,185,132,354,222,116,194,78,123,370,247,69,1805,S126a
47,247,200,116,238,122,79,179,100,85,238,153,116,301,185,100,100,0,101,348,247,85,1736,S126a
69,223,154,78,178,100,85,185,100,100,254,154,116,232,116,100,131,31,123,355,232,84,1642,S126a
100,225,125,91,176,85,85,201,116,84,263,179,106,269,163,69,129,60,109,356,247,70,1689,S126a
69,217,148,69,185,116,69,185,116,69,285,216,100,263,163,84,207,123,147,401,254,78,1821,S126a
85,232,147,85,185,100,85,185,100,69,270,201,115,432,317,85,131,46,139,417,278,85,1937,S126a
69,238,169,101,232,131,101,248,147,84,416,332,69,201,132,85,385,300,138,584,446,86,2390,S126a
31,247,216,69,185,116,69,201,132,53,238,185,116,216,100,101,147,46,138,370,232,116,1720,S126a
115,231,116,84,169,85,85,185,100,85,285,200,132,279,147,107,138,31,132,363,231,85,1735,S126a
85,254,169,94,194,100,69,185,116,69,270,201,131,269,138,100,248,148,131,338,207,100,1858,S126a
94,232,138,85,170,85,93,200,107,78,248,170,115,216,101,116,269,153,148,433,285,84,1852,S126a
100,231,131,69,163,94,85,185,100,85,238,153,132,332,200,69,101,32,131,354,223,100,1704,S126a
94,216,122,85,163,78,85,200,115,54,239,185,100,285,185,78,132,54,131,347,216,85,1667,S126a
85,216,131,69,170,101,84,184,100,85,232,147,101,185,84,85,232,147,132,956,824,62,2237,S126a
85,200,115,85,185,100,85,201,116,85,285,200,100,216,116,116,254,138,132,348,216,100,1789,S126a
100,216,116,100,185,85,84,200,116,54,239,185,115,162,47,101,425,324,130,461,331,85,1973,S126a
84,232,148,115,200,85,116,238,122,79,301,222,101,217,116,100,131,31,154,401,247,69,1789,S126a
85,231,146,92,192,100,78,201,123,94,263,169,131,301,170,116,84,-32,132,348,216,107,1727,S126a
101,232,131,85,170,85,84,200,116,54,232,178,122,223,101,100,131,31,147,433,286,138,1759,S126a
85,248,163,84,169,85,85,216,131,85,433,348,100,1858,1758,84,1921,1837,69,269,200,85,5199,S126a
84,200,116,100,185,85,85,201,116,84,300,216,132,248,116,85,339,254,131,432,301,100,2005,S126a
85,285,200,85,170,85,100,216,116,84,263,179,138,223,85,130,207,77,136,487,351,84,1935,S126a
101,217,116,100,184,84,85,201,116,85,501,416,101,248,147,138,169,31,154,401,247,85,2006,S126a
89,235,146,87,188,101,78,194,116,84,254,170,131,254,123,100,178,78,138,370,232,85,1758,S126a
69,217,148,69,200,131,69,185,116,69,285,216,116,201,85,100,617,517,100,370,270,116,2191,S126a
116,269,153,78,185,107,100,201,101,100,300,200,132,417,285,85,85,0,147,347,200,85,1889,S126a
85,239,154,100,216,116,69,185,116,62,271,209,114,208,94,122,154,32,153,385,232,100,1758,S126a
85,254,169,78,216,138,63,185,122,78,247,169,132,270,138,147,147,0,138,370,232,84,1773,S126a
85,248,163,84,185,101,84,200,116,69,254,185,147,295,148,169,307,138,131,387,256,76,1952,S126a
116,270,154,85,185,100,85,216,131,69,248,179,122,253,131,116,185,69,132,333,201,100,1790,S126a
84,231,147,85,201,116,69,185,116,69,232,163,122,254,132,169,116,-53,131,369,238,85,1673,S126a
100,248,148,69,169,100,70,184,114,79,279,200,100,339,239,147,84,-63,147,363,216,69,1735,S126a
100,232,132,100,200,100,85,201,116,85,987,902,100,339,239,147,116,-31,131,385,254,78,2538,S126a
85,216,131,85,207,122,63,178,115,69,263,194,123,285,162,170,170,0,153,517,364,84,1920,S126a
100,239,139,115,463,348,69,201,132,84,301,217,115,238,123,147,464,317,115,438,323,85,2429,S126a
101,285,184,132,402,270,78,200,122,78,364,286,115,316,201,138,285,147,154,433,279,84,2369,S126a
69,856,787,78,401,323,100,216,116,100,317,217,115,231,116,154,417,263,116,439,323,78,2955,S126a
116,285,169,85,185,100,85,185,100,85,301,216,131,216,85,132,417,285,116,448,332,85,2122,S126a
69,308,239,100,232,132,84,200,116,85,301,216,116,432,316,101,101,0,138,401,263,69,2044,S126a
92,245,153,85,248,163,84,216,132,69,323,254,84,247,163,154,201,47,154,517,363,85,2082,S126a
69,238,169,78,200,122,63,201,138,62,247,185,116,354,238,137,104,-33,127,359,232,100,1803,S126a
100,263,163,85,210,125,60,392,332,100,623,523,100,564,464,100,285,185,131,454,323,116,2907,S126a
85,232,147,84,185,101,69,185,116,69,285,216,116,185,69,116,363,247,100,354,254,85,1874,S126a
101,232,131,100,185,85,69,201,132,69,263,194,122,485,363,138,85,-53,132,386,254,84,1921,S126a
100,232,132,84,169,85,78,178,100,85,254,169,132,502,370,116,53,-63,116,495,379,100,1983,S126a
85,555,470,85,185,100,85,201,116,100,278,178,201,702,501,123,555,432,116,370,254,100,2946,S126a
85,223,138,100,216,116,69,169,100,94,279,185,138,238,100,147,386,239,147,479,332,100,2090,S126a
101,232,131,116,201,85,84,200,116,85,893,808,101,803,702,147,369,222,116,364,248,84,3146,S126a
100,238,138,101,201,100,78,200,122,101,301,200,101,216,115,116,185,69,148,417,269,85,1843,S126a
85,223,138,100,200,100,85,201,116,85,363,278,101,239,138,108,171,63,145,1595,1450,69,3061,S126a
84,231,147,85,201,116,69,169,100,85,270,185,100,232,132,116,185,69,116,385,269,85,1758,S126a
78,231,153,116,201,85,100,200,100,85,301,216,132,502,370,100,100,0,147,370,223,78,1983,S126a
116,247,131,85,185,100,69,170,101,84,263,179,122,338,216,85,286,201,131,601,470,78,2168,S126a
100,247,147,85,185,100,100,201,101,84,269,185,116,363,247,139,201,62,138,423,285,101,1990,S126a
101,680,579,85,207,122,100,216,116,63,664,601,85,170,85,84,216,132,138,385,247,69,2607,S126a
116,248,132,100,200,100,85,201,116,93,655,562,100,448,348,69,338,269,132,417,285,85,2592,S126a
78,479,401,85,201,116,84,184,100,101,623,522,100,433,333,131,131,0,100,339,239,116,2506,S126a
69,301,232,100,216,116,84,200,116,85,471,386,84,184,100,101,179,78,100,338,238,85,1974,S126a
101,248,147,116,216,100,85,216,131,85,354,269,101,270,169,100,132,32,115,347,232,69,1852,S126a
92,223,131,123,201,78,100,201,101,122,454,332,85,232,147,100,169,69,116,386,270,100,1966,S126a
85,370,285,147,301,154,100,232,132,87,1071,984,85,386,301,100,147,47,100,370,270,69,2946,S126a
116,286,170,100,1102,1002,94,248,154,85,416,331,101,317,216,84,254,170,100,363,263,53,3039,S126a
100,316,216,79,1066,987,84,223,139,100,401,301,93,263,170,100,871,771,100,301,201,69,3510,S126a
85,232,147,69,1041,972,84,269,185,78,364,286,100,238,138,100,395,295,106,323,217,84,2946,S126a
101,286,185,100,253,153,79,217,138,84,285,201,116,263,147,100,586,486,100,332,232,85,2307,S126a
101,270,169,100,316,216,69,185,116,85,301,216,100,239,139,131,980,849,85,285,200,85,2661,S126a
84,238,154,78,201,123,93,216,123,84,363,279,100,200,100,85,154,69,163,363,200,69,1804,S126a
85,223,138,100,200,100,79,179,100,84,301,217,116,200,84,116,386,270,100,316,216,85,1890,S126a
62,200,138,100,201,101,78,178,100,69,270,201,116,316,200,85,470,385,101,301,200,69,2005,S126a
116,232,116,100,185,85,100,185,85,69,269,200,101,217,116,116,200,84,132,470,338,101,1859,S126a
47,301,254,100,194,94,84,200,116,85,254,169,116,201,85,131,169,38,132,386,254,100,1805,S126a
100,216,116,100,200,100,85,201,116,100,316,216,132,272,140,98,183,85,131,363,232,85,1836,S126a
100,232,132,69,185,116,84,200,116,69,301,232,116,301,185,116,254,138,116,401,285,84,1958,S126a
85,286,201,100,200,100,69,201,132,69,417,348,92,293,201,85,1536,1451,69,501,432,84,3518,S126a
100,216,116,100,185,85,85,185,100,69,266,197,104,251,147,100,1504,1404,69,301,232,69,2977,S126a
84,216,132,84,185,101,84,185,101,84,316,232,85,370,285,78,602,524,100,347,247,69,2290,S126a
84,1103,1019,68,184,116,85,201,116,85,332,247,85,301,216,38,1119,1081,84,285,201,69,3594,S126a
69,232,163,85,201,116,69,153,84,101,286,185,100,316,216,100,201,101,116,332,216,69,1790,S126a
84,216,132,84,185,101,78,185,107,62,333,271,98,183,85,116,285,169,116,364,248,84,1835,S126a
69,200,131,85,201,116,85,193,108,76,261,185,85,163,78,123,185,62,138,401,263,100,1704,S126a
85,239,154,84,379,295,84,185,101,84,338,254,85,185,100,132,201,69,131,348,217,84,1959,S126a
100,238,138,94,194,100,85,185,100,85,285,200,100,301,201,116,169,53,132,348,216,85,1805,S126a
85,217,132,69,153,84,85,170,85,84,263,179,116,200,84,123,170,47,153,385,232,85,1643,S126a
107,261,154,84,169,85,84,178,94,69,239,170,116,200,84,132,163,31,122,385,263,69,1664,S126a
74,212,138,101,201,100,63,178,115,69,402,333,100,169,69,116,285,169,132,348,216,84,1879,S126a
100,232,132,85,185,100,69,185,116,69,486,417,84,216,132,100,617,517,116,332,216,85,2338,S126a
85,200,115,101,185,84,69,170,101,78,247,169,100,185,85,116,216,100,132,355,223,84,1642,S126a
84,200,116,85,185,100,63,163,100,69,254,185,100,169,69,101,448,347,101,355,254,78,1852,S126a
85,185,100,85,201,116,69,163,94,69,338,269,85,517,432,134,135,1,97,297,200,69,1905,S126a
69,200,131,85,185,100,85,185,100,69,285,216,101,502,401,100,169,69,100,379,279,84,1989,S126a
85,223,138,78,201,123,78,178,100,69,370,301,116,285,169,116,169,53,132,332,200,101,1859,S126a
100,221,121,96,209,113,79,171,92,101,348,247,100,417,317,122,122,0,132,348,216,84,1920,S126a
84,200,116,101,216,115,85,217,132,69,332,263,84,238,154,147,132,-15,138,354,216,100,1789,S126a
85,232,147,100,200,100,85,185,100,85,332,247,101,323,222,163,163,0,154,385,231,101,1921,S126a
123,270,147,84,185,101,84,200,116,69,718,649,100,254,154,100,163,63,138,354,216,84,2228,S126a
100,216,116,116,226,110,75,191,116,69,269,200,100,285,185,78,148,70,131,354,223,84,1773,S126a
85,185,100,116,201,85,100,200,100,70,286,216,100,301,201,100,169,69,131,348,217,100,1790,S126a
32,201,169,115,316,201,100,216,116,85,270,185,100,417,317,100,115,15,116,348,232,100,1983,S126a
116,254,138,85,185,100,94,194,100,85,293,208,107,277,170,85,116,31,138,338,200,85,1742,S126a
100,232,132,84,200,116,85,185,100,85,285,200,101,248,147,84,169,85,132,354,222,78,1751,S126a
84,222,138,101,194,93,85,185,100,69,286,217,100,300,200,101,116,15,116,355,239,69,1727,S126a
85,216,131,85,207,122,78,179,101,84,624,540,93,332,239,84,185,101,115,347,232,69,2159,S126a
69,217,148,84,185,101,84,200,116,69,285,216,101,270,169,100,147,47,122,385,263,85,1774,S126a
101,223,122,94,200,106,79,179,100,69,285,216,69,317,248,122,122,0,100,348,248,69,1743,S126a
100,216,116,116,238,122,47,248,201,53,1171,1118,69,225,156,92,747,655,100,363,263,85,3293,S126a
100,216,116,100,201,101,84,203,119,64,298,234,101,285,184,94,116,22,132,348,216,88,1755,S126a
101,254,153,85,185,100,100,216,116,63,279,216,85,254,169,85,187,102,98,330,232,100,1805,S126a
84,247,163,85,201,116,84,216,132,69,269,200,101,254,153,94,448,354,132,471,339,84,2190,S126a
85,217,132,84,200,116,85,201,116,69,269,200,92,268,176,101,132,31,131,348,217,78,1713,S126a
84,232,148,84,200,116,85,185,100,85,270,185,100,301,201,78,294,216,107,408,301,78,1968,S126a
78,214,136,84,184,100,85,201,116,69,269,200,94,201,107,100,163,63,100,338,238,63,1633,S126a
85,239,154,100,185,85,78,194,116,64,269,205,100,301,201,85,316,231,101,355,254,69,1928,S126a
101,248,147,69,185,116,84,198,114,71,249,178,85,210,125,106,144,38,100,317,217,69,1620,S126a
67,214,147,69,185,116,69,169,100,62,247,185,101,270,169,85,301,216,116,301,185,62,1749,S126a
78,216,138,101,201,100,85,185,100,78,263,185,100,238,138,63,332,269,101,301,200,85,1821,S126a
85,216,131,85,185,100,69,169,100,78,232,154,100,185,85,85,185,100,78,316,238,63,1551,S126a
85,200,115,85,185,100,85,185,100,69,232,163,100,238,138,47,333,286,100,285,185,84,1742,S126a
100,216,116,85,185,100,78,178,100,69,223,154,100,178,78,123,154,31,116,301,185,69,1504,S126a
84,200,116,100,201,101,78,178,100,69,207,138,101,179,78,116,222,106,101,317,216,84,1588,S126a
101,223,122,78,194,116,85,154,69,84,232,148,115,222,107,147,279,132,100,290,190,64,1658,S126a
78,216,138,85,185,100,78,178,100,69,223,154,94,163,69,100,1335,1235,84,755,671,69,3124,S126a
85,232,147,85,185,100,85,185,100,85,247,162,116,217,101,84,840,756,116,332,216,100,2338,S126a
85,217,132,84,200,116,85,194,109,60,239,179,122,222,100,101,702,601,100,316,216,63,2153,S126a
84,216,132,100,200,100,85,185,100,69,254,185,116,417,301,116,163,47,116,323,207,100,1858,S126a
100,216,116,101,216,115,69,170,101,78,269,191,98,411,313,104,104,0,112,350,238,85,1821,S126a
92,238,146,100,200,100,79,194,115,69,239,170,100,269,169,132,163,31,116,317,201,84,1704,S126a
75,191,116,85,201,116,84,185,101,62,247,185,100,486,386,92,169,77,100,363,263,85,1927,S126a
78,216,138,85,178,93,69,154,85,69,254,185,78,247,169,101,170,69,100,285,185,78,1582,S126a
70,201,131,85,169,84,69,170,101,62,216,154,100,200,100,132,333,201,100,332,232,69,1690,S126a
70,217,147,69,185,116,69,147,78,84,238,154,85,216,131,147,170,23,116,316,200,85,1574,S126a
85,223,138,84,190,106,72,172,100,68,223,155,80,216,136,100,147,47,100,301,201,84,1556,S126a
85,238,153,94,201,107,63,178,115,54,239,185,100,918,818,100,1071,971,101,367,266,66,3278,S126a
100,216,116,85,185,100,85,185,100,101,432,331,100,285,185,131,232,101,100,300,200,101,1936,S126a
100,238,138,85,201,116,84,185,101,62,243,181,112,350,238,123,239,116,116,347,231,101,1904,S126a
90,222,132,100,200,100,85,185,100,69,239,170,100,200,100,132,379,247,107,311,204,78,1814,S126a
85,232,147,69,185,116,85,185,100,69,238,169,79,163,84,100,238,138,94,317,223,85,1643,S126a
85,216,131,85,185,100,69,170,101,84,231,147,101,185,84,101,285,184,101,333,232,69,1674,S126a
85,238,153,79,163,84,101,201,100,84,238,154,94,332,238,116,285,169,101,317,216,69,1843,S126a
85,756,671,69,200,131,85,201,116,69,548,479,100,1072,972,131,169,38,116,285,169,94,3325,S126a
85,216,131,101,201,100,69,169,100,63,232,169,85,270,185,84,100,16,100,301,201,69,1558,S126a
85,232,147,100,203,103,66,182,116,69,223,154,100,200,100,79,194,115,107,323,216,101,1658,S126a
84,222,138,101,179,78,69,185,116,69,232,163,97,207,110,116,147,31,116,316,200,85,1573,S126a
85,247,162,69,185,116,69,185,116,31,270,239,84,849,765,116,116,0,122,316,194,69,2237,S126a
85,232,147,85,185,100,69,185,116,69,232,163,100,253,153,147,201,54,100,316,216,101,1705,S126a
84,231,147,85,201,116,69,169,100,69,232,163,85,238,153,116,248,132,116,354,238,94,1767,S126a
84,216,132,85,201,116,69,169,100,69,247,178,85,239,154,131,162,31,101,355,254,100,1689,S126a
100,232,132,69,162,93,85,208,123,62,965,903,100,285,185,100,432,332,122,354,232,85,2723,S126a
85,223,138,94,200,106,78,201,123,62,247,185,100,216,116,154,138,-16,116,332,216,101,1658,S126a
85,232,147,69,200,131,85,185,100,69,263,194,101,208,107,116,178,62,122,339,217,100,1705,S126a
84,216,132,100,216,116,85,169,84,85,232,147,100,201,101,116,116,0,138,338,200,94,1582,S126a
85,216,131,85,170,85,89,184,95,78,301,223,100,247,147,85,154,69,100,301,201,100,1673,S126a
116,238,122,116,194,78,85,185,100,100,270,170,100,254,154,131,194,63,122,338,216,85,1758,S126a
101,254,153,85,185,100,85,185,100,80,255,175,123,440,317,138,185,47,138,323,185,100,1927,S126a
116,232,116,101,201,100,85,185,100,75,251,176,89,234,145,132,170,38,131,316,185,85,1674,S126a
85,217,132,84,169,85,84,185,101,84,247,163,100,185,85,120,153,33,132,486,354,94,1736,S126a
100,238,138,85,185,100,94,178,84,69,270,201,100,269,169,85,364,279,138,439,301,84,2027,S126a
84,231,147,85,170,85,84,200,116,69,248,179,138,254,116,116,231,115,116,417,301,85,1836,S126a
100,240,140,76,176,100,69,201,132,53,354,301,116,294,178,123,139,16,131,332,201,69,1805,S126a
100,231,131,101,201,100,85,185,100,85,254,169,100,1050,950,115,231,116,123,439,316,101,2692,S126a
101,355,254,100,200,100,85,201,116,69,247,178,100,339,239,100,163,63,122,323,201,100,1928,S126a
100,238,138,85,201,116,78,171,93,76,245,169,100,247,147,116,571,455,109,401,292,85,2159,S126a
100,238,138,85,185,100,94,194,100,69,270,201,116,370,254,100,169,69,132,401,269,94,1921,S126a
101,223,122,100,201,101,78,178,100,85,285,200,85,354,269,101,1420,1319,100,386,286,84,3131,S126a
84,263,179,38,138,100,100,185,85,62,247,185,101,332,231,85,555,470,85,718,633,69,2507,S126a
93,232,139,69,192,123,76,170,94,69,285,216,116,339,223,132,132,0,116,554,438,94,1998,S126a
100,232,132,84,185,101,84,200,116,69,317,248,100,301,201,100,1804,1704,101,602,501,84,3725,S126a
84,216,132,100,200,100,85,201,116,69,317,248,106,207,101,131,780,649,84,503,419,104,2528,S126a
100,238,138,85,201,116,78,185,107,78,278,200,116,223,107,131,247,116,116,401,285,85,1858,S126a
101,232,131,123,201,78,84,207,123,78,263,185,116,185,69,131,200,69,147,370,223,85,1743,S126a
100,232,132,100,216,116,85,207,122,63,232,169,119,732,613,85,201,116,138,416,278,101,2337,S126a
100,263,163,84,169,85,100,185,85,85,269,184,116,248,132,101,331,230,101,502,401,69,2036,S126a
100,232,132,122,238,116,85,185,100,78,232,154,100,247,147,138,154,16,147,370,223,93,1751,S126a
78,232,154,84,169,85,78,178,100,69,254,185,85,185,100,85,254,169,109,394,285,70,1736,S126a
84,216,132,85,185,100,78,163,85,69,501,432,100,254,154,100,1635,1535,85,333,248,69,3356,S126a
100,216,116,93,169,76,100,194,94,54,323,269,100,232,132,131,216,85,116,370,254,85,1805,S126a
100,247,147,85,201,116,85,185,100,69,385,316,101,803,702,100,100,0,131,464,333,84,2469,S126a
84,231,147,85,185,100,85,170,85,100,316,216,116,270,154,131,263,132,122,370,248,100,1905,S126a
101,216,115,85,201,116,69,185,116,69,263,194,122,262,140,92,462,370,115,363,248,85,2037,S126a
100,231,131,85,170,85,84,185,101,78,247,169,100,270,170,47,185,138,116,564,448,69,1921,S126a
70,217,147,84,185,101,69,169,100,85,702,617,85,533,448,131,131,0,107,354,247,101,2392,S126a
85,238,153,85,170,85,78,178,100,69,1273,1204,84,153,69,100,248,148,131,354,223,78,2692,S126a
101,254,153,85,201,116,78,185,107,78,263,185,85,185,100,100,185,85,139,401,262,116,1790,S126a
94,232,138,84,200,116,85,185,100,85,348,263,100,417,317,84,153,69,132,364,232,77,1976,S126a
100,247,147,154,301,147,69,185,116,69,232,163,85,193,108,123,1047,924,116,586,470,100,2891,S126a
116,254,138,85,185,100,62,178,116,69,301,232,107,207,100,101,580,479,109,423,314,78,2206,S126a
84,254,170,84,185,101,84,162,78,85,223,138,100,132,32,131,200,69,132,464,332,85,1705,S126a
84,231,147,85,170,85,84,169,85,63,232,169,100,147,47,122,254,132,116,771,655,78,2052,S126a
84,200,116,85,163,78,69,169,100,54,270,216,100,231,131,101,325,224,92,330,238,78,1766,S126a
69,216,147,123,254,131,69,169,100,63,317,254,116,247,131,101,239,138,84,332,248,84,1858,S126a
69,217,148,84,169,85,69,185,116,62,301,239,100,200,100,85,170,85,116,363,247,85,1690,S126a
85,254,169,78,178,100,85,170,85,69,253,184,101,264,163,131,185,54,115,369,254,85,1758,S126a
94,223,129,86,193,107,69,169,100,69,247,178,116,201,85,122,169,47,132,370,238,63,1635,S126a
69,185,116,100,185,85,69,147,78,69,301,232,115,601,486,138,101,-37,138,323,185,62,1905,S126a
85,204,119,81,160,79,69,169,100,69,733,664,100,269,169,109,455,346,100,332,232,85,2407,S126a
100,200,100,100,169,69,79,179,100,53,238,185,101,170,69,131,216,85,131,401,270,85,1658,S126a
94,200,106,47,179,132,69,169,100,69,354,285,101,201,100,116,379,263,100,308,208,77,1867,S126a
100,216,116,100,200,100,69,170,101,62,247,185,85,185,100,132,332,200,116,355,239,78,1783,S126a
101,239,138,84,185,101,62,162,100,85,270,185,69,185,116,131,163,32,122,370,248,69,1643,S126a
85,209,124,92,177,85,84,169,85,78,247,169,85,154,69,116,163,47,122,354,232,69,1542,S126a
101,201,100,100,206,106,63,164,101,62,216,154,100,185,85,131,194,63,107,338,231,85,1589,S126a
69,200,131,100,170,70,78,178,100,69,216,147,100,169,69,138,170,32,131,332,201,84,1519,S126a
81,197,116,100,184,84,85,170,85,69,216,147,100,147,47,123,238,115,116,332,216,85,1569,S126a
85,195,110,90,190,100,69,170,101,78,216,138,85,132,47,115,253,138,116,348,232,100,1604,S126a
85,370,285,153,285,132,84,200,116,69,270,201,94,232,138,116,200,84,147,370,223,63,1990,S126a
84,216,132,116,185,69,78,185,107,78,517,439,131,178,47,154,370,216,138,386,248,100,2137,S126a
85,232,147,85,201,116,84,184,100,85,301,216,101,286,185,147,247,100,138,408,270,100,1959,S126a
101,232,131,116,201,85,53,169,116,63,285,222,101,279,178,100,1373,1273,100,454,354,94,3087,S126a
84,185,101,115,200,85,47,163,116,69,238,169,101,170,69,115,664,549,116,702,586,84,2406,S126a
100,231,131,85,170,85,62,162,100,54,239,185,131,263,132,100,439,339,163,448,285,91,2043,S126a
116,247,131,100,185,85,79,184,105,69,248,179,138,323,185,131,78,-53,185,354,169,116,1735,S126a
122,238,116,116,201,85,85,201,116,84,247,163,138,201,63,153,138,-15,147,347,200,101,1674,S126a
84,238,154,85,201,116,62,185,123,78,247,169,154,254,100,147,163,16,138,332,194,122,1742,S126a
69,201,132,100,216,116,53,200,147,85,301,216,101,355,254,147,194,47,138,407,269,78,1952,S126a
94,232,138,85,185,100,85,185,100,78,379,301,85,238,153,101,132,31,147,354,207,94,1799,S126a
101,232,131,101,201,100,69,185,116,84,301,217,100,169,69,131,163,32,153,370,217,100,1721,S126a
84,216,132,100,185,85,69,169,100,77,795,718,123,308,185,100,1234,1134,85,301,216,69,3277,S126a
84,222,138,101,201,100,63,178,115,69,508,439,63,502,439,116,116,0,100,316,216,69,2112,S126a
85,239,154,84,200,116,63,163,100,69,238,169,132,248,116,131,169,38,131,370,239,100,1727,S126a
84,222,138,101,216,115,85,185,100,79,286,207,116,200,84,132,147,15,154,355,201,100,1711,S126a
115,247,132,100,201,101,84,200,116,85,301,216,116,169,53,147,170,23,147,338,191,78,1704,S126a
84,232,148,69,169,100,85,185,100,78,263,185,116,185,69,169,216,47,154,354,200,85,1689,S126a
85,240,155,92,208,116,69,169,100,85,254,169,116,178,62,123,217,94,122,338,216,101,1705,S126a
85,208,123,100,200,100,94,201,107,78,247,169,132,201,69,131,601,470,132,370,238,85,2113,S126a
85,207,122,106,178,72,78,200,122,47,279,232,138,270,132,131,918,787,100,300,200,85,2437,S126a
84,216,132,116,201,85,100,222,122,78,279,201,138,223,85,147,1250,1103,131,369,238,101,2861,S126a
78,200,122,116,201,85,100,178,78,85,323,238,132,263,131,116,185,69,154,417,263,116,1883,S126a
101,232,131,116,216,100,85,185,100,101,301,200,132,232,100,138,400,262,101,370,269,69,2005,S126a
84,232,148,84,184,100,85,185,100,85,270,185,116,201,85,131,432,301,116,378,262,92,1974,S126a
84,216,132,100,185,85,84,185,101,78,294,216,107,254,147,131,501,370,101,433,332,84,2152,S126a
85,232,147,100,185,85,84,200,116,85,533,448,100,639,539,116,116,0,147,423,276,69,2397,S126a
115,216,101,100,185,85,84,169,85,69,270,201,115,162,47,154,232,78,154,354,200,85,1673,S126a
100,232,132,100,185,85,84,178,94,69,254,185,100,301,201,169,132,-37,153,338,185,85,1705,S126a
100,216,116,100,201,101,69,185,116,62,247,185,100,238,138,163,132,-31,132,354,222,78,1651,S126a
85,201,116,131,232,101,84,184,100,69,248,179,100,485,385,170,170,0,147,348,201,69,1937,S126a
84,216,132,84,169,85,100,194,94,69,254,185,85,301,216,131,100,-31,147,348,201,69,1651,S126a
85,216,131,85,185,100,85,170,85,84,285,201,84,263,179,85,956,871,84,401,317,84,2560,S126a
69,216,147,85,185,100,69,169,100,78,279,201,85,285,200,100,640,540,84,363,279,85,2222,S126a
101,254,153,85,201,116,85,185,100,78,305,227,96,259,163,138,115,-23,123,308,185,100,1727,S126a
100,216,116,100,185,85,85,185,100,69,517,448,85,301,216,116,154,38,131,332,201,100,1990,S126a
97,233,136,69,185,116,69,169,100,69,386,317,84,347,263,132,32,-100,106,423,317,85,1860,S126a
69,216,147,84,185,101,84,185,101,62,401,339,69,247,178,138,169,31,132,386,254,85,1874,S126a
100,216,116,100,170,70,84,184,100,69,254,185,101,279,178,169,138,-31,147,364,217,84,1689,S126a
100,247,147,85,170,85,84,185,101,62,316,254,85,301,216,131,131,0,148,355,207,78,1783,S126a
100,216,116,101,185,84,85,185,100,69,301,232,100,169,69,132,217,85,115,332,217,53,1658,S126a
85,232,147,100,201,101,84,185,101,53,285,232,85,185,100,116,185,69,124,331,207,69,1673,S126a
85,223,138,100,201,101,78,163,85,69,253,184,85,179,94,107,824,717,101,464,363,85,2392,S126a
100,222,122,94,179,85,84,185,101,69,285,216,85,185,100,116,633,517,100,586,486,85,2360,S126a
85,216,131,85,170,85,84,200,116,54,317,263,84,439,355,131,347,216,116,370,254,63,2122,S126a
84,216,132,84,185,101,84,185,101,69,370,301,100,231,131,132,317,185,116,370,254,69,1943,S126a
64,303,239,84,247,163,85,204,119,65,435,370,101,163,62,132,185,53,116,332,216,78,1947,S126a
100,232,132,84,169,85,100,185,85,84,301,217,84,162,78,123,154,31,147,370,223,78,1651,S126a
85,239,154,93,178,85,100,185,85,85,285,200,85,169,84,116,148,32,131,332,201,84,1620,S126a
100,232,132,131,216,85,84,200,116,69,254,185,101,163,62,138,185,47,138,339,201,93,1682,S126a
100,232,132,100,200,100,116,225,109,107,477,370,116,254,138,147,278,131,139,355,216,84,2105,S126a
85,216,131,69,185,116,69,185,116,63,301,238,100,163,63,122,316,194,139,386,247,100,1852,S126a
107,238,131,101,201,100,100,201,101,69,263,194,84,162,78,144,144,0,132,348,216,69,1626,S126a
100,232,132,84,200,116,69,169,100,63,263,200,85,856,771,132,386,254,100,300,200,85,2491,S126a
100,223,123,78,178,100,69,170,101,53,401,348,84,269,185,147,147,0,116,339,223,100,1827,S126a
69,717,648,100,201,101,84,200,116,69,285,216,101,702,601,101,170,69,131,363,232,85,2723,S126a
85,232,147,100,185,85,85,185,100,62,232,170,69,169,100,116,131,15,148,370,222,78,1582,S126a
84,200,116,78,179,101,53,153,100,54,232,178,85,185,100,138,116,-22,122,339,217,78,1482,S126a
85,201,116,84,184,100,70,170,100,69,316,247,116,185,69,116,733,617,101,370,269,69,2228,S126a
100,247,147,123,185,62,101,201,100,100,385,285,101,332,231,154,101,-53,116,316,200,85,1852,S126a
84,200,116,100,185,85,78,179,101,69,254,185,84,416,332,101,85,-16,131,301,170,84,1704,S126a
85,201,116,78,163,85,84,169,85,53,232,179,85,154,69,162,347,185,101,329,228,78,1673,S126a
100,200,100,69,154,85,84,169,85,78,263,185,100,270,170,147,648,501,100,323,223,62,2089,S126a
100,216,116,85,170,85,69,153,84,78,401,323,89,200,111,147,147,0,138,333,195,84,1704,S126a
78,179,101,84,169,85,85,154,69,62,579,517,85,254,169,116,185,69,116,348,232,84,1952,S126a
85,216,131,69,148,79,84,169,85,69,269,200,85,201,116,147,485,338,116,348,232,85,1921,S126a
78,200,122,78,163,85,85,169,84,85,248,163,100,169,69,169,470,301,147,448,301,100,1967,S126a
100,223,123,100,200,100,63,517,454,101,602,501,85,263,178,138,285,147,116,339,223,78,2507,S126a
69,217,148,69,216,147,69,185,116,53,269,216,101,263,162,170,123,-47,147,332,185,85,1690,S126a
96,240,144,112,216,104,136,119,-17,105,449,344,112,160,48,128,409,281,103,327,224,88,2008,S125a
88,159,71,112,171,59,150,134,-16,104,312,208,128,232,104,119,160,41,88,272,184,95,1535,S125a
71,200,129,129,184,55,112,95,-17,97,257,160,144,192,48,104,143,39,97,257,160,89,1417,S125a
64,145,81,96,424,328,80,81,1,104,351,247,128,192,64,128,192,64,111,224,113,80,1689,S125a
80,184,104,136,312,176,112,144,32,72,440,368,96,152,56,120,168,48,96,320,224,72,1792,S125a
80,161,81,94,166,72,137,138,1,79,263,184,104,136,32,112,183,71,89,209,120,80,1336,S125a
63,184,121,112,216,104,103,127,24,88,289,201,112,168,56,112,400,288,88,248,160,112,1744,S125a
72,240,168,120,311,191,113,145,32,96,360,264,128,184,56,128,224,96,88,279,191,81,1824,S125a
88,176,88,112,176,64,111,113,2,103,274,171,157,221,64,112,135,23,113,313,200,144,1552,S125a
56,127,71,113,217,104,120,127,7,105,273,168,128,192,64,104,160,56,95,264,169,72,1432,S125a
71,200,129,104,200,96,135,128,-7,112,368,256,120,200,80,88,184,96,80,272,192,72,1624,S125a
87,120,33,104,192,88,96,104,8,88,264,176,112,176,64,96,144,48,88,288,200,88,1376,S125a
65,160,95,103,200,97,136,144,8,88,328,240,112,199,87,105,441,336,120,208,88,87,1767,S125a
64,160,96,80,216,136,120,136,16,80,271,191,120,217,97,103,200,97,80,304,224,80,1584,S125a
64,152,88,88,184,96,111,136,25,72,392,320,104,192,88,88,168,80,88,256,168,88,1568,S125a
56,144,88,88,199,111,137,145,8,80,288,208,104,136,32,80,248,168,112,303,191,81,1544,S125a
56,120,64,80,192,112,128,120,-8,80,280,200,112,152,40,112,216,104,88,256,168,64,1400,S125a
48,111,63,96,185,89,120,128,8,80,280,200,112,184,72,72,183,111,81,232,151,73,1376,S125a
63,143,80,89,193,104,128,136,8,72,280,208,104,144,40,104,192,88,88,200,112,80,1368,S125a
64,111,47,89,177,88,120,128,8,80,264,184,96,136,40,80,168,88,104,184,80,72,1240,S125a
56,143,87,73,161,88,128,129,1,79,286,207,137,193,56,80,192,112,80,168,88,80,1352,S125a
48,128,80,88,160,72,128,151,23,97,537,440,159,240,81,80,288,208,104,200,96,126,1830,S125a
57,145,88,104,192,88,100,96,-4,96,328,232,104,183,79,65,273,208,104,247,143,89,1553,S125a
80,128,48,104,208,104,136,120,-16,88,288,200,120,160,40,88,160,72,88,223,135,73,1360,S125a
71,152,81,72,168,96,168,127,-41,120,425,305,152,752,600,168,248,80,80,944,864,63,2879,S125a
72,128,56,104,192,88,151,142,-9,97,322,225,136,184,48,104,176,72,88,208,120,88,1440,S125a
72,200,128,96,192,96,120,136,16,79,272,193,120,215,95,136,145,9,87,263,176,81,1504,S125a
63,135,72,88,215,127,138,145,7,72,255,183,122,153,31,96,296,200,88,224,136,72,1495,S125a
72,151,79,89,176,87,137,139,2,87,278,191,120,144,24,104,264,160,96,256,160,88,1496,S125a
56,120,64,88,160,72,160,168,8,72,240,168,104,184,80,104,199,95,81,225,144,72,1368,S125a
111,176,65,104,168,64,135,128,-7,88,288,200,144,168,24,136,215,79,57,225,168,88,1456,S125a
56,129,73,87,191,104,160,152,-8,80,264,184,104,143,39,89,232,143,89,241,152,79,1431,S125a
72,183,111,89,153,64,152,168,16,87,279,192,97,161,64,104,175,71,97,280,183,80,1479,S125a
32,248,216,111,295,184,168,304,136,88,432,344,120,184,64,120,200,80,88,264,176,129,2056,S125a
84,148,64,80,160,80,137,121,-16,80,248,168,112,152,40,120,208,88,96,456,360,112,1605,S125a
64,160,96,79,176,97,152,168,16,80,272,192,137,184,47,128,224,96,96,256,160,105,1545,S125a
32,200,168,80,320,240,144,168,24,80,304,224,111,192,81,128,192,64,72,207,135,81,1664,S125a
55,159,104,73,217,144,128,144,16,72,279,207,97,169,72,88,144,56,80,240,160,48,1400,S125a
72,207,135,73,177,104,144,136,-8,112,296,184,103,112,9,120,240,120,95,607,512,89,1864,S125a
64,105,41,87,190,103,129,145,16,104,264,160,120,151,31,89,193,104,96,215,119,73,1336,S125a
57,145,88,88,159,71,145,160,15,105,329,224,111,168,57,72,248,176,88,224,136,96,1529,S125a
73,185,112,96,192,96,144,160,16,72,280,208,112,208,96,120,384,264,103,176,73,72,1657,S125a
56,183,127,80,153,73,120,136,16,96,320,224,144,376,232,112,520,408,112,392,280,88,2168,S125a
48,128,80,87,184,97,143,135,-8,89,321,232,120,216,96,144,352,208,88,280,192,72,1688,S125a
79,191,112,72,184,112,208,264,56,96,568,472,96,200,104,88,160,72,88,264,176,80,1911,S125a
80,144,64,88,176,88,143,145,2,103,271,168,121,184,63,96,248,152,88,304,216,88,1560,S125a
40,168,128,104,200,96,168,159,-9,89,345,256,128,209,81,119,175,56,80,304,224,136,1696,S125a
87,216,129,112,280,168,152,223,71,113,368,255,153,265,112,104,295,191,104,288,184,97,2032,S125a
104,199,95,81,224,143,129,145,16,96,312,216,136,159,23,176,225,49,96,296,200,111,1671,S125a
71,224,153,104,224,120,248,407,159,105,601,496,104,160,56,119,432,313,127,191,64,105,2344,S125a
64,159,95,89,224,135,129,136,7,89,297,208,104,296,192,128,168,40,88,223,135,97,1600,S125a
87,199,112,121,240,119,129,120,-9,104,368,264,137,193,56,135,279,144,73,329,256,87,1815,S125a
80,105,25,71,184,113,127,136,9,87,280,193,112,272,160,168,599,431,81,353,272,95,2024,S125a
71,175,104,104,209,105,120,152,32,72,239,167,112,193,81,152,207,55,113,312,199,113,1600,S125a
71,151,80,97,217,120,152,144,-8,87,271,184,121,176,55,112,168,56,81,233,152,72,1432,S125a
65,137,72,80,176,96,120,144,24,88,319,231,113,168,55,113,184,71,57,256,199,96,1480,S125a
57,144,87,64,192,128,128,152,24,80,600,520,137,200,63,145,193,48,79,319,240,81,1881,S125a
72,111,39,89,184,95,137,128,-9,97,288,191,136,280,144,144,176,32,113,233,120,95,1495,S125a
89,144,55,97,192,95,177,160,-17,105,264,159,121,160,39,121,200,79,89,232,143,112,1464,S125a
73,128,55,96,184,88,153,137,-16,96,270,174,122,153,31,137,200,63,89,272,183,89,1433,S125a
88,264,176,113,584,471,137,200,63,105,265,160,136,175,39,97,240,143,112,376,264,105,2209,S125a
65,144,79,97,200,103,193,168,-25,105,296,191,145,176,31,121,192,71,89,280,191,105,1561,S125a
89,224,135,105,305,200,87,159,72,97,2024,1927,81,272,191,129,328,199,72,296,224,96,3704,S125a
65,464,399,73,200,127,97,144,47,105,376,271,129,232,103,113,144,31,104,256,152,113,1929,S125a
89,216,127,113,215,102,105,129,24,105,320,215,153,184,31,112,200,88,105,224,119,128,1616,S125a
73,248,175,104,272,168,81,121,40,79,295,216,121,176,55,113,160,47,81,296,215,88,1656,S125a
64,200,136,88,192,104,113,144,31,89,280,191,113,144,31,104,152,48,97,232,135,81,1425,S125a
88,192,104,105,199,94,137,129,-8,97,280,183,129,192,63,80,136,56,89,400,311,89,1617,S125a
89,192,103,128,248,120,121,128,7,112,304,192,153,232,79,185,320,135,112,312,200,81,1817,S125a
64,184,120,104,208,104,128,120,-8,96,320,224,120,208,88,104,176,72,64,280,216,81,1577,S125a
40,168,128,81,232,151,112,104,-8,89,288,199,113,183,70,122,177,55,80,272,192,113,1537,S125a
47,191,144,112,1120,1008,105,152,47,128,488,360,96,216,120,104,256,152,88,312,224,72,2807,S125a
64,192,128,104,272,168,120,152,32,96,640,544,113,192,79,112,144,32,96,296,200,73,1961,S125a
48,160,112,160,624,464,97,200,103,120,640,520,73,224,151,128,160,32,104,256,152,88,2352,S125a
63,151,88,96,192,96,145,146,1,86,350,264,160,224,64,121,288,167,96,440,344,105,1896,S125a
63,183,120,104,264,160,136,160,24,81,264,183,128,192,64,112,704,592,89,279,190,161,2207,S125a
88,127,39,73,273,200,64,56,-8,88,288,200,112,184,72,128,184,56,80,256,176,72,1440,S125a
64,272,208,88,232,144,65,152,87,80,536,456,120,216,96,176,248,72,103,224,121,128,2008,S125a
64,456,392,48,247,199,73,177,104,87,1456,1369,144,584,440,72,784,712,97,248,151,80,4032,S125a
56,192,136,120,224,104,140,136,-4,96,328,232,128,664,536,96,135,39,113,481,368,80,2240,S125a
81,393,312,104,208,104,127,368,241,120,464,344,144,216,72,120,192,72,104,280,176,88,2209,S125a
73,600,527,128,824,696,88,160,72,112,480,368,96,192,96,128,408,280,120,880,760,121,3665,S125a
80,280,200,104,224,120,160,184,24,88,352,264,136,192,56,128,192,64,89,288,199,88,1800,S125a
72,152,80,96,400,304,200,224,24,128,1040,912,137,256,119,120,160,40,104,432,328,128,2792,S125a
96,343,247,137,241,104,168,216,48,72,488,416,176,224,48,144,232,88,96,223,127,98,2065,S125a
64,151,87,105,185,80,168,160,-8,112,344,232,144,208,64,160,224,64,96,320,224,103,1695,S125a
56,184,128,120,192,72,176,168,-8,104,504,400,112,240,128,120,232,112,87,296,209,152,1968,S125a
80,151,71,81,384,303,136,152,16,129,568,439,160,248,88,152,304,152,112,225,113,87,2119,S125a
88,271,183,112,379,267,93,149,56,104,392,288,120,156,36,156,492,336,72,320,248,121,2280,S125a
88,256,168,104,160,56,176,208,32,72,464,392,145,218,73,166,294,128,104,312,208,99,2011,S125a
73,136,63,57,182,125,146,138,-8,112,432,320,168,200,32,128,168,40,88,232,144,88,1576,S125a
56,120,64,72,152,80,128,114,-14,110,350,240,104,216,112,104,168,64,89,257,168,112,1489,S125a
39,1424,1385,112,344,232,127,152,25,72,495,423,137,192,55,113,248,135,89,721,632,81,3657,S125a
73,280,207,104,240,136,144,151,7,104,616,512,97,376,279,113,209,96,96,472,376,87,2431,S125a
104,152,48,96,176,80,167,144,-23,136,480,344,136,207,71,137,264,127,89,314,225,126,1863,S125a
48,327,279,97,201,104,136,128,-8,120,432,312,120,216,96,136,264,128,96,336,240,79,1983,S125a
104,200,96,80,208,128,168,170,2,86,358,272,192,224,32,128,224,96,88,320,232,96,1800,S125a
88,200,112,120,209,89,127,152,25,104,384,280,152,264,112,144,352,208,64,279,215,97,1937,S125a
88,289,201,103,215,112,144,136,-8,112,336,224,128,224,96,135,247,112,73,257,184,104,1808,S125a
57,160,103,113,320,207,128,161,33,112,512,400,160,192,32,160,304,144,96,272,176,80,2001,S125a
64,744,680,64,271,207,80,177,97,89,920,831,88,264,176,128,256,128,80,239,159,105,2976,S125a
96,137,41,87,159,72,168,144,-24,144,440,296,151,472,321,88,304,216,88,304,216,96,2056,S125a
64,152,88,80,416,336,128,144,16,112,352,240,127,216,89,112,168,56,96,296,200,64,1808,S125a
120,176,56,95,152,57,112,104,-8,96,263,167,177,225,48,120,160,40,96,208,112,80,1368,S125a
64,200,136,84,136,52,136,128,-8,80,248,168,152,168,16,128,224,96,120,256,136,87,1447,S125a
71,176,105,96,152,56,136,120,-16,88,240,152,152,192,40,128,144,16,112,240,128,96,1360,S125a
64,167,103,89,161,72,96,80,-16,88,248,160,120,128,8,104,176,72,111,224,113,72,1256,S125a
80,176,96,79,120,41,136,120,-16,80,232,152,120,151,31,121,177,56,96,272,176,80,1328,S125a
64,152,88,88,136,48,128,120,-8,87,239,152,129,157,28,92,115,23,88,217,129,64,1200,S125a
65,185,120,104,168,64,128,112,-16,88,280,192,127,151,24,97,137,40,96,191,95,81,1305,S125a
63,159,96,89,145,56,120,121,1,87,286,199,121,241,120,112,408,296,87,576,489,64,2000,S125a
103,838,735,81,473,392,104,552,448,80,304,224,143,231,88,88,121,33,80,231,151,81,2831,S125a
95,174,79,105,153,48,152,128,-24,112,368,256,136,184,48,104,175,71,96,201,105,104,1487,S125a
80,200,120,88,128,40,144,127,-17,98,240,142,145,169,24,104,128,24,96,327,231,96,1415,S125a
72,193,121,96,176,80,120,121,1,87,255,168,112,168,56,96,119,23,81,209,128,72,1313,S125a
63,144,81,95,135,40,121,105,-16,103,255,152,129,137,8,120,128,8,88,224,136,88,1216,S125a
80,136,56,96,168,72,120,122,2,78,246,168,88,104,16,112,152,40,80,192,112,79,1199,S125a
96,143,47,105,129,24,152,128,-24,104,264,160,104,112,8,112,151,39,81,224,143,73,1224,S125a
112,160,48,80,152,72,128,104,-24,112,264,152,119,144,25,104,136,32,80,232,152,64,1256,S125a
77,140,63,81,121,40,128,112,-16,96,248,152,112,152,40,96,127,31,81,201,120,71,1172,S125a
56,143,87,89,120,31,145,129,-16,95,217,122,119,175,56,96,152,56,104,216,112,104,1256,S125a
81,121,40,96,160,64,136,112,-24,88,240,152,96,119,23,97,170,73,71,166,95,105,1193,S125a
72,159,87,72,137,65,120,128,8,80,216,136,112,160,48,96,135,39,89,225,136,64,1224,S125a
24,216,192,104,135,31,153,137,-16,72,319,247,88,113,25,112,168,56,88,208,120,72,1368,S125a
80,128,48,72,120,48,128,112,-16,88,264,176,104,168,64,88,119,31,89,193,104,63,1167,S125a
64,127,63,73,121,48,104,112,8,88,224,136,112,103,-9,113,169,56,80,184,104,80,1120,S125a
80,144,64,80,160,80,120,104,-16,80,232,152,96,136,40,71,128,57,80,368,288,120,1392,S125a
73,120,47,89,161,72,112,87,-25,104,256,152,105,176,71,97,128,31,89,217,128,80,1225,S125a
80,120,40,113,185,72,112,96,-16,80,256,176,103,127,24,73,177,104,88,223,135,73,1257,S125a
95,167,72,96,169,73,103,96,-7,96,296,200,160,168,8,80,143,63,89,249,160,72,1360,S125a
72,136,64,96,176,80,136,128,-8,80,376,296,160,200,40,112,136,24,88,448,360,72,1672,S125a
88,219,131,76,157,81,136,112,-24,96,448,352,143,151,8,81,201,120,88,200,112,80,1568,S125a
63,143,80,89,161,72,112,96,-16,96,248,152,144,176,32,95,160,65,120,264,144,64,1312,S125a
72,136,64,80,175,95,137,153,16,72,240,168,127,184,57,72,200,128,96,207,111,57,1352,S125a
81,120,39,88,152,64,137,121,-16,104,336,232,96,135,39,89,129,40,80,240,160,80,1313,S125a
81,129,48,87,160,73,112,114,2,93,253,160,105,161,56,95,152,57,80,271,191,64,1304,S125a
64,120,56,72,168,96,120,136,16,80,248,168,112,136,24,112,216,104,144,336,192,96,1456,S125a
48,119,71,96,168,72,120,112,-8,97,249,152,152,304,152,111,383,272,88,177,89,71,1583,S125a
79,151,72,81,136,55,121,104,-17,105,265,160,96,127,31,112,192,80,129,369,240,72,1416,S125a
64,144,80,71,160,89,120,113,-7,102,263,161,120,136,16,96,168,72,80,271,191,113,1368,S125a
80,152,72,80,160,80,119,111,-8,80,280,200,105,160,55,97,184,87,88,217,129,119,1383,S125a
81,161,80,88,152,64,119,112,-7,104,399,295,121,128,7,104,184,80,73,408,335,88,1632,S125a
65,184,119,64,215,151,105,113,8,89,272,183,137,160,23,137,168,31,80,240,160,161,1513,S125a
71,159,88,49,440,391,121,136,15,129,312,183,105,361,256,120,192,72,104,263,159,137,2000,S125a
87,160,73,88,175,87,104,96,-8,97,280,183,113,136,23,120,176,56,113,336,223,104,1463,S125a
113,145,32,96,191,95,137,120,-17,88,288,200,73,120,47,113,152,39,88,192,104,81,1289,S125a
55,143,88,81,152,71,113,96,-17,97,264,167,113,168,55,89,208,119,88,200,112,73,1304,S125a
64,176,112,88,168,80,105,80,-25,121,304,183,113,184,71,121,152,31,97,216,119,88,1368,S125a
65,400,335,136,176,40,161,128,-33,113,265,152,167,159,-8,121,176,55,97,184,87,65,1553,S125a
65,200,135,104,184,80,136,121,-15,95,280,185,120,159,39,121,200,79,145,264,119,105,1513,S125a
64,127,63,81,144,63,136,113,-23,111,287,176,136,128,-8,113,201,88,96,239,143,88,1327,S125a
72,96,24,96,176,80,112,104,-8,104,304,200,105,152,47,112,168,56,113,272,159,89,1361,S125a
64,111,47,73,136,63,97,80,-17,97,232,135,120,152,32,97,160,63,89,240,151,73,1184,S125a
56,96,40,105,152,47,104,89,-15,120,279,159,121,152,31,97,160,63,73,161,88,159,1248,S125a
56,111,55,89,137,48,111,87,-24,112,248,136,113,137,24,87,152,65,64,143,79,81,1096,S125a
64,166,102,89,177,88,97,88,-9,113,304,191,145,168,23,113,209,96,104,191,87,89,1392,S125a
81,128,47,80,128,48,112,105,-7,88,255,167,129,136,7,97,160,63,121,208,87,105,1225,S125a
105,248,143,96,208,112,81,72,-9,89,264,175,105,128,23,136,176,40,104,200,96,64,1360,S125a
79,135,56,121,184,63,121,88,-33,113,264,151,120,136,16,112,168,56,112,208,96,72,1255,S125a
72,151,79,81,152,71,112,104,-8,81,240,159,128,88,-40,121,208,87,80,192,112,57,1192,S125a
81,120,39,81,192,111,120,112,-8,112,448,336,128,176,48,80,312,232,89,312,223,80,1752,S125a
56,152,96,80,145,65,119,103,-16,121,536,415,121,161,40,112,223,111,80,224,144,65,1609,S125a
97,160,63,97,160,63,97,72,-25,88,272,184,96,104,8,129,208,79,121,456,335,72,1504,S125a
89,152,63,73,169,96,104,106,2,78,253,175,121,160,39,113,160,47,81,232,151,64,1296,S125a
64,112,48,72,144,72,96,104,8,72,240,168,104,136,32,88,129,41,71,223,152,73,1161,S125a
40,96,56,88,144,56,112,104,-8,88,240,152,96,128,32,96,144,48,112,208,96,88,1152,S125a
64,320,256,144,208,64,112,105,-7,151,362,211,117,157,40,96,128,32,96,200,104,72,1552,S125a
72,120,48,88,168,80,104,87,-17,97,281,184,121,160,39,72,392,320,80,206,126,90,1504,S125a
64,112,48,104,176,72,112,96,-16,104,256,152,160,184,24,104,176,72,72,208,136,186,1394,S125a
199,200,1,98,168,70,112,104,-8,109,303,194,130,153,23,120,312,192,72,240,168,96,1576,S125a
80,175,95,89,177,88,136,128,-8,104,303,199,89,137,48,128,240,112,80,392,312,72,1624,S125a
80,136,56,96,160,64,120,111,-9,65,249,184,112,104,-8,96,168,72,80,249,169,79,1256,S125a
62,114,52,109,181,72,120,96,-24,112,288,176,104,120,16,112,264,152,88,208,120,72,1343,S125a
56,120,64,104,157,53,115,99,-16,112,255,143,137,153,16,88,160,72,80,249,169,103,1296,S125a
56,136,80,104,168,64,120,104,-16,96,440,344,159,152,-7,104,168,64,88,280,192,88,1536,S125a
64,208,144,64,176,112,120,112,-8,135,696,561,129,136,7,224,440,216,88,249,161,71,2088,S125a
80,144,64,72,216,144,120,104,-16,88,280,192,112,159,47,73,297,224,88,304,216,136,1640,S125a
121,124,3,124,172,48,120,104,-16,88,264,176,120,192,72,32,152,120,63,297,234,79,1384,S125a
128,192,64,104,224,120,96,97,1,103,343,240,120,176,56,104,168,64,96,224,128,80,1504,S125a
72,136,64,88,304,216,144,224,80,64,584,520,113,184,71,160,463,303,97,201,104,80,2176,S125a
56,128,72,80,168,88,128,112,-16,88,440,352,96,120,24,136,272,136,112,216,104,104,1560,S125a
64,135,71,113,177,64,120,104,-16,105,296,191,120,152,32,103,160,57,88,312,224,80,1416,S125a
72,136,64,104,176,72,128,96,-32,96,280,184,144,168,24,112,224,112,95,328,233,151,1559,S125a
81,169,88,112,208,96,104,96,-8,104,272,168,120,136,16,144,200,56,80,352,272,128,1561,S125a
80,161,81,95,167,72,137,113,-24,87,247,160,128,144,16,128,543,415,81,185,104,96,1656,S125a
64,120,56,112,208,96,152,128,-24,104,288,184,168,112,-56,136,208,72,89,264,175,80,1408,S125a
96,147,51,93,173,80,112,104,-8,96,256,160,111,136,25,128,176,48,88,225,137,79,1296,S125a
56,159,103,99,161,62,120,104,-16,88,264,176,113,136,23,120,264,144,96,262,166,99,1449,S125a
48,112,64,104,184,80,88,96,8,120,279,159,105,145,40,81,184,103,80,224,144,96,1320,S125a
48,104,56,104,184,80,144,121,-23,103,303,200,128,169,41,95,231,136,112,193,81,95,1400,S125a
64,136,72,80,152,72,128,120,-8,96,368,272,136,192,56,104,184,80,88,240,152,72,1464,S125a
56,232,176,112,248,136,96,88,-8,120,400,280,121,168,47,111,328,217,112,224,112,80,1768,S125a
48,120,72,88,220,132,84,76,-8,96,344,248,120,144,24,128,200,72,80,192,112,80,1376,S125a
56,128,72,96,176,80,128,111,-17,97,265,168,128,130,2,134,222,88,72,248,176,111,1391,S125a
73,127,54,97,169,72,136,128,-8,96,240,144,128,152,24,144,336,192,96,317,221,122,1591,S125a
80,120,40,104,184,80,120,111,-9,89,265,176,144,128,-16,127,232,105,128,240,112,72,1352,S125a
80,153,73,79,159,80,104,88,-16,96,264,168,136,184,48,136,200,64,104,240,136,89,1377,S125a
73,361,288,88,192,104,136,128,-8,88,272,184,120,192,72,112,360,248,72,256,184,64,1825,S125a
64,144,80,104,352,248,120,144,24,112,400,288,112,160,48,144,352,208,136,224,88,56,1832,S125a
64,160,96,118,198,80,106,98,-8,103,264,161,136,144,8,112,168,56,104,311,207,81,1424,S125a
136,288,152,136,224,88,136,128,-8,128,304,176,112,528,416,104,160,56,104,209,105,55,1896,S125a
80,112,32,56,152,96,120,128,8,96,288,192,104,168,64,152,175,23,73,256,183,89,1368,S125a
120,152,32,88,168,80,112,96,-16,96,288,192,152,176,24,128,256,128,112,264,152,64,1464,S125a
82,144,62,95,176,81,120,104,-16,96,288,192,216,360,144,104,136,32,104,256,152,79,1543,S125a
80,120,40,88,200,112,120,576,456,72,312,240,136,336,200,120,168,48,88,216,128,88,2016,S125a
120,224,104,128,199,71,145,121,-24,104,360,256,152,191,39,120,144,24,105,209,104,88,1536,S125a
80,168,88,112,168,56,128,111,-17,96,321,225,128,192,64,111,152,41,104,416,312,96,1624,S125a
79,167,88,105,169,64,128,111,-17,121,377,256,128,160,32,136,240,104,96,192,96,80,1496,S125a
72,160,88,88,135,47,121,105,-16,96,264,168,127,175,48,113,136,23,89,209,120,72,1256,S125a
88,168,80,96,127,31,128,113,-15,104,280,176,160,183,23,137,185,48,87,287,200,72,1415,S125a
64,120,56,88,136,48,119,112,-7,80,232,152,136,168,32,103,120,17,95,248,153,64,1200,S125a
64,113,49,96,136,40,112,104,-8,87,240,153,111,151,40,96,145,49,64,200,136,64,1153,S125a
56,120,64,87,120,33,119,112,-7,88,224,136,120,136,16,104,136,32,88,263,175,74,1185,S125a
64,105,41,79,119,40,121,105,-16,88,232,144,128,151,23,129,160,31,73,225,152,96,1193,S125a
80,127,47,96,144,48,120,112,-8,89,256,167,113,131,18,110,165,55,81,192,111,81,1208,S125a
57,105,48,80,136,56,112,95,-17,97,256,159,104,144,40,105,169,64,64,224,160,71,1200,S125a
81,129,48,88,128,40,119,111,-8,89,256,167,121,184,63,120,122,2,87,198,111,89,1217,S125a
80,143,63,96,144,48,104,96,-8,72,224,152,121,136,15,113,176,63,81,224,143,89,1232,S125a
72,95,23,89,136,47,137,112,-25,81,232,151,104,128,24,105,144,39,81,176,95,113,1136,S125a
65,113,48,87,135,48,105,106,1,87,262,175,129,168,39,120,176,56,89,248,159,72,1280,S125a
73,88,15,81,128,47,128,105,-23,88,247,159,129,144,15,105,152,47,89,184,95,65,1113,S125a
48,97,49,88,135,47,105,106,1,95,254,159,121,144,23,105,209,104,87,215,128,128,1288,S125a
71,103,32,96,144,48,104,96,-8,88,329,241,63,104,41,111,191,80,73,200,127,73,1240,S125a
63,119,56,97,152,55,145,120,-25,88,272,184,129,185,56,88,143,55,72,248,176,88,1327,S125a
97,160,63,97,176,79,112,104,-8,97,312,215,104,168,64,112,184,72,97,232,135,89,1425,S125a
65,136,71,65,136,71,96,88,-8,104,272,168,120,168,48,104,168,64,80,223,143,97,1288,S125a
64,104,40,88,159,71,89,81,-8,96,472,376,112,192,80,89,160,71,97,232,135,89,1489,S125a
88,128,40,89,160,71,120,112,-8,81,360,279,113,185,72,119,295,176,88,256,168,73,1569,S125a
81,192,111,96,200,104,113,120,7,81,272,191,128,184,56,112,129,17,64,303,239,113,1513,S125a
73,177,104,104,175,71,105,88,-17,80,280,200,136,184,48,121,176,55,89,240,151,65,1385,S125a
73,137,64,95,183,88,97,104,7,72,256,184,121,200,79,96,113,17,80,248,168,72,1313,S125a
81,128,47,89,153,64,88,71,-17,112,303,191,113,169,56,105,128,23,72,224,152,80,1256,S125a
72,199,127,120,216,96,112,88,-24,89,320,231,113,160,47,105,168,63,89,232,143,73,1456,S125a
64,136,72,73,144,71,136,138,2,86,310,224,137,192,55,113,192,79,113,248,135,73,1433,S125a
63,127,64,89,184,95,121,122,1,87,382,295,169,200,31,105,168,63,80,224,144,89,1496,S125a
73,232,159,120,160,40,128,113,-15,103,335,232,136,168,32,88,176,88,121,208,87,81,1473,S125a
65,104,39,73,136,63,113,97,-16,104,615,511,113,208,95,105,208,103,89,240,151,89,1697,S125a
65,152,87,96,169,73,135,127,-8,97,280,183,112,144,32,97,152,55,80,208,128,73,1305,S125a
73,144,71,81,136,55,105,88,-17,89,304,215,136,184,48,144,232,88,113,288,175,81,1457,S125a
65,120,55,89,176,87,127,120,-7,97,360,263,113,128,15,105,168,63,81,224,143,73,1369,S125a
72,104,32,81,144,63,96,87,-9,97,249,152,137,152,15,97,177,80,95,199,104,81,1193,S125a
71,119,48,89,192,103,128,120,-8,105,456,351,105,152,47,113,240,127,97,208,111,72,1559,S125a
97,168,71,104,168,64,104,96,-8,105,512,407,161,840,679,129,232,103,104,296,192,88,2400,S125a
73,176,103,81,160,79,128,136,8,89,272,183,121,168,47,113,160,47,81,216,135,72,1360,S125a
57,152,95,72,200,128,112,104,-8,97,272,175,113,160,47,105,136,31,81,233,152,71,1328,S125a
80,160,80,72,160,88,105,80,-25,105,288,183,103,152,49,96,200,104,105,256,151,112,1408,S125a
152,200,48,73,144,71,104,96,-8,96,264,168,153,176,23,104,160,56,113,232,119,80,1352,S125a
81,127,46,66,225,159,144,168,24,72,288,216,64,160,96,88,184,96,73,208,135,81,1441,S125a
71,175,104,96,168,72,88,80,-8,105,248,143,103,176,73,129,224,95,105,281,176,71,1423,S125a
63,120,57,80,136,56,113,96,-17,96,280,184,112,200,88,104,264,160,112,239,127,97,1432,S125a
64,232,168,97,153,56,111,95,-16,105,311,206,104,169,65,120,152,32,104,400,296,80,1592,S125a
96,128,32,96,168,72,112,104,-8,88,448,360,201,320,119,112,616,504,80,192,112,72,2048,S125a
88,208,120,88,160,72,112,96,-16,95,456,361,96,216,120,129,208,79,72,256,184,103,1703,S125a
87,176,89,80,192,112,121,96,-25,104,288,184,129,176,47,104,160,56,96,352,256,80,1520,S125a
72,160,88,64,176,112,97,104,7,105,288,183,129,208,79,104,136,32,57,264,207,65,1401,S125a
64,160,96,64,176,112,104,96,-8,89,256,167,112,168,56,80,208,128,104,192,88,40,1296,S125a
64,112,48,88,160,72,88,95,7,81,265,184,112,400,288,120,184,64,80,240,160,96,1552,S125a
88,152,64,80,152,72,104,96,-8,104,264,160,113,152,39,112,192,80,96,240,144,88,1336,S125a
144,192,48,105,153,48,167,159,-8,105,281,176,159,143,-16,136,272,136,104,216,112,80,1496,S125a
72,151,79,104,184,80,104,106,2,102,407,305,96,160,64,96,144,48,80,296,216,112,1560,S125a
128,224,96,64,112,48,112,120,8,96,264,168,104,152,48,96,168,72,96,192,96,80,1312,S125a
72,136,64,105,184,79,87,90,3,86,262,176,104,160,56,104,232,128,96,208,112,121,1393,S125a
64,120,56,71,151,80,153,129,-24,113,304,191,113,120,7,144,265,121,95,351,256,113,1553,S125a
80,128,48,64,208,144,87,80,-7,111,336,225,113,160,47,160,272,112,136,248,112,120,1552,S125a
63,112,49,81,160,79,112,120,8,88,264,176,112,120,8,104,248,144,96,280,184,80,1384,S125a
72,113,41,79,143,64,128,120,-8,120,496,376,120,176,56,152,336,184,88,256,168,88,1728,S125a
56,104,48,121,216,95,96,88,-8,104,296,192,128,208,80,144,176,32,72,280,208,160,1528,S125a
80,217,137,71,175,104,89,90,1,94,270,176,128,130,2,134,222,88,80,248,168,88,1440,S125a
96,128,32,72,184,112,88,80,-8,96,264,168,112,144,32,104,168,64,72,232,160,88,1288,S125a
88,137,49,79,135,56,145,112,-33,112,280,168,120,128,8,112,193,81,95,191,96,88,1264,S125a
72,120,48,104,184,80,104,88,-16,88,264,176,136,120,-16,112,184,72,96,256,160,143,1359,S125a
56,136,80,80,176,96,72,80,8,112,368,256,103,128,25,95,176,81,72,336,264,137,1537,S125a
72,144,72,72,184,112,120,136,16,87,280,193,112,168,56,121,200,79,80,224,144,112,1448,S125a
64,136,72,96,168,72,112,104,-8,88,248,160,104,120,16,120,184,64,64,183,119,121,1264,S125a
120,160,40,96,152,56,112,96,-16,80,263,183,113,145,32,128,176,48,96,192,96,112,1296,S125a
64,120,56,88,160,72,95,88,-7,112,1120,1008,97,120,23,152,280,128,88,255,167,89,2232,S125a
72,168,96,73,152,79,136,128,-8,103,312,209,96,216,120,128,184,56,80,208,128,104,1472,S125a
72,112,40,80,136,56,96,80,-16,96,256,160,87,104,17,103,175,72,73,177,104,88,1128,S125a
80,136,56,80,176,96,143,136,-7,96,392,296,104,160,56,120,216,96,88,216,128,72,1504,S125a
40,184,144,80,192,112,96,120,24,88,287,199,113,80,-33,113,241,128,80,183,103,89,1376,S125a
64,128,64,88,184,96,120,128,8,64,232,168,112,136,24,88,144,56,88,192,104,120,1264,S125a
56,144,88,88,176,88,183,176,-7,120,408,288,135,200,65,88,384,296,72,432,360,96,2016,S125a
72,160,88,87,200,113,128,120,-8,104,336,232,136,192,56,119,232,113,96,240,144,112,1592,S125a
72,240,168,104,208,104,104,112,8,104,544,440,104,128,24,128,280,152,88,240,152,112,1864,S125a
48,136,88,104,192,88,127,104,-23,105,328,223,136,184,48,119,448,329,88,264,176,88,1744,S125a
72,192,120,112,224,112,96,98,2,86,414,328,127,191,64,81,193,112,95,313,218,98,1723,S125a
72,144,72,96,184,88,136,119,-17,97,362,265,111,175,64,112,168,56,96,295,199,97,1544,S125a
64,136,72,80,184,104,120,648,528,72,279,207,113,145,32,120,175,55,81,257,176,96,1920,S125a
47,144,97,89,176,87,88,80,-8,112,280,168,104,120,16,80,208,128,88,224,136,96,1328,S125a
56,144,88,96,200,104,152,112,-40,112,480,368,152,216,64,79,280,201,96,336,240,104,1872,S125a
56,144,88,96,200,104,120,112,-8,120,432,312,96,192,96,104,872,768,88,184,96,72,2208,S125a
71,144,73,88,192,104,136,128,-8,112,287,175,129,201,72,105,144,39,72,400,328,80,1576,S125a
64,152,88,96,176,80,120,87,-33,137,313,176,136,184,48,96,184,88,80,200,120,81,1377,S125a
72,136,64,120,191,71,145,137,-8,104,280,176,120,128,8,104,160,56,95,208,113,72,1312,S125a
56,103,47,97,153,56,152,135,-17,113,289,176,95,136,41,111,176,65,88,240,152,80,1312,S125a
88,312,224,128,232,104,256,288,32,88,535,447,105,169,64,104,184,80,112,328,216,72,2120,S125a
64,144,80,112,200,88,136,120,-16,112,424,312,104,168,64,104,216,112,96,288,192,96,1656,S125a
64,128,64,105,192,87,128,112,-16,120,345,225,127,175,48,96,208,112,87,272,185,88,1520,S125a
71,120,49,104,184,80,143,128,-15,104,296,192,143,160,17,128,240,112,104,296,192,88,1512,S125a
72,104,32,96,200,104,104,120,16,103,424,321,119,224,105,160,264,104,80,272,192,56,1664,S125a
48,168,120,88,200,112,120,104,-16,112,328,216,135,192,57,112,120,8,88,232,144,88,1432,S125a
72,112,40,88,192,104,136,120,-16,104,304,200,153,193,40,112,160,48,88,272,184,96,1449,S125a
80,193,113,112,223,111,120,113,-7,104,568,464,120,160,40,112,480,368,80,464,384,104,2305,S125a
56,160,104,88,200,112,144,135,-9,129,408,279,104,272,168,113,137,24,80,384,304,96,1792,S125a
65,209,144,112,208,96,136,127,-9,113,489,376,104,719,615,120,273,153,96,288,192,88,2401,S125a
64,160,96,80,184,104,193,608,415,88,272,184,129,168,39,121,184,63,72,232,160,80,1888,S125a
96,232,136,160,232,72,160,128,-32,112,352,240,120,168,48,144,184,40,104,160,56,72,1528,S125a
82,137,55,104,168,64,144,104,-40,112,383,271,128,176,48,120,184,64,121,200,79,80,1432,S125a
81,185,104,104,143,39,145,112,-33,105,264,159,137,169,32,120,151,31,89,328,239,144,1496,S125a
96,121,25,120,183,63,121,88,-33,104,320,216,121,160,39,136,144,8,97,336,239,113,1465,S125a
72,159,87,96,152,56,137,120,-17,96,304,208,161,192,31,137,192,55,89,304,215,105,1528,S125a
79,167,88,96,168,72,120,112,-8,89,255,166,130,145,15,104,152,48,97,329,232,96,1424,S125a
63,111,48,97,144,47,128,96,-32,97,248,151,121,144,23,113,160,47,89,257,168,72,1232,S125a
64,103,39,97,144,47,121,97,-24,112,248,136,103,111,8,81,152,71,88,208,120,103,1166,S125a
73,104,31,105,152,47,153,128,-25,95,248,153,145,185,40,112,175,63,97,384,287,105,1481,S125a
83,456,373,136,200,64,144,128,-16,113,304,191,121,136,15,113,176,63,88,184,96,81,1665,S125a
65,104,39,89,152,63,113,96,-17,97,240,143,96,144,48,81,128,47,81,216,135,89,1169,S125a
64,104,40,97,152,55,120,112,-8,89,240,151,104,128,24,89,144,55,97,160,63,73,1113,S125a
64,96,32,97,144,47,120,104,-16,88,232,144,88,112,24,89,136,47,81,184,103,73,1081,S125a
56,88,32,105,160,55,120,104,-16,96,233,137,104,111,7,105,184,79,81,192,111,112,1184,S125a
96,144,48,97,160,63,105,80,-25,96,240,144,113,136,23,89,153,64,80,223,143,81,1217,S125a
71,103,32,105,152,47,161,136,-25,89,232,143,97,144,47,73,152,79,81,176,95,65,1160,S125a
57,104,47,89,136,47,120,96,-24,96,216,120,129,192,63,88,136,48,88,216,128,56,1152,S125a
72,96,24,113,168,55,121,104,-17,80,288,208,129,192,63,97,137,40,64,471,407,80,1536,S125a
88,152,64,89,144,55,120,112,-8,81,248,167,136,128,-8,89,160,71,89,192,103,80,1216,S125a
56,121,65,71,175,104,89,96,7,73,232,159,96,112,16,113,152,39,89,208,119,73,1169,S125a
49,104,55,96,160,64,128,104,-24,89,256,167,112,152,40,80,152,72,65,224,159,64,1216,S125a
56,112,56,89,144,55,129,104,-25,89,232,143,105,120,15,89,168,79,113,240,127,81,1201,S125a
64,104,40,120,192,72,145,120,-25,97,280,183,104,136,32,72,160,88,81,344,263,64,1400,S125a
73,208,135,105,184,79,113,88,-25,80,368,288,97,224,127,81,144,63,72,328,256,97,1641,S125a
65,200,135,121,184,63,129,104,-25,81,240,159,120,152,32,136,168,32,81,272,191,105,1425,S125a
65,135,70,97,169,72,105,88,-17,96,296,200,112,168,56,88,145,57,102,327,225,72,1400,S125a
81,136,55,73,144,71,113,96,-17,97,304,207,121,152,31,96,144,48,105,264,159,16,1256,S125a
72,152,80,105,176,71,104,88,-16,105,272,167,88,144,56,96,392,296,105,400,295,72,1696,S125a
73,128,55,96,160,64,104,88,-16,104,248,144,128,120,-8,104,192,88,97,176,79,65,1177,S125a
65,104,39,73,231,158,65,43,-22,118,734,616,81,128,47,88,216,128,72,408,336,104,1968,S125a
64,152,88,88,183,95,121,105,-16,89,312,223,104,152,48,120,176,56,96,232,136,80,1392,S125a
80,151,71,120,288,168,129,184,55,88,392,304,137,138,1,126,198,72,72,152,80,88,1591,S125a
56,144,88,88,192,104,96,88,-8,97,248,151,112,128,16,64,185,121,88,231,143,47,1263,S125a
71,127,56,120,224,104,144,112,-32,136,679,543,97,145,48,152,256,104,112,576,464,72,2191,S125a
72,144,72,72,200,128,144,576,432,72,265,193,335,431,96,111,248,137,80,360,280,88,2312,S125a
72,168,96,88,152,64,136,127,-9,105,321,216,120,153,33,103,199,96,105,240,135,72,1432,S125a
49,105,56,87,375,288,152,169,17,127,296,169,135,143,8,72,168,96,104,208,104,80,1544,S125a
56,96,40,89,153,64,112,103,-9,97,280,183,145,249,104,79,95,16,81,240,159,88,1304,S125a
89,128,39,112,200,88,144,120,-24,105,272,167,112,152,40,65,136,71,96,200,104,64,1272,S125a
87,127,40,120,200,80,248,176,-72,105,840,735,121,136,15,128,264,136,89,185,96,87,2015,S125a
79,160,81,64,248,184,153,128,-25,160,336,176,120,184,64,88,151,63,105,209,104,96,1512,S125a
72,128,56,96,184,88,96,120,24,105,296,191,119,184,65,104,184,80,72,240,168,88,1424,S125a
56,120,64,64,184,120,120,121,1,95,263,168,120,144,24,104,168,64,88,192,104,96,1288,S125a
56,112,56,72,240,168,168,176,8,112,320,208,112,114,2,111,182,71,87,200,113,96,1440,S125a
73,121,48,112,177,65,135,112,-23,104,255,151,152,168,16,88,144,56,89,200,111,88,1265,S125a
41,105,64,95,168,73,152,144,-8,80,257,177,95,119,24,120,176,56,88,200,112,104,1273,S125a
48,113,65,87,159,72,168,152,-16,104,335,231,129,169,40,112,432,320,72,216,144,128,1704,S125a
48,104,56,104,208,104,120,128,8,88,1200,1112,97,176,79,161,216,55,88,216,128,88,2336,S125a
56,96,40,104,198,94,122,114,-8,88,265,177,111,135,24,72,136,64,88,184,96,80,1208,S125a
73,172,99,109,373,264,136,160,24,104,424,320,96,144,48,129,208,79,104,224,120,72,1777,S125a
56,256,200,136,224,88,184,160,-24,121,312,191,136,160,24,97,208,111,96,232,136,144,1696,S125a
72,111,39,121,177,56,176,168,-8,96,648,552,112,176,64,136,256,120,112,232,120,64,1832,S125a
80,136,56,112,160,48,176,712,536,88,376,288,112,192,80,136,312,176,120,248,128,104,2240,S125a
80,176,96,104,224,120,152,120,-32,128,296,168,120,152,32,128,320,192,104,744,640,96,2128,S125a
64,144,80,96,184,88,160,136,-24,104,280,176,120,160,40,88,167,79,97,217,120,120,1408,S125a
80,152,72,112,208,96,136,128,-8,88,304,216,128,184,56,112,160,48,88,280,192,104,1520,S125a
72,128,56,88,168,80,128,112,-16,96,256,160,104,415,311,129,145,16,112,272,160,112,1608,S125a
73,129,56,105,176,71,128,112,-16,104,280,176,120,264,144,128,184,56,104,224,120,112,1481,S125a
96,143,47,96,185,89,152,120,-32,112,288,176,120,160,40,144,256,112,88,216,128,136,1504,S125a
80,120,40,80,152,72,136,120,-16,104,264,160,112,168,56,192,440,248,104,552,448,128,1944,S125a
64,120,56,96,152,56,120,96,-24,104,272,168,120,128,8,112,152,40,97,264,167,104,1288,S125a
64,104,40,96,152,56,144,110,-34,122,282,160,112,143,31,113,145,32,96,264,168,95,1295,S125a
56,128,72,89,176,87,152,128,-24,96,264,168,120,144,24,96,152,56,112,496,384,88,1576,S125a
56,168,112,96,184,88,136,112,-24,112,281,169,135,214,79,113,97,-16,96,224,128,80,1360,S125a
56,104,48,96,160,64,160,144,-16,112,384,272,122,560,438,128,168,40,95,295,200,73,1888,S125a
72,200,128,112,184,72,128,104,-24,112,407,295,121,161,40,112,208,96,104,312,208,88,1664,S125a
79,127,48,104,152,48,136,120,-16,104,288,184,120,128,8,112,304,192,88,264,176,56,1439,S125a
64,120,56,104,184,80,168,136,-32,112,280,168,160,199,39,153,281,128,64,208,144,88,1496,S125a
72,128,56,96,160,64,136,112,-24,111,280,169,128,160,32,168,408,240,87,352,265,103,1703,S125a
33,113,80,96,184,88,112,96,-16,103,288,185,152,272,120,135,695,560,121,240,119,97,1985,S125a
41,512,471,105,201,96,136,128,-8,112,304,192,120,240,120,128,583,455,73,321,248,128,2417,S125a
80,160,80,88,175,87,137,112,-25,97,297,200,128,216,88,128,176,48,96,255,159,81,1472,S125a
87,175,88,96,216,120,128,96,-32,128,376,248,96,199,103,153,273,120,56,264,208,111,1710,S125a
57,144,87,89,272,183,161,153,-8,160,384,224,136,152,16,136,208,72,80,216,136,80,1609,S125a
80,727,647,122,217,95,120,127,7,121,385,264,112,392,280,104,144,40,87,307,220,93,2392,S125a
80,120,40,96,183,87,153,137,-16,88,272,184,136,168,32,113,184,71,168,296,128,120,1480,S125a
104,136,32,96,184,88,120,128,8,95,280,185,128,168,40,119,183,64,81,313,232,72,1464,S125a
56,696,640,96,200,104,128,592,464,144,960,816,104,231,127,136,264,128,113,840,727,112,3895,S125a
80,176,96,97,184,87,120,96,-24,120,321,201,127,119,-8,144,248,104,73,224,151,97,1465,S125a
57,137,80,103,175,72,120,97,-23,112,279,167,113,432,319,104,152,48,97,192,95,88,1552,S125a
65,104,39,129,224,95,152,128,-24,112,312,200,120,168,48,152,192,40,80,256,176,120,1504,S125a
104,136,32,72,145,73,127,111,-16,104,280,176,200,224,24,105,137,32,80,631,551,57,1721,S125a
96,296,200,96,224,128,112,208,96,104,591,487,81,441,360,72,680,608,80,592,512,64,3096,S121a
80,216,136,88,177,89,135,191,56,88,432,344,72,392,320,120,456,336,72,264,192,80,2208,S121a
80,208,128,72,168,96,112,192,80,105,392,287,88,352,264,104,280,176,88,344,256,73,2009,S121a
73,353,280,80,191,111,72,160,88,80,464,384,80,368,288,129,544,415,80,312,232,112,2504,S121a
72,433,361,72,183,111,80,176,96,88,393,305,87,319,232,134,696,562,96,313,217,103,2616,S121a
80,216,136,64,184,120,128,192,64,88,2088,2000,88,401,313,111,351,240,81,280,199,96,3808,S121a
79,223,144,96,200,104,105,185,80,103,519,416,88,321,233,135,360,225,79,327,248,112,2247,S121a
80,199,119,80,344,264,88,240,152,88,688,600,80,352,272,128,377,249,63,319,256,88,2607,S121a
71,199,128,80,200,120,96,168,72,112,464,352,73,272,199,120,672,552,80,400,320,128,2503,S121a
79,215,136,80,192,112,105,160,55,88,360,272,88,360,272,96,440,344,80,304,224,81,2112,S121a
80,207,127,89,184,95,96,153,57,95,687,592,88,344,256,129,432,303,88,376,288,96,2479,S121a
71,231,160,80,304,224,96,216,120,89,608,519,88,385,297,135,367,232,88,344,256,80,2535,S121a
96,224,128,88,304,216,96,201,105,111,647,536,72,488,416,153,392,239,104,360,256,88,2704,S121a
88,216,128,88,184,96,104,192,88,88,600,512,88,352,264,136,640,504,88,328,240,120,2632,S121a
87,223,136,88,224,136,97,217,120,71,527,456,88,368,280,112,472,360,64,296,232,96,2423,S121a
80,216,136,72,184,112,64,168,104,80,544,464,80,384,304,120,376,256,96,392,296,104,2368,S121a
88,224,136,80,361,281,71,215,144,64,367,303,81,305,224,128,352,224,80,320,240,96,2240,S121a
65,201,136,72,184,112,56,184,128,64,312,248,72,328,256,120,392,272,80,384,304,80,2065,S121a
64,200,136,64,168,104,64,160,96,72,464,392,88,368,280,120,400,280,72,320,248,80,2160,S121a
55,183,128,64,168,104,56,168,112,72,432,360,72,264,192,112,360,248,63,264,201,80,1919,S121a
56,192,136,56,168,112,56,160,104,64,328,264,72,360,288,72,392,320,72,336,264,96,2032,S121a
56,184,128,64,176,112,47,152,105,56,320,264,56,264,208,120,768,648,64,216,152,88,2168,S121a
56,184,128,56,168,112,48,160,112,64,360,296,80,384,304,111,472,361,72,344,272,88,2160,S121a
42,170,128,56,168,112,56,176,120,64,391,327,73,353,280,160,328,168,80,320,240,88,1994,S121a
48,160,112,80,168,88,56,160,104,64,312,248,64,328,264,112,344,232,56,496,440,104,2072,S121a
48,184,136,64,176,112,56,176,120,56,416,360,72,328,256,112,360,248,64,344,280,72,2056,S121a
56,176,120,72,152,80,64,168,104,64,632,568,80,352,272,112,368,256,72,312,240,80,2240,S121a
64,184,120,72,160,88,64,176,112,72,376,304,72,311,239,121,353,232,56,304,248,88,1952,S121a
56,176,120,72,168,96,64,160,96,79,352,273,64,248,184,112,416,304,72,288,216,88,1896,S121a
56,184,128,64,160,96,64,169,105,64,336,272,72,256,184,120,368,248,72,672,600,79,2224,S121a
65,185,120,71,176,105,64,176,112,72,392,320,72,288,216,112,424,312,64,288,224,72,2001,S121a
56,192,136,72,184,112,56,168,112,64,408,344,64,312,248,104,384,280,71,272,201,72,1992,S121a
72,208,136,64,200,136,72,192,120,56,680,624,72,416,344,120,280,160,88,327,239,104,2407,S121a
64,201,137,55,143,88,65,177,112,63,423,360,65,320,255,112,265,153,71,287,216,88,1904,S121a
64,201,137,63,175,112,56,176,120,56,1128,1072,64,401,337,111,303,192,64,272,208,88,2744,S121a
55,183,128,72,184,112,48,176,128,56,392,336,80,320,240,136,400,264,65,336,271,80,2071,S121a
55,183,128,56,168,112,56,184,128,56,337,281,71,279,208,104,344,240,64,305,241,71,1871,S121a
63,191,128,64,144,80,72,168,96,72,328,256,72,289,217,128,343,215,64,337,273,103,1903,S121a
72,208,136,65,160,95,56,168,112,64,320,256,72,320,248,104,416,312,72,288,216,80,1960,S121a
56,192,136,72,176,104,56,192,136,56,424,368,72,321,249,127,727,600,72,289,217,71,2392,S121a
64,184,120,88,232,144,72,232,160,96,528,432,80,512,432,120,449,329,71,487,416,88,2712,S121a
56,472,416,56,184,128,56,192,136,48,552,504,64,392,328,120,480,360,80,296,216,120,2688,S121a
65,200,135,56,160,104,64,160,96,73,360,287,80,312,232,136,464,328,72,296,224,88,2040,S121a
55,191,136,72,152,80,73,168,95,72,368,296,80,328,248,89,448,359,72,312,240,56,2023,S121a
56,192,136,64,176,112,48,168,120,57,416,359,64,272,208,104,392,288,64,264,200,73,1953,S121a
55,199,144,72,200,128,56,168,112,72,472,400,64,480,416,112,472,360,96,552,456,88,2631,S121a
56,296,240,56,440,384,64,368,304,80,752,672,72,576,504,128,368,240,80,352,272,80,3232,S121a
64,192,128,64,352,288,80,208,128,104,656,552,80,416,336,88,552,464,88,392,304,128,2896,S121a
63,207,144,56,424,368,72,176,104,80,584,504,64,440,376,112,1288,1176,72,320,248,112,3551,S121a
56,232,176,64,256,192,48,144,96,72,720,648,72,320,248,104,472,368,72,328,256,56,2528,S121a
56,264,208,64,208,144,64,200,136,47,640,593,72,312,240,72,407,335,57,281,224,56,2368,S121a
56,224,168,56,200,144,64,184,120,48,576,528,72,280,208,104,440,336,56,296,240,88,2288,S121a
56,224,168,48,184,136,64,168,104,56,536,480,72,304,232,96,448,352,56,328,272,64,2256,S121a
48,200,152,64,184,120,56,176,120,48,784,736,56,272,216,104,592,488,72,312,240,64,2584,S121a
56,216,160,48,200,152,56,176,120,56,848,792,48,352,304,120,384,264,48,304,256,56,2536,S121a
64,200,136,56,168,112,64,168,104,56,744,688,88,343,255,97,545,448,72,296,224,56,2520,S121a
64,200,136,56,168,112,56,152,96,56,992,936,72,264,192,72,520,448,64,256,192,56,2608,S121a
64,200,136,56,168,112,56,152,96,72,640,568,71,328,257,72,472,400,72,328,256,96,2384,S121a
64,208,144,64,176,112,72,176,104,72,615,543,73,329,256,112,423,311,56,248,192,64,2239,S121a
56,192,136,56,200,144,56,168,112,64,576,512,56,256,200,96,488,392,64,280,216,56,2216,S121a
56,200,144,48,192,144,56,192,136,48,816,768,56,688,632,104,1392,1288,79,304,225,88,3872,S121a
65,225,160,56,192,136,56,184,128,56,784,728,71,360,289,80,640,560,56,288,232,80,2753,S121a
56,216,160,63,176,113,64,184,120,56,680,624,72,288,216,95,672,577,64,280,216,119,2615,S121a
56,216,160,64,192,128,64,168,104,64,824,760,55,288,233,104,527,423,57,240,183,56,2511,S121a
55,207,152,64,176,112,56,161,105,71,543,472,57,297,240,87,415,328,56,272,216,80,2151,S121a
47,199,152,64,184,120,48,160,112,64,609,545,63,280,217,103,400,297,56,255,199,72,2159,S121a
57,201,144,63,191,128,64,184,120,72,977,905,71,1047,976,104,584,480,64,224,160,56,3464,S121a
63,199,136,56,168,112,64,176,112,56,704,648,72,384,312,129,408,279,64,232,168,56,2327,S121a
55,216,161,63,200,137,55,175,120,57,568,511,56,304,248,112,472,360,64,280,216,64,2279,S121a
48,192,144,65,168,103,72,168,96,56,808,752,72,352,280,80,416,336,56,288,232,88,2480,S121a
56,184,128,72,168,96,64,216,152,72,1617,1545,79,1231,1152,89,456,367,64,313,249,63,4248,S121a
56,208,152,57,176,119,64,184,120,48,848,800,72,473,401,119,727,608,64,344,280,56,3016,S121a
55,215,160,56,184,128,65,176,111,56,808,752,56,329,273,71,471,400,48,208,160,56,2447,S121a
56,216,160,56,168,112,72,184,112,56,1120,1064,72,264,192,112,568,456,64,432,368,56,3008,S121a
72,224,152,64,208,144,64,200,136,56,720,664,64,320,256,88,904,816,72,296,224,80,2952,S121a
55,191,136,72,168,96,80,192,112,72,624,552,64,312,248,112,416,304,80,312,232,57,2272,S121a
48,185,137,71,175,104,64,168,104,64,584,520,64,248,184,112,488,376,64,281,217,63,2192,S121a
55,191,136,64,169,105,63,151,88,72,784,712,80,256,176,72,616,544,80,240,160,88,2495,S121a
48,200,152,64,176,112,56,160,104,72,681,609,55,255,200,128,721,593,63,279,216,72,2544,S121a
56,200,144,56,168,112,56,168,112,56,640,584,64,232,168,96,496,400,64,256,192,72,2232,S121a
56,192,136,48,144,96,72,216,144,48,968,920,80,280,200,72,376,304,64,272,208,64,2512,S121a
55,464,409,47,175,128,56,168,112,64,1272,1208,56,488,432,112,897,785,80,247,167,57,3768,S121a
55,207,152,56,176,120,64,168,104,65,592,527,64,264,200,112,464,352,65,264,199,88,2223,S121a
55,183,128,64,168,104,64,176,112,64,984,920,72,272,200,112,584,472,56,297,241,111,2775,S121a
47,183,136,64,177,113,63,169,106,78,1302,1224,72,392,320,56,584,528,72,248,176,88,3143,S121a
56,192,136,72,168,96,64,176,112,64,704,640,64,392,328,120,400,280,80,304,224,112,2448,S121a
56,208,152,55,208,153,56,208,152,56,927,871,65,297,232,128,1800,1672,72,191,119,73,3912,S121a
56,312,256,56,400,344,64,264,200,40,528,488,56,312,256,120,432,312,72,248,176,80,2576,S121a
56,208,152,72,208,136,64,208,144,56,544,488,64,224,160,120,1536,1416,64,240,176,56,3224,S121a
56,216,160,72,200,128,56,176,120,64,584,520,72,303,231,97,545,448,64,224,160,88,2336,S121a
56,192,136,80,184,104,64,176,112,64,528,464,64,224,160,136,528,392,64,296,232,88,2216,S121a
56,184,128,56,160,104,64,184,120,56,672,616,64,296,232,112,480,368,64,296,232,80,2352,S121a
64,192,128,72,184,112,72,168,96,88,704,616,120,360,240,136,480,344,72,255,183,65,2408,S121a
56,184,128,63,176,113,56,168,112,63,616,553,48,256,208,88,584,496,64,264,200,79,2327,S121a
55,168,113,72,152,80,64,168,104,71,584,513,56,319,263,129,425,296,72,472,400,72,2360,S121a
56,176,120,64,151,87,57,169,112,63,680,617,64,296,232,104,400,296,64,223,159,57,2152,S121a
64,463,399,56,184,128,64,208,144,48,784,736,81,441,360,71,735,664,72,336,264,73,3224,S121a
72,224,152,72,224,152,87,200,113,72,624,552,64,448,384,96,384,288,72,224,152,65,2393,S121a
72,192,120,64,160,96,56,161,105,55,512,457,64,391,327,88,392,304,64,256,192,88,2152,S121a
55,175,120,72,176,104,56,168,112,64,536,472,72,360,288,96,505,409,64,239,175,96,2255,S121a
55,183,128,56,152,96,64,184,120,56,472,416,64,312,248,96,409,313,71,247,176,104,2063,S121a
71,191,120,56,176,120,48,161,113,55,399,344,73,320,247,88,344,256,56,240,184,88,1919,S121a
47,175,128,64,168,104,56,168,112,56,480,424,65,280,215,97,408,311,64,304,240,72,2055,S121a
72,192,120,64,192,128,112,184,72,88,488,400,88,352,264,104,472,368,64,240,176,72,2192,S121a
72,192,120,64,160,96,96,168,72,80,480,400,87,400,313,120,392,272,64,280,216,80,2152,S121a
64,191,127,81,177,96,88,168,80,88,440,352,80,248,168,112,376,264,72,280,208,88,1968,S121a
80,200,120,80,192,112,80,168,88,80,336,256,80,264,184,103,344,241,72,248,176,79,1831,S121a
80,200,120,80,176,96,80,152,72,80,336,256,64,256,192,112,408,296,64,272,208,72,1872,S121a
64,184,120,80,176,96,71,168,97,88,376,288,72,264,192,88,624,536,64,256,192,88,2136,S121a
72,192,120,80,176,96,72,144,72,88,344,256,72,248,176,112,416,304,72,224,152,72,1816,S121a
72,176,104,88,176,88,88,152,64,80,360,280,64,272,208,104,376,272,72,240,168,88,1840,S121a
72,200,128,80,160,80,95,152,57,80,344,264,63,224,161,96,544,448,80,239,159,97,1960,S121a
72,200,128,80,176,96,64,120,56,87,319,232,65,249,184,64,664,600,72,256,184,80,2064,S121a
64,192,128,72,168,96,88,152,64,80,328,248,72,264,192,120,352,232,72,272,200,64,1792,S121a
64,176,112,64,176,112,56,216,160,64,1352,1288,72,288,216,63,440,377,64,239,175,81,2968,S121a
56,192,136,64,272,208,97,288,191,72,712,640,64,345,281,112,328,216,63,272,209,80,2489,S121a
72,248,176,128,240,112,104,160,56,89,561,472,72,279,207,113,328,215,89,280,191,96,2192,S121a
55,167,112,65,168,103,72,168,96,80,648,568,72,328,256,96,608,512,65,288,223,72,2447,S121a
63,175,112,81,161,80,87,112,25,104,391,287,89,312,223,73,408,335,80,256,176,72,1887,S121a
64,184,120,73,168,95,80,128,48,81,384,303,88,280,192,72,352,280,73,256,183,88,1840,S121a
80,191,111,72,168,96,104,104,0,96,376,280,72,240,168,121,456,335,72,232,160,112,1879,S121a
73,184,111,72,144,72,96,96,0,97,417,320,63,247,184,96,672,576,73,304,231,64,2128,S121a
63,199,136,64,225,161,63,199,136,48,696,648,64,288,224,144,400,256,64,280,216,88,2375,S121a
80,176,96,81,168,87,128,128,0,96,328,232,72,233,161,119,447,328,80,256,176,72,1808,S121a
64,168,104,72,161,89,119,103,-16,88,344,256,72,233,161,103,671,568,72,256,184,80,2016,S121a
72,192,120,80,201,121,80,168,88,71,367,296,88,264,176,145,393,248,71,255,184,72,1912,S121a
104,240,136,73,272,199,104,313,209,63,711,648,88,296,208,120,368,248,72,240,168,80,2520,S121a
71,183,112,88,176,88,88,152,64,72,328,256,56,232,176,112,416,304,72,256,184,80,1823,S121a
71,191,120,88,184,96,112,168,56,72,400,328,72,224,152,96,384,288,72,296,224,80,1927,S121a
71,191,120,81,184,103,80,168,88,80,568,488,72,264,192,120,352,232,88,232,144,81,2040,S121a
79,207,128,80,176,96,88,192,104,56,536,480,72,256,184,104,648,544,72,264,192,96,2375,S121a
79,207,128,80,544,464,72,200,128,80,480,400,80,232,152,105,552,447,72,240,168,96,2551,S121a
72,200,128,88,184,96,112,136,24,88,368,280,88,288,200,128,752,624,88,384,296,88,2400,S121a
96,232,136,88,240,152,96,200,104,72,1576,1504,72,888,816,128,360,232,80,200,120,72,3768,S121a
80,208,128,80,240,160,120,280,160,88,632,544,88,344,256,128,1024,896,80,240,160,88,3056,S121a
80,312,232,72,304,232,64,208,144,56,584,528,72,271,199,113,385,272,88,272,184,96,2432,S121a
72,208,136,56,168,112,56,168,112,56,528,472,72,240,168,128,384,256,72,256,184,80,2032,S121a
72,208,136,72,184,112,56,176,120,56,488,432,80,1488,1408,96,544,448,72,360,288,88,3536,S121a
64,184,120,56,152,96,56,168,112,56,744,688,96,856,760,56,408,352,112,368,256,128,3008,S121a
80,240,160,64,184,120,72,208,136,48,575,527,105,497,392,120,448,328,112,488,376,72,2712,S121a
80,184,104,72,192,120,48,168,120,56,632,576,72,288,216,104,376,272,80,264,184,96,2200,S121a
80,192,112,88,192,104,48,168,120,64,392,328,72,272,200,104,400,296,72,256,184,80,1952,S121a
72,184,112,63,184,121,56,167,111,64,505,441,72,216,144,112,448,336,64,224,160,64,1992,S121a
72,192,120,72,176,104,64,160,96,64,560,496,72,920,848,80,1816,1736,80,231,151,81,4136,S121a
80,216,136,64,184,120,56,168,112,64,664,600,80,352,272,112,1024,912,88,448,360,88,3144,S121a
72,208,136,80,192,112,80,168,88,88,600,512,80,280,200,96,624,528,72,256,184,80,2408,S121a
56,208,152,56,176,120,64,184,120,64,488,424,72,392,320,96,408,312,64,264,200,64,2184,S121a
64,192,128,72,176,104,56,175,119,73,425,352,56,296,240,112,584,472,64,264,200,64,2176,S121a
56,200,144,56,176,120,64,184,120,72,656,584,56,312,256,72,680,608,63,295,232,72,2575,S121a
64,192,128,72,184,112,64,193,129,55,807,752,72,296,224,128,672,544,80,384,304,81,2809,S121a
64,192,128,73,184,111,64,192,128,64,504,440,64,352,288,72,408,336,65,272,207,80,2184,S121a
56,184,128,72,192,120,56,168,112,72,312,240,64,256,192,137,408,271,64,256,192,112,1888,S121a
63,199,136,64,168,104,65,184,119,64,416,352,56,232,176,96,376,280,64,272,208,73,1920,S121a
63,200,137,71,183,112,40,168,128,80,400,320,72,328,256,96,336,240,72,264,192,56,1935,S121a
63,191,128,72,192,120,48,177,129,63,343,280,64,376,312,104,464,360,65,232,167,80,2055,S121a
47,191,144,64,184,120,56,185,129,63,335,272,65,208,143,80,977,897,55,287,232,88,2455,S121a
47,688,641,47,183,136,64,192,128,64,288,224,56,280,224,129,409,280,63,240,177,80,2360,S121a
47,191,144,72,185,113,47,175,128,56,672,616,72,313,241,95,495,400,65,248,183,72,2351,S121a
71,200,129,71,160,89,71,183,112,64,368,304,64,392,328,113,352,239,64,192,128,64,1911,S121a
56,176,120,72,160,88,64,168,104,72,376,304,72,304,232,89,376,287,73,240,167,64,1864,S121a
56,176,120,72,176,104,48,160,112,64,377,313,63,280,217,103,447,344,72,273,201,71,1960,S121a
55,183,128,72,152,80,57,168,111,72,392,320,72,264,192,104,392,288,72,233,161,63,1847,S121a
55,183,128,72,152,80,64,160,96,80,576,496,72,384,312,88,824,736,64,432,368,104,2815,S121a
65,192,127,64,176,112,64,184,120,64,400,336,72,272,200,112,496,384,72,240,168,64,2024,S121a
55,223,168,72,192,120,48,169,121,71,431,360,64,280,216,96,368,272,57,256,199,72,1991,S121a
63,200,137,55,183,128,57,200,143,57,600,543,72,304,232,80,384,304,64,224,160,80,2175,S121a
56,184,128,64,160,96,64,168,104,72,633,561,79,239,160,121,368,247,72,272,200,72,2096,S121a
56,176,120,80,160,80,56,160,104,72,328,256,72,264,192,96,496,400,64,232,168,72,1888,S121a
56,176,120,72,152,80,64,192,128,64,416,352,72,273,201,135,399,264,64,208,144,80,1896,S121a
72,208,136,64,168,104,56,176,120,64,368,304,72,232,160,72,360,288,64,240,176,72,1824,S121a
56,176,120,64,160,96,56,152,96,72,392,320,72,328,256,96,328,232,72,224,152,80,1840,S121a
64,176,112,64,160,96,56,176,120,72,368,296,72,232,160,105,336,231,56,200,144,64,1712,S121a
55,183,128,64,192,128,57,184,127,56,520,464,64,272,208,104,408,304,64,208,144,56,2023,S121a
63,191,128,64,160,96,56,168,112,64,368,304,56,216,160,96,352,256,64,208,144,72,1735,S121a
56,168,112,72,168,96,64,176,112,56,600,544,72,240,168,96,392,296,56,232,176,72,2048,S121a
63,183,120,64,160,96,49,160,111,64,432,368,64,216,152,72,384,312,56,200,144,64,1799,S121a
80,208,128,72,184,112,72,184,112,96,680,584,72,504,432,88,855,767,65,329,264,72,3016,S121a
64,184,120,72,176,104,64,168,104,56,336,280,72,296,224,120,344,224,56,240,184,88,1832,S121a
56,176,120,64,168,104,56,168,112,48,296,248,64,264,200,80,304,224,64,240,176,72,1688,S121a
56,192,136,72,200,128,48,168,120,72,288,216,64,280,216,104,344,240,64,248,184,56,1776,S121a
56,184,128,72,176,104,47,160,113,72,344,272,64,248,184,88,376,288,72,232,160,72,1792,S121a
48,184,136,64,160,96,56,168,112,64,288,224,64,224,160,80,344,264,64,247,183,89,1704,S121a
48,176,128,72,168,96,56,168,112,64,408,344,64,392,328,72,296,224,56,248,192,64,1920,S121a
64,192,128,64,160,96,56,152,96,72,312,240,64,224,160,88,592,504,56,208,152,64,1904,S121a
56,192,136,64,192,128,40,160,120,64,328,264,48,256,208,96,344,248,64,224,160,80,1776,S121a
56,184,128,72,175,103,49,153,104,64,304,240,80,200,120,96,360,264,64,248,184,80,1704,S121a
56,176,120,72,168,96,64,168,104,80,304,224,72,360,288,80,344,264,72,288,216,80,1888,S121a
56,184,128,64,168,104,64,192,128,56,640,584,64,272,208,112,360,248,64,304,240,80,2200,S121a
64,192,128,64,160,96,56,176,120,64,400,336,56,319,263,113,473,360,64,336,272,80,2136,S121a
55,199,144,48,176,128,72,224,152,40,400,360,72,344,272,96,360,264,72,240,168,96,2039,S121a
56,176,120,64,168,104,48,168,120,65,1016,951,80,808,728,144,336,192,64,225,161,79,2976,S121a
56,192,136,64,192,128,57,177,120,55,319,264,64,272,208,105,649,544,71,256,185,87,2144,S121a
56,184,128,64,192,128,56,184,128,56,369,313,71,431,360,104,536,432,65,240,175,80,2216,S121a
55,183,128,72,168,96,64,176,112,64,376,312,96,288,192,88,528,440,65,240,175,96,2055,S121a
104,280,176,112,289,177,95,216,121,111,504,393,71,407,336,80,592,512,96,312,216,81,2681,S121a
80,208,128,88,224,136,81,296,215,120,352,232,88,392,304,128,448,320,96,313,217,103,2336,S121a
95,231,136,64,912,848,64,224,160,80,993,913,95,319,224,128,320,192,80,216,136,120,3335,S121a
79,207,128,88,216,128,64,184,120,56,400,344,72,360,288,136,352,216,64,256,192,88,2063,S121a
64,224,160,64,192,128,56,184,128,64,360,296,72,312,240,96,368,272,56,232,176,96,1968,S121a
56,192,136,72,192,120,56,184,128,80,360,280,72,320,248,128,745,617,87,311,224,96,2400,S121a
72,200,128,72,192,120,48,176,128,72,320,248,64,256,192,136,368,232,72,288,216,64,1864,S121a
65,192,127,80,184,104,56,176,120,72,336,264,80,272,192,144,384,240,72,232,160,112,1888,S121a
64,200,136,72,192,120,56,192,136,64,304,240,56,304,248,80,984,904,72,488,416,88,2752,S121a
56,200,144,64,184,120,56,184,128,64,336,272,72,312,240,112,520,408,64,280,216,80,2096,S121a
56,200,144,64,184,120,48,176,128,56,312,256,64,280,216,96,344,248,64,232,168,88,1816,S121a
56,192,136,64,176,112,56,168,112,72,392,320,64,264,200,120,384,264,72,224,152,80,1880,S121a
80,248,168,72,1152,1080,168,248,80,128,1752,1624,72,912,840,104,440,336,64,264,200,104,5120,S121a
88,248,160,72,280,208,88,168,80,96,1215,1119,89,425,336,104,456,352,80,264,184,80,3136,S121a
88,232,144,88,296,208,72,73,1,63,1207,1144,80,344,264,48,376,328,80,256,176,80,2864,S121a
88,207,119,97,241,144,104,152,48,96,648,552,88,256,168,128,472,344,72,304,232,56,2336,S121a
64,480,416,48,200,152,56,200,144,64,760,696,64,296,232,80,488,408,64,320,256,88,2832,S121a
64,208,144,72,192,120,56,176,120,64,496,432,64,264,200,128,552,424,72,472,400,104,2464,S121a
80,216,136,72,184,112,56,168,112,80,440,360,72,360,288,144,448,304,72,272,200,88,2176,S121a
64,208,144,80,192,112,48,176,128,72,464,392,64,248,184,112,367,255,81,289,208,71,2015,S121a
64,208,144,71,191,120,48,160,112,73,584,511,80,265,185,111,447,336,72,256,184,64,2175,S121a
63,207,144,64,169,105,71,207,136,56,416,360,72,280,208,104,392,288,64,208,144,72,1951,S121a
56,192,136,64,184,120,56,168,112,73,360,287,64,336,272,72,376,304,72,272,200,56,1944,S121a
64,192,128,64,176,112,48,160,112,72,520,448,65,240,175,120,376,256,56,240,184,72,1976,S121a
55,184,129,71,184,113,56,175,119,72,440,368,72,232,160,112,384,272,72,240,168,72,1911,S121a
56,184,128,88,176,88,57,176,119,72,416,344,64,248,184,97,704,607,72,288,216,88,2280,S121a
56,184,128,88,192,104,48,168,120,72,448,376,80,264,184,96,408,312,64,232,168,80,1976,S121a
64,184,120,80,192,112,48,168,120,72,872,800,72,288,216,80,400,320,64,233,169,79,2416,S121a
56,184,128,96,193,97,48,175,127,72,448,376,72,272,200,112,408,296,72,264,192,88,2032,S121a
55,183,128,80,200,120,32,153,121,79,463,384,64,264,200,104,424,320,72,224,152,88,1999,S121a
63,199,136,96,216,120,40,168,128,80,400,320,72,264,192,96,496,400,64,256,192,72,2071,S121a
63,199,136,72,184,112,56,184,128,64,496,432,72,216,144,120,568,448,72,272,200,96,2215,S121a
56,216,160,72,200,128,56,176,120,72,392,320,65,288,223,56,344,288,80,233,153,79,1928,S121a
64,176,112,72,176,104,56,168,112,72,536,464,72,288,216,80,512,432,64,256,192,80,2192,S121a
55,183,128,72,168,96,64,184,120,72,440,368,64,264,200,88,584,496,72,248,176,88,2159,S121a
56,184,128,64,176,112,48,160,112,64,368,304,72,240,168,112,513,401,71,287,216,72,2000,S121a
56,184,128,80,176,96,48,168,120,64,408,344,72,200,128,80,392,312,64,248,184,56,1832,S121a
64,224,160,72,208,136,57,168,111,56,672,616,72,240,168,80,400,320,72,224,152,72,2208,S121a
64,192,128,72,184,112,56,168,112,56,464,408,48,208,160,80,392,312,72,296,224,80,1984,S121a
72,200,128,72,168,96,56,176,120,56,656,600,64,320,256,56,472,416,56,264,208,88,2344,S121a
64,192,128,56,184,128,48,184,136,48,328,280,56,256,200,88,544,456,72,288,216,72,2048,S121a
64,184,120,72,184,112,48,152,104,64,440,376,56,272,216,104,400,296,64,240,176,64,1936,S121a
55,167,112,72,168,96,56,160,104,72,328,256,64,224,160,72,705,633,55,223,168,72,2047,S121a
64,184,120,64,176,112,64,168,104,72,464,392,88,256,168,120,424,304,72,256,184,72,2000,S121a
56,176,120,72,168,96,56,176,120,64,536,472,56,288,232,24,616,592,64,208,144,88,2256,S121a
64,200,136,72,176,104,56,160,104,88,1040,952,104,296,192,88,376,288,96,296,200,80,2624,S121a
56,184,128,72,160,88,64,184,120,72,344,272,64,240,176,96,392,296,72,312,240,104,1920,S121a
71,223,152,104,216,112,64,192,128,72,752,680,72,256,184,144,728,584,80,464,384,80,2911,S121a
56,200,144,72,184,112,48,168,120,72,560,488,56,240,184,87,336,249,72,240,168,72,2000,S121a
64,208,144,80,184,104,40,176,136,64,480,416,64,272,208,112,440,328,56,344,288,72,2176,S121a
72,216,144,56,168,112,56,208,152,48,920,872,64,488,424,80,1232,1152,72,240,168,56,3528,S121a
80,224,144,72,216,144,87,184,97,72,904,832,88,440,352,112,536,424,80,288,208,56,2848,S121a
63,200,137,80,160,80,56,176,120,72,439,367,89,249,160,112,392,280,72,208,136,104,1928,S121a
56,184,128,72,168,96,40,144,104,80,448,368,88,231,143,97,449,352,56,232,176,72,1928,S121a
56,184,128,72,160,88,56,160,104,72,440,368,80,344,264,112,296,184,72,216,144,80,1880,S121a
56,184,128,72,168,96,56,160,104,64,480,416,64,240,176,96,456,360,80,215,135,89,1992,S121a
64,192,128,72,176,104,55,159,104,81,457,376,96,280,184,128,375,247,73,184,111,96,1919,S121a
55,191,136,72,185,113,63,191,128,64,440,376,72,256,184,128,472,344,64,336,272,72,2143,S121a
64,193,129,71,167,96,64,168,104,80,464,384,64,256,192,113,360,247,73,201,128,63,1872,S121a
71,207,136,72,160,88,56,176,120,64,528,464,72,232,160,144,528,384,80,264,184,96,2191,S121a
64,192,128,72,160,88,56,176,120,72,425,353,71,279,208,96,336,240,72,232,160,96,1896,S121a
64,184,120,72,168,96,56,161,105,71,367,296,72,240,168,136,416,280,72,184,112,80,1800,S121a
64,184,120,72,185,113,39,159,120,65,528,463,64,336,272,104,352,248,57,192,135,72,2008,S121a
56,176,120,73,160,87,56,168,112,56,392,336,56,480,424,120,328,208,56,200,144,64,1968,S121a
57,184,127,65,184,119,49,169,120,55,967,912,56,312,256,96,520,424,72,208,136,64,2608,S121a
55,191,136,64,160,96,64,184,120,64,416,352,64,232,168,120,416,296,72,576,504,80,2255,S121a
96,560,464,64,240,176,56,192,136,64,760,696,73,456,383,104,1080,976,64,208,144,88,3584,S121a
64,200,136,80,185,105,47,159,112,81,1016,935,56,288,232,88,400,312,72,200,128,72,2520,S121a
72,208,136,72,208,136,56,193,137,55,1040,985,87,311,224,96,464,368,56,208,152,88,2720,S121a
63,391,328,56,240,184,25,184,159,72,704,632,104,400,296,57,800,743,80,336,256,56,3111,S121a
56,168,112,72,168,96,56,152,96,72,2400,2328,88,361,273,127,399,272,64,232,168,80,3960,S121a
64,192,128,72,416,344,96,208,112,104,1456,1352,112,392,280,129,1224,1095,80,224,144,96,4208,S121a
56,176,120,80,192,112,48,160,112,72,424,352,64,272,208,72,409,337,63,207,144,88,1928,S121a
56,184,128,72,200,128,56,176,120,64,824,760,64,288,224,112,632,520,64,264,200,120,2688,S121a
64,216,152,64,184,120,64,176,112,56,464,408,64,248,184,152,440,288,80,248,168,112,2088,S121a
63,207,144,72,176,104,56,168,112,72,456,384,64,256,192,128,384,256,72,256,184,104,2007,S121a
56,192,136,56,160,104,56,176,120,64,392,328,72,232,160,120,408,288,56,248,192,96,1904,S121a
48,176,128,80,168,88,63,176,113,80,616,536,80,352,272,128,368,240,72,272,200,104,2232,S121a
40,184,144,64,184,120,64,160,96,55,520,465,64,424,360,136,384,248,64,256,192,88,2200,S121a
64,192,128,64,176,112,56,160,104,64,464,400,80,272,192,112,368,256,64,288,224,80,2000,S121a
56,176,120,80,176,96,56,168,112,48,488,440,72,264,192,88,392,304,72,200,128,88,1952,S121a
64,192,128,72,168,96,56,168,112,64,624,560,72,240,168,128,656,528,72,216,144,96,2360,S121a
56,176,120,72,168,96,56,160,104,64,608,544,72,216,144,120,728,608,72,288,216,104,2448,S121a
56,176,120,72,176,104,56,160,104,72,544,472,72,248,176,144,432,288,56,208,152,104,2048,S121a
64,440,376,64,200,136,56,168,112,72,504,432,64,304,240,120,600,480,96,272,176,88,2576,S121a
64,192,128,64,168,104,56,160,104,80,832,752,72,312,240,104,464,360,48,184,136,80,2392,S121a
56,216,160,56,192,136,48,168,120,48,680,632,72,320,248,128,392,264,72,192,120,87,2247,S121a
48,176,128,72,168,96,56,160,104,56,552,496,64,264,200,128,392,264,64,208,144,88,2008,S121a
56,184,128,64,176,112,40,152,112,64,496,432,64,224,160,112,432,320,64,176,112,65,1905,S121a
56,168,112,73,161,88,55,159,104,73,392,319,72,328,256,112,513,401,71,224,153,63,2008,S121a
64,184,120,72,176,104,56,168,112,64,528,464,72,256,184,112,409,297,71,183,112,88,1992,S121a
48,184,136,65,176,111,48,160,112,56,376,320,64,336,272,113,416,303,65,224,159,80,1952,S121a
56,176,120,72,161,89,55,167,112,56,416,360,56,233,177,103,647,544,64,208,144,72,2080,S121a
56,176,120,72,168,96,48,145,97,71,463,392,72,272,200,112,432,320,72,248,176,80,1984,S121a
56,184,128,65,168,103,56,177,121,71,399,328,72,232,160,129,632,503,72,256,184,72,2120,S121a
49,176,127,64,168,104,56,168,112,72,320,248,72,232,160,96,480,384,72,200,128,72,1816,S121a
88,288,200,96,352,256,96,200,104,88,520,432,80,440,360,72,704,632,80,328,248,72,2904,S121a
80,248,168,80,248,168,88,280,192,72,736,664,80,392,312,88,504,416,80,232,152,88,2728,S121a
88,200,112,88,184,96,80,224,144,64,400,336,64,416,352,112,472,360,71,216,145,72,2184,S121a
72,176,104,72,168,96,80,160,80,80,336,256,88,360,272,112,304,192,80,224,144,96,1824,S121a
72,200,128,72,152,80,88,144,56,88,376,288,80,360,280,112,424,312,72,232,160,80,1968,S121a
72,176,104,88,184,96,72,152,80,80,312,232,64,216,152,128,432,304,72,248,176,96,1816,S121a
64,176,112,88,176,88,80,160,80,80,304,224,80,288,208,127,312,185,88,232,144,80,1728,S121a
72,184,112,80,152,72,96,152,56,80,304,224,72,271,199,105,361,256,64,224,160,56,1704,S121a
72,192,120,88,176,88,72,136,64,96,328,232,80,248,168,112,368,256,72,232,160,56,1736,S121a
64,184,120,72,160,88,80,136,56,96,320,224,64,296,232,120,528,408,80,264,184,72,1960,S121a
87,207,120,72,200,128,72,184,112,57,625,568,71,359,288,120,360,240,72,256,184,88,2279,S121a
64,176,112,64,168,104,56,161,105,55,279,224,64,248,184,113,416,303,64,248,184,80,1776,S121a
55,175,120,64,160,96,56,168,112,56,320,264,64,304,240,128,440,312,65,168,103,80,1815,S121a
56,184,128,72,169,97,47,160,113,63,327,264,72,480,408,128,424,296,64,216,152,112,2072,S121a
72,192,120,64,168,104,48,160,112,72,312,240,72,328,256,128,320,192,80,232,152,128,1840,S121a
56,200,144,65,176,111,48,176,128,48,272,224,64,248,184,56,633,577,63,175,112,64,1944,S121a
55,167,112,72,192,120,57,168,111,64,280,216,88,272,184,112,488,376,72,264,192,96,1927,S121a
56,184,128,72,184,112,56,160,104,72,288,216,72,288,216,96,312,216,72,232,160,88,1736,S121a
55,183,128,64,160,96,56,176,120,65,296,231,56,232,176,128,424,296,73,208,135,96,1775,S121a
56,192,136,64,168,104,57,184,127,56,321,265,55,263,208,104,328,224,56,216,160,80,1752,S121a
57,192,135,72,184,112,40,176,136,65,296,231,64,264,200,105,336,231,72,224,152,104,1776,S121a
56,184,128,56,160,104,48,160,112,57,312,255,72,232,160,136,456,320,64,233,169,111,1848,S121a
56,184,128,64,176,112,40,145,105,79,351,272,72,329,257,143,423,280,72,272,200,64,1944,S121a
56,168,112,88,169,81,55,167,112,64,320,256,72,272,200,136,728,592,56,224,168,88,2136,S121a
56,184,128,64,176,112,56,160,104,72,336,264,72,280,208,88,360,272,64,256,192,80,1832,S121a
63,184,121,71,167,96,64,160,96,72,296,224,64,288,224,128,352,224,72,232,160,72,1751,S121a
63,175,112,80,160,80,64,168,104,72,304,232,72,320,248,120,480,360,56,200,144,72,1879,S121a
56,192,136,72,168,96,56,168,112,72,320,248,72,320,248,112,648,536,56,232,176,80,2128,S121a
55,175,120,72,168,96,56,152,96,80,336,256,72,312,240,128,552,424,64,224,160,72,1991,S121a
56,176,120,73,168,95,56,160,104,72,360,288,64,280,216,104,392,288,56,208,152,64,1808,S121a
55,183,128,64,160,96,56,168,112,64,312,248,64,240,176,128,360,232,56,168,112,88,1679,S121a
48,168,120,72,152,80,40,144,104,64,272,208,72,216,144,88,336,248,72,232,160,80,1600,S121a
64,168,104,80,152,72,56,152,96,80,288,208,72,224,152,120,392,272,56,200,144,80,1656,S121a
56,168,112,72,152,80,56,152,96,72,288,216,72,224,152,96,360,264,64,200,136,64,1608,S121a
56,184,128,56,152,96,64,192,128,56,312,256,56,320,264,120,304,184,64,168,104,72,1704,S121a
55,167,112,72,160,88,47,152,105,64,280,216,56,232,176,112,344,232,64,200,136,56,1591,S121a
55,159,104,80,152,72,56,168,112,56,280,224,72,224,152,120,320,200,40,488,448,48,1839,S121a
56,168,112,88,152,64,64,168,104,64,296,232,64,248,184,128,704,576,64,192,128,80,2008,S121a
55,183,128,64,176,112,40,152,112,64,288,224,56,272,216,104,400,296,64,192,128,64,1727,S121a
64,176,112,72,144,72,56,160,104,72,304,232,56,200,144,128,439,311,65,185,120,56,1664,S121a
48,192,144,64,168,104,48,168,120,48,288,240,48,224,176,72,304,232,56,168,112,72,1584,S121a
40,192,152,56,192,136,23,144,121,56,304,248,64,208,144,72,328,256,72,200,128,72,1640,S121a
40,168,128,64,152,88,48,160,112,56,280,224,40,152,112,128,392,264,72,200,128,56,1560,S121a
40,168,128,64,152,88,56,159,103,65,385,320,56,232,176,104,984,880,72,288,216,80,2448,S121a
56,168,112,72,151,79,56,168,112,73,297,224,64,424,360,104,288,184,64,192,128,64,1752,S121a
65,185,120,64,144,80,64,168,104,64,296,232,56,232,176,120,384,264,56,256,200,56,1721,S121a
64,184,120,72,168,96,48,160,112,64,304,240,64,264,200,80,424,344,56,200,144,56,1760,S121a
56,168,112,72,152,80,56,152,96,72,272,200,56,232,176,96,560,464,48,224,176,56,1816,S121a
56,176,120,64,136,72,56,168,112,64,544,480,64,256,192,96,944,848,56,232,176,55,2511,S121a
56,176,120,64,176,112,64,176,112,64,368,304,72,312,240,128,416,288,64,296,232,88,2008,S121a
64,184,120,64,152,88,56,144,88,72,392,320,79,264,185,72,592,520,64,200,136,56,1984,S121a
64,192,128,72,168,96,80,232,152,71,896,825,80,624,544,72,376,304,80,200,120,72,2760,S121a
64,176,112,71,151,80,48,144,96,72,296,224,72,249,177,95,343,248,64,192,128,72,1623,S121a
55,167,112,80,176,96,48,168,120,57,296,239,56,256,200,64,328,264,64,192,128,56,1639,S121a
71,191,120,65,168,103,56,152,96,56,360,304,80,360,280,96,528,432,64,208,144,64,2031,S121a
71,191,120,80,168,88,88,128,40,88,304,216,72,232,160,88,472,384,72,184,112,72,1751,S121a
64,177,113,71,167,96,56,152,96,72,312,240,72,272,200,104,344,240,73,216,143,72,1712,S121a
63,183,120,64,160,96,56,152,96,64,240,176,64,384,320,80,440,360,72,176,104,64,1799,S121a
64,184,120,72,184,112,32,144,112,64,337,273,71,311,240,96,304,208,65,192,127,56,1712,S121a
64,192,128,72,177,105,40,135,95,72,272,200,80,280,200,72,328,256,80,184,104,56,1624,S121a
56,168,112,72,176,104,64,168,104,72,336,264,72,272,200,128,312,184,80,208,128,72,1712,S121a
72,184,112,80,176,96,48,144,96,72,424,352,80,248,168,112,560,448,80,216,136,88,2040,S121a
72,191,119,72,184,112,40,152,112,72,296,224,80,304,224,104,320,216,80,208,128,88,1743,S121a
71,184,113,87,175,88,72,168,96,72,360,288,88,256,168,128,392,264,80,352,272,88,1975,S121a
71,199,128,56,168,112,57,200,143,64,713,649,79,247,168,144,400,256,80,192,112,96,2215,S121a
71,191,120,72,184,112,40,145,105,55,487,432,80,360,280,128,480,352,80,344,264,88,2279,S121a
72,192,120,80,192,112,56,176,120,72,320,248,72,280,208,104,312,208,72,272,200,96,1840,S121a
72,183,111,80,176,96,56,160,104,72,424,352,72,320,248,104,352,248,64,248,184,88,1951,S121a
72,200,128,80,184,104,40,152,112,72,313,241,71,311,240,112,368,256,64,216,152,64,1808,S121a
64,192,128,80,192,112,40,168,128,64,616,552,48,2064,2016,144,536,392,73,208,135,88,4064,S121a
72,208,136,80,192,112,56,184,128,64,568,504,120,728,608,112,496,384,72,232,160,80,2688,S121a
72,208,136,64,176,112,56,184,128,56,344,288,80,320,240,88,368,280,80,296,216,72,1968,S121a
71,199,128,80,200,120,40,168,128,56,416,360,80,304,224,144,408,264,72,304,232,72,2071,S121a
72,200,128,80,192,112,48,168,120,72,416,344,72,456,384,104,312,208,80,248,168,24,2016,S121a
80,192,112,88,192,104,24,152,128,72,352,280,72,432,360,128,440,312,88,256,168,96,2112,S121a
72,200,128,96,192,96,63,184,121,64,368,304,80,272,192,120,448,328,80,280,200,96,2040,S121a
64,184,120,80,200,120,56,184,128,64,352,288,72,216,144,112,376,264,80,216,136,72,1800,S121a
88,208,120,80,192,112,40,152,112,72,576,504,96,320,224,120,384,264,72,208,136,80,2120,S121a
80,224,144,80,184,104,56,184,128,56,368,312,80,416,336,128,424,296,80,216,136,88,2104,S121a
64,192,128,80,184,104,40,128,88,80,352,272,80,288,208,104,520,416,80,224,144,80,1968,S121a
72,192,120,80,208,128,72,224,152,56,672,616,88,400,312,112,360,248,80,208,128,72,2336,S121a
80,223,143,73,249,176,64,208,144,64,440,376,80,328,248,96,392,296,72,216,144,72,2128,S121a
72,176,104,80,192,112,64,144,80,80,328,248,48,1680,1632,112,280,168,88,232,144,64,3096,S121a
80,184,104,88,192,104,72,144,72,88,480,392,80,528,448,112,456,344,88,288,200,55,2327,S121a
80,392,312,72,184,112,88,120,32,80,664,584,80,368,288,112,344,232,72,216,144,96,2384,S121a
55,183,128,72,168,96,56,160,104,48,416,368,64,248,184,112,384,272,72,257,185,79,1895,S121a
56,168,112,88,176,88,56,160,104,56,360,304,72,264,192,105,392,287,64,192,128,72,1784,S121a
56,167,111,73,160,87,56,160,104,64,368,304,56,256,200,120,352,232,56,272,216,96,1831,S121a
55,175,120,64,160,96,56,168,112,56,416,360,64,304,240,88,560,472,72,280,208,88,2151,S121a
56,176,120,65,168,103,56,152,96,57,520,463,56,344,288,80,352,272,56,232,176,72,2016,S121a
72,185,113,55,151,96,64,176,112,56,368,312,56,345,289,103,335,232,64,208,144,72,1840,S121a
57,176,119,64,160,96,56,152,96,56,688,632,64,256,192,96,800,704,64,280,216,72,2584,S121a
72,184,112,65,168,103,48,160,112,56,480,424,72,288,216,128,352,224,64,225,161,63,1920,S121a
57,176,119,72,168,96,48,152,104,64,361,297,63,271,208,144,368,224,64,216,152,88,1800,S121a
63,191,128,72,168,96,56,160,104,65,336,271,56,232,176,112,392,280,72,208,136,72,1759,S121a
55,175,120,64,176,112,56,152,96,65,464,399,64,264,200,88,824,736,64,224,160,64,2343,S121a
132,192,60,176,112,-64,152,200,48,119,296,177,96,256,160,112,133,21,107,162,55,96,1447,S119a
120,840,720,120,1032,912,128,152,24,136,287,151,97,209,112,143,175,32,105,121,16,103,2919,S119a
104,776,672,128,320,192,104,192,88,112,352,240,112,160,48,144,208,64,120,136,16,104,2248,S119a
81,568,487,136,1320,1184,89,128,39,96,280,184,96,200,104,136,384,248,88,248,160,160,3288,S119a
98,152,54,56,184,128,96,98,2,102,501,399,89,425,336,111,96,-15,160,280,120,104,1840,S119a
88,800,712,111,247,136,105,137,32,120,288,168,112,184,72,144,296,152,128,160,32,120,2232,S119a
96,88,-8,96,208,112,88,104,16,104,337,233,119,198,79,137,193,56,112,176,64,88,1392,S119a
143,383,240,177,201,24,184,225,41,111,319,208,127,519,392,121,123,2,117,318,201,104,2192,S119a
136,208,72,176,272,96,112,159,47,121,265,144,112,568,456,128,144,16,144,272,128,127,2015,S119a
96,88,-8,95,265,170,79,111,32,96,263,167,193,482,289,127,191,64,104,224,120,88,1712,S119a
112,184,72,128,264,136,128,176,48,112,240,128,168,247,79,153,337,184,159,248,89,104,1800,S119a
103,215,112,144,289,145,136,144,8,111,328,217,144,185,41,143,247,104,112,168,56,112,1688,S119a
96,168,72,143,319,176,128,241,113,112,311,199,120,185,65,120,224,104,144,199,55,120,1767,S119a
88,296,208,152,272,120,104,112,8,137,384,247,152,208,56,144,272,128,111,160,49,112,1816,S119a
120,176,56,129,449,320,120,128,8,136,672,536,144,240,96,120,216,96,112,168,56,96,2145,S119a
152,240,88,128,264,136,112,144,32,128,392,264,136,224,88,160,288,128,119,184,65,103,1839,S119a
96,144,48,96,223,127,89,121,32,111,423,312,121,193,72,152,240,88,104,176,72,79,1599,S119a
103,185,82,111,231,120,96,150,54,113,202,89,128,248,120,135,256,121,128,192,64,104,1568,S119a
96,184,88,104,224,120,87,127,40,97,241,144,152,264,112,144,360,216,120,184,64,128,1712,S119a
128,200,72,96,208,112,104,127,23,97,177,80,112,232,120,136,208,72,103,175,72,106,1433,S119a
112,616,504,128,287,159,104,152,48,105,409,304,104,160,56,128,200,72,119,163,44,109,2096,S119a
135,144,9,96,240,144,88,160,72,128,248,120,103,216,113,136,319,183,112,553,441,128,2008,S119a
127,200,73,96,216,120,120,152,32,104,248,144,112,312,200,152,191,39,128,152,24,89,1560,S119a
104,160,56,96,232,136,96,143,47,121,225,104,115,159,44,161,217,56,111,103,-8,113,1352,S119a
88,119,31,89,209,120,88,104,16,112,200,88,144,247,103,112,425,313,120,415,295,113,1832,S119a
128,167,39,88,201,113,104,127,23,105,321,216,136,184,48,111,240,129,120,232,112,104,1576,S119a
113,217,104,96,216,120,96,160,64,112,250,138,126,198,72,120,232,112,136,168,32,112,1553,S119a
80,147,67,93,213,120,74,128,54,137,224,87,128,392,264,176,240,64,144,279,135,89,1712,S119a
120,208,88,104,224,120,111,135,24,121,257,136,24,255,231,137,233,96,128,240,112,112,1664,S119a
119,208,89,104,239,135,97,137,40,136,544,408,104,168,64,136,304,168,135,192,57,144,1936,S119a
40,343,303,153,288,135,93,144,51,129,280,151,112,169,57,135,280,145,136,215,79,112,1831,S119a
105,183,78,105,241,136,96,112,16,112,255,143,113,193,80,120,231,111,89,145,56,120,1480,S119a
113,136,23,153,104,-49,129,137,8,128,216,88,113,616,503,143,144,1,144,232,88,103,1688,S119a
152,168,16,152,120,-32,120,135,15,97,337,240,136,495,359,145,193,48,128,271,143,169,1888,S119a
152,160,8,160,112,-48,120,152,32,128,232,104,86,248,162,147,432,285,127,208,81,72,1616,S119a
112,136,24,136,80,-56,112,128,16,120,248,128,104,192,88,128,432,304,136,200,64,120,1536,S119a
113,193,80,128,112,-16,144,263,119,137,280,143,105,138,33,135,287,152,136,176,40,120,1569,S119a
121,129,8,160,119,-41,145,185,40,124,248,124,112,224,112,120,200,80,144,160,16,120,1385,S119a
120,140,20,173,148,-25,137,216,79,93,273,180,103,256,153,112,184,72,128,168,40,120,1505,S119a
128,168,40,176,119,-57,160,202,42,127,295,168,103,168,65,119,231,112,128,168,40,137,1488,S119a
127,151,24,136,120,-16,152,193,41,120,344,224,96,168,72,176,256,80,88,128,40,120,1480,S119a
119,168,49,184,152,-32,152,175,23,105,264,159,105,177,72,136,184,48,119,135,16,136,1391,S119a
95,112,17,168,136,-32,135,152,17,95,264,169,104,136,32,143,200,57,136,143,7,144,1287,S119a
101,126,25,144,128,-16,136,176,40,120,224,104,120,232,112,112,152,40,120,168,48,168,1374,S119a
113,153,40,168,160,-8,144,200,56,120,343,223,96,185,89,128,231,103,145,168,23,105,1545,S119a
128,136,8,160,136,-24,144,216,72,160,463,303,129,216,87,153,232,79,169,264,95,129,1792,S119a
128,152,24,207,192,-15,128,160,32,144,680,536,112,312,200,134,351,217,132,241,109,112,2200,S119a
128,144,16,168,120,-48,144,183,39,133,241,108,112,392,280,128,824,696,136,168,32,136,2208,S119a
143,136,-7,153,135,-18,128,185,57,127,223,96,89,368,279,137,185,48,128,216,88,80,1528,S119a
112,192,80,155,273,118,143,182,39,120,265,145,87,223,136,161,185,24,144,145,1,135,1600,S119a
112,144,32,160,120,-40,135,151,16,129,417,288,127,216,89,135,168,33,144,176,32,135,1527,S119a
127,120,-7,199,208,9,168,176,8,128,368,240,112,263,151,161,162,1,119,271,152,112,1680,S119a
137,169,32,208,128,-80,152,191,39,144,264,120,177,248,71,145,193,48,152,215,63,137,1545,S119a
151,136,-15,231,224,-7,176,208,32,152,280,128,96,207,111,129,200,71,112,145,33,144,1544,S119a
112,176,64,152,112,-40,160,183,23,145,217,72,127,215,88,177,200,23,153,233,80,104,1440,S119a
112,120,8,176,153,-23,143,224,81,143,215,72,105,249,144,119,159,40,136,138,2,158,1416,S119a
144,224,80,153,576,423,97,136,39,112,281,169,96,183,87,113,225,112,128,143,15,121,1889,S119a
120,143,23,185,136,-49,153,200,47,121,240,119,113,168,55,137,200,63,130,145,15,160,1392,S119a
144,177,33,200,159,-41,128,161,33,135,296,161,95,215,120,137,224,87,145,184,39,128,1544,S119a
96,432,336,161,880,719,128,152,24,113,320,207,161,233,72,152,311,159,113,161,48,120,2609,S119a
120,151,31,168,136,-32,112,144,32,137,320,183,129,216,87,129,200,71,120,144,24,113,1424,S119a
81,120,39,193,168,-25,144,195,51,142,485,343,137,240,103,160,384,224,129,168,39,121,1881,S119a
128,121,-7,168,135,-33,128,200,72,137,320,183,136,224,88,129,280,151,139,200,61,129,1609,S119a
121,152,31,169,96,-73,129,144,15,168,272,104,105,240,135,136,200,64,145,184,39,264,1552,S119a
128,160,32,201,136,-65,129,144,15,161,264,103,136,368,232,185,240,55,136,161,25,120,1593,S119a
128,200,72,200,169,-31,142,175,33,113,248,135,113,216,103,137,272,135,145,224,79,136,1640,S119a
112,152,40,193,128,-65,160,152,-8,169,385,216,127,159,32,145,737,592,135,167,32,106,1986,S119a
129,176,47,168,112,-56,136,152,16,129,248,119,177,208,31,120,439,319,129,193,64,121,1649,S119a
129,176,47,200,136,-64,145,146,1,121,246,125,113,192,79,137,200,63,111,128,17,128,1352,S119a
105,128,23,184,128,-56,145,160,15,136,255,119,114,225,111,136,200,64,128,136,8,119,1351,S119a
128,120,-8,201,136,-65,145,184,39,120,352,232,121,200,79,152,480,328,113,144,31,106,1722,S119a
104,120,16,209,144,-65,125,176,51,112,337,225,143,279,136,137,304,167,136,192,56,115,1667,S119a
135,137,2,208,127,-81,129,184,55,137,296,159,128,208,80,152,456,304,105,161,56,111,1680,S119a
129,131,2,238,165,-73,160,232,72,129,208,79,137,264,127,145,208,63,104,112,8,129,1449,S119a
112,114,2,189,118,-71,152,208,56,136,232,96,121,216,95,120,168,48,113,128,15,120,1304,S119a
113,136,23,201,144,-57,152,144,-8,160,312,152,152,224,72,124,288,164,136,152,16,111,1511,S119a
112,159,47,218,129,-89,172,168,-4,120,280,160,121,184,63,136,232,96,120,152,32,113,1417,S119a
144,168,24,216,167,-49,146,130,-16,90,327,237,136,312,176,192,304,112,144,183,39,130,1721,S119a
121,160,39,208,152,-56,168,136,-32,151,408,257,113,896,783,161,368,207,136,176,40,168,2464,S119a
120,112,-8,112,64,-48,96,98,2,110,190,80,112,232,120,120,184,64,128,136,8,136,1152,S119a
112,135,23,113,161,48,103,128,25,136,192,56,112,192,80,160,152,-8,96,136,40,104,1200,S119a
104,128,24,160,136,-24,128,176,48,127,280,153,104,176,72,136,288,152,104,128,24,144,1456,S119a
112,136,24,139,112,-27,119,121,2,120,191,71,144,207,63,105,113,8,103,120,17,96,1096,S119a
127,120,-7,176,136,-40,128,160,32,112,216,104,119,192,73,144,192,48,107,104,-3,136,1256,S119a
112,160,48,150,116,-34,156,244,88,120,232,112,136,240,104,136,192,56,103,120,17,114,1418,S119a
121,129,8,168,112,-56,136,137,1,127,367,240,120,439,319,121,129,8,120,136,16,104,1553,S119a
113,153,40,95,224,129,80,96,16,104,216,112,80,184,104,136,207,71,97,89,-8,96,1265,S119a
88,368,280,112,359,247,89,305,216,95,175,80,105,209,104,232,248,16,112,152,40,119,1935,S119a
128,144,16,184,199,15,168,257,89,112,256,144,111,160,49,168,247,79,113,121,8,112,1496,S119a
104,136,32,216,168,-48,144,146,2,133,246,113,127,209,82,119,143,24,111,96,-15,135,1279,S119a
103,128,25,207,159,-48,128,177,49,112,168,56,129,247,118,145,217,72,96,136,40,136,1368,S119a
176,208,32,159,127,-32,137,169,32,96,200,104,136,207,71,137,169,32,104,96,-8,111,1287,S119a
112,152,40,168,128,-40,128,152,24,112,208,96,112,224,112,136,200,64,88,136,48,144,1344,S119a
127,152,25,144,120,-24,104,112,8,104,208,104,94,191,97,137,177,40,112,120,8,104,1184,S119a
95,143,48,168,128,-40,120,137,17,87,208,121,104,176,72,152,360,208,120,208,88,144,1504,S119a
120,144,24,144,112,-32,160,144,-16,120,239,119,104,193,89,150,183,33,97,120,23,104,1239,S119a
112,127,15,200,129,-71,151,160,9,113,223,110,105,208,103,129,169,40,120,143,23,101,1260,S119a
112,103,-9,169,113,-56,120,136,16,96,432,336,160,208,48,112,192,80,112,160,48,127,1471,S119a
96,127,31,81,217,136,128,200,72,80,200,120,127,224,97,143,263,120,104,128,24,90,1449,S119a
98,209,111,103,240,137,103,143,40,97,161,64,112,240,128,120,200,80,111,136,25,120,1449,S119a
128,152,24,112,240,128,111,151,40,121,192,71,129,233,104,112,175,63,112,137,25,112,1392,S119a
87,120,33,104,255,151,105,153,48,103,232,129,127,151,24,137,240,103,121,136,15,153,1440,S119a
113,121,8,71,199,128,73,105,32,96,247,151,96,306,210,135,255,120,96,136,40,104,1473,S119a
104,120,16,73,199,126,72,89,17,96,240,144,95,192,97,143,176,33,88,111,23,101,1228,S119a
96,97,1,86,195,109,107,123,16,108,208,100,104,240,136,120,122,2,142,190,48,55,1230,S119a
95,97,2,182,119,-63,127,102,-25,113,262,149,132,260,128,127,167,40,105,144,39,89,1240,S119a
97,177,80,167,106,-61,150,154,4,115,203,88,120,280,160,104,106,2,118,166,48,105,1297,S119a
96,111,15,185,120,-65,113,96,-17,97,208,111,121,184,63,120,123,3,117,120,3,93,1055,S119a
105,125,20,172,124,-48,136,119,-17,88,193,105,104,183,79,112,104,-8,104,107,3,117,1072,S119a
128,136,8,168,112,-56,145,147,2,94,189,95,113,160,47,152,200,48,97,168,71,144,1256,S119a
127,130,3,174,111,-63,142,144,2,118,230,112,104,176,72,104,200,96,96,128,32,105,1224,S119a
127,151,24,160,128,-32,113,123,10,101,189,88,112,236,124,124,148,24,104,152,48,88,1215,S119a
96,128,32,184,128,-56,120,136,16,96,208,112,105,200,95,145,177,32,144,136,-8,112,1225,S119a
120,128,8,152,104,-48,120,160,40,104,153,49,102,303,201,128,152,24,128,129,1,87,1216,S119a
120,135,15,136,99,-37,142,150,8,104,240,136,143,208,65,120,176,56,135,138,3,94,1240,S119a
120,104,-16,151,120,-31,120,111,-9,97,217,120,113,215,102,105,161,56,112,160,48,88,1176,S119a
111,142,31,136,86,-50,123,125,2,102,406,304,103,143,40,137,192,55,89,1104,1015,112,2310,S119a
120,136,16,160,152,-8,112,96,-16,96,216,120,136,168,32,104,136,32,120,112,-8,96,1112,S119a
120,128,8,167,120,-47,136,120,-16,113,208,95,112,168,56,128,152,24,112,144,32,87,1127,S119a
104,128,24,183,144,-39,152,176,24,104,488,384,80,128,48,119,255,136,97,145,48,88,1552,S119a
136,128,-8,160,111,-49,145,136,-9,113,209,96,112,168,56,151,243,92,108,129,21,117,1241,S119a
137,145,8,152,96,-56,144,160,16,112,224,112,96,272,176,199,288,89,104,168,64,112,1465,S119a
128,149,21,179,107,-72,136,127,-9,109,224,115,90,177,87,144,224,80,120,184,64,112,1304,S119a
128,152,24,152,95,-57,153,145,-8,119,240,121,120,152,32,104,184,80,111,78,-33,122,1168,S119a
88,136,48,150,87,-63,144,119,-25,130,250,120,112,184,72,144,192,48,112,128,16,112,1208,S119a
120,128,8,168,120,-48,152,176,24,88,224,136,104,160,56,80,215,135,89,169,80,95,1287,S119a
120,112,-8,152,128,-24,128,192,64,112,176,64,128,320,192,136,208,72,120,192,72,118,1446,S119a
96,144,48,120,80,-40,152,136,-16,120,256,136,119,152,33,120,249,129,135,183,48,136,1336,S119a
141,136,-5,184,120,-64,160,161,1,87,191,104,128,176,48,144,184,40,112,120,8,103,1191,S119a
124,119,-5,192,136,-56,176,208,32,120,200,80,120,208,88,144,176,32,104,264,160,113,1424,S119a
103,152,49,160,96,-64,160,240,80,112,176,64,128,201,73,150,199,49,95,96,1,108,1268,S119a
142,167,25,192,136,-56,159,192,33,96,232,136,104,200,96,136,240,104,98,96,-2,112,1375,S119a
112,168,56,255,136,-119,200,240,40,104,224,120,95,192,97,144,280,136,111,144,33,128,1512,S119a
128,136,8,152,104,-48,144,136,-8,96,224,128,120,183,63,153,209,56,103,135,32,89,1216,S119a
111,120,9,175,119,-56,169,201,32,80,160,80,104,168,64,143,162,19,125,149,24,121,1200,S119a
88,95,7,225,161,-64,152,168,16,120,191,71,113,217,104,120,160,40,103,136,33,95,1223,S119a
112,151,39,209,161,-48,168,159,-9,113,441,328,88,144,56,112,176,64,104,127,23,121,1480,S119a
105,113,8,160,120,-40,136,128,-8,96,216,120,111,168,57,136,200,64,120,128,8,120,1193,S119a
112,114,2,141,86,-55,160,168,8,111,192,81,128,152,24,144,208,64,104,160,56,119,1199,S119a
135,144,9,192,144,-48,128,120,-8,112,191,79,160,225,65,104,224,120,80,184,104,96,1328,S119a
104,128,24,168,112,-56,128,120,-8,104,240,136,111,231,120,121,129,8,120,136,16,96,1192,S119a
136,128,-8,192,103,-89,161,145,-16,95,183,88,128,161,33,144,200,56,112,80,-32,112,1112,S119a
95,136,41,256,112,-144,159,145,-14,79,271,192,63,103,40,95,233,138,144,136,-8,88,1224,S119a
112,152,40,256,223,-33,138,65,-73,88,288,200,72,231,159,113,225,112,144,224,80,128,1536,S119a
112,120,8,152,105,-47,143,126,-17,121,217,96,111,159,48,136,193,57,119,128,9,112,1160,S119a
88,136,48,168,96,-72,152,191,39,129,169,40,112,168,56,126,160,34,136,119,-17,104,1143,S119a
128,112,-16,176,136,-40,144,152,8,104,191,87,113,169,56,127,304,177,112,327,215,122,1513,S119a
111,112,1,160,128,-32,112,160,48,104,480,376,112,96,-16,144,343,199,96,98,2,135,1552,S119a
112,103,-9,161,105,-56,160,176,16,87,224,137,88,184,96,144,240,96,72,120,48,80,1232,S119a
128,160,32,176,120,-56,151,144,-7,88,224,136,112,184,72,136,240,104,120,152,32,112,1336,S119a
120,104,-16,176,144,-32,128,119,-9,97,233,136,103,191,88,121,153,32,112,120,8,135,1199,S119a
120,152,32,128,104,-24,127,120,-7,112,216,104,128,200,72,104,200,96,96,96,0,96,1184,S119a
88,128,40,176,128,-48,128,96,-32,136,264,128,112,160,48,136,231,95,105,121,16,72,1200,S119a
121,129,8,152,103,-49,120,185,65,128,183,55,121,209,88,120,184,64,136,137,1,95,1225,S119a
96,103,7,185,137,-48,136,127,-9,105,209,104,120,271,151,176,417,241,152,160,8,120,1544,S119a
111,144,33,176,103,-73,161,169,8,95,176,81,160,216,56,144,168,24,120,136,16,120,1232,S119a
98,96,-2,232,183,-49,145,89,-56,112,232,120,94,159,65,105,265,160,152,208,56,103,1335,S119a
113,121,8,152,112,-40,112,80,-32,112,231,119,112,153,41,112,176,64,112,144,32,104,1121,S119a
136,120,-16,191,144,-47,103,127,24,113,177,64,104,136,32,144,328,184,112,113,1,120,1265,S119a
120,168,48,160,112,-48,120,144,24,95,192,97,119,112,-7,128,200,72,87,111,24,129,1168,S119a
111,120,9,168,104,-64,136,104,-32,104,208,104,104,160,56,120,536,416,104,343,239,88,1663,S119a
112,135,23,200,144,-56,128,140,12,101,245,144,96,144,48,128,216,88,88,104,16,96,1224,S119a
120,152,32,168,128,-40,128,311,183,129,208,79,129,201,72,144,216,72,128,144,16,104,1464,S119a
97,177,80,168,103,-65,169,153,-16,112,248,136,104,208,104,168,248,80,88,119,31,104,1360,S119a
120,136,16,176,119,-57,136,121,-15,95,232,137,112,136,24,135,336,201,114,121,7,134,1335,S119a
112,120,8,168,120,-48,128,112,-16,88,208,120,104,152,48,175,208,33,88,160,72,120,1200,S119a
88,104,16,152,112,-40,151,144,-7,79,208,129,112,168,56,120,200,80,88,111,23,105,1152,S119a
80,143,63,193,145,-48,143,136,-7,104,191,87,112,193,81,96,119,23,121,152,31,81,1160,S119a
120,128,8,152,112,-40,144,103,-41,113,217,104,96,176,80,120,288,168,135,144,9,136,1304,S119a
112,104,-8,159,88,-71,144,146,2,109,205,96,121,224,103,81,97,16,128,160,32,112,1136,S119a
112,96,-16,160,112,-48,136,128,-8,112,255,143,112,136,24,121,209,88,128,144,16,144,1224,S119a
143,116,-27,227,172,-55,192,232,40,104,184,80,120,231,111,113,313,200,128,248,120,119,1615,S119a
120,104,-16,152,103,-49,121,113,-8,104,216,112,104,144,40,104,160,56,120,136,16,103,1079,S119a
112,105,-7,160,120,-40,103,96,-7,96,359,263,153,161,8,103,239,136,121,122,1,119,1321,S119a
96,87,-9,169,121,-48,128,112,-16,104,208,104,112,207,95,97,136,39,129,145,16,111,1127,S119a
89,105,16,160,119,-41,129,113,-16,104,344,240,96,288,192,119,143,24,129,193,64,111,1416,S119a
40,63,23,185,144,-41,128,120,-8,104,233,129,119,168,49,120,232,112,80,112,32,104,1176,S119a
111,104,-7,159,104,-55,136,127,-9,121,216,95,129,169,40,104,184,80,111,116,5,108,1128,S119a
104,104,0,152,121,-31,120,88,-32,135,224,89,88,168,80,152,168,16,112,159,47,97,1129,S119a
87,95,8,177,145,-32,135,128,-7,104,208,104,111,168,57,95,143,48,129,137,8,104,1128,S119a
87,80,-7,159,120,-39,112,95,-17,89,217,128,104,159,55,113,176,63,129,209,80,184,1240,S119a
40,72,32,168,176,8,96,80,-16,96,263,167,97,241,144,111,144,33,120,200,80,64,1240,S119a
128,80,-48,128,88,-40,135,137,2,87,207,120,48,224,176,104,200,96,128,184,56,120,1240,S119a
96,103,7,153,121,-32,127,120,-7,104,224,120,88,128,40,144,216,72,144,167,23,105,1184,S119a
33,49,16,192,152,-40,127,144,17,112,184,72,120,184,64,128,368,240,112,168,56,111,1360,S119a
121,160,39,152,144,-8,120,136,16,81,184,103,113,200,87,105,161,56,119,176,57,184,1345,S119a
120,87,-33,192,127,-65,145,208,63,97,201,104,104,192,88,157,159,2,198,200,2,41,1215,S119a
73,160,87,168,128,-40,113,104,-9,113,224,111,113,192,79,113,200,87,128,176,48,137,1321,S119a
105,112,7,217,152,-65,145,147,2,134,213,79,120,232,112,153,145,-8,136,207,71,145,1353,S119a
97,120,23,192,160,-32,137,112,-25,113,272,159,88,153,65,120,176,56,112,159,47,121,1273,S119a
168,170,2,158,110,-48,144,120,-24,137,264,127,105,208,103,137,392,255,136,280,144,113,1657,S119a
103,105,2,143,102,-41,136,120,-16,89,421,332,132,75,-57,144,288,144,128,344,216,80,1535,S119a
89,90,1,167,102,-65,129,144,15,89,224,135,96,184,88,113,160,47,137,200,63,122,1226,S119a
112,80,-32,217,136,-81,145,160,15,129,200,71,136,200,64,136,536,400,129,176,47,120,1608,S119a
128,105,-23,144,95,-49,120,121,1,128,223,95,112,217,105,127,271,144,142,240,98,113,1385,S119a
81,88,7,160,112,-48,129,112,-17,89,240,151,88,160,72,120,160,40,137,336,199,144,1352,S119a
73,104,31,169,144,-25,97,48,-49,88,312,224,49,128,79,96,256,160,73,408,335,88,1488,S119a
121,122,1,166,118,-48,128,136,8,88,232,144,113,184,71,120,328,208,105,344,239,152,1616,S119a
144,152,8,137,80,-57,152,321,169,144,263,119,120,200,80,136,176,40,120,152,32,113,1457,S119a
113,96,-17,192,144,-48,144,121,-23,119,247,128,105,184,79,128,136,8,129,144,15,96,1168,S119a
97,121,24,152,96,-56,121,136,15,89,200,111,105,193,88,111,262,151,113,153,40,128,1289,S119a
120,112,-8,192,152,-40,185,224,39,136,200,64,127,182,55,154,249,95,145,137,-8,128,1384,S119a
113,88,-25,200,120,-80,169,200,31,120,192,72,129,312,183,136,176,40,129,152,23,121,1361,S119a
121,256,135,201,152,-49,168,160,-8,136,288,152,121,160,39,121,416,295,120,183,63,169,1784,S119a
121,96,-25,184,112,-72,136,152,16,137,256,119,112,192,80,104,160,56,128,152,24,121,1241,S119a
104,132,28,188,124,-64,136,104,-32,144,280,136,89,152,63,97,264,167,129,144,15,160,1360,S119a
128,144,16,184,128,-56,152,128,-24,136,272,136,96,155,59,142,189,47,113,135,22,105,1256,S119a
97,248,151,48,256,208,136,208,72,88,176,88,135,259,124,141,253,112,120,192,72,136,1728,S119a
96,120,24,144,112,-32,128,120,-8,112,200,88,113,152,39,128,166,38,122,127,5,115,1112,S119a
80,104,24,168,136,-32,120,73,-47,111,223,112,104,106,2,150,222,72,104,128,24,104,1096,S119a
105,128,23,144,104,-40,121,104,-17,104,222,118,107,154,47,104,184,80,97,144,47,88,1128,S119a
72,112,40,144,128,-16,96,80,-16,112,240,128,112,128,16,128,200,72,104,112,8,88,1088,S119a
126,118,-8,152,128,-24,112,104,-8,112,216,104,88,152,64,104,200,96,128,176,48,128,1222,S119a
104,136,32,168,112,-56,152,144,-8,72,223,151,121,129,8,80,224,144,112,120,8,96,1184,S119a
120,112,-8,152,100,-52,140,124,-16,104,232,128,104,106,2,110,214,104,112,128,16,128,1144,S119a
104,96,-8,152,112,-40,128,120,-8,120,177,57,111,183,72,128,280,152,112,117,5,131,1216,S119a
120,112,-8,160,88,-72,136,137,1,111,223,112,88,128,40,152,208,56,120,177,57,135,1208,S119a
112,124,12,164,116,-48,120,104,-16,104,208,104,104,105,1,143,199,56,88,108,20,92,1056,S119a
119,97,-22,166,118,-48,120,96,-24,104,216,112,88,424,336,104,96,-8,136,184,48,80,1311,S119a
120,112,-8,136,96,-40,136,128,-8,103,232,129,96,115,19,101,181,80,112,152,40,128,1144,S119a
104,120,16,128,120,-8,121,112,-9,128,192,64,104,176,72,144,122,-22,126,182,56,104,1128,S119a
107,109,2,167,126,-41,112,98,-14,110,190,80,104,136,32,120,177,57,127,111,-16,88,1035,S119a
125,131,6,170,130,-40,112,80,-32,112,200,88,105,137,32,128,168,40,96,120,24,105,1071,S119a
112,88,-24,136,88,-48,112,136,24,88,168,80,80,184,104,127,152,25,104,120,16,120,1056,S119a
136,120,-16,168,112,-56,143,136,-7,96,200,104,88,136,48,136,192,56,96,136,40,112,1144,S119a
135,137,2,135,103,-32,95,97,2,118,197,79,106,170,64,104,143,39,104,137,33,112,1096,S119a
104,112,8,152,104,-48,111,104,-7,103,199,96,96,145,49,88,151,63,97,129,32,112,1056,S119a
105,97,-8,167,120,-47,127,103,-24,112,209,97,104,160,56,112,168,56,96,112,16,112,1081,S119a
121,129,8,160,120,-40,104,88,-16,120,200,80,87,200,113,136,168,32,135,208,73,120,1233,S119a
137,121,-16,184,128,-56,128,129,1,87,214,127,81,129,48,128,215,87,113,96,-17,113,1145,S119a
88,113,25,176,111,-65,129,89,-40,96,224,128,112,136,24,120,192,72,103,120,17,128,1113,S119a
143,112,-31,208,144,-64,128,104,-24,136,199,63,113,121,8,128,176,48,112,168,56,167,1191,S119a
112,144,32,176,128,-48,120,80,-40,112,247,135,97,120,23,129,224,95,121,105,-16,112,1160,S119a
128,136,8,176,144,-32,104,64,-40,120,240,120,104,136,32,144,352,208,112,136,24,120,1328,S119a
104,136,32,152,111,-41,137,129,-8,104,240,136,96,88,-8,128,384,256,96,560,464,168,1816,S119a
143,88,-55,168,120,-48,127,144,17,120,191,71,97,169,72,128,160,32,111,135,24,97,1104,S119a
128,96,-32,193,152,-41,120,104,-16,95,232,137,96,88,-8,160,215,55,90,88,-2,113,1088,S119a
80,176,96,167,112,-55,128,160,32,104,424,320,104,96,-8,120,264,144,95,104,9,119,1455,S119a
88,89,1,159,111,-48,111,104,-7,96,200,104,103,191,88,136,129,-7,103,105,2,127,1056,S119a
128,112,-16,208,136,-72,120,144,24,80,200,120,112,216,104,95,115,20,133,141,8,112,1176,S119a
112,175,63,184,136,-48,112,49,-63,103,294,191,89,353,264,120,136,16,105,553,448,136,1832,S119a
112,176,64,160,136,-24,88,48,-40,120,520,400,88,160,72,112,192,80,112,144,32,128,1504,S119a
111,161,50,143,102,-41,137,129,-8,96,248,152,72,184,112,96,192,96,112,176,64,128,1320,S119a
112,200,88,144,87,-57,145,209,64,88,192,104,96,232,136,160,248,88,103,151,48,97,1416,S119a
88,176,88,144,96,-48,127,168,41,95,192,97,96,104,8,168,240,72,104,128,24,128,1232,S119a
113,193,80,144,104,-40,136,144,8,80,232,152,64,455,391,121,161,40,144,167,23,129,1585,S119a
112,168,56,160,104,-56,120,88,-32,143,272,129,88,280,192,136,528,392,87,280,193,144,1864,S119a
112,144,32,136,88,-48,128,112,-16,95,271,176,97,177,80,128,280,152,125,119,-6,81,1272,S119a
105,160,55,144,113,-31,128,160,32,88,224,136,96,120,24,136,375,239,96,101,5,91,1344,S119a
96,159,63,184,137,-47,120,144,24,120,184,64,104,224,120,112,128,16,104,200,96,96,1272,S119a
112,120,8,160,127,-33,120,129,9,88,215,127,97,497,400,112,183,71,97,385,288,103,1759,S119a
145,185,40,128,88,-40,120,103,-17,169,249,80,88,248,160,128,384,256,103,128,25,96,1481,S119a
120,168,48,128,104,-24,136,191,55,88,281,193,55,384,329,104,112,8,103,164,61,115,1519,S119a
105,153,48,151,96,-55,136,159,23,89,217,128,80,160,80,144,208,64,112,152,40,143,1288,S119a
145,146,1,117,78,-39,128,144,16,112,215,103,105,161,56,120,216,96,104,127,23,137,1224,S119a
120,144,24,151,120,-31,128,136,8,103,200,97,128,136,8,136,192,56,104,144,40,96,1168,S119a
144,119,-25,160,120,-40,121,123,2,86,198,112,104,176,72,112,160,48,103,128,25,104,1128,S119a
137,121,-16,136,96,-40,144,128,-16,104,232,128,79,82,3,150,261,111,129,153,24,104,1177,S119a
120,168,48,175,144,-31,151,143,-8,97,233,136,88,151,63,81,401,320,120,367,247,97,1704,S119a
128,160,32,176,128,-48,135,88,-47,96,320,224,104,216,112,152,200,48,119,128,9,128,1368,S119a
104,120,16,104,64,-40,151,176,25,113,224,111,112,192,80,128,184,56,120,136,16,136,1232,S119a
111,94,-17,113,114,1,136,208,72,112,168,56,88,144,56,144,224,80,120,143,23,169,1264,S119a
105,137,32,167,120,-47,144,87,-57,81,273,192,127,176,49,104,288,184,80,135,55,96,1312,S119a
88,201,113,160,112,-48,128,129,1,55,215,160,88,128,40,112,352,240,87,160,73,80,1377,S119a
96,232,136,120,88,-32,128,160,32,87,232,145,80,248,168,87,256,169,80,103,23,112,1431,S119a
88,136,48,136,87,-49,129,145,16,112,215,103,81,137,56,103,312,209,111,113,2,103,1248,S119a
120,128,8,119,80,-39,144,160,16,112,192,80,95,135,40,137,209,72,96,136,40,80,1120,S119a
104,144,40,127,95,-32,129,137,8,120,255,135,80,137,57,95,264,169,120,128,8,135,1295,S119a
96,167,71,193,153,-40,152,160,8,80,192,112,103,184,81,128,215,87,113,249,136,80,1400,S119a
103,143,40,176,129,-47,128,120,-8,128,312,184,120,135,15,112,233,121,119,136,17,88,1296,S119a
105,160,55,160,120,-40,161,249,88,128,320,192,80,200,120,87,360,273,111,158,47,97,1664,S119a
104,216,112,138,137,-1,78,70,-8,105,233,128,80,111,31,161,233,72,106,96,-10,104,1200,S119a
119,136,17,135,112,-23,112,128,16,87,208,121,96,128,32,119,279,160,113,120,7,89,1200,S119a
113,129,16,160,120,-40,128,111,-17,120,272,152,72,81,9,128,272,144,104,127,23,129,1241,S119a
119,111,-8,153,88,-65,161,176,15,128,240,112,97,192,95,121,224,103,73,98,25,87,1216,S119a
95,263,168,161,120,-41,144,184,40,105,200,95,81,136,55,145,192,47,105,136,31,96,1327,S119a
129,131,2,166,133,-33,129,136,7,122,232,110,89,144,55,121,240,119,104,139,35,181,1336,S119a
144,93,-51,188,139,-49,137,152,15,153,224,71,120,264,144,168,264,96,113,153,40,127,1416,S119a
112,105,-7,160,119,-41,137,120,-17,137,256,119,129,216,87,129,280,151,129,136,7,137,1369,S119a
120,136,16,200,137,-63,135,103,-32,129,248,119,121,216,95,88,168,80,121,144,23,120,1272,S119a
82,105,23,153,121,-32,113,128,15,113,240,127,89,184,95,79,184,105,96,104,8,73,1139,S119a
104,124,20,148,124,-24,96,105,9,96,239,143,96,118,22,107,338,231,121,136,15,121,1305,S119a
136,129,-7,167,135,-32,129,120,-9,112,224,112,136,176,40,128,368,240,152,176,24,129,1457,S119a
105,120,15,184,136,-48,152,168,16,97,217,120,95,175,80,121,152,31,136,104,-32,137,1209,S119a
105,64,-41,151,144,-7,120,64,-56,120,304,184,32,8,-24,104,1088,984,129,184,55,73,1929,S119a
105,96,-9,120,80,-40,104,105,1,119,207,88,104,160,56,137,200,63,97,98,1,87,1033,S119a
97,144,47,152,120,-32,104,88,-16,112,224,112,121,176,55,104,176,72,112,144,32,96,1168,S119a
98,144,46,136,96,-40,121,152,31,120,632,512,80,264,184,120,176,56,113,152,39,112,1728,S119a
121,144,23,225,152,-73,193,224,31,120,305,185,119,175,56,129,432,303,152,200,48,96,1728,S119a
112,152,40,176,120,-56,152,168,16,120,208,88,128,208,80,88,128,40,104,128,24,88,1200,S119a
112,144,32,169,112,-57,192,200,8,112,240,128,112,192,80,72,88,16,112,168,56,169,1313,S119a
120,160,40,169,104,-65,128,168,40,104,232,128,104,192,88,107,184,77,120,136,16,136,1312,S119a
96,136,40,168,128,-40,116,130,14,119,230,111,120,200,80,105,136,31,120,144,24,104,1208,S119a
136,152,16,168,128,-40,136,144,8,104,248,144,112,520,408,120,144,24,112,177,65,88,1601,S119a
136,176,40,208,120,-88,160,144,-16,152,585,433,151,175,24,152,296,144,96,112,16,104,1712,S119a
152,154,2,174,110,-64,137,152,15,128,232,104,120,208,88,105,376,271,137,304,167,112,1648,S119a
128,208,80,208,137,-71,159,215,56,152,616,464,129,168,39,145,312,167,96,160,64,88,1904,S119a
112,120,8,144,112,-32,144,146,2,118,222,104,129,264,135,104,192,88,112,152,40,80,1288,S119a
128,152,24,184,136,-48,152,160,8,96,240,144,112,176,64,129,312,183,128,208,80,97,1481,S119a
121,136,15,192,136,-56,136,120,-16,128,488,360,121,200,79,112,184,72,120,144,24,96,1504,S119a
97,80,-17,201,144,-57,152,168,16,145,239,94,121,265,144,104,312,208,112,120,8,113,1441,S119a
104,144,40,160,112,-48,136,168,32,120,232,112,112,216,104,97,168,71,104,208,104,136,1384,S119a
104,168,64,185,104,-81,159,143,-16,121,289,168,112,160,48,169,256,87,120,257,137,159,1536,S119a
144,168,24,176,129,-47,127,215,88,137,311,174,113,185,72,97,152,55,143,168,25,104,1432,S119a
160,162,2,188,133,-55,161,392,231,137,177,40,105,352,247,120,216,96,120,144,24,112,1688,S119a
104,160,56,160,120,-40,184,232,48,97,232,135,96,208,112,120,160,40,136,216,80,105,1433,S119a
104,136,32,201,160,-41,152,160,8,105,240,135,112,280,168,87,160,73,136,175,39,121,1432,S119a
128,152,24,216,152,-64,191,248,57,144,296,152,104,184,80,88,224,136,120,136,16,120,1512,S119a
120,112,-8,192,112,-80,160,128,-32,128,224,96,144,352,208,104,152,48,128,192,64,112,1384,S119a
97,88,-9,160,128,-32,119,112,-7,112,240,128,120,152,32,128,264,136,117,112,-5,104,1200,S119a
81,216,135,127,247,120,121,433,312,112,153,41,111,303,192,137,152,15,128,159,31,89,1752,S119a
114,121,7,119,88,-31,112,88,-24,121,224,103,113,168,55,135,175,40,104,113,9,96,1073,S119a
96,184,88,135,96,-39,128,120,-8,104,176,72,112,183,71,137,169,32,112,113,1,127,1168,S119a
111,184,73,168,136,-32,95,80,-15,80,216,136,96,168,72,127,144,17,104,112,8,104,1144,S119a
88,136,48,160,120,-40,112,128,16,104,207,103,89,153,64,128,154,26,94,134,40,80,1112,S119a
96,144,48,168,112,-56,90,88,-2,96,208,112,103,175,72,112,139,27,116,138,22,107,1111,S119a
92,148,56,168,120,-48,112,104,-8,112,211,99,101,181,80,120,144,24,104,106,2,110,1124,S119a
96,141,45,163,119,-44,116,81,-35,107,227,120,76,150,74,122,146,24,104,106,2,94,1064,S119a
136,144,8,160,112,-48,96,96,0,120,184,64,96,184,88,145,118,-27,146,170,24,104,1112,S119a
112,152,40,176,136,-40,96,97,1,95,185,90,94,161,67,101,133,32,80,136,56,79,1079,S119a
96,136,40,168,128,-40,96,72,-24,89,240,151,72,184,112,80,136,56,96,128,32,96,1120,S119a
88,128,40,168,120,-48,136,192,56,88,160,72,88,194,106,110,150,40,136,145,9,151,1240,S119a
86,136,50,176,128,-48,112,136,24,74,169,95,87,168,81,95,127,32,104,128,24,80,1072,S119a
96,144,48,168,129,-39,135,183,48,80,160,80,80,152,72,112,144,32,96,168,72,88,1168,S119a
96,144,48,200,144,-56,120,122,2,102,214,112,56,152,96,120,168,48,128,160,32,96,1200,S119a
128,136,8,160,120,-40,128,135,7,121,217,96,88,128,40,144,208,64,120,122,2,118,1184,S119a
119,128,9,176,128,-48,112,104,-8,88,208,120,88,143,55,129,177,48,96,98,2,86,1072,S119a
104,112,8,200,118,-82,130,154,24,72,192,120,56,208,152,96,120,24,112,144,32,96,1144,S119a
120,128,8,160,120,-40,128,129,1,119,199,80,80,320,240,152,192,40,128,176,48,48,1312,S119a
104,125,21,131,107,-24,136,173,37,99,163,64,108,200,92,96,144,48,104,105,1,119,1136,S119a
112,136,24,144,112,-32,128,129,1,103,199,96,88,112,24,136,208,72,112,119,7,121,1136,S119a
96,112,16,160,120,-40,136,168,32,89,177,88,88,159,71,128,184,56,153,137,-16,88,1145,S119a
120,144,24,192,152,-40,120,121,1,103,198,95,81,193,112,96,144,48,104,120,16,96,1168,S119a
80,81,1,167,142,-25,121,129,8,112,224,112,72,176,104,96,184,88,88,104,16,111,1151,S119a
104,112,8,216,144,-72,160,162,2,102,206,104,96,200,104,128,200,72,120,128,8,95,1247,S119a
112,143,31,209,178,-31,143,183,40,96,184,88,80,192,112,120,200,80,103,145,42,127,1352,S119a
81,113,32,167,120,-47,96,144,48,95,208,113,88,239,151,96,129,33,112,152,40,96,1201,S119a
104,127,23,185,137,-48,104,120,16,127,216,89,96,160,64,128,576,448,112,135,23,112,1583,S119a
112,151,39,177,113,-64,112,96,-16,96,232,136,88,136,48,104,319,215,129,145,16,120,1312,S119a
113,168,55,152,128,-24,104,120,16,79,215,136,89,256,167,137,193,56,112,135,23,137,1352,S119a
105,129,24,184,160,-24,119,112,-7,71,448,377,143,232,89,104,136,32,96,168,72,95,1480,S119a
96,200,104,168,136,-32,136,143,7,88,241,153,103,168,65,120,216,96,96,144,48,136,1384,S119a
104,160,56,161,104,-57,144,136,-8,104,240,136,128,152,24,112,239,127,105,113,8,103,1247,S119a
112,128,16,160,96,-64,136,144,8,96,215,119,96,249,153,24,208,184,95,383,288,161,1584,S119a
120,132,12,173,149,-24,74,72,-2,71,249,178,87,159,72,104,256,152,112,160,48,112,1289,S119a
120,144,24,152,104,-48,144,160,16,95,215,120,97,193,96,160,192,32,104,120,16,112,1240,S119a
121,168,47,153,105,-48,112,120,8,72,208,136,96,296,200,176,216,40,112,135,23,81,1329,S119a
136,160,24,192,136,-56,128,112,-16,88,232,144,96,135,39,137,281,144,128,104,-24,127,1287,S119a
112,177,65,112,55,-57,155,156,1,93,229,136,88,152,64,120,295,175,97,105,8,103,1272,S119a
112,128,16,176,104,-72,160,192,32,80,224,144,96,112,16,136,192,56,199,201,2,127,1280,S119a
119,160,41,191,136,-55,135,144,9,96,215,119,97,137,40,176,304,128,128,151,23,113,1360,S119a
120,128,8,168,112,-56,136,128,-8,112,264,152,104,136,32,152,416,264,104,167,63,105,1456,S119a
128,135,7,192,121,-71,151,144,-7,127,224,97,96,208,112,80,287,207,145,168,23,121,1408,S119a
120,208,88,200,232,32,152,159,7,113,209,96,127,144,17,128,511,383,89,128,39,97,1688,S119a
105,129,24,152,103,-49,129,112,-17,81,233,152,104,127,23,112,161,49,120,135,15,88,1088,S119a
111,143,32,161,112,-49,105,88,-17,104,225,121,112,152,40,120,200,80,112,144,32,120,1184,S119a
112,185,73,176,151,-25,73,57,-16,88,231,143,81,128,47,130,304,174,89,224,135,121,1401,S119a
112,152,40,144,103,-41,121,89,-32,87,215,128,73,160,87,121,136,15,120,201,81,112,1168,S119a
96,127,31,184,136,-48,105,107,2,126,229,103,121,128,7,129,248,119,137,456,319,105,1536,S119a
104,192,88,161,120,-41,145,168,23,105,232,127,96,208,112,89,216,127,96,128,32,129,1393,S119a
129,153,24,176,119,-57,145,168,23,89,216,127,105,152,47,120,176,56,129,120,-9,112,1216,S119a
105,120,15,193,136,-57,120,136,16,112,200,88,105,200,95,105,136,31,121,136,15,81,1145,S119a
97,152,55,169,128,-41,125,120,-5,104,209,105,103,200,97,104,327,223,97,120,23,142,1398,S119a
96,136,40,153,96,-57,129,136,7,96,224,128,104,216,112,136,192,56,105,120,15,113,1233,S119a
120,176,56,169,120,-49,137,120,-17,88,408,320,89,128,39,152,240,88,105,144,39,128,1464,S119a
105,136,31,168,88,-80,146,144,-2,97,512,415,112,200,88,129,312,183,112,117,5,139,1648,S119a
136,128,-8,153,104,-49,112,136,24,97,232,135,105,152,47,128,208,80,95,128,33,112,1200,S119a
119,152,33,184,111,-73,145,120,-25,97,288,191,96,80,-16,121,264,143,120,200,80,96,1311,S119a
96,112,16,144,112,-32,160,192,32,81,560,479,145,241,96,119,199,80,88,152,64,80,1648,S119a
136,96,-40,176,128,-48,152,160,8,113,256,143,80,64,-16,161,240,79,120,161,41,144,1249,S119a
120,232,112,208,160,-48,120,112,-8,89,216,127,40,232,192,128,144,16,129,288,159,146,1530,S119a
113,152,39,196,192,-4,105,80,-25,88,241,153,95,103,8,129,201,72,95,119,24,104,1192,S119a
120,160,40,144,105,-39,143,167,24,89,256,167,104,112,8,112,368,256,89,72,-17,129,1369,S119a
56,128,72,152,88,-64,145,160,15,104,232,128,105,176,71,72,296,224,81,120,39,112,1312,S119a
137,144,7,145,89,-56,143,167,24,96,472,376,120,160,40,128,248,120,105,96,-9,49,1425,S119a
113,137,24,176,87,-89,176,224,48,88,568,480,73,161,88,111,191,80,105,144,39,105,1617,S119a
112,113,1,167,111,-56,120,128,8,120,240,120,88,128,40,153,440,287,112,192,80,128,1480,S119a
113,176,63,152,102,-50,138,162,24,89,248,159,112,169,57,151,231,80,104,160,56,152,1400,S119a
144,259,115,166,117,-49,144,208,64,65,232,167,65,512,447,97,136,39,120,200,80,112,1776,S119a
88,151,63,176,136,-40,145,160,15,113,328,215,121,192,71,152,216,64,112,160,48,160,1503,S119a
81,215,134,122,73,-49,152,168,16,80,225,145,95,159,64,160,216,56,129,176,47,112,1344,S119a
113,152,39,160,104,-56,152,184,32,88,208,120,72,168,96,153,232,79,96,128,32,105,1281,S119a
104,114,10,126,94,-32,120,112,-8,112,232,120,73,152,79,104,152,48,97,120,23,119,1095,S119a
120,136,16,200,128,-72,152,160,8,81,225,144,88,135,47,105,399,294,120,161,41,89,1433,S119a
80,95,15,231,169,-62,160,200,40,96,496,400,80,96,16,136,264,128,89,152,63,105,1577,S119a
120,152,32,160,120,-40,121,152,31,120,320,200,104,136,32,96,232,136,128,192,64,97,1401,S119a
104,128,24,160,112,-48,105,144,39,104,256,152,88,176,88,72,232,160,104,136,32,88,1272,S119a
104,136,32,169,88,-81,136,208,72,96,224,128,96,184,88,144,512,368,88,216,128,129,1697,S119a
129,144,15,160,128,-32,104,112,8,103,216,113,120,144,24,152,392,240,96,136,40,96,1368,S119a
96,128,32,152,80,-72,112,120,8,80,264,184,73,120,47,104,280,176,113,160,47,97,1249,S119a
121,112,-9,136,104,-32,96,81,-15,95,279,184,104,728,624,97,104,7,120,184,64,64,1656,S119a
121,120,-1,64,200,136,88,184,96,80,208,128,160,368,208,152,688,536,112,216,104,160,2144,S118a
161,160,-1,40,176,136,104,112,8,144,1240,1096,120,248,128,152,456,304,96,288,192,176,2856,S118a
160,224,64,80,248,168,104,176,72,176,280,104,192,688,496,184,384,200,176,200,24,160,2360,S118a
111,159,48,64,960,896,80,136,56,177,856,679,96,353,257,135,303,168,113,225,112,167,3159,S118a
151,208,57,63,696,633,103,160,57,175,664,489,112,264,152,168,320,152,103,208,105,176,2696,S118a
159,272,113,63,192,129,88,136,48,160,760,600,104,240,136,168,392,224,104,320,216,136,2448,S118a
136,160,24,72,192,120,80,160,80,104,120,16,128,296,168,144,240,96,88,224,136,152,1544,S118a
153,152,-1,80,200,120,80,168,88,120,136,16,152,352,200,152,280,128,88,248,160,144,1680,S118a
152,184,32,80,232,152,88,144,56,104,208,104,128,280,152,152,272,120,112,224,112,152,1696,S118a
153,152,-1,55,168,113,104,176,72,112,120,8,152,304,152,152,242,90,77,214,137,144,1520,S118a
130,112,-18,72,200,128,200,1120,920,128,240,112,128,240,112,160,360,200,104,256,152,144,2672,S118a
162,128,-34,56,200,144,128,176,48,176,808,632,112,288,176,160,424,264,112,223,111,177,2424,S118a
128,184,56,64,1120,1056,88,152,64,176,200,24,121,728,607,128,288,160,96,200,104,112,2984,S118a
135,168,33,79,192,113,79,183,104,129,129,0,111,687,576,136,265,129,103,216,113,143,1983,S118a
121,161,40,79,207,128,80,185,105,151,112,-39,159,624,465,143,336,193,112,224,112,151,2000,S118a
144,176,32,71,183,112,104,321,217,152,639,487,97,241,144,144,272,128,96,208,112,152,2192,S118a
112,160,48,56,455,399,97,145,48,160,656,496,96,200,104,160,1288,1128,103,207,104,201,3312,S118a
136,176,40,80,200,120,80,168,88,127,112,-15,144,624,480,128,240,112,103,279,176,105,1904,S118a
104,160,56,64,224,160,56,176,120,128,152,24,128,304,176,120,800,680,104,192,88,151,2159,S118a
128,184,56,80,192,112,104,176,72,168,128,-40,144,655,511,129,265,136,120,272,152,144,2016,S118a
160,176,16,72,184,112,88,160,72,128,144,16,120,320,200,152,272,120,104,272,168,128,1656,S118a
136,168,32,80,216,136,64,240,176,144,688,544,88,184,96,144,280,136,104,232,128,104,2112,S118a
128,176,48,84,200,116,80,120,40,112,168,56,152,280,128,144,224,80,104,248,144,144,1560,S118a
104,184,80,64,192,128,88,168,80,104,136,32,152,296,144,176,224,48,96,256,160,152,1608,S118a
120,152,32,80,184,104,80,192,112,128,160,32,136,288,152,152,296,144,104,248,144,152,1672,S118a
120,184,64,80,208,128,104,168,64,104,136,32,144,272,128,144,232,88,88,240,152,128,1568,S118a
161,161,0,111,887,776,104,136,32,96,176,80,136,256,120,152,233,81,95,224,129,127,2200,S118a
112,184,72,80,641,561,119,183,64,128,824,696,80,257,177,128,792,664,103,127,24,153,3161,S118a
103,144,41,72,184,112,87,192,105,72,88,16,144,328,184,144,240,96,96,232,136,128,1536,S118a
128,136,8,80,208,128,96,192,96,104,856,752,80,264,184,152,312,160,88,248,160,152,2368,S118a
128,208,80,56,176,120,88,168,80,168,744,576,88,288,200,136,288,152,88,232,144,136,2240,S118a
128,184,56,64,184,120,88,168,80,104,144,40,112,288,176,136,216,80,88,224,136,128,1536,S118a
112,144,32,64,184,120,80,112,32,104,184,80,120,272,152,128,296,168,96,1208,1112,136,2536,S118a
136,200,64,72,184,112,88,184,96,104,320,216,144,240,96,152,288,136,104,216,112,152,1784,S118a
119,175,56,72,185,113,87,168,81,127,134,7,105,785,680,152,233,81,103,247,144,136,2063,S118a
127,151,24,56,168,112,80,168,88,80,128,48,128,288,160,128,184,56,97,281,184,127,1495,S118a
152,152,0,63,183,120,81,161,80,104,120,16,143,312,169,119,336,217,80,240,160,135,1639,S118a
152,152,0,55,167,112,88,145,57,144,145,1,126,263,137,144,184,40,96,248,152,128,1432,S118a
136,184,48,56,184,128,88,144,56,104,144,40,128,304,176,127,2328,2201,120,255,135,176,3719,S118a
104,176,72,72,208,136,80,176,96,80,792,712,128,2608,2480,152,432,280,104,344,240,128,4864,S118a
113,112,-1,72,200,128,80,160,80,112,192,80,112,312,200,144,264,120,88,288,200,128,1656,S118a
112,176,64,64,176,112,88,216,128,96,2008,1912,72,240,168,120,272,152,80,264,184,128,3480,S118a
128,144,16,56,168,112,88,192,104,96,112,16,136,344,208,144,256,112,80,280,200,128,1624,S118a
160,184,24,55,168,113,80,160,80,104,128,24,160,328,168,152,208,56,104,232,128,160,1568,S118a
151,184,33,55,159,104,80,136,56,104,129,25,143,280,137,127,184,57,103,248,145,143,1463,S118a
167,152,-15,55,175,120,88,136,48,105,129,24,151,264,113,159,224,65,103,272,169,128,1480,S118a
176,176,0,63,176,113,87,184,97,120,120,0,136,296,160,127,159,32,104,265,161,136,1512,S118a
104,168,64,80,208,128,64,128,64,112,760,648,64,248,184,104,304,200,72,328,256,120,2264,S118a
128,184,56,64,184,120,80,144,64,104,136,32,112,240,128,152,256,104,80,208,128,104,1456,S118a
128,168,40,72,200,128,72,112,40,104,160,56,112,224,112,152,256,104,80,232,152,128,1480,S118a
120,160,40,80,208,128,104,176,72,144,696,552,80,232,152,144,272,128,80,208,128,128,2080,S118a
112,200,88,64,216,152,56,168,112,136,137,1,151,303,152,152,216,64,88,240,152,136,1616,S118a
128,176,48,71,192,121,88,200,112,121,121,0,127,311,184,152,224,72,112,272,160,128,1624,S118a
112,176,64,72,192,120,88,128,40,136,168,32,112,816,704,128,200,72,80,256,176,112,2048,S118a
103,184,81,71,184,113,96,176,80,96,168,72,136,296,160,176,248,72,120,272,152,120,1648,S118a
192,224,32,72,192,120,96,176,80,120,160,40,143,279,136,145,201,56,112,272,160,144,1648,S118a
152,176,24,64,168,104,104,208,104,128,128,0,144,328,184,152,176,24,96,248,152,144,1576,S118a
152,184,32,48,160,112,104,184,80,104,144,40,176,296,120,144,184,40,120,304,184,128,1584,S118a
152,176,24,64,184,120,104,160,56,112,144,32,128,272,144,128,192,64,104,256,152,152,1536,S118a
153,152,-1,56,160,104,88,144,56,128,136,8,136,296,160,128,184,56,104,264,160,112,1448,S118a
144,160,16,64,176,112,80,144,64,96,120,24,136,296,160,112,1360,1248,88,200,112,128,2584,S118a
128,176,48,56,176,120,104,208,104,80,120,40,136,320,184,136,240,104,88,336,248,120,1696,S118a
151,168,17,55,159,104,104,200,96,96,112,16,168,320,152,128,168,40,88,264,176,104,1495,S118a
153,153,0,64,536,472,224,224,0,159,200,41,159,303,144,137,200,63,128,232,104,168,2016,S118a
153,152,-1,56,160,104,104,160,56,184,416,232,168,656,488,136,232,96,112,256,144,160,2192,S118a
128,80,-48,231,208,-23,210,176,-34,160,656,496,112,216,104,152,264,112,136,224,88,176,2000,S118a
159,144,-15,64,176,112,104,160,56,128,152,24,192,304,112,160,192,32,136,224,88,176,1528,S118a
144,168,24,72,176,104,120,200,80,136,136,0,208,312,104,152,264,112,144,240,96,128,1624,S118a
185,184,-1,64,168,104,104,168,64,128,184,56,176,264,88,136,192,56,104,224,120,144,1528,S118a
152,184,32,120,415,295,89,313,224,120,312,192,160,280,120,192,584,392,96,264,168,176,2528,S118a
160,200,40,80,176,96,104,176,72,128,129,1,175,791,616,160,232,72,112,280,168,152,2136,S118a
185,184,-1,72,176,104,104,184,80,96,97,1,151,327,176,152,216,64,112,216,104,160,1560,S118a
176,160,-16,71,176,105,184,464,280,176,904,728,120,224,104,176,248,72,88,408,320,160,2744,S118a
144,176,32,80,176,96,112,168,56,137,137,0,167,343,176,184,312,128,104,272,168,160,1744,S118a
151,175,24,80,176,96,104,152,48,128,152,24,160,312,152,152,168,16,128,256,128,176,1567,S118a
176,192,16,80,201,121,87,175,88,137,137,0,183,287,104,152,209,57,111,248,137,151,1600,S118a
192,217,25,79,200,121,127,191,64,137,137,0,167,320,153,151,351,200,96,248,152,152,1816,S118a
176,208,32,55,160,105,103,184,81,127,104,-23,183,352,169,151,256,105,144,256,112,151,1671,S118a
143,128,-15,56,168,112,103,175,72,120,105,-15,167,344,177,168,232,64,96,280,184,176,1608,S118a
168,168,0,72,176,104,128,176,48,112,240,128,176,256,80,152,192,40,112,264,152,136,1608,S118a
159,144,-15,71,184,113,104,184,80,128,136,8,184,312,128,160,208,48,120,288,168,232,1688,S118a
168,112,-56,80,192,112,103,160,57,136,104,-32,184,1904,1720,152,176,24,104,248,144,128,3024,S118a
136,112,-24,216,184,-32,152,192,40,112,144,32,152,280,128,144,1264,1120,80,312,232,128,2616,S118a
144,144,0,56,152,96,96,152,56,104,104,0,160,288,128,176,232,56,103,240,137,128,1440,S118a
160,200,40,64,192,128,96,152,56,128,128,0,152,280,128,168,184,16,136,240,104,144,1520,S118a
176,200,24,72,176,104,128,160,32,128,129,1,151,303,152,128,616,488,104,224,120,152,1960,S118a
168,200,32,64,184,120,104,168,64,129,129,0,143,271,128,160,193,33,103,207,104,136,1488,S118a
177,177,0,63,176,113,103,175,72,120,120,0,136,288,152,160,273,113,175,272,97,151,1632,S118a
143,175,32,65,169,104,103,143,40,104,168,64,184,225,41,127,311,184,112,265,153,127,1583,S118a
161,161,0,63,175,112,104,136,32,129,129,0,143,303,160,177,177,0,127,247,120,152,1480,S118a
160,153,-7,63,168,105,112,144,32,104,104,0,167,296,129,152,152,0,127,232,105,135,1384,S118a
161,193,32,71,176,105,112,151,39,89,113,24,144,304,160,119,152,33,127,256,129,144,1489,S118a
160,128,-32,56,168,112,104,136,32,112,112,0,176,328,152,144,224,80,104,232,128,120,1448,S118a
160,184,24,64,176,112,104,168,64,104,127,23,152,289,137,184,240,56,104,816,712,152,2152,S118a
144,176,32,64,176,112,104,136,32,136,152,16,152,280,128,176,312,136,112,264,152,136,1632,S118a
154,153,-1,55,175,120,104,168,64,128,129,1,143,319,176,176,224,48,120,248,128,136,1552,S118a
152,128,-24,80,208,128,104,167,63,105,113,8,144,320,176,144,160,16,112,264,152,128,1488,S118a
136,152,16,72,168,96,104,192,88,96,200,104,128,248,120,176,200,24,128,280,152,152,1592,S118a
145,144,-1,80,199,119,96,184,88,106,121,15,151,311,160,153,217,64,128,240,112,128,1544,S118a
153,152,-1,72,536,464,160,224,64,161,144,-17,152,888,736,104,144,40,104,216,112,128,2432,S118a
158,200,42,72,224,152,120,168,48,96,128,32,168,264,96,160,224,64,128,232,104,128,1568,S118a
136,176,40,72,200,128,112,144,32,112,144,32,144,256,112,176,528,352,104,232,128,160,1840,S118a
126,189,63,128,976,848,104,136,32,168,1031,863,97,665,568,160,632,472,88,431,343,137,4197,S118a
88,160,72,112,112,0,127,112,-15,95,760,665,88,336,248,112,248,136,96,232,136,152,2112,S118a
120,160,40,128,103,-25,129,169,40,88,144,56,128,280,152,127,248,121,88,248,160,128,1480,S118a
128,176,48,120,96,-24,153,152,-1,120,152,32,144,272,128,144,224,80,96,232,136,120,1424,S118a
128,184,56,112,72,-40,176,208,32,112,136,24,143,272,129,128,208,80,88,256,168,112,1448,S118a
112,176,64,120,80,-40,144,176,32,104,136,32,136,248,112,128,232,104,104,248,144,104,1400,S118a
112,176,64,128,104,-24,128,128,0,88,128,40,152,264,112,144,208,64,96,248,152,120,1376,S118a
120,120,0,128,96,-32,137,136,-1,88,120,32,128,256,128,128,216,88,112,264,152,112,1320,S118a
128,176,48,160,104,-56,160,160,0,104,136,32,128,256,128,136,216,80,104,248,144,120,1416,S118a
128,175,47,117,97,-20,145,144,-1,88,120,32,128,264,136,120,248,128,104,280,176,104,1432,S118a
96,152,56,184,128,-56,192,224,32,144,104,-40,184,696,512,136,216,80,120,256,136,128,1904,S118a
152,168,16,144,112,-32,169,168,-1,89,89,0,175,295,120,152,304,152,112,312,200,128,1576,S118a
144,216,72,160,128,-32,193,192,-1,112,160,48,184,296,112,144,184,40,152,248,96,160,1584,S118a
176,200,24,152,88,-64,200,168,-32,113,113,0,191,312,121,159,199,40,144,256,112,152,1488,S118a
151,224,73,175,151,-24,216,257,41,127,1463,1336,160,312,152,104,321,217,112,288,176,111,3127,S118a
176,176,0,167,87,-80,208,177,-31,103,136,33,159,295,136,152,185,33,136,288,152,159,1503,S118a
176,176,0,184,111,-73,184,169,-15,112,248,136,104,544,440,151,312,161,120,320,200,144,2024,S118a
136,248,112,152,96,-56,176,176,0,104,104,0,152,328,176,152,200,48,120,248,128,136,1536,S118a
144,160,16,192,152,-40,191,176,-15,104,240,136,144,296,152,136,216,80,128,256,128,160,1656,S118a
128,176,48,176,104,-72,184,176,-8,88,256,168,96,352,256,128,592,464,111,248,137,136,2040,S118a
152,216,64,168,112,-56,185,184,-1,80,104,24,160,304,144,128,168,40,128,256,128,128,1472,S118a
152,200,48,168,104,-64,193,192,-1,96,152,56,224,352,128,136,256,120,128,272,144,112,1640,S118a
160,176,16,176,112,-64,169,136,-33,137,137,0,151,303,152,136,168,32,128,240,112,160,1432,S118a
144,168,24,160,104,-56,184,184,0,112,112,0,168,320,152,136,176,40,128,272,144,128,1464,S118a
176,176,0,168,112,-56,184,136,-48,128,144,16,168,304,136,144,328,184,104,256,152,112,1568,S118a
120,176,56,184,128,-56,192,208,16,97,98,1,150,302,152,128,168,40,128,288,160,120,1488,S118a
185,184,-1,143,104,-39,169,169,0,127,128,1,159,319,160,152,272,120,112,256,144,136,1568,S118a
136,176,40,160,88,-72,201,201,0,96,96,0,159,327,168,152,216,64,112,256,144,112,1472,S118a
144,184,40,168,104,-64,200,192,-8,120,88,-32,192,344,152,136,344,208,120,265,145,143,1664,S118a
151,175,24,136,73,-63,192,192,0,120,120,0,127,303,176,128,208,80,128,345,217,127,1543,S118a
151,184,33,135,56,-79,224,224,0,87,144,57,191,304,113,143,279,136,128,297,169,111,1599,S118a
112,192,80,152,104,-48,184,184,0,104,104,0,144,312,168,159,200,41,111,248,137,112,1456,S118a
143,168,25,176,96,-80,184,216,32,112,112,0,168,328,160,144,216,72,120,232,112,136,1504,S118a
152,160,8,136,96,-40,184,184,0,96,128,32,128,296,168,128,152,24,128,256,128,120,1392,S118a
128,184,56,127,56,-71,184,232,48,100,80,-20,144,320,176,136,168,32,112,232,120,111,1383,S118a
137,136,-1,160,128,-32,184,208,24,112,113,1,151,311,160,136,168,32,112,248,136,128,1440,S118a
144,168,24,152,88,-64,191,176,-15,104,136,32,160,296,136,128,176,48,120,232,112,128,1400,S118a
112,144,32,120,80,-40,193,192,-1,112,113,1,126,270,144,128,185,57,96,224,128,112,1320,S118a
96,192,96,112,72,-40,177,176,-1,104,136,32,176,280,104,128,232,104,104,256,152,112,1456,S118a
152,184,32,128,80,-48,185,184,-1,104,105,1,159,303,144,120,160,40,112,256,144,120,1392,S118a
152,200,48,144,104,-40,177,176,-1,120,88,-32,184,336,152,128,160,32,136,240,104,112,1416,S118a
144,200,56,160,64,-96,248,216,-32,120,168,48,200,288,88,120,320,200,128,304,176,112,1672,S118a
152,176,24,137,137,0,183,167,-16,96,48,-48,184,432,248,136,200,64,128,257,129,151,1568,S118a
119,199,80,152,112,-40,193,192,-1,96,80,-16,192,344,152,136,200,64,112,256,144,128,1511,S118a
144,225,81,151,87,-64,232,177,-55,111,127,16,185,313,128,119,176,57,151,231,80,128,1464,S118a
136,200,64,135,96,-39,191,160,-31,112,112,0,208,335,127,136,168,32,120,249,129,111,1431,S118a
143,184,41,119,88,-31,200,200,0,88,88,0,199,328,129,152,184,32,119,232,113,120,1424,S118a
128,200,72,143,128,-15,207,192,-15,96,152,56,224,352,128,152,240,88,119,256,137,112,1632,S118a
152,176,24,176,104,-72,232,232,0,80,120,40,199,320,121,144,216,72,136,240,104,128,1536,S118a
136,216,80,104,80,-24,216,192,-24,119,103,-16,193,377,184,152,168,16,128,288,160,120,1544,S118a
136,240,104,144,72,-72,248,416,168,136,137,1,223,1239,1016,128,192,64,152,256,104,136,2688,S118a
128,168,40,136,80,-56,216,216,0,104,136,32,176,320,144,128,192,64,128,200,72,152,1464,S118a
152,216,64,152,96,-56,184,224,40,128,128,0,192,280,88,128,184,56,112,200,88,136,1464,S118a
128,232,104,136,104,-32,184,216,32,88,104,16,224,328,104,160,200,40,136,200,64,144,1528,S118a
152,208,56,144,88,-56,240,280,40,88,56,-32,232,384,152,128,144,16,136,240,104,128,1528,S118a
136,192,56,152,216,64,224,304,80,120,144,24,176,272,96,152,232,80,112,224,112,104,1688,S118a
120,200,80,136,80,-56,241,240,-1,120,200,80,168,240,72,136,192,56,128,208,80,136,1496,S118a
128,168,40,160,80,-80,235,200,-35,104,232,128,168,272,104,136,216,80,144,256,112,152,1576,S118a
144,184,40,144,104,-40,185,185,0,112,112,0,183,335,152,153,154,1,126,246,120,128,1448,S118a
112,192,80,144,64,-80,232,232,0,64,104,40,176,280,104,160,400,240,88,288,200,128,1688,S118a
136,192,56,176,112,-64,193,192,-1,104,105,1,151,298,147,150,205,55,119,216,97,104,1424,S118a
152,216,64,152,88,-64,216,192,-24,120,336,216,136,264,128,120,208,88,128,256,128,112,1672,S118a
136,216,80,168,104,-64,168,144,-24,112,176,64,192,288,96,160,224,64,104,232,128,112,1496,S118a
160,200,40,160,80,-80,168,167,-1,97,137,40,136,272,136,136,192,56,112,216,104,120,1384,S118a
144,168,24,152,96,-56,184,152,-32,120,144,24,176,304,128,144,192,48,152,224,72,160,1440,S118a
128,168,40,144,56,-88,177,176,-1,136,112,-24,192,328,136,136,160,24,152,240,88,128,1368,S118a
152,200,48,144,88,-56,193,192,-1,88,152,64,160,264,104,160,248,88,136,232,96,120,1496,S118a
152,224,72,160,128,-32,160,136,-24,104,136,32,152,304,152,144,248,104,120,232,112,136,1544,S118a
152,224,72,136,88,-48,177,176,-1,104,105,1,159,311,152,160,161,1,135,263,128,96,1424,S118a
128,168,40,144,88,-56,200,160,-40,112,232,120,176,240,64,144,168,24,128,288,160,112,1456,S118a
151,175,24,136,105,-31,263,159,-104,128,160,32,184,272,88,152,200,48,152,217,65,135,1423,S118a
136,168,32,176,153,-23,215,160,-55,111,184,73,135,239,104,152,192,40,127,239,112,121,1456,S118a
135,168,33,143,103,-40,240,144,-96,128,208,80,185,232,47,177,177,0,143,224,81,119,1375,S118a
151,176,25,127,80,-47,272,192,-80,119,159,40,201,281,80,160,175,15,128,257,129,151,1471,S118a
152,184,32,168,96,-72,207,168,-39,120,296,176,136,280,144,152,240,88,56,864,808,104,2232,S118a
104,328,224,144,88,-56,168,160,-8,88,136,48,176,280,104,136,704,568,80,264,184,128,2088,S118a
112,240,128,144,88,-56,193,192,-1,104,128,24,136,296,160,136,232,96,128,248,120,104,1528,S118a
136,200,64,160,104,-56,169,168,-1,112,113,1,151,295,144,151,656,505,80,560,480,104,2200,S118a
112,272,160,128,72,-56,185,185,0,88,88,0,135,319,184,176,216,40,112,240,128,144,1536,S118a
136,192,56,128,80,-48,176,152,-24,121,121,0,175,335,160,152,296,144,128,840,712,112,2128,S118a
152,232,80,128,80,-48,200,168,-32,104,120,16,184,320,136,160,985,825,104,256,152,127,2288,S118a
128,192,64,136,81,-55,160,160,0,103,199,96,200,296,96,160,385,225,103,240,137,151,1704,S118a
112,200,88,152,96,-56,192,136,-56,112,145,33,199,288,89,159,447,288,112,257,145,151,1720,S118a
129,200,71,144,81,-63,191,175,-16,112,153,41,199,328,129,192,680,488,151,231,80,144,1992,S118a
143,224,81,144,88,-56,208,208,0,56,136,80,183,280,97,175,207,32,121,257,136,136,1536,S118a
128,208,80,136,56,-80,209,208,-1,88,200,112,192,216,24,160,216,56,160,240,80,152,1496,S118a
160,200,40,176,104,-72,208,168,-40,104,128,24,200,376,176,104,240,136,136,280,144,128,1624,S118a
144,200,56,176,96,-80,207,168,-39,112,216,104,224,264,40,168,495,327,153,241,88,136,1816,S118a
160,184,24,192,112,-80,240,184,-56,112,128,16,224,304,80,168,248,80,176,280,104,160,1600,S118a
129,185,56,168,104,-64,184,144,-40,104,160,56,200,280,80,176,280,104,136,224,88,136,1513,S118a
160,192,32,184,104,-80,216,160,-56,136,136,0,224,336,112,152,208,56,144,272,128,128,1536,S118a
152,224,72,152,88,-64,201,200,-1,129,129,0,215,351,136,184,216,32,168,232,64,144,1584,S118a
152,536,384,128,160,32,193,192,-1,128,232,104,168,248,80,160,248,88,128,224,96,112,1952,S118a
128,224,96,168,104,-64,169,169,0,127,159,32,184,264,80,184,256,72,136,248,112,152,1576,S118a
150,254,104,168,128,-40,241,240,-1,128,129,1,183,287,104,160,208,48,136,224,88,152,1622,S118a
112,224,112,152,120,-32,152,216,64,96,160,64,200,288,88,176,488,312,112,272,160,136,1904,S118a
80,216,136,169,136,-33,168,145,-23,143,103,-40,216,368,152,160,392,232,113,248,135,160,1768,S118a
135,176,41,159,87,-72,220,185,-35,111,231,120,232,289,57,175,423,248,136,408,272,128,1927,S118a
151,208,57,160,80,-80,208,208,0,112,176,64,191,3032,2841,136,3328,3192,112,200,88,128,7360,S118a
129,128,-1,168,88,-80,168,120,-48,136,168,32,200,280,80,144,264,120,80,192,112,96,1336,S118a
98,177,79,145,89,-56,161,103,-58,104,1176,1072,96,224,128,168,568,400,112,248,136,120,2705,S118a
120,168,48,56,184,128,80,128,48,80,432,352,136,368,232,128,576,448,128,216,88,72,2144,S118a
144,152,8,64,200,136,80,120,40,112,312,200,120,320,200,144,368,224,96,240,144,136,1848,S118a
120,216,96,64,208,144,80,136,56,104,256,152,160,888,728,128,400,272,104,232,128,120,2456,S118a
120,184,64,56,176,120,80,152,72,104,392,288,136,360,224,152,504,352,112,312,200,144,2224,S118a
144,240,96,48,192,144,88,168,80,112,200,88,136,344,208,144,344,200,144,312,168,152,1952,S118a
160,216,56,64,184,120,96,144,48,96,168,72,160,312,152,152,336,184,128,288,160,152,1800,S118a
112,304,192,96,408,312,96,208,112,144,344,200,160,256,96,160,376,216,112,344,232,160,2400,S118a
112,168,56,152,88,-64,167,208,41,104,200,96,184,360,176,160,256,96,160,312,152,152,1744,S118a
144,280,136,136,88,-48,184,208,24,104,144,40,184,376,192,176,280,104,184,312,128,160,1848,S118a
144,224,80,168,104,-64,200,184,-16,112,136,24,184,352,168,184,288,104,168,312,144,168,1768,S118a
160,240,80,136,72,-64,200,176,-24,104,160,56,176,328,152,168,304,136,136,288,152,168,1736,S118a
144,248,104,176,120,-56,224,208,-16,104,208,104,168,296,128,168,384,216,144,424,280,160,2048,S118a
136,192,56,152,112,-40,167,160,-7,120,136,16,168,336,168,160,216,56,144,272,128,160,1584,S118a
152,216,64,160,96,-64,200,176,-24,104,168,64,216,312,96,144,216,72,152,296,144,160,1640,S118a
168,200,32,184,120,-64,200,184,-16,112,144,32,192,360,168,168,184,16,144,304,160,176,1672,S118a
176,233,57,151,71,-80,208,200,-8,96,152,56,152,328,176,136,408,272,104,312,208,32,1736,S118a
168,184,16,176,96,-80,208,192,-16,104,112,8,200,376,176,152,272,120,160,312,152,152,1696,S118a
136,216,80,184,136,-48,160,152,-8,104,160,56,160,320,160,152,240,88,128,1392,1264,96,2712,S118a
128,168,40,192,112,-80,168,160,-8,128,208,80,136,304,168,136,280,144,128,248,120,119,1599,S118a
136,160,24,160,112,-48,168,160,-8,103,128,25,119,288,169,136,232,96,103,240,137,135,1455,S118a
128,160,32,151,112,-39,144,120,-24,96,144,48,160,264,104,128,328,200,104,248,144,103,1479,S118a
112,136,24,144,104,-40,160,152,-8,96,104,8,135,328,193,136,224,88,119,280,161,120,1448,S118a
104,136,32,160,96,-64,159,152,-7,87,152,65,151,296,145,159,312,153,120,360,240,119,1623,S118a
136,160,24,151,96,-55,168,144,-24,104,136,32,159,320,161,152,280,128,136,320,184,112,1568,S118a
144,160,16,144,104,-40,175,152,-23,104,160,56,152,328,176,144,456,312,120,312,192,144,1816,S118a
136,168,32,152,104,-48,184,144,-40,104,144,40,136,320,184,120,272,152,120,312,192,135,1599,S118a
128,168,40,151,80,-71,200,184,-16,103,120,17,160,336,176,119,248,129,128,296,168,159,1591,S118a
136,136,0,144,88,-56,152,128,-24,104,168,64,120,288,168,136,240,104,95,288,193,119,1455,S118a
136,128,-8,136,80,-56,176,169,-7,127,144,17,175,336,161,127,175,48,136,425,289,144,1601,S118a
152,208,56,136,104,-32,144,112,-32,96,144,48,136,280,144,128,320,192,111,296,185,112,1576,S118a
152,160,8,144,96,-48,184,152,-32,128,752,624,143,256,113,151,487,336,96,249,153,128,2280,S118a
128,144,16,128,72,-56,160,168,8,128,240,112,176,352,176,128,216,88,96,272,176,104,1568,S118a
143,168,25,175,88,-87,191,184,-7,95,136,41,175,344,169,167,367,200,104,273,169,135,1695,S118a
151,216,65,152,88,-64,159,152,-7,104,144,40,152,328,176,144,208,64,128,304,176,127,1567,S118a
144,192,48,175,112,-63,183,168,-15,103,168,65,159,304,145,143,296,153,143,264,121,119,1623,S118a
136,144,8,168,104,-64,152,144,-8,111,176,65,136,304,168,119,256,137,103,320,217,127,1575,S118a
159,152,-7,143,96,-47,175,168,-7,127,120,-7,175,336,161,152,200,48,112,280,168,119,1471,S118a
120,152,32,159,80,-79,191,184,-7,103,128,25,167,320,153,151,288,137,111,320,209,143,1615,S118a
127,160,33,192,120,-72,192,144,-48,111,160,49,184,320,136,127,216,89,176,272,96,135,1527,S118a
120,152,32,184,120,-64,160,120,-40,103,128,25,152,312,160,136,208,72,144,280,136,128,1448,S118a
119,176,57,183,120,-63,167,144,-23,95,135,40,152,304,152,145,233,88,136,272,136,111,1495,S118a
111,112,1,215,120,-95,207,200,-7,144,128,-16,192,640,448,120,376,256,96,304,208,143,2023,S118a
120,232,112,143,88,-55,167,160,-7,95,200,105,144,256,112,128,200,72,119,272,153,128,1536,S118a
112,200,88,215,128,-87,199,176,-23,111,128,17,183,320,137,144,240,96,128,264,136,136,1592,S118a
112,208,96,160,120,-40,167,152,-15,104,152,48,183,328,145,151,232,81,136,296,160,103,1591,S118a
120,208,88,151,96,-55,200,192,-8,103,144,41,152,344,192,144,264,120,135,272,137,143,1663,S118a
168,208,40,159,112,-47,191,192,1,103,120,17,167,344,177,128,184,56,144,272,128,111,1543,S118a
152,200,48,199,144,-55,192,160,-32,111,144,33,175,328,153,144,240,96,144,296,152,119,1631,S118a
111,192,81,167,104,-63,207,200,-7,104,136,32,199,328,129,143,216,73,135,296,161,119,1591,S118a
128,192,64,159,104,-55,199,184,-15,95,128,33,167,320,153,127,184,57,127,264,137,127,1503,S118a
128,176,48,159,112,-47,200,168,-32,103,456,353,127,192,65,120,352,232,120,280,160,119,1855,S118a
128,152,24,175,128,-47,159,136,-23,95,128,33,168,344,176,135,200,65,128,240,112,136,1464,S118a
103,160,57,215,144,-71,231,136,-95,104,824,720,88,152,64,136,336,200,104,240,136,87,2079,S118a
127,208,81,151,112,-39,175,152,-23,87,128,41,135,312,177,111,168,57,119,272,153,119,1471,S118a
127,192,65,151,120,-31,191,168,-23,95,104,9,167,352,185,127,176,49,135,296,161,119,1527,S118a
135,208,73,151,128,-23,152,128,-24,96,144,48,191,296,105,135,160,25,120,264,144,111,1439,S118a
183,224,41,151,96,-55,207,176,-31,104,136,32,167,296,129,143,192,49,111,280,169,111,1511,S118a
143,224,81,143,80,-63,199,168,-31,96,160,64,151,280,129,119,176,57,112,272,160,127,1487,S118a
127,176,49,183,136,-47,263,200,-63,79,656,577,95,176,81,119,352,233,111,264,153,103,2063,S118a
95,152,57,167,112,-55,159,152,-7,71,136,65,135,312,177,119,176,57,127,256,129,120,1416,S118a
135,176,41,159,112,-47,183,168,-15,112,120,8,143,384,241,143,304,161,111,296,185,111,1671,S118a
127,184,57,151,88,-63,215,200,-15,103,136,33,199,368,169,136,200,64,119,288,169,119,1583,S118a
111,144,33,175,120,-55,184,136,-48,103,160,57,175,360,185,151,184,33,167,272,105,127,1503,S118a
119,216,97,167,112,-55,207,160,-47,111,136,25,175,328,153,127,160,33,151,256,105,151,1519,S118a
135,240,105,151,104,-47,215,208,-7,87,120,33,151,352,201,159,808,649,151,280,129,151,2263,S118a
127,232,105,175,120,-55,175,168,-7,71,168,97,143,248,105,143,200,57,143,256,113,111,1503,S118a
119,216,97,151,112,-39,175,184,9,95,104,9,151,328,177,135,200,65,127,272,145,143,1559,S118a
111,184,73,159,120,-39,248,216,-32,103,112,9,159,344,185,127,200,73,159,288,129,127,1591,S118a
135,176,41,143,96,-47,239,232,-7,95,136,41,191,328,137,151,176,25,127,304,177,111,1559,S118a
159,192,33,151,104,-47,247,160,-87,111,120,9,183,384,201,127,168,41,159,288,129,127,1543,S118a
135,184,49,167,136,-31,199,192,-7,104,128,24,167,360,193,127,224,97,127,304,177,127,1655,S118a
119,144,25,151,104,-47,215,184,-31,95,152,57,143,312,169,111,144,33,127,248,121,111,1399,S118a
119,176,57,159,112,-47,207,176,-31,79,128,49,191,312,121,135,208,73,135,312,177,135,1559,S118a
111,160,49,159,112,-47,159,144,-15,95,456,361,159,224,65,127,1752,1625,127,471,344,112,3431,S118a
79,176,97,159,112,-47,175,135,-40,88,161,73,143,272,129,135,1352,1217,103,440,337,95,2743,S118a
104,144,40,169,129,-40,159,120,-39,111,160,49,143,511,368,128,1113,985,95,216,121,111,2504,S118a
127,152,25,159,112,-47,159,112,-47,103,152,49,175,280,105,143,232,89,119,256,137,111,1407,S118a
119,176,57,167,112,-55,159,112,-47,103,152,49,183,264,81,143,295,152,160,257,97,111,1479,S118a
95,192,97,143,96,-47,183,160,-23,87,160,73,167,312,145,79,208,129,135,312,177,95,1535,S118a
119,208,89,159,120,-39,167,152,-15,103,136,33,143,320,177,143,240,97,143,272,129,111,1559,S118a
127,184,57,159,120,-39,191,128,-63,127,152,25,167,336,169,151,184,33,151,272,121,127,1503,S118a
128,192,64,176,113,-63,183,144,-39,111,127,16,176,329,153,128,336,208,167,264,97,128,1633,S118a
103,176,73,167,128,-39,167,144,-23,127,160,33,135,320,185,119,328,209,95,288,193,111,1655,S118a
103,152,49,151,104,-47,159,144,-15,95,152,57,151,319,168,128,152,24,128,280,152,128,1431,S118a
144,208,64,184,145,-39,199,160,-39,111,200,89,167,311,144,144,209,65,119,272,153,135,1640,S118a
103,248,145,143,120,-23,191,160,-31,103,160,57,183,288,105,135,224,89,95,256,161,111,1567,S118a
135,208,73,175,120,-55,247,176,-71,95,144,49,160,320,160,135,160,25,127,288,161,87,1503,S118a
151,232,81,175,112,-63,231,184,-47,119,112,-7,183,344,161,143,168,25,127,344,217,119,1615,S118a
151,200,49,135,88,-47,215,192,-23,103,112,9,135,351,216,136,176,40,112,297,185,111,1527,S118a
151,191,40,184,129,-55,215,168,-47,95,96,1,191,344,153,151,855,704,104,336,232,136,2255,S118a
127,184,57,151,96,-55,192,168,-24,87,128,41,175,304,129,135,184,49,135,336,201,127,1527,S118a
119,176,57,159,104,-55,231,192,-39,87,80,-7,175,392,217,127,936,809,111,488,377,103,2471,S118a
95,136,41,127,72,-55,175,160,-15,87,160,73,167,279,112,144,233,89,127,240,113,119,1399,S118a
103,168,65,159,104,-55,192,152,-40,87,104,17,215,352,137,143,376,233,103,280,177,128,1664,S118a
119,160,41,143,104,-39,191,168,-23,95,112,17,175,352,177,119,192,73,151,312,161,151,1551,S118a
79,135,56,144,97,-47,167,144,-23,79,176,97,119,288,169,135,192,57,127,296,169,127,1455,S118a
143,216,73,151,88,-63,175,184,9,111,152,41,167,360,193,135,200,65,143,320,177,111,1631,S118a
95,160,65,159,96,-63,191,144,-47,111,160,49,143,320,177,135,208,73,135,311,176,112,1511,S118a
97,121,24,64,184,120,89,114,25,86,142,56,128,329,201,151,328,177,103,247,144,136,1601,S118a
127,103,-24,216,145,-71,135,96,-39,143,240,97,119,415,296,120,312,192,104,233,129,103,1647,S118a
119,144,25,135,87,-48,136,128,-8,104,168,64,136,264,128,136,272,136,120,217,97,127,1407,S118a
112,152,40,128,88,-40,136,160,24,88,96,8,136,320,184,152,256,104,104,264,160,136,1472,S118a
128,128,0,160,104,-56,160,136,-24,88,144,56,152,296,144,160,264,104,120,240,120,168,1480,S118a
136,176,40,136,80,-56,160,136,-24,104,129,25,159,295,136,152,192,40,152,248,96,160,1416,S118a
144,184,40,128,72,-56,176,184,8,104,96,-8,208,320,112,176,216,40,128,272,144,152,1496,S118a
168,192,24,160,104,-56,184,176,-8,137,128,-9,160,336,176,176,248,72,120,264,144,160,1608,S118a
160,192,32,144,72,-72,184,176,-8,112,128,16,184,320,136,184,185,1,151,319,168,160,1552,S118a
136,168,32,152,80,-72,176,184,8,112,120,8,160,360,200,152,200,48,136,280,144,144,1536,S118a
168,208,40,160,96,-64,184,152,-32,112,112,0,176,344,168,144,192,48,128,288,160,128,1520,S118a
160,192,32,168,104,-64,192,152,-40,104,120,16,192,328,136,168,216,48,120,280,160,152,1544,S118a
160,152,-8,152,72,-80,184,160,-24,120,144,24,176,376,200,168,232,64,152,280,128,160,1576,S118a
176,168,-8,136,80,-56,184,176,-8,136,120,-16,192,368,176,160,216,56,128,288,160,144,1560,S118a
160,176,16,144,80,-64,200,176,-24,120,128,8,208,352,144,176,304,128,136,297,161,135,1648,S118a
152,200,48,168,96,-72,208,192,-16,120,112,-8,176,344,168,144,168,24,144,305,161,127,1544,S118a
160,192,32,120,56,-64,192,185,-7,95,119,24,152,344,192,160,240,80,128,312,184,144,1592,S118a
152,176,24,144,88,-56,176,168,-8,88,96,8,176,408,232,128,216,88,136,304,168,128,1584,S118a
120,136,16,112,56,-56,176,192,16,152,160,8,144,2776,2632,152,408,256,200,264,64,176,4168,S118a
104,152,48,168,72,-96,176,152,-24,112,304,192,128,280,152,144,224,80,104,240,136,128,1552,S118a
136,160,24,160,120,-40,144,152,8,80,112,32,152,360,208,152,160,8,104,264,160,120,1448,S118a
136,160,24,160,96,-64,176,160,-16,96,112,16,184,344,160,136,153,17,119,279,160,136,1440,S118a
128,168,40,152,88,-64,176,168,-8,104,112,8,176,392,216,128,153,25,135,279,144,136,1496,S118a
144,160,16,128,96,-32,152,160,8,96,88,-8,160,328,168,136,160,24,128,256,128,112,1360,S118a
136,160,24,152,96,-56,176,184,8,96,72,-24,200,360,160,136,192,56,96,264,168,112,1440,S118a
128,192,64,144,80,-64,184,176,-8,104,120,16,176,328,152,136,176,40,120,288,168,104,1464,S118a
144,184,40,136,80,-56,184,160,-24,104,128,24,160,336,176,144,168,24,120,272,152,136,1464,S118a
152,184,32,168,96,-72,216,152,-64,88,152,64,192,344,152,128,224,96,136,248,112,136,1536,S118a
128,160,32,144,89,-55,191,175,-16,104,120,16,152,328,176,112,136,24,136,288,152,128,1424,S118a
120,160,40,128,80,-48,184,160,-24,88,80,-8,184,336,152,144,184,40,152,288,136,160,1448,S118a
120,144,24,144,96,-48,160,136,-24,104,136,32,120,312,192,120,152,32,104,256,152,136,1368,S118a
128,184,56,144,96,-48,168,152,-16,104,144,40,168,304,136,152,192,40,96,232,136,120,1424,S118a
160,192,32,144,64,-80,208,200,-8,104,88,-16,176,376,200,144,144,0,120,296,176,152,1512,S118a
144,152,8,144,88,-56,216,176,-40,96,88,-8,168,352,184,120,136,16,120,256,136,128,1376,S118a
144,152,8,152,104,-48,248,160,-88,104,80,-24,176,384,208,120,112,-8,144,288,144,144,1424,S118a
119,127,8,144,96,-48,248,184,-64,88,16,-72,160,424,264,120,104,-16,136,280,144,128,1359,S118a
144,168,24,176,120,-56,240,176,-64,80,24,-56,168,408,240,152,128,-24,128,312,184,112,1448,S118a
128,160,32,176,120,-56,272,200,-72,96,40,-56,176,864,688,112,128,16,120,328,208,96,1936,S118a
136,152,16,200,144,-56,184,144,-40,104,128,24,168,329,161,143,207,64,96,296,200,96,1496,S118a
120,160,40,168,128,-40,224,152,-72,112,80,-32,168,384,216,128,152,24,128,272,144,144,1472,S118a
144,184,40,144,96,-48,257,160,-97,113,104,-9,160,400,240,160,808,648,128,272,144,136,2160,S118a
144,160,16,160,112,-48,152,104,-48,112,144,32,184,312,128,144,184,40,112,224,112,128,1368,S118a
120,192,72,168,104,-64,136,136,0,104,128,24,152,344,192,128,328,200,88,264,176,128,1624,S118a
120,136,16,144,112,-32,224,184,-40,104,72,-32,176,432,256,128,136,8,120,328,208,120,1520,S118a
128,296,168,160,104,-56,232,152,-80,112,720,608,64,1560,1496,40,288,248,88,264,176,112,3496,S118a
128,168,40,152,96,-56,176,136,-40,96,136,40,152,336,184,136,192,56,112,248,136,128,1440,S118a
144,168,24,144,104,-40,208,192,-16,88,104,16,145,392,247,128,176,48,144,328,184,128,1592,S118a
120,160,40,160,120,-40,208,152,-56,80,112,32,152,1008,856,104,456,352,104,224,120,96,2328,S118a
128,136,8,168,113,-55,191,167,-24,80,88,8,168,376,208,144,240,96,120,288,168,128,1536,S118a
144,152,8,152,112,-40,208,176,-32,88,128,40,144,304,160,160,224,64,104,360,256,96,1552,S118a
120,144,24,176,120,-56,248,176,-72,96,96,0,184,360,176,160,200,40,136,240,104,128,1464,S118a
136,184,48,168,104,-64,240,176,-64,104,88,-16,152,376,224,168,224,56,120,520,400,144,1816,S118a
144,192,48,160,112,-48,120,120,0,104,120,16,168,384,216,160,488,328,128,544,416,136,2096,S118a
136,184,48,160,120,-40,224,200,-24,96,136,40,168,368,200,152,328,176,120,272,152,120,1728,S118a
128,184,56,200,144,-56,224,192,-32,120,128,8,216,440,224,144,192,48,120,240,120,136,1656,S118a
128,192,64,168,120,-48,200,184,-16,104,112,8,208,400,192,200,288,88,168,368,200,136,1800,S118a
168,168,0,152,88,-64,256,200,-56,80,104,24,208,376,168,160,176,16,128,248,120,136,1496,S118a
160,200,40,216,161,-55,223,175,-48,128,104,-24,192,424,232,152,424,272,128,264,136,152,1904,S118a
112,160,48,176,144,-32,200,192,-8,96,88,-8,176,408,232,160,296,136,128,368,240,136,1792,S118a
144,192,48,152,104,-48,233,200,-33,96,104,8,168,384,216,144,192,48,104,256,152,120,1552,S118a
136,152,16,176,128,-48,257,184,-73,88,96,8,200,384,184,160,216,56,144,288,144,128,1576,S118a
136,192,56,176,120,-56,240,200,-40,96,360,264,160,176,16,144,280,136,176,296,120,160,1784,S118a
112,184,72,184,144,-40,152,152,0,72,96,24,192,384,192,152,160,8,96,280,184,144,1544,S118a
112,144,32,216,160,-56,232,136,-96,96,112,16,192,392,200,128,176,48,120,456,336,112,1688,S118a
128,168,40,152,112,-40,224,184,-40,72,200,128,136,312,176,120,184,64,136,288,152,112,1560,S118a
120,192,72,176,128,-48,256,168,-88,96,80,-16,192,408,216,128,288,160,112,320,208,112,1696,S118a
144,152,8,152,96,-56,272,192,-80,104,128,24,168,376,208,144,200,56,128,272,144,128,1544,S118a
112,232,120,208,168,-40,256,264,8,104,256,152,200,792,592,112,360,248,120,296,176,128,2496,S118a
128,152,24,144,96,-48,208,144,-64,104,168,64,144,319,175,161,177,16,112,288,176,120,1464,S118a
144,176,32,136,96,-40,224,200,-24,96,104,8,144,384,240,136,224,88,112,288,176,112,1584,S118a
152,160,8,176,136,-40,216,144,-72,112,136,24,136,352,216,128,176,48,120,264,144,120,1488,S118a
144,168,24,184,136,-48,240,200,-40,97,64,-33,184,400,216,184,248,64,120,296,176,136,1648,S118a
136,176,40,152,96,-56,232,160,-72,88,104,16,184,360,176,160,664,504,136,408,272,128,2096,S118a
120,160,40,152,112,-40,249,176,-73,112,112,0,192,376,184,128,168,40,152,256,104,128,1488,S118a
168,208,40,168,120,-48,200,200,0,112,120,8,192,392,200,152,184,32,168,264,96,112,1600,S118a
128,216,88,176,144,-32,256,168,-88,96,104,8,192,352,160,144,168,24,136,280,144,120,1552,S118a
120,152,32,160,112,-48,248,192,-56,72,112,40,168,312,144,136,216,80,112,248,136,128,1472,S118a
128,176,48,184,144,-40,168,168,0,104,128,24,200,384,184,168,208,40,120,264,144,104,1576,S118a
128,152,24,176,144,-32,160,160,0,96,184,88,152,305,153,167,199,32,120,280,160,120,1544,S118a
136,192,56,129,96,-33,312,200,-112,112,104,-8,200,400,200,128,168,40,120,224,104,136,1520,S118a
144,136,-8,168,120,-48,256,160,-96,104,112,8,168,352,184,128,144,16,112,280,168,128,1432,S118a
152,144,-8,224,176,-48,232,152,-80,112,112,0,200,360,160,104,120,16,120,296,176,120,1480,S118a
135,128,-7,152,128,-24,248,168,-80,104,72,-32,200,456,256,128,168,40,120,288,168,112,1520,S118a
135,128,-7,152,120,-32,224,184,-40,88,272,184,184,248,64,112,256,144,112,264,152,120,1592,S118a
128,144,16,224,185,-39,135,935,800,104,368,264,120,264,144,96,712,616,127,296,169,96,3000,S118a
111,120,9,151,128,-23,215,176,-39,103,96,-7,152,400,248,136,152,16,111,248,137,136,1456,S118a
104,120,16,160,128,-32,272,232,-40,63,96,33,199,384,185,120,200,80,96,344,248,88,1592,S118a
104,128,24,152,112,-40,216,144,-72,112,160,48,168,368,200,104,136,32,120,288,168,120,1456,S118a
128,152,24,168,128,-40,247,208,-39,111,129,18,247,1303,1056,120,200,80,120,296,176,104,2520,S118a
120,120,0,128,88,-40,151,96,-55,119,528,409,111,1104,993,104,192,88,137,136,-1,176,2440,S120a
193,192,-1,167,112,-55,168,128,-40,151,423,272,152,313,161,112,168,56,128,216,88,112,1664,S120a
96,152,56,136,88,-48,167,152,-15,128,400,272,128,216,88,128,192,64,128,216,88,111,1527,S120a
160,184,24,143,128,-15,144,144,0,128,456,328,152,360,208,112,207,95,136,177,41,103,1759,S120a
104,312,208,138,104,-34,144,1968,1824,120,1983,1863,105,145,40,104,176,72,152,208,56,128,5024,S120a
128,192,64,119,80,-39,159,127,-32,137,488,351,1120,185,-935,112,200,88,120,184,64,112,1568,S120a
128,176,48,128,96,-32,136,136,0,128,352,224,120,792,672,112,168,56,111,184,73,72,1976,S120a
120,248,128,135,104,-31,136,192,56,128,456,328,128,272,144,128,216,88,144,320,176,120,1928,S120a
153,257,104,136,137,1,127,271,144,104,472,368,120,176,56,136,368,232,144,208,64,104,1993,S120a
128,168,40,170,144,-26,176,176,0,104,376,272,128,168,40,128,288,160,128,256,128,120,1696,S120a
152,272,120,152,112,-40,168,120,-48,128,416,288,128,160,32,112,248,136,128,288,160,80,1696,S120a
136,200,64,144,104,-40,168,168,0,80,320,240,128,184,56,136,808,672,154,122,-32,78,1984,S120a
128,128,0,136,96,-40,135,96,-39,96,560,464,112,488,376,103,184,81,112,312,200,80,1944,S120a
104,144,40,136,96,-40,136,96,-40,104,432,328,121,120,-1,96,224,128,152,208,56,104,1424,S120a
128,184,56,120,64,-56,168,136,-32,112,272,160,128,224,96,104,200,96,112,192,80,88,1360,S120a
128,208,80,136,104,-32,152,152,0,104,288,184,128,160,32,120,272,152,128,216,88,80,1480,S120a
128,192,64,120,80,-40,160,120,-40,104,432,328,112,168,56,120,392,272,160,208,48,104,1696,S120a
112,200,88,159,128,-31,160,160,0,96,312,216,128,200,72,128,304,176,136,208,72,72,1584,S120a
128,184,56,120,72,-48,167,152,-15,80,328,248,136,232,96,152,304,152,120,344,224,80,1696,S120a
120,224,104,104,56,-48,160,160,0,88,480,392,136,696,560,112,192,80,104,144,40,88,2040,S120a
137,193,56,151,103,-48,160,129,-31,112,423,311,128,216,88,120,272,152,121,225,104,64,1625,S120a
120,184,64,128,80,-48,143,128,-15,95,344,249,128,200,72,159,336,177,120,231,111,101,1604,S120a
136,216,80,152,64,-88,184,144,-40,120,376,256,128,168,40,112,280,168,128,304,176,80,1632,S120a
112,240,128,144,144,0,104,280,176,104,592,488,112,192,80,120,272,152,112,176,64,96,1992,S120a
128,168,40,184,128,-56,152,104,-48,136,464,328,112,144,32,128,240,112,135,184,49,112,1544,S120a
128,168,40,136,79,-57,169,137,-32,112,352,240,136,248,112,104,256,152,120,176,56,95,1511,S120a
120,152,32,144,80,-64,159,136,-23,104,464,360,128,168,40,112,784,672,113,112,-1,104,2000,S120a
120,200,80,144,104,-40,136,72,-64,104,480,376,144,656,512,88,192,104,112,152,40,104,1960,S120a
88,264,176,136,96,-40,144,72,-72,144,560,416,152,200,48,144,256,112,136,192,56,96,1736,S120a
152,224,72,160,152,-8,160,184,24,120,448,328,88,152,64,104,304,200,112,152,40,104,1720,S120a
128,176,48,136,56,-80,144,112,-32,112,504,392,128,136,8,120,224,104,152,184,32,128,1520,S120a
128,160,32,120,48,-72,160,128,-32,104,520,416,128,184,56,128,384,256,104,192,88,112,1728,S120a
136,192,56,144,104,-40,159,144,-15,88,384,296,128,160,32,128,216,88,128,304,176,64,1568,S120a
128,160,32,136,96,-40,176,120,-56,104,440,336,136,176,40,104,280,176,152,232,80,104,1608,S120a
128,184,56,144,88,-56,160,112,-48,96,392,296,137,136,-1,104,240,136,152,216,64,104,1472,S120a
168,224,56,176,32,-144,176,208,32,120,1496,1376,104,128,24,88,248,160,120,184,64,80,2600,S120a
112,192,80,104,64,-40,161,160,-1,104,1136,1032,120,440,320,128,184,56,112,336,224,96,2608,S120a
120,184,64,112,72,-40,153,152,-1,104,432,328,128,168,40,128,256,128,128,176,48,88,1528,S120a
128,176,48,143,112,-31,128,128,0,88,392,304,128,208,80,88,240,152,128,208,80,112,1576,S120a
129,128,-1,112,80,-32,119,88,-31,112,1568,1456,120,120,0,120,192,72,120,216,96,88,2480,S120a
104,144,40,128,104,-24,112,56,-56,96,648,552,128,208,80,112,648,536,120,456,336,88,2352,S120a
112,176,64,120,72,-48,152,112,-40,112,552,440,112,432,320,104,328,224,137,136,-1,80,1888,S120a
128,192,64,136,104,-32,152,120,-32,112,512,400,121,120,-1,104,1032,928,128,136,8,104,2320,S120a
128,160,32,112,113,1,104,103,-1,96,592,496,127,96,-31,112,344,232,128,728,600,112,2248,S120a
112,160,48,128,88,-40,136,112,-24,80,408,328,120,152,32,120,224,104,128,160,32,96,1400,S120a
127,167,40,121,57,-64,184,224,40,128,464,336,144,248,104,104,264,160,128,328,200,104,1856,S120a
112,176,64,120,88,-32,136,168,32,112,608,496,112,503,391,104,472,368,113,145,32,104,2264,S120a
121,175,54,153,89,-64,136,96,-40,112,504,392,127,472,345,79,207,128,121,145,24,88,1776,S120a
120,160,40,104,80,-24,128,104,-24,112,456,344,104,160,56,112,264,152,104,216,112,72,1512,S120a
128,184,56,96,24,-72,201,200,-1,64,512,448,122,121,-1,127,231,104,120,200,80,80,1552,S120a
112,176,64,129,80,-49,160,128,-32,88,408,320,128,648,520,88,376,288,106,104,-2,80,2000,S120a
112,168,56,120,87,-33,136,121,-15,71,423,352,129,512,383,57,328,271,121,488,367,145,2272,S120a
95,144,49,128,80,-48,127,119,-8,88,449,361,128,168,40,80,360,280,128,248,120,71,1639,S120a
96,232,136,112,57,-55,159,159,0,96,560,464,145,169,24,103,287,184,136,208,72,112,1784,S120a
120,144,24,120,88,-32,136,135,-1,105,1729,1624,112,192,80,120,272,152,112,191,79,105,2856,S120a
136,159,23,137,89,-48,143,128,-15,104,432,328,152,192,40,136,224,88,128,200,72,104,1528,S120a
128,184,56,112,72,-40,169,168,-1,88,480,392,136,224,88,120,447,327,121,209,88,80,1864,S120a
104,160,56,144,104,-40,127,96,-31,136,608,472,120,176,56,88,216,128,120,152,32,80,1592,S120a
128,200,72,192,136,-56,136,104,-32,112,464,352,112,240,128,112,920,808,128,240,112,136,2440,S120a
104,160,56,136,88,-48,152,128,-24,64,456,392,104,472,368,88,376,288,128,151,23,97,1928,S120a
96,128,32,136,80,-56,145,112,-33,88,432,344,112,168,56,135,288,153,128,216,88,72,1496,S120a
96,200,104,144,104,-40,136,136,0,80,352,272,104,184,80,128,256,128,128,184,56,104,1520,S120a
136,168,32,128,64,-64,162,128,-34,104,456,352,112,192,80,136,359,223,153,305,152,80,1752,S120a
128,168,40,216,64,-152,185,185,0,127,503,376,112,216,104,128,263,135,129,161,32,88,1648,S120a
120,152,32,151,72,-79,145,144,-1,104,576,472,128,232,104,128,320,192,128,408,280,80,1984,S120a
128,184,56,136,80,-56,136,88,-48,120,416,296,128,336,208,144,184,40,112,192,80,72,1552,S120a
120,176,56,136,103,-33,121,89,-32,112,456,344,104,720,616,96,712,616,112,152,40,112,2520,S120a
137,136,-1,120,64,-56,144,104,-40,104,456,352,112,168,56,120,256,136,128,472,344,120,1776,S120a
128,184,56,136,96,-40,152,96,-56,128,480,352,127,160,33,127,311,184,112,216,104,64,1607,S120a
136,192,56,128,80,-48,137,136,-1,104,376,272,136,336,200,128,248,120,128,168,40,112,1648,S120a
128,160,32,177,104,-73,160,72,-88,128,472,344,128,488,360,152,343,191,97,177,80,88,1904,S120a
120,184,64,168,112,-56,152,112,-40,112,368,256,112,152,40,144,328,184,120,208,88,112,1576,S120a
152,216,64,128,88,-40,153,152,-1,120,352,232,112,144,32,136,288,152,136,160,24,120,1520,S120a
112,176,64,136,80,-56,152,120,-32,112,392,280,128,208,80,128,240,112,128,208,80,104,1528,S120a
120,152,32,112,56,-56,159,144,-15,104,352,248,144,240,96,112,200,88,137,216,79,112,1472,S120a
120,160,40,135,88,-47,136,104,-32,136,471,335,129,232,103,97,241,144,144,192,48,95,1583,S120a
121,120,-1,152,96,-56,136,104,-32,111,352,241,128,543,415,120,209,89,112,153,41,103,1680,S120a
137,161,24,128,80,-48,143,128,-15,120,1232,1112,112,168,56,112,232,120,137,272,135,80,2353,S120a
112,168,56,144,88,-56,153,152,-1,104,328,224,120,152,32,112,248,136,128,208,80,88,1432,S120a
152,192,40,112,80,-32,160,216,56,136,1264,1128,105,104,-1,104,184,80,136,232,96,72,2344,S120a
112,168,56,168,80,-88,128,144,16,104,352,248,120,224,104,128,360,232,120,367,247,97,1792,S120a
112,168,56,112,55,-57,137,177,40,72,353,281,111,215,104,135,288,153,128,208,80,88,1552,S120a
127,112,-15,120,64,-56,152,104,-48,111,384,273,127,152,25,96,224,128,128,224,96,64,1328,S120a
128,184,56,128,95,-33,152,137,-15,104,375,271,113,201,88,104,192,88,112,192,80,128,1504,S120a
120,568,448,144,88,-56,167,247,80,112,968,856,80,728,648,80,200,120,160,184,24,112,3095,S120a
136,176,40,120,56,-64,160,160,0,120,824,704,136,136,0,112,184,72,136,192,56,80,1808,S120a
104,144,40,104,56,-48,144,144,0,136,1328,1192,120,200,80,128,352,224,128,424,296,88,2736,S120a
72,200,128,96,184,88,136,136,0,96,352,256,104,232,128,88,200,112,112,184,72,104,1592,S120a
96,192,96,96,56,-40,168,200,32,96,376,280,112,208,96,120,368,248,104,160,56,88,1648,S120a
128,177,49,145,119,-26,136,160,24,113,337,224,113,296,183,128,311,183,145,273,128,128,1801,S120a
135,167,32,136,56,-80,199,160,-39,136,944,808,119,88,-31,112,296,184,112,232,120,87,2030,S120a
128,152,24,112,80,-32,152,136,-16,103,503,400,128,152,24,152,208,56,145,201,56,112,1544,S120a
128,185,57,129,103,-26,153,152,-1,104,816,712,151,191,40,136,248,112,128,232,104,88,2015,S120a
136,216,80,144,120,-24,168,168,0,96,336,240,152,225,73,151,263,112,128,184,56,112,1624,S120a
88,136,48,128,264,136,136,168,32,96,496,400,112,200,88,128,352,224,128,176,48,96,1888,S120a
103,183,80,88,176,88,145,145,0,111,863,752,136,176,40,160,256,96,128,216,88,88,2103,S120a
103,169,66,94,54,-40,169,169,0,112,448,336,153,153,0,119,247,128,120,216,96,104,1560,S120a
96,320,224,136,2409,2273,103,135,32,104,648,544,120,248,128,120,720,600,104,240,136,64,4784,S120a
104,192,88,128,104,-24,128,152,24,103,432,329,112,176,64,128,240,112,127,207,80,105,1608,S120a
103,184,81,111,80,-31,168,168,0,112,696,584,136,191,55,129,465,336,136,272,136,80,2136,S120a
112,184,72,152,128,-24,144,88,-56,104,1272,1168,138,137,-1,119,439,320,128,208,80,112,2568,S120a
88,144,56,136,105,-31,135,175,40,112,1536,1424,104,144,40,112,288,176,119,184,65,105,2681,S120a
104,168,64,104,56,-48,144,920,776,104,640,536,121,121,0,119,264,145,135,167,32,103,2439,S120a
132,149,17,143,111,-32,168,129,-39,119,392,273,135,192,57,127,312,185,135,183,48,96,1564,S120a
88,128,40,127,96,-31,120,120,0,79,1024,945,103,120,17,87,216,129,112,159,47,104,1967,S120a
113,104,-9,143,112,-31,135,72,-63,95,591,496,128,192,64,128,505,377,127,239,112,88,1903,S120a
87,152,65,119,87,-32,128,105,-23,103,360,257,111,207,96,112,225,113,128,184,56,79,1399,S120a
128,183,55,137,104,-33,136,96,-40,121,480,359,121,121,0,127,215,88,128,225,97,79,1503,S120a
96,160,64,128,128,0,104,64,-40,96,399,303,104,809,705,128,192,64,104,192,88,104,2048,S120a
104,224,120,167,112,-55,136,96,-40,96,400,304,128,168,40,103,304,201,120,184,64,80,1568,S120a
88,167,79,112,80,-32,137,137,0,80,328,248,103,224,121,152,352,200,120,216,96,104,1608,S120a
128,128,0,120,80,-40,144,64,-80,112,648,536,121,120,-1,120,248,128,112,248,136,80,1616,S120a
80,176,96,112,72,-40,145,144,-1,88,344,256,111,168,57,128,272,144,120,200,80,72,1448,S120a
80,176,96,160,104,-56,151,136,-15,120,552,432,152,168,16,104,552,448,112,240,128,72,2000,S120a
113,193,80,144,64,-80,184,128,-56,151,448,297,144,144,0,136,600,464,135,191,56,80,1848,S120a
120,152,32,104,80,-24,136,96,-40,104,448,344,136,136,0,127,232,105,136,216,80,95,1455,S120a
104,176,72,144,88,-56,168,112,-56,120,536,416,128,280,152,136,344,208,128,176,48,88,1800,S120a
104,208,104,128,96,-32,136,112,-24,103,328,225,103,208,105,128,344,216,104,304,200,56,1656,S120a
112,184,72,128,80,-48,144,120,-24,104,648,544,128,208,80,104,216,112,128,184,56,104,1744,S120a
112,184,72,112,72,-40,144,144,0,88,416,328,128,184,56,136,360,224,120,224,104,80,1664,S120a
95,152,57,80,40,-40,160,160,0,104,520,416,120,232,112,128,256,128,128,200,72,104,1664,S120a
103,184,81,136,96,-40,144,144,0,104,424,320,128,640,512,103,144,41,120,376,256,104,2112,S120a
127,232,105,167,119,-48,136,105,-31,119,535,416,105,137,32,120,272,152,120,184,64,88,1672,S120a
128,232,104,120,79,-41,145,145,0,88,440,352,128,160,32,120,272,152,120,200,80,64,1592,S120a
88,344,256,136,137,1,128,127,-1,112,608,496,104,1424,1320,112,552,440,112,192,80,104,3488,S120a
95,168,73,135,104,-31,151,120,-31,88,336,248,128,240,112,128,328,200,104,208,104,80,1584,S120a
103,320,217,127,104,-23,144,144,0,96,416,320,120,176,56,128,408,280,128,200,72,104,1872,S120a
89,121,32,128,88,-40,151,136,-15,96,400,304,128,168,40,88,272,184,128,176,48,80,1441,S120a
112,192,80,128,104,-24,143,120,-23,96,375,279,128,161,33,112,280,168,128,216,88,72,1520,S120a
128,160,32,144,88,-56,145,144,-1,112,384,272,127,184,57,112,256,144,112,168,56,88,1472,S120a
128,184,56,138,104,-34,168,136,-32,112,376,264,128,232,104,96,679,583,112,337,225,88,2136,S120a
112,200,88,144,104,-40,152,97,-55,95,488,393,128,408,280,88,240,152,120,216,96,56,1809,S120a
112,192,80,143,103,-40,155,121,-34,96,336,240,136,248,112,111,272,161,128,200,72,96,1568,S120a
128,200,72,144,112,-32,135,120,-15,120,408,288,128,208,80,144,344,200,136,272,136,136,1800,S120a
88,144,56,152,104,-48,176,120,-56,112,480,368,136,152,16,104,280,176,136,216,80,104,1600,S120a
112,168,56,135,104,-31,128,128,0,80,352,272,128,304,176,136,248,112,128,208,80,72,1584,S120a
112,176,64,106,80,-26,129,128,-1,104,520,416,120,224,104,96,560,464,128,208,80,55,1951,S120a
120,176,56,144,112,-32,136,112,-24,104,376,272,96,176,80,152,328,176,136,264,128,72,1616,S120a
96,160,64,144,104,-40,137,136,-1,64,288,224,112,336,224,72,264,192,120,288,168,88,1664,S120a
88,176,88,135,104,-31,128,128,0,72,320,248,120,368,248,104,504,400,144,424,280,72,2096,S120a
80,208,128,160,136,-24,135,104,-31,96,352,256,152,232,80,72,272,200,144,984,840,88,2376,S120a
96,152,56,152,96,-56,160,160,0,71,352,281,104,216,112,112,304,192,128,336,208,104,1720,S120a
104,184,80,144,145,1,127,127,0,128,552,424,137,136,-1,128,320,192,120,192,72,96,1752,S120a
104,168,64,144,104,-40,144,96,-48,104,440,336,120,160,40,120,272,152,128,200,72,79,1519,S120a
88,240,152,119,88,-31,129,128,-1,96,416,320,129,128,-1,128,256,128,136,216,80,72,1544,S120a
112,192,80,152,160,8,160,200,40,104,552,448,111,240,129,112,488,376,112,144,32,104,2080,S120a
112,168,56,136,80,-56,160,128,-32,87,336,249,112,272,160,104,288,184,136,248,112,79,1599,S120a
104,160,56,112,88,-24,128,128,0,80,328,248,104,392,288,112,608,496,128,616,488,72,2392,S120a
104,152,48,144,80,-64,136,96,-40,96,400,304,120,304,184,112,384,272,111,328,217,96,1840,S120a
104,144,40,128,80,-48,152,128,-24,96,360,264,120,248,128,120,272,152,112,224,112,80,1536,S120a
80,168,88,96,64,-32,136,128,-8,88,368,280,128,248,120,120,232,112,120,352,232,104,1664,S120a
112,144,32,128,129,1,127,727,600,120,1360,1240,104,592,488,96,176,80,120,368,248,88,3584,S120a
136,320,184,120,96,-24,121,120,-1,112,824,712,120,64,-56,128,304,176,112,136,24,112,1976,S120a
96,184,88,112,80,-32,145,144,-1,72,728,656,120,120,0,112,248,136,135,176,41,80,1760,S120a
96,200,104,143,112,-31,136,128,-8,96,424,328,112,192,80,104,376,272,128,240,112,80,1752,S120a
104,128,24,152,120,-32,119,88,-31,96,408,312,120,192,72,104,328,224,120,200,80,80,1544,S120a
104,160,56,112,56,-56,160,160,0,56,344,288,128,464,336,112,368,256,128,248,120,80,1880,S120a
88,184,96,135,104,-31,136,136,0,72,472,400,127,167,40,120,240,120,129,225,96,72,1600,S120a
95,184,89,95,56,-39,136,168,32,80,376,296,152,192,40,111,264,153,144,200,56,88,1528,S120a
88,192,104,112,64,-48,144,144,0,80,352,272,120,344,224,112,632,520,112,168,56,104,2000,S120a
112,176,64,112,64,-48,152,176,24,104,512,408,161,160,-1,112,216,104,144,296,152,96,1696,S120a
104,184,80,104,64,-40,144,168,24,128,392,264,120,176,56,136,240,104,128,192,64,88,1504,S120a
112,168,56,128,88,-40,135,120,-15,96,368,272,104,216,112,144,760,616,104,264,160,104,2088,S120a
128,160,32,120,72,-48,161,160,-1,104,400,296,104,312,208,128,336,208,128,248,120,72,1760,S120a
96,184,88,128,88,-40,136,112,-24,96,448,352,128,592,464,96,224,128,128,176,48,88,1912,S120a
96,176,80,136,96,-40,168,144,-24,128,376,248,120,216,96,72,264,192,128,176,48,88,1536,S120a
104,192,88,152,104,-48,121,120,-1,80,351,271,137,241,104,128,256,128,128,457,329,71,1792,S120a
97,169,72,144,120,-24,144,104,-40,128,400,272,128,247,119,129,273,144,120,384,264,103,1800,S120a
104,168,64,143,128,-15,145,144,-1,88,560,472,128,160,32,128,264,136,112,248,136,80,1752,S120a
96,280,184,128,640,512,128,640,512,88,608,520,120,152,32,128,328,200,136,192,56,80,2920,S120a
104,184,80,136,104,-32,136,168,32,88,488,400,112,160,48,128,336,208,120,208,88,96,1744,S120a
104,176,72,120,64,-56,169,168,-1,104,432,328,128,152,24,128,288,160,112,216,104,72,1568,S120a
88,240,152,120,64,-56,184,184,0,128,408,280,128,400,272,136,407,271,129,209,80,96,2008,S120a
104,207,103,121,89,-32,153,152,-1,88,352,264,96,280,184,112,288,176,128,608,480,128,2104,S120a
112,168,56,168,136,-32,144,64,-80,112,592,480,152,328,176,112,672,560,104,336,232,96,2392,S120a
88,152,64,135,96,-39,175,160,-15,104,448,344,128,200,72,112,440,328,152,224,72,64,1784,S120a
104,184,80,136,137,1,182,167,-15,144,440,296,128,248,120,112,312,200,128,376,248,80,1944,S120a
72,208,136,119,104,-15,120,200,80,96,2496,2400,96,2544,2448,112,136,24,128,160,32,112,5960,S120a
80,120,40,136,112,-24,120,192,72,88,1328,1240,120,696,576,96,248,152,152,232,80,104,3032,S120a
135,216,81,120,88,-32,168,136,-32,112,464,352,128,168,40,160,224,64,135,335,200,65,1696,S120a
113,169,56,144,87,-57,144,89,-55,96,592,496,112,144,32,136,248,112,128,240,112,88,1657,S120a
96,136,40,177,144,-33,136,80,-56,112,408,296,104,200,96,120,216,96,112,176,64,104,1464,S120a
104,152,48,152,128,-24,136,104,-32,120,392,272,128,232,104,88,232,144,120,272,152,64,1576,S120a
128,208,80,128,88,-40,144,208,64,120,368,248,120,248,128,104,311,207,113,297,184,104,1832,S120a
104,136,32,160,128,-32,169,168,-1,80,400,320,136,160,24,104,280,176,160,240,80,96,1608,S120a
88,192,104,120,96,-24,145,145,0,111,383,272,128,216,88,128,224,96,128,208,80,80,1544,S120a
128,160,32,128,96,-32,146,112,-34,112,392,280,128,224,96,128,304,176,120,248,128,104,1640,S120a
104,184,80,160,128,-32,137,136,-1,88,416,328,104,264,160,152,728,576,120,208,88,104,2168,S120a
88,192,104,120,88,-32,143,128,-15,104,409,305,127,223,96,128,320,192,120,256,136,104,1720,S120a
120,192,72,136,80,-56,161,160,-1,88,368,280,96,240,144,104,216,112,112,216,104,104,1576,S120a
112,168,56,128,96,-32,160,128,-32,112,432,320,112,240,128,96,904,808,112,304,192,72,2344,S120a
96,176,80,176,177,1,152,152,0,127,463,336,128,192,64,112,256,144,128,184,56,80,1680,S120a
136,240,104,152,153,1,103,807,704,88,968,880,104,352,248,88,648,560,104,208,104,80,3456,S120a
104,176,72,144,112,-32,161,160,-1,56,624,568,120,176,56,128,328,200,112,224,112,104,1904,S120a
80,144,64,160,112,-48,168,128,-40,88,440,352,128,216,88,104,304,200,128,256,128,72,1672,S120a
128,224,96,144,112,-32,153,152,-1,80,1208,1128,128,256,128,128,208,80,104,216,112,88,2464,S120a
104,152,48,152,112,-40,160,128,-32,136,521,385,103,887,784,104,264,160,112,168,56,88,2320,S120a
88,168,80,128,88,-40,176,96,-80,112,480,368,112,168,56,104,256,152,112,216,104,72,1544,S120a
121,121,0,159,111,-48,152,104,-48,104,456,352,128,256,128,120,232,112,128,208,80,88,1576,S120a
120,160,40,152,104,-48,144,105,-39,79,455,376,104,176,72,111,216,105,128,376,248,72,1664,S120a
112,192,80,96,48,-48,177,177,0,111,599,488,112,128,16,112,728,616,129,208,79,80,2160,S120a
96,215,119,137,97,-40,159,144,-15,104,344,240,128,248,120,104,936,832,104,192,88,88,2264,S120a
95,152,57,96,928,832,121,120,-1,104,520,416,96,264,168,104,256,152,128,184,56,104,2528,S120a
89,89,0,146,111,-35,136,72,-64,112,480,368,128,184,56,104,824,720,128,225,97,87,2072,S120a
123,156,33,143,128,-15,152,112,-40,119,400,281,111,199,88,96,721,625,103,184,81,112,2012,S120a
143,167,24,168,112,-56,143,72,-71,112,440,328,128,145,17,127,263,136,112,221,109,84,1504,S120a
112,112,0,152,128,-24,135,120,-15,96,488,392,144,152,8,120,208,88,120,216,96,95,1519,S120a
104,163,59,141,101,-40,167,112,-55,143,456,313,128,128,0,127,232,105,120,184,64,104,1480,S120a
128,144,16,112,56,-56,184,128,-56,112,352,240,120,200,80,128,304,176,103,208,105,72,1464,S120a
111,144,33,135,96,-39,159,120,-39,119,344,225,135,224,89,128,232,104,128,216,88,112,1488,S120a
128,160,32,167,112,-55,152,111,-41,113,353,240,143,200,57,135,376,241,127,200,73,112,1624,S120a
112,144,32,151,120,-31,144,95,-49,104,337,233,119,280,161,143,231,88,129,209,80,80,1496,S120a
119,176,57,135,95,-40,169,169,0,104,367,263,153,193,40,128,344,216,120,216,96,103,1663,S120a
103,168,65,127,96,-31,151,136,-15,120,328,208,103,192,89,128,256,128,111,224,113,88,1488,S120a
112,144,32,143,88,-55,160,112,-48,96,336,240,120,280,160,104,280,176,119,256,137,80,1576,S120a
87,168,81,143,120,-23,152,152,0,104,311,207,112,225,113,112,271,159,121,249,128,88,1584,S120a
129,128,-1,147,120,-27,128,80,-48,104,328,224,151,256,105,104,240,136,128,216,88,88,1456,S120a
112,175,63,137,89,-48,152,96,-56,112,328,216,128,216,88,160,240,80,136,216,80,104,1464,S120a
104,160,56,136,96,-40,151,88,-63,103,351,248,129,201,72,104,280,176,128,312,184,88,1576,S120a
103,168,65,144,80,-64,146,120,-26,136,432,296,112,168,56,112,272,160,128,192,64,80,1512,S120a
128,168,40,136,80,-56,151,88,-63,120,336,216,128,232,104,112,216,104,128,231,103,80,1431,S120a
128,160,32,143,103,-40,129,97,-32,104,304,200,112,264,152,144,344,200,112,224,112,80,1576,S120a
103,184,81,143,88,-55,160,128,-32,112,312,200,104,312,208,135,208,73,128,224,96,64,1520,S120a
95,152,57,144,80,-64,168,104,-64,104,352,248,120,320,200,72,392,320,112,192,80,96,1688,S120a
128,2296,2168,114,88,-26,136,152,16,96,632,536,104,112,8,103,256,153,103,208,105,80,3824,S120a
136,168,32,136,96,-40,159,120,-39,96,496,400,127,152,25,103,288,185,112,200,88,80,1600,S120a
112,160,48,135,104,-31,135,112,-23,104,480,376,112,168,56,136,240,104,104,208,104,80,1552,S120a
103,152,49,96,48,-48,160,120,-40,88,368,280,112,152,40,112,272,160,128,176,48,88,1376,S120a
88,160,72,120,80,-40,146,120,-26,80,352,272,104,264,160,152,272,120,152,240,88,120,1608,S120a
128,128,0,120,72,-48,144,88,-56,88,576,488,96,112,16,112,215,103,137,193,56,72,1456,S120a
104,160,56,112,80,-32,144,112,-32,95,368,273,151,184,33,103,376,273,120,152,32,56,1488,S120a
80,168,88,119,88,-31,152,88,-64,104,376,272,112,168,56,128,256,128,104,160,56,88,1392,S120a
88,192,104,88,48,-40,144,144,0,112,304,192,112,872,760,120,360,240,112,160,48,103,2183,S120a
96,176,80,117,88,-29,144,112,-32,96,352,256,104,255,151,104,289,185,128,223,95,97,1592,S120a
120,240,120,120,209,89,127,159,32,112,360,248,112,209,97,152,351,199,145,225,80,88,1841,S120a
95,320,225,71,56,-15,160,215,55,105,313,208,128,291,163,85,1029,944,128,200,72,80,2504,S120a
104,208,104,119,72,-47,192,168,-24,96,488,392,145,144,-1,128,312,184,128,184,56,88,1664,S120a
112,240,128,111,80,-31,176,176,0,96,352,256,136,248,112,128,296,168,128,192,64,63,1647,S120a
128,256,128,128,104,-24,145,144,-1,104,424,320,136,264,128,104,232,128,152,208,56,80,1712,S120a
128,184,56,128,80,-48,185,184,-1,80,328,248,128,256,128,63,264,201,128,296,168,112,1704,S120a
112,240,128,120,88,-32,128,152,24,96,936,840,136,200,64,135,272,137,128,432,304,88,2408,S120a
81,145,64,128,88,-40,145,144,-1,80,352,272,119,264,145,128,456,328,120,192,72,104,1745,S120a
96,184,88,136,80,-56,160,120,-40,103,456,353,152,224,72,128,304,176,128,168,40,112,1648,S120a
103,1064,961,112,320,208,128,160,32,80,576,496,104,184,80,104,272,168,120,176,56,80,2832,S120a
112,216,104,136,992,856,112,144,32,88,632,544,121,120,-1,136,248,112,128,232,104,88,2672,S120a
112,168,56,128,87,-41,144,177,33,88,696,608,136,192,56,96,224,128,120,192,72,96,1832,S120a
104,216,112,152,153,1,127,207,80,112,424,312,112,200,88,136,272,136,128,176,48,88,1736,S120a
88,160,72,136,137,1,118,103,-15,96,472,376,120,248,128,112,240,128,136,192,56,64,1616,S120a
104,185,81,153,127,-26,144,112,-32,112,383,271,113,201,88,136,224,88,136,224,88,104,1560,S120a
80,152,72,128,88,-40,136,112,-24,112,432,320,160,672,512,120,232,112,128,192,64,80,1960,S120a
96,176,80,138,112,-26,135,120,-15,120,400,280,104,312,208,104,888,784,128,344,216,128,2480,S120a
104,160,56,144,88,-56,136,80,-56,96,456,360,120,144,24,120,272,152,120,168,48,88,1456,S120a
88,192,104,160,128,-32,136,80,-56,96,424,328,128,232,104,128,256,128,128,192,64,104,1608,S120a
120,192,72,128,88,-40,152,96,-56,112,408,296,96,208,112,128,320,192,128,232,104,96,1640,S120a
128,192,64,120,80,-40,145,144,-1,96,360,264,128,320,192,104,232,128,112,216,104,96,1640,S120a
112,168,56,115,80,-35,136,112,-24,104,416,312,120,288,168,136,248,112,144,232,88,80,1624,S120a
96,152,56,136,88,-48,168,168,0,80,456,376,144,208,64,160,288,128,120,224,104,80,1664,S120a
120,168,48,144,112,-32,136,96,-40,112,424,312,144,184,40,112,232,120,128,192,64,104,1512,S120a
96,184,88,152,112,-40,139,104,-35,114,384,270,128,304,176,128,280,152,128,184,56,80,1632,S120a
104,224,120,144,120,-24,136,104,-32,120,440,320,128,184,56,128,287,159,120,193,73,91,1643,S120a
112,169,57,128,72,-56,151,136,-15,112,504,392,103,184,81,95,280,185,112,248,136,104,1697,S120a
81,137,56,136,137,1,96,96,0,119,879,760,112,1856,1744,96,200,104,104,184,80,88,3577,S120a
80,184,104,128,128,0,128,128,0,112,599,487,104,161,57,120,296,176,111,648,537,72,2216,S120a
80,192,112,136,104,-32,128,80,-48,104,568,464,112,144,32,136,296,160,104,599,495,89,2072,S120a
40,1448,1408,143,128,-15,169,168,-1,80,616,536,120,120,0,120,400,280,112,288,176,104,3272,S120a
104,248,144,128,129,1,127,207,80,88,592,504,136,168,32,112,264,152,152,224,72,104,1936,S120a
128,184,56,136,104,-32,144,104,-40,96,464,368,96,208,112,104,360,256,104,384,280,120,1928,S120a
112,256,144,136,176,40,120,208,88,88,1520,1432,88,824,736,112,264,152,88,176,88,64,3488,S120a
128,160,32,144,88,-56,152,121,-31,103,359,256,128,272,144,128,856,728,120,424,304,104,2384,S120a
112,216,104,136,96,-40,136,104,-32,104,488,384,120,272,152,112,312,200,112,192,80,104,1784,S120a
104,136,32,136,104,-32,112,72,-40,96,536,440,96,200,104,96,224,128,136,232,96,96,1600,S120a
128,208,80,104,48,-56,160,128,-32,96,392,296,104,208,104,112,416,304,104,232,128,112,1744,S120a
104,248,144,104,72,-32,161,160,-1,88,440,352,120,216,96,184,656,472,80,1096,1016,80,2968,S120a
104,136,32,128,80,-48,153,152,-1,80,568,488,129,128,-1,112,272,160,96,160,64,112,1608,S120a
112,200,88,152,129,-23,152,151,-1,112,480,368,104,152,48,136,288,152,112,224,112,88,1712,S120a
120,256,136,128,88,-40,168,224,56,120,536,416,120,168,48,136,392,256,88,312,224,112,2088,S120a
128,184,56,136,128,-8,145,144,-1,104,448,344,112,960,848,112,144,32,128,280,152,88,2376,S120a
112,216,104,144,112,-32,143,128,-15,104,672,568,120,176,56,112,240,128,88,320,232,128,1992,S120a
104,168,64,160,128,-32,160,128,-32,112,632,520,104,544,440,128,296,168,112,248,136,80,2224,S120a
112,216,104,144,104,-40,152,120,-32,112,407,295,120,297,177,112,256,144,112,287,175,80,1767,S120a
88,216,128,152,112,-40,152,111,-41,121,441,320,128,208,80,127,240,113,128,200,72,87,1615,S120a
128,184,56,112,80,-32,160,128,-32,96,544,448,128,160,32,120,256,136,128,200,72,128,1680,S120a
88,208,120,144,80,-64,176,144,-32,96,425,329,111,223,112,128,312,184,120,176,56,88,1656,S120a
120,152,32,160,104,-56,151,128,-23,144,616,472,112,208,96,112,288,176,112,200,88,80,1776,S120a
120,208,88,128,88,-40,168,144,-24,128,761,633,127,167,40,136,248,112,112,240,128,104,1960,S120a
104,240,136,120,80,-40,169,168,-1,104,376,272,128,232,104,120,984,864,113,239,126,105,2424,S120a
112,152,40,144,104,-40,161,160,-1,152,1080,928,136,184,48,112,408,296,120,664,544,152,2904,S120a
104,152,48,119,104,-15,120,144,24,104,680,576,112,936,824,112,264,152,112,208,96,88,2576,S120a
104,224,120,112,64,-48,144,256,112,128,712,584,104,272,168,136,480,344,88,336,248,144,2488,S120a
104,161,57,112,79,-33,136,169,33,79,529,450,111,175,64,144,232,88,104,248,144,96,1689,S120a
80,160,80,107,72,-35,136,176,40,104,648,544,128,184,56,136,288,152,96,296,200,128,1952,S120a
112,240,128,120,352,232,112,312,200,104,568,464,104,216,112,128,280,152,104,192,88,104,2264,S120a
56,272,216,119,96,-23,136,104,-32,88,552,464,112,216,104,144,280,136,120,272,152,57,1849,S120a
112,192,80,144,88,-56,144,112,-32,112,512,400,96,160,64,128,256,128,96,320,224,128,1768,S120a
104,184,80,184,120,-64,128,96,-32,104,1448,1344,88,136,48,128,208,80,120,272,152,88,2552,S120a
104,129,25,111,79,-32,139,120,-19,96,488,392,112,120,8,128,240,112,120,280,160,80,1536,S120a
136,208,72,193,112,-81,152,80,-72,128,1000,872,88,216,128,112,288,176,96,352,256,112,2368,S120a
128,151,23,129,97,-32,136,216,80,88,720,632,104,207,103,105,185,80,104,248,144,104,1928,S120a
112,128,16,144,104,-40,135,120,-15,80,305,225,111,191,80,120,288,168,120,224,104,104,1464,S120a
104,272,168,111,88,-23,136,168,32,104,488,384,136,168,32,104,232,128,136,200,64,120,1736,S120a
64,105,41,151,119,-32,153,153,0,87,486,399,105,169,64,128,239,111,129,185,56,95,1551,S120a
104,184,80,121,121,0,111,151,40,95,832,737,104,160,56,136,552,416,119,255,136,154,2409,S120a
112,176,64,112,80,-32,136,152,16,80,328,248,104,856,752,112,296,184,104,168,64,96,2152,S120a
88,120,32,120,80,-40,145,145,0,63,583,520,104,168,64,104,184,80,120,193,73,79,1552,S120a
121,121,0,128,128,0,104,103,-1,73,368,295,96,272,176,120,272,152,96,1264,1168,96,2624,S120a
100,133,33,223,184,-39,136,136,0,111,383,272,104,328,224,137,288,151,105,305,200,71,1828,S120a
103,135,32,127,87,-40,144,121,-23,88,351,263,113,313,200,103,303,200,104,193,89,81,1584,S120a
112,168,56,111,104,-7,136,136,0,80,336,256,112,184,72,96,256,160,112,192,80,80,1456,S120a
80,192,112,112,80,-32,153,120,-33,96,344,248,120,208,88,104,264,160,112,152,40,96,1456,S120a
120,176,56,112,80,-32,143,112,-31,112,368,256,128,192,64,128,376,248,112,208,96,112,1624,S120a
96,152,56,136,88,-48,162,128,-34,96,367,271,129,201,72,128,320,192,112,240,128,80,1576,S120a
129,153,24,128,88,-40,144,96,-48,104,392,288,128,192,64,128,280,152,128,240,112,56,1497,S120a
112,152,40,136,80,-56,144,88,-56,96,368,272,112,224,112,112,224,112,120,200,80,104,1440,S120a
95,144,49,143,72,-71,160,104,-56,104,408,304,152,168,16,112,256,144,120,176,56,104,1432,S120a
128,160,32,120,72,-48,152,112,-40,112,400,288,136,176,40,104,272,168,112,192,80,104,1488,S120a
104,159,55,137,105,-32,136,112,-24,80,383,303,104,209,105,104,304,200,111,144,33,96,1512,S120a
112,168,56,152,112,-40,144,96,-48,96,456,360,96,136,40,160,312,152,128,168,40,104,1552,S120a
128,184,56,144,112,-32,143,112,-31,111,431,320,130,129,-1,136,264,128,112,168,56,104,1504,S120a
103,184,81,111,80,-31,153,152,-1,103,447,344,153,209,56,104,344,240,128,200,72,88,1704,S120a
112,144,32,120,65,-55,152,120,-32,88,447,359,144,144,0,96,368,272,113,288,175,80,1656,S120a
112,152,40,112,72,-40,144,120,-24,88,464,376,120,264,144,120,200,80,136,184,48,96,1552,S120a
152,175,23,129,73,-56,144,95,-49,129,409,280,112,176,64,152,264,112,112,200,88,96,1488,S120a
104,184,80,137,104,-33,138,104,-34,96,464,368,152,152,0,96,360,264,120,232,112,88,1688,S120a
112,168,56,144,104,-40,136,96,-40,120,536,416,103,152,49,104,232,128,120,184,64,80,1552,S120a
136,192,56,120,64,-56,161,160,-1,112,440,328,112,264,152,151,248,97,127,200,73,88,1656,S120a
103,176,73,112,80,-32,143,112,-31,120,448,328,112,144,32,112,288,176,104,168,64,96,1512,S120a
128,160,32,95,64,-31,161,160,-1,47,448,401,119,152,33,128,312,184,128,184,56,96,1576,S120a
120,168,48,112,80,-32,144,112,-32,112,360,248,120,216,96,120,280,160,128,224,96,55,1495,S120a
96,176,80,119,104,-15,120,96,-24,88,1312,1224,104,144,40,96,415,319,113,217,104,88,2552,S120a
96,184,88,104,64,-40,151,128,-23,95,424,329,128,152,24,88,264,176,112,192,80,80,1488,S120a
112,192,80,120,72,-48,153,152,-1,80,360,280,112,168,56,120,288,168,128,232,104,80,1544,S120a
104,200,96,111,96,-15,129,128,-1,104,440,336,128,200,72,104,280,176,128,248,120,80,1672,S120a
112,160,48,111,80,-31,137,136,-1,104,544,440,121,120,-1,104,248,144,120,176,56,112,1576,S120a
112,168,56,119,80,-39,138,112,-26,88,328,240,128,160,32,128,280,152,127,272,145,96,1496,S120a
72,192,120,136,112,-24,144,152,8,88,504,416,129,128,-1,104,208,104,127,264,137,88,1648,S120a
104,160,56,159,136,-23,112,56,-56,112,376,264,119,168,49,72,272,200,120,216,96,72,1456,S120a
112,232,120,144,112,-32,136,152,16,112,456,344,111,160,49,104,208,104,120,160,40,104,1584,S120a
104,184,80,144,112,-32,135,120,-15,95,344,249,128,400,272,103,184,81,128,192,64,88,1624,S120a
104,160,56,136,88,-48,144,104,-40,104,368,264,120,216,96,176,280,104,120,160,40,104,1480,S120a
128,264,136,112,80,-32,161,160,-1,104,544,440,120,304,184,159,264,105,128,224,96,80,1920,S120a
104,144,40,159,136,-23,128,128,0,72,752,680,112,168,56,104,272,168,128,192,64,80,1872,S120a
104,192,88,112,104,-8,145,144,-1,72,527,455,104,169,65,120,296,176,128,208,80,80,1720,S120a
104,152,48,128,96,-32,127,112,-15,72,288,216,112,800,688,120,248,128,128,208,80,64,1968,S120a
88,144,56,120,64,-56,136,104,-32,80,376,296,120,216,96,80,232,152,120,224,104,56,1416,S120a
80,208,128,120,120,0,88,144,56,104,432,328,145,144,-1,104,336,232,120,248,128,72,1704,S120a
104,152,48,136,104,-32,135,120,-15,128,512,384,136,176,40,104,344,240,112,408,296,96,1912,S120a
80,192,112,135,103,-32,128,97,-31,88,408,320,104,4280,4176,88,168,80,120,376,256,104,5728,S120a
105,161,56,168,128,-40,96,40,-56,96,504,408,144,200,56,136,320,184,128,184,56,96,1633,S120a
144,352,208,103,103,0,128,128,0,113,1113,1000,89,88,-1,104,272,168,120,152,32,112,2320,S120a
104,200,96,104,72,-32,136,112,-24,167,536,369,120,160,40,128,256,128,144,160,16,103,1599,S120a
96,176,80,112,104,-8,137,136,-1,64,464,400,120,144,24,104,304,200,128,376,248,80,1784,S120a
104,144,40,144,88,-56,152,120,-32,136,560,424,128,112,-16,111,232,121,128,152,24,96,1504,S120a
104,176,72,136,72,-64,144,120,-24,103,448,345,120,192,72,128,296,168,112,168,56,128,1600,S120a
88,160,72,128,88,-40,136,96,-40,120,488,368,120,152,32,128,263,135,137,177,40,128,1552,S120a
104,184,80,120,80,-40,136,136,0,80,344,264,112,224,112,112,400,288,104,224,120,96,1688,S120a
72,152,80,136,80,-56,151,136,-15,95,416,321,112,1848,1736,95,168,73,112,368,256,82,3250,S120a
120,152,32,128,80,-48,127,112,-15,96,416,320,120,200,80,136,353,217,119,167,48,104,1584,S120a
111,192,81,152,88,-64,152,112,-40,112,520,408,136,200,64,120,568,448,151,264,113,80,2024,S120a
104,152,48,128,87,-41,137,97,-40,96,375,279,137,945,808,112,272,160,120,160,40,112,2200,S120a
120,176,56,136,80,-56,136,104,-32,96,368,272,103,376,273,120,224,104,128,432,304,88,1848,S120a
97,177,80,160,120,-40,145,144,-1,80,440,360,120,224,104,112,224,112,112,192,80,79,1600,S120a
112,192,80,112,56,-56,145,144,-1,88,408,320,128,184,56,112,271,159,129,233,104,80,1568,S120a
80,176,96,96,56,-40,145,144,-1,80,423,343,128,209,81,95,231,136,129,193,64,72,1504,S120a
104,208,104,128,72,-56,135,159,24,40,889,849,96,768,672,104,288,184,112,168,56,88,2640,S120a
104,168,64,128,72,-56,160,120,-40,104,568,464,120,232,112,120,272,152,112,216,104,104,1752,S120a
103,168,65,136,96,-40,121,120,-1,80,400,320,120,168,48,112,240,128,112,344,232,88,1624,S120a
104,184,80,120,80,-40,135,120,-15,96,472,376,137,136,-1,104,256,152,128,184,56,88,1520,S120a
128,176,48,144,56,-88,152,152,0,64,416,352,112,152,40,136,424,288,128,144,16,112,1632,S120a
80,160,80,152,72,-80,144,112,-32,112,432,320,136,192,56,128,816,688,153,152,-1,80,2016,S120a
128,248,120,135,80,-55,144,176,32,88,336,248,111,704,593,128,208,80,112,152,40,112,2016,S120a
112,240,128,139,104,-35,137,136,-1,120,648,528,104,160,56,144,256,112,128,168,40,96,1808,S120a
104,168,64,127,104,-23,137,104,-33,112,368,256,120,240,120,151,320,169,127,168,41,104,1576,S120a
80,240,160,119,88,-31,120,88,-32,112,1016,904,128,168,40,128,328,200,128,240,112,104,2272,S120a
104,144,40,112,80,-32,113,112,-1,95,424,329,135,216,81,136,296,160,128,192,64,95,1559,S120a
112,175,63,105,65,-40,137,136,-1,80,528,448,128,200,72,120,440,320,128,168,40,88,1800,S120a
96,167,71,129,65,-64,175,160,-15,120,544,424,112,152,40,136,336,200,120,152,32,104,1680,S120a
112,216,104,144,112,-32,144,113,-31,103,567,464,96,128,32,128,240,112,128,208,80,96,1680,S120a
112,160,48,120,64,-56,151,120,-31,88,536,448,128,176,48,136,208,72,120,216,96,104,1584,S120a
112,152,40,144,72,-72,152,112,-40,112,464,352,120,248,128,120,488,368,104,136,32,104,1776,S120a
88,144,56,136,64,-72,144,112,-32,88,520,432,104,184,80,128,472,344,128,296,168,112,1904,S120a
112,200,88,160,72,-88,160,136,-24,104,496,392,112,144,32,144,256,112,128,216,88,64,1584,S120a
129,128,-1,136,95,-41,129,97,-32,104,592,488,112,144,32,136,752,616,104,304,200,104,2216,S120a
104,144,40,143,128,-15,144,160,16,112,696,584,112,192,80,127,544,417,112,224,112,80,2168,S120a
104,144,40,128,88,-40,145,144,-1,88,392,304,104,257,153,128,447,319,104,328,224,104,1904,S120a
103,128,25,152,119,-33,96,32,-64,88,384,296,112,288,176,112,248,136,104,376,272,120,1695,S120a
96,160,64,160,112,-48,112,72,-40,104,488,384,72,488,416,112,369,257,119,159,40,128,1976,S120a
137,136,-1,144,88,-56,136,80,-56,88,456,368,120,248,128,128,288,160,104,224,120,80,1600,S120a
110,268,158,176,131,-45,173,214,41,143,327,184,144,417,273,103,152,49,183,351,168,104,1964,S117a
87,151,64,136,104,-32,168,128,-40,120,249,129,127,295,168,88,128,40,136,216,80,105,1376,S117a
88,200,112,95,80,-15,176,144,-32,104,225,121,127,247,120,112,208,96,136,248,112,104,1456,S117a
72,152,80,144,104,-40,168,129,-39,127,215,88,152,353,201,111,127,16,144,312,168,104,1496,S117a
104,161,57,95,55,-40,192,168,-24,128,248,120,136,280,144,80,120,40,152,224,72,104,1360,S117a
88,145,57,127,87,-40,177,143,-34,129,226,97,175,320,145,151,208,57,143,223,80,104,1456,S117a
80,121,41,159,111,-48,168,136,-32,136,280,144,144,265,121,87,159,72,136,232,96,112,1416,S117a
63,120,57,119,72,-47,183,152,-31,135,247,112,112,249,137,103,127,24,152,201,49,103,1271,S117a
71,127,56,144,104,-40,177,177,0,111,168,57,152,320,168,79,95,16,168,248,80,88,1327,S117a
96,168,72,136,80,-56,176,144,-32,120,232,112,136,272,136,88,176,88,136,216,80,88,1376,S117a
80,112,32,136,80,-56,177,160,-17,127,192,65,136,272,136,80,136,56,136,224,88,104,1280,S117a
87,128,41,144,88,-56,184,152,-32,136,272,136,136,240,104,103,568,465,136,200,64,80,1728,S117a
96,120,24,128,72,-56,160,152,-8,104,176,72,144,424,280,96,120,24,160,248,88,104,1416,S117a
80,136,56,136,96,-40,155,120,-35,88,240,152,112,224,112,112,272,160,136,199,63,113,1400,S117a
88,119,31,113,57,-56,184,152,-32,112,176,64,160,216,56,136,216,80,152,280,128,104,1320,S117a
72,112,40,152,72,-80,176,128,-48,120,272,152,120,160,40,144,192,48,144,248,104,112,1296,S117a
97,129,32,145,96,-49,152,80,-72,104,224,120,152,216,64,136,152,16,128,256,128,97,1250,S117a
56,88,32,136,63,-73,193,161,-32,112,208,96,152,208,56,112,176,64,136,208,72,80,1192,S117a
112,111,-1,176,89,-87,192,111,-81,137,249,112,176,175,-1,161,321,160,152,232,80,95,1383,S117a
88,128,40,120,72,-48,168,136,-32,119,264,145,160,136,-24,128,248,120,135,192,57,104,1280,S117a
95,160,65,127,80,-47,168,112,-56,136,240,104,144,184,40,144,200,56,152,207,55,105,1288,S117a
113,145,32,136,71,-65,177,136,-41,113,209,96,152,248,96,111,144,33,144,216,72,104,1273,S117a
112,136,24,144,80,-64,200,144,-56,112,256,144,128,184,56,120,183,63,129,185,56,120,1288,S117a
96,128,32,128,56,-72,216,144,-72,104,256,152,176,192,16,176,223,47,129,177,48,96,1272,S117a
89,89,0,144,55,-89,177,121,-56,112,191,79,162,161,-1,136,176,40,154,153,-1,95,1041,S117a
80,120,40,257,56,-201,201,200,-1,80,224,144,128,152,24,112,176,64,112,136,24,96,1160,S117a
96,136,40,176,72,-104,216,160,-56,96,224,128,144,184,40,96,160,64,137,136,-1,104,1176,S117a
91,168,77,120,64,-56,208,144,-64,104,272,168,104,136,32,112,216,104,143,152,9,80,1232,S117a
80,104,24,176,80,-96,184,120,-64,112,224,112,152,184,32,96,152,56,104,136,32,80,1080,S117a
79,128,49,201,64,-137,176,136,-40,96,224,128,185,184,-1,104,176,72,121,120,-1,88,1120,S117a
88,88,0,152,80,-72,176,120,-56,88,224,136,160,200,40,136,216,80,128,208,80,56,1192,S117a
87,150,63,145,81,-64,136,96,-40,104,176,72,144,192,48,96,153,57,127,159,32,104,1111,S117a
88,136,48,144,64,-80,176,120,-56,112,240,128,154,154,0,126,174,48,137,136,-1,104,1128,S117a
87,167,80,128,48,-80,184,121,-63,119,208,89,159,199,40,128,161,33,144,144,0,95,1143,S117a
80,161,81,135,55,-80,192,129,-63,95,208,113,151,199,48,129,130,1,126,223,97,55,1160,S117a
88,129,41,135,63,-72,153,96,-57,97,193,96,168,168,0,111,143,32,128,153,25,103,1048,S117a
79,119,40,152,80,-72,168,128,-40,112,169,57,175,232,57,95,120,25,145,144,-1,96,1088,S117a
80,169,89,136,40,-96,183,144,-39,120,208,88,159,239,80,192,193,1,80,144,64,95,1232,S117a
79,95,16,169,129,-40,96,40,-56,79,183,104,162,161,-1,120,168,48,112,152,40,88,1016,S117a
122,122,0,151,1,-150,190,150,-40,119,247,128,121,153,32,120,168,48,121,120,-1,128,1089,S117a
103,176,73,176,39,-137,193,137,-56,104,264,160,128,104,-24,104,232,128,113,112,-1,96,1160,S117a
95,168,73,144,56,-88,167,112,-55,112,263,151,144,233,89,143,264,121,104,136,32,104,1336,S117a
88,120,32,152,88,-64,184,128,-56,112,240,128,177,176,-1,152,176,24,129,128,-1,103,1159,S117a
80,136,56,168,88,-80,144,120,-24,104,192,88,144,112,-32,144,201,57,103,135,32,96,1080,S117a
95,128,33,168,80,-88,176,88,-88,120,256,136,144,128,-16,144,208,64,145,144,-1,112,1144,S117a
88,128,40,168,104,-64,160,96,-64,104,232,128,161,161,0,127,159,32,128,160,32,104,1144,S117a
88,120,32,193,89,-104,183,104,-79,119,279,160,135,104,-31,136,216,80,136,104,-32,120,1136,S117a
104,184,80,177,81,-96,175,95,-80,136,248,112,168,224,56,112,169,57,127,159,32,96,1256,S117a
88,152,64,152,104,-48,168,72,-96,128,257,129,184,184,0,111,143,32,145,144,-1,88,1144,S117a
80,113,33,143,87,-56,160,112,-48,104,177,73,169,168,-1,95,144,49,127,120,-7,96,1017,S117a
88,88,0,183,111,-72,152,72,-80,104,329,225,152,95,-57,112,201,89,112,128,16,95,1119,S117a
95,152,57,119,64,-55,160,120,-40,96,255,159,160,129,-31,111,232,121,127,160,33,104,1216,S117a
144,176,32,183,79,-104,184,129,-55,88,216,128,135,120,-15,128,183,55,114,113,-1,120,1136,S117a
87,146,59,134,22,-112,232,176,-56,120,256,136,135,104,-31,119,224,105,104,120,16,87,1135,S117a
80,144,64,152,72,-80,191,128,-63,120,232,112,161,160,-1,112,192,80,129,128,-1,72,1128,S117a
80,144,64,112,32,-80,168,160,-8,72,176,104,152,184,32,120,200,80,112,152,40,104,1152,S117a
80,136,56,184,112,-72,168,136,-32,128,207,79,153,201,48,136,192,56,104,136,32,112,1232,S117a
104,144,40,144,64,-80,183,152,-31,112,224,112,152,208,56,112,168,56,112,144,32,88,1192,S117a
96,135,39,145,81,-64,200,168,-32,112,224,112,136,184,48,128,208,80,105,105,0,111,1216,S117a
88,136,48,152,88,-64,160,113,-47,103,231,128,128,144,16,113,217,104,79,128,49,95,1152,S117a
87,104,17,175,104,-71,176,120,-56,103,272,169,160,160,0,111,248,137,103,120,17,88,1216,S117a
79,136,57,144,79,-65,168,120,-48,104,265,161,135,104,-31,120,224,104,137,136,-1,104,1168,S117a
104,167,63,137,73,-64,183,128,-55,112,288,176,136,152,16,128,232,104,111,152,41,104,1296,S117a
111,192,81,144,80,-64,160,136,-24,112,240,128,152,184,32,111,320,209,104,160,56,95,1407,S117a
56,104,48,160,104,-56,170,144,-26,112,215,103,169,209,40,128,192,64,153,152,-1,104,1224,S117a
128,160,32,120,56,-64,184,112,-72,104,215,111,178,178,0,119,207,88,137,136,-1,104,1168,S117a
96,144,48,168,120,-48,176,112,-64,136,264,128,160,128,-32,160,264,104,128,128,0,96,1256,S117a
97,161,64,176,112,-64,160,80,-80,136,280,144,160,128,-32,143,216,73,104,160,56,72,1209,S117a
88,144,56,128,48,-80,200,176,-24,120,256,136,128,208,80,152,168,16,120,160,40,128,1288,S117a
88,168,80,136,80,-56,192,152,-40,112,240,128,144,200,56,248,352,104,104,176,72,104,1472,S117a
72,104,32,169,80,-89,160,88,-72,120,232,112,152,192,40,152,168,16,104,216,112,129,1209,S117a
81,136,55,184,120,-64,160,96,-64,144,248,104,152,184,32,136,176,40,112,224,112,128,1312,S117a
96,176,80,136,72,-64,176,129,-47,119,231,112,152,208,56,137,137,0,127,159,32,112,1224,S117a
104,144,40,128,40,-88,194,168,-26,128,184,56,160,224,64,137,137,0,119,175,56,96,1168,S117a
104,128,24,160,88,-72,176,104,-72,112,241,129,160,160,0,135,200,65,119,160,41,96,1177,S117a
111,175,64,144,64,-80,159,128,-31,88,217,129,160,159,-1,128,208,80,120,152,32,113,1216,S117a
87,144,57,144,80,-64,176,104,-72,135,296,161,167,127,-40,145,225,80,127,144,17,127,1247,S117a
87,168,81,167,144,-23,135,80,-55,120,256,136,144,112,-32,127,184,57,120,160,40,112,1216,S117a
103,160,57,136,56,-80,192,152,-40,120,208,88,152,247,95,105,106,1,119,191,72,104,1224,S117a
88,152,64,176,128,-48,168,128,-40,120,224,104,176,176,0,128,184,56,112,152,40,112,1256,S117a
71,119,48,137,57,-80,192,152,-40,112,224,112,152,208,56,120,176,56,104,208,104,80,1224,S117a
87,168,81,120,40,-80,208,208,0,104,176,72,128,248,120,104,105,1,119,167,48,127,1239,S117a
112,192,80,160,71,-89,177,153,-24,112,216,104,152,192,40,112,168,56,112,191,79,105,1288,S117a
104,144,40,193,104,-89,144,88,-56,103,208,105,185,184,-1,120,168,48,104,176,72,128,1200,S117a
89,169,80,136,72,-64,186,152,-34,120,248,128,144,200,56,136,184,48,128,184,56,96,1305,S117a
80,136,56,143,88,-55,184,144,-40,120,232,112,177,177,0,111,215,104,112,144,32,96,1232,S117a
96,152,56,136,96,-40,168,128,-40,128,608,480,137,136,-1,104,304,200,112,168,56,104,1696,S117a
88,160,72,136,80,-56,191,152,-39,120,224,104,160,192,32,120,200,80,104,160,56,72,1240,S117a
80,160,80,104,35,-69,213,181,-32,120,224,104,136,168,32,136,224,88,88,129,41,111,1232,S117a
104,168,64,144,88,-56,152,104,-48,128,256,128,136,113,-23,151,256,105,87,479,392,81,1545,S117a
103,111,8,152,88,-64,144,96,-48,120,216,96,160,192,32,144,199,55,81,194,113,127,1223,S117a
95,160,65,184,96,-88,143,88,-55,111,215,104,177,177,0,119,152,33,112,135,23,96,1119,S117a
87,136,49,127,40,-87,207,152,-55,111,384,273,167,144,-23,151,280,129,119,160,41,127,1423,S117a
104,144,40,185,104,-81,143,80,-63,120,264,144,128,128,0,135,192,57,95,128,33,104,1144,S117a
104,152,48,128,40,-88,208,176,-32,120,248,128,128,128,0,135,192,57,112,168,56,95,1199,S117a
104,144,40,136,72,-64,192,152,-40,136,272,136,184,224,40,128,288,160,112,135,23,97,1384,S117a
80,136,56,128,64,-64,184,128,-56,120,247,127,137,97,-40,152,408,256,96,152,56,104,1336,S117a
80,152,72,144,80,-64,160,120,-40,120,280,160,160,224,64,129,279,150,105,137,32,104,1376,S117a
96,160,64,184,104,-80,184,200,16,112,200,88,152,240,88,127,168,41,120,144,24,104,1320,S117a
80,160,80,120,64,-56,185,184,-1,80,176,96,136,232,96,128,224,96,103,184,81,88,1312,S117a
89,169,80,144,104,-40,177,176,-1,112,399,287,153,545,392,104,200,96,152,288,136,136,2017,S117a
80,152,72,143,104,-39,136,72,-64,120,336,216,152,352,200,128,192,64,112,144,32,104,1456,S117a
112,143,31,160,80,-80,184,160,-24,128,256,128,176,264,88,137,137,0,127,255,128,112,1407,S117a
80,160,80,200,97,-103,200,200,0,135,239,104,152,224,72,112,465,353,103,239,136,112,1736,S117a
87,112,25,167,64,-103,216,216,0,103,207,104,128,233,105,103,159,56,137,233,96,87,1311,S117a
80,192,112,144,145,1,135,151,16,128,248,120,128,464,336,112,233,121,111,335,224,128,1896,S117a
104,176,72,103,88,-15,176,176,0,120,424,304,152,280,128,104,208,104,112,280,168,104,1736,S117a
80,152,72,127,104,-23,152,152,0,104,208,104,119,448,329,104,104,0,160,200,40,112,1480,S117a
72,152,80,121,88,-33,172,136,-36,128,224,96,120,312,192,96,120,24,151,216,65,120,1368,S117a
88,144,56,135,104,-31,185,184,-1,128,168,40,152,320,168,104,112,8,160,216,56,112,1360,S117a
88,128,40,160,104,-56,168,136,-32,136,200,64,128,264,136,112,113,1,159,199,40,136,1280,S117a
104,184,80,120,80,-40,171,144,-27,112,176,64,128,216,88,145,145,0,135,231,96,104,1280,S117a
104,152,48,128,72,-56,176,136,-40,136,199,63,137,233,96,144,160,16,128,200,72,112,1264,S117a
120,160,40,135,80,-55,192,136,-56,136,272,136,136,168,32,136,152,16,154,153,-1,119,1240,S117a
104,144,40,144,88,-56,184,136,-48,136,216,80,160,216,56,112,168,56,129,128,-1,112,1208,S117a
112,128,16,144,88,-56,192,120,-72,144,240,96,161,160,-1,136,176,40,137,136,-1,120,1168,S117a
96,120,24,120,80,-40,160,120,-40,80,224,144,136,360,224,160,161,1,119,183,64,112,1360,S117a
88,128,40,160,104,-56,161,161,0,111,176,65,151,239,88,129,129,0,135,191,56,120,1248,S117a
88,177,89,167,127,-40,160,96,-64,120,224,104,176,192,16,152,185,33,127,159,32,96,1256,S117a
104,144,40,152,88,-64,184,129,-55,111,263,152,121,121,0,151,208,57,127,168,41,104,1225,S117a
88,120,32,152,79,-73,184,105,-79,111,240,129,151,184,33,128,168,40,111,200,89,95,1191,S117a
87,144,57,151,88,-63,167,88,-79,136,224,88,176,184,8,136,200,64,143,200,57,104,1232,S117a
80,136,56,151,80,-71,192,112,-80,120,272,152,128,184,56,120,144,24,160,224,64,87,1239,S117a
80,144,64,144,80,-64,176,104,-72,128,232,104,160,216,56,144,328,184,160,216,56,160,1480,S117a
72,112,40,152,80,-72,176,128,-48,128,208,80,161,160,-1,152,208,56,128,192,64,112,1200,S117a
80,96,16,152,96,-56,176,128,-48,120,200,80,160,192,32,120,176,56,136,208,72,96,1192,S117a
113,112,-1,184,120,-64,184,80,-104,136,256,120,192,176,-16,128,208,80,136,168,32,96,1216,S117a
88,144,56,144,72,-72,192,128,-64,112,224,112,168,200,32,152,208,56,136,192,56,104,1272,S117a
88,168,80,136,56,-80,200,136,-64,112,208,96,160,184,24,152,169,17,111,183,72,105,1209,S117a
56,80,24,168,88,-80,176,136,-40,104,216,112,128,360,232,120,88,-32,136,232,96,80,1280,S117a
103,119,16,185,120,-65,168,64,-104,136,272,136,161,161,0,127,183,56,104,144,40,88,1151,S117a
118,166,48,120,65,-55,191,136,-55,119,199,80,152,217,65,127,152,25,111,160,49,111,1206,S117a
104,153,49,217,80,-137,191,136,-55,104,208,104,159,208,49,160,191,31,104,208,104,80,1264,S117a
88,88,0,192,128,-64,168,96,-72,119,224,105,143,200,57,96,136,40,111,152,41,103,1127,S117a
80,136,56,176,96,-80,192,120,-72,103,256,153,135,104,-31,144,224,80,129,128,-1,88,1152,S117a
80,208,128,120,80,-40,160,80,-80,112,232,120,160,160,0,128,136,8,112,144,32,96,1136,S117a
104,144,40,184,88,-96,176,96,-80,120,272,152,121,120,-1,104,192,88,119,104,-15,128,1144,S117a
88,144,56,185,128,-57,96,56,-40,72,200,128,176,400,224,153,153,0,127,191,64,128,1400,S117a
128,152,24,145,80,-65,112,64,-48,112,192,80,144,184,40,152,176,24,128,176,48,120,1144,S117a
88,120,32,152,80,-72,168,104,-64,120,256,136,161,160,-1,152,192,40,136,120,-16,120,1152,S117a
128,152,24,217,88,-129,192,128,-64,104,224,120,192,176,-16,128,208,80,136,104,-32,112,1192,S117a
88,128,40,127,64,-63,199,112,-87,111,240,129,151,136,-15,143,176,33,111,168,57,95,1119,S117a
80,177,97,144,64,-80,159,80,-79,103,200,97,159,144,-15,128,168,40,129,128,-1,87,1048,S117a
80,112,32,167,96,-71,168,96,-72,111,248,137,176,128,-48,160,216,56,129,128,-1,112,1136,S117a
56,144,88,144,88,-56,192,88,-104,112,264,152,183,152,-31,144,192,48,121,120,-1,128,1176,S117a
96,144,48,168,88,-80,192,112,-80,128,304,176,128,80,-48,136,224,88,112,144,32,112,1208,S117a
64,144,80,160,80,-80,184,104,-80,112,264,152,160,119,-41,169,233,64,128,160,32,136,1240,S117a
96,120,24,177,88,-89,192,88,-104,120,272,152,152,96,-56,136,216,80,112,152,40,104,1136,S117a
104,144,40,185,96,-89,184,89,-95,127,239,112,177,176,-1,136,176,40,112,192,80,104,1216,S117a
72,88,16,194,104,-90,168,90,-78,111,215,104,194,161,-33,143,223,80,128,161,33,119,1161,S117a
96,129,33,135,63,-72,176,96,-80,120,240,120,176,224,48,168,192,24,138,137,-1,119,1200,S117a
128,145,17,168,63,-105,200,105,-95,127,303,176,134,104,-30,176,241,65,128,128,0,119,1208,S117a
88,145,57,167,64,-103,207,127,-80,136,241,105,176,176,0,111,176,65,137,136,-1,127,1192,S117a
64,176,112,144,64,-80,167,120,-47,96,176,80,176,232,56,143,176,33,137,136,-1,112,1192,S117a
80,128,48,160,56,-104,192,136,-56,112,208,96,184,184,0,152,304,152,128,200,72,104,1320,S117a
104,160,56,144,64,-80,184,104,-80,112,240,128,160,184,24,128,217,89,111,127,16,104,1200,S117a
103,144,41,176,88,-88,176,104,-72,120,240,120,168,112,-56,144,256,112,120,160,40,80,1184,S117a
104,128,24,160,40,-120,200,120,-80,112,264,152,128,104,-24,168,256,88,128,104,-24,112,1128,S117a
80,184,104,168,40,-128,200,168,-32,136,216,80,152,216,64,152,184,32,96,136,40,120,1264,S117a
96,120,24,168,88,-80,192,160,-32,112,224,112,152,224,72,128,184,56,105,104,-1,112,1216,S117a
96,128,32,193,48,-145,184,144,-40,80,208,128,176,208,32,136,184,48,121,120,-1,128,1168,S117a
96,152,56,200,64,-136,216,184,-32,120,256,136,153,152,-1,128,336,208,112,352,240,80,1576,S117a
104,152,48,152,80,-72,168,88,-80,120,200,80,152,208,56,120,128,8,128,160,32,104,1120,S117a
88,112,24,216,128,-88,168,120,-48,112,216,104,152,224,72,128,144,16,128,160,32,88,1192,S117a
104,153,49,143,88,-55,167,95,-72,104,208,104,136,233,97,144,144,0,111,135,24,112,1168,S117a
112,153,41,208,80,-128,191,128,-63,103,263,160,129,129,0,151,256,105,112,80,-32,111,1200,S117a
32,49,17,191,176,-15,175,72,-103,111,264,153,159,112,-47,152,248,96,105,80,-25,119,1120,S117a
95,144,49,208,56,-152,184,152,-32,112,168,56,176,200,24,176,240,64,137,136,-1,120,1216,S117a
56,88,32,184,80,-104,184,136,-48,88,216,128,152,352,200,128,184,56,104,208,104,112,1376,S117a
105,104,-1,184,56,-128,216,152,-64,120,240,120,152,256,104,128,248,120,128,152,24,120,1328,S117a
88,192,104,160,56,-104,200,144,-56,120,391,271,177,177,0,96,304,208,112,248,136,96,1608,S117a
88,176,88,168,88,-80,151,136,-15,104,192,88,176,224,48,111,264,153,127,184,57,96,1360,S117a
88,168,80,160,88,-72,168,104,-64,120,240,120,160,200,40,136,320,184,120,240,120,136,1496,S117a
104,136,32,193,64,-129,208,128,-80,104,336,232,176,152,-24,152,496,344,112,136,24,112,1560,S117a
80,112,32,144,64,-80,144,128,-16,88,152,64,152,264,112,135,127,-8,104,184,80,88,1119,S117a
79,119,40,201,56,-145,224,144,-80,112,240,128,184,208,24,128,216,88,144,200,56,128,1311,S117a
80,112,32,192,97,-95,207,128,-79,119,271,152,177,177,0,127,272,145,103,159,56,88,1304,S117a
88,144,56,160,56,-104,192,128,-64,120,233,113,167,223,56,112,192,80,160,336,176,152,1464,S117a
88,144,56,151,64,-87,183,128,-55,111,200,89,152,216,64,119,152,33,112,152,40,111,1167,S117a
71,128,57,184,56,-128,224,144,-80,112,264,152,176,216,40,112,200,88,128,304,176,88,1400,S117a
96,144,48,168,56,-112,232,128,-104,136,272,136,167,136,-31,160,256,96,137,136,-1,128,1256,S117a
96,128,32,160,88,-72,200,152,-48,112,216,104,176,296,120,112,136,24,112,200,88,120,1336,S117a
104,168,64,152,48,-104,208,168,-40,80,224,144,144,632,488,136,168,32,120,296,176,136,1840,S117a
80,136,56,176,96,-80,152,96,-56,104,208,104,184,216,32,128,184,56,128,224,96,120,1280,S117a
104,176,72,152,28,-124,212,156,-56,128,272,144,168,184,16,160,216,56,128,176,48,120,1328,S117a
56,136,80,152,48,-104,216,128,-88,128,240,112,185,184,-1,112,312,200,128,160,32,96,1304,S117a
96,136,40,200,88,-112,224,144,-80,128,280,152,184,264,80,104,248,144,112,152,40,104,1416,S117a
96,88,-8,168,72,-96,208,129,-79,119,263,144,168,192,24,128,176,48,112,152,40,160,1232,S117a
88,144,56,168,64,-104,208,152,-56,112,240,128,201,201,0,135,207,72,128,184,56,112,1304,S117a
104,145,41,208,56,-152,223,152,-71,127,263,136,184,217,33,111,504,393,127,192,65,79,1608,S117a
103,128,25,199,71,-128,224,153,-71,127,256,129,160,264,104,135,287,152,144,257,113,79,1495,S117a
79,128,49,143,80,-63,167,136,-31,120,216,96,144,304,160,111,127,16,129,193,64,128,1312,S117a
64,128,64,224,80,-144,224,144,-80,144,248,104,160,224,64,160,200,40,96,216,120,104,1344,S117a
95,80,-15,177,80,-97,216,152,-64,128,280,152,184,256,72,128,240,112,112,192,80,128,1408,S117a
112,168,56,152,80,-72,184,104,-80,112,256,144,176,224,48,136,200,64,104,224,120,109,1365,S117a
120,144,24,185,56,-129,192,128,-64,120,256,136,169,168,-1,160,288,128,128,304,176,96,1440,S117a
120,112,-8,176,96,-80,184,120,-64,128,256,128,152,264,112,96,152,56,128,208,80,104,1312,S117a
129,128,-1,193,96,-97,176,96,-80,128,248,120,152,496,344,128,129,1,103,231,128,112,1536,S117a
128,144,16,200,120,-80,192,112,-80,144,296,152,144,224,80,128,160,32,120,192,72,112,1360,S117a
96,152,56,176,56,-120,216,136,-80,121,320,199,168,353,185,127,383,256,104,256,152,88,1744,S117a
112,112,0,160,88,-72,183,128,-55,112,240,128,144,248,104,160,160,0,96,240,144,96,1312,S117a
104,144,40,152,104,-48,183,168,-15,120,208,88,128,648,520,104,105,1,127,167,40,120,1664,S117a
99,137,38,131,100,-31,162,115,-47,132,269,137,132,300,168,101,164,63,115,269,154,68,1422,S117a
79,316,237,63,31,-32,217,154,-63,100,247,147,153,184,31,100,185,85,131,200,69,106,1423,S117a
101,169,68,132,85,-47,162,84,-78,132,232,100,147,163,16,122,206,84,100,178,78,101,1218,S117a
85,232,147,116,69,-47,178,100,-78,116,247,131,154,138,-16,116,494,378,84,122,38,85,1487,S117a
101,132,31,131,69,-62,178,131,-47,116,200,84,132,169,37,100,179,79,100,154,54,113,1147,S117a
95,158,63,133,62,-71,195,166,-29,117,217,100,139,101,-38,154,285,131,137,216,79,69,1274,S117a
115,184,69,147,85,-62,178,115,-63,116,215,99,133,186,53,116,162,46,123,154,31,100,1201,S117a
85,185,100,116,53,-63,201,147,-54,100,216,116,123,85,-38,138,238,100,100,363,263,100,1387,S117a
100,100,0,132,94,-38,138,69,-69,100,254,154,131,216,85,131,116,-15,107,184,77,116,1149,S117a
84,137,53,147,100,-47,148,79,-69,122,269,147,131,53,-78,132,316,184,132,348,216,84,1386,S117a
85,154,69,147,94,-53,153,84,-69,122,254,132,146,68,-78,132,247,115,101,154,53,100,1155,S117a
131,184,53,132,53,-79,163,79,-84,100,269,169,132,301,169,115,216,101,100,216,116,115,1433,S117a
100,168,68,194,100,-94,201,163,-38,100,254,154,162,347,185,131,153,22,116,201,85,99,1485,S117a
100,131,31,131,69,-62,169,116,-53,115,215,100,154,138,-16,131,178,47,101,222,121,94,1163,S117a
100,147,47,131,69,-62,178,115,-63,132,247,115,138,169,31,154,216,62,100,216,116,100,1279,S117a
79,116,37,148,63,-85,160,85,-75,91,253,162,200,147,-53,100,200,100,85,254,169,131,1249,S117a
84,153,69,132,85,-47,200,147,-53,100,231,131,154,138,-16,132,216,84,100,169,69,100,1239,S117a
101,163,62,154,100,-54,170,85,-85,131,285,154,116,69,-47,162,231,69,101,248,147,115,1296,S117a
116,216,100,100,31,-69,185,138,-47,131,215,84,147,132,-15,151,222,71,78,163,85,100,1217,S117a
106,200,94,153,106,-47,163,47,-116,131,301,170,153,147,-6,122,237,115,116,216,100,100,1354,S117a
101,185,84,154,85,-69,153,69,-84,131,284,153,163,248,85,131,147,16,106,137,31,116,1271,S117a
85,201,116,153,106,-47,147,78,-69,147,263,116,138,84,-54,138,238,100,85,163,78,100,1233,S117a
106,184,78,138,69,-69,185,100,-85,116,254,138,147,194,47,169,223,54,100,185,85,116,1325,S117a
116,178,62,185,101,-84,173,84,-89,129,233,104,161,119,-42,174,263,89,92,145,53,111,1234,S117a
101,190,89,1144,63,-1081,191,89,-102,134,256,122,121,50,-71,153,234,81,111,152,41,140,1174,S117a
120,151,31,154,85,-69,169,69,-100,100,285,185,163,147,-16,131,169,38,116,132,16,131,1169,S117a
115,216,101,115,68,-47,169,85,-84,131,247,116,138,131,-7,138,201,63,106,122,16,100,1170,S117a
147,200,53,116,47,-69,169,100,-69,100,232,132,154,216,62,138,138,0,84,169,85,116,1218,S117a
84,116,32,131,69,-62,163,78,-85,122,285,163,138,116,-22,122,184,62,85,169,84,100,1117,S117a
100,200,100,163,100,-63,163,100,-63,147,278,131,138,69,-69,138,238,100,116,162,46,85,1232,S117a
85,269,184,116,38,-78,200,100,-100,131,247,116,153,169,16,147,185,38,100,131,31,101,1240,S117a
101,179,78,138,68,-70,170,117,-53,122,238,116,131,162,31,138,185,47,85,116,31,100,1165,S117a
84,184,100,163,100,-63,179,63,-116,116,285,169,116,69,-47,163,263,100,100,169,69,69,1202,S117a
123,254,131,132,85,-47,147,131,-16,116,200,84,154,132,-22,169,238,69,84,185,101,100,1325,S117a
100,100,0,153,84,-69,169,85,-84,100,231,131,131,231,100,122,138,16,100,201,101,100,1170,S117a
84,200,116,138,100,-38,154,85,-69,131,253,122,116,347,231,132,132,0,99,199,100,100,1416,S117a
100,147,47,153,84,-69,185,116,-69,131,247,116,122,338,216,116,100,-16,134,216,82,100,1348,S117a
85,238,153,163,78,-85,185,116,-69,122,238,116,169,401,232,100,100,0,100,147,47,116,1434,S117a
85,169,84,138,69,-69,200,100,-100,116,269,153,116,363,247,100,116,16,122,154,32,100,1340,S117a
100,169,69,147,62,-85,170,85,-85,138,285,147,138,200,62,138,138,0,132,194,62,107,1240,S117a
84,168,84,147,63,-84,216,116,-100,137,253,116,162,231,69,132,254,122,100,131,31,69,1285,S117a
100,116,16,137,84,-53,169,100,-69,100,232,132,122,200,78,122,138,16,84,200,116,116,1186,S117a
116,185,69,148,47,-101,223,154,-69,131,263,132,137,206,69,178,232,54,68,169,101,84,1340,S117a
100,178,78,122,53,-69,169,100,-69,101,248,147,122,200,78,122,153,31,84,200,116,100,1232,S117a
94,116,22,116,32,-84,215,147,-68,106,254,148,147,169,22,115,216,101,100,215,115,85,1234,S117a
116,163,47,100,53,-47,178,131,-47,132,248,116,153,253,100,154,131,-23,70,223,153,94,1296,S117a
116,185,69,184,31,-153,237,153,-84,131,247,116,138,169,31,132,216,84,116,201,85,100,1302,S117a
84,184,100,148,16,-132,247,185,-62,131,231,100,147,163,16,154,223,69,100,147,47,115,1264,S117a
116,179,63,168,53,-115,215,147,-68,122,253,131,147,185,38,147,532,385,84,84,0,85,1518,S117a
84,106,22,131,62,-69,185,138,-47,100,279,179,153,168,15,232,448,216,106,100,-6,85,1386,S117a
84,153,69,132,78,-54,123,54,-69,100,247,147,138,138,0,131,184,53,101,147,46,85,1086,S117a
101,148,47,116,69,-47,184,131,-53,116,354,238,147,301,154,115,262,147,100,285,185,100,1650,S117a
102,164,62,137,84,-53,153,84,-69,85,285,200,132,185,53,178,178,0,69,169,100,169,1318,S117a
116,169,53,163,85,-78,184,100,-84,116,262,146,153,422,269,101,48,-53,153,253,100,100,1439,S117a
178,247,69,84,53,-31,162,116,-46,115,200,85,147,216,69,131,153,22,94,194,100,106,1285,S117a
100,147,47,137,69,-68,184,147,-37,100,238,138,131,231,100,132,185,53,100,184,84,116,1317,S117a
100,153,53,116,32,-84,216,184,-32,116,201,85,131,231,100,116,116,0,116,184,68,116,1217,S117a
137,184,47,100,0,-100,247,169,-78,116,263,147,153,138,-15,184,284,100,116,163,47,116,1317,S117a
100,147,47,153,84,-69,169,100,-69,116,269,153,116,100,-16,163,248,85,131,215,84,100,1263,S117a
100,131,31,116,54,-62,215,146,-69,85,285,200,147,269,122,116,100,-16,116,178,62,107,1270,S117a
100,178,78,122,38,-84,200,131,-69,116,254,138,116,163,47,153,184,31,101,169,68,116,1233,S117a
85,132,47,169,68,-101,169,116,-53,122,222,100,147,179,32,169,184,15,69,185,116,116,1202,S117a
114,168,54,115,47,-68,200,137,-63,94,263,169,153,153,0,116,147,31,132,185,53,100,1200,S117a
116,163,47,154,54,-100,184,146,-38,101,225,124,132,147,15,154,238,84,116,200,84,116,1289,S117a
116,154,38,147,84,-63,154,116,-38,101,201,100,131,263,132,138,185,47,69,184,115,101,1288,S117a
84,100,16,162,84,-78,178,116,-62,100,247,147,153,153,0,116,148,32,100,169,69,131,1148,S117a
101,179,78,122,53,-69,185,132,-53,115,253,138,178,131,-47,116,254,138,116,178,62,122,1302,S117a
101,179,78,106,38,-68,200,131,-69,101,317,216,153,622,469,100,47,-53,147,354,207,147,1835,S117a
68,115,47,132,54,-78,178,100,-78,100,263,163,153,416,263,154,169,15,101,232,131,84,1433,S117a
100,169,69,116,47,-69,192,122,-70,100,247,147,132,154,22,131,247,116,84,116,32,115,1217,S117a
115,169,54,178,78,-100,200,138,-62,116,263,147,137,153,16,147,247,100,85,138,53,116,1302,S117a
100,163,63,115,53,-62,185,132,-53,116,253,137,132,301,169,131,200,69,100,178,78,101,1381,S117a
95,117,22,162,94,-68,169,84,-85,116,254,138,162,115,-47,131,200,69,101,148,47,106,1118,S117a
100,153,53,116,47,-69,185,122,-63,100,232,132,147,131,-16,138,200,62,116,154,38,131,1170,S117a
100,147,47,153,85,-68,168,84,-84,100,432,332,153,153,0,163,501,338,100,116,16,100,1618,S117a
84,153,69,131,31,-100,185,153,-32,100,216,116,116,200,84,132,263,131,75,169,94,132,1317,S117a
116,169,53,132,63,-69,184,153,-31,100,285,185,131,116,-15,169,300,131,100,147,47,122,1355,S117a
100,147,47,138,69,-69,185,153,-32,132,247,115,132,301,169,116,153,37,63,178,115,122,1370,S117a
100,116,16,131,84,-47,185,132,-53,100,237,137,163,101,-62,131,200,69,100,147,47,116,1133,S117a
100,163,63,121,37,-84,184,147,-37,85,285,200,153,131,-22,169,269,100,132,169,37,132,1333,S117a
116,132,16,122,37,-85,185,163,-22,116,222,106,132,147,15,116,232,116,100,137,37,116,1186,S117a
122,154,32,116,31,-85,201,154,-47,106,231,125,138,154,16,184,262,78,85,169,84,101,1256,S117a
100,200,100,100,63,-37,153,131,-22,84,222,138,131,347,216,100,116,16,100,137,37,123,1339,S117a
100,169,69,154,85,-69,169,115,-54,116,254,138,131,131,0,147,216,69,100,132,32,100,1202,S117a
116,184,68,132,63,-69,169,100,-69,100,238,138,147,131,-16,154,232,78,84,185,101,116,1249,S117a
84,153,69,131,31,-100,185,147,-38,116,222,106,132,201,69,178,178,0,85,238,153,132,1302,S117a
101,154,53,185,62,-123,185,138,-47,85,201,116,147,200,53,162,184,22,94,200,106,163,1302,S117a
107,238,131,185,100,-85,185,101,-84,115,300,185,163,248,85,153,169,16,138,231,93,122,1509,S117a
69,100,31,147,85,-62,178,100,-78,116,300,184,131,100,-31,147,432,285,116,254,138,116,1487,S117a
100,162,62,138,85,-53,153,100,-53,85,285,200,132,116,-16,132,348,216,100,207,107,116,1419,S117a
116,169,53,147,63,-84,169,122,-47,116,223,107,161,161,0,116,232,116,116,301,185,147,1418,S117a
85,116,31,169,116,-53,169,116,-53,100,269,169,131,184,53,147,263,116,100,200,100,100,1364,S117a
100,153,53,148,47,-101,185,138,-47,116,247,131,138,169,31,163,232,69,116,369,253,100,1455,S117a
116,163,47,169,69,-100,200,138,-62,94,231,137,147,185,38,147,231,84,85,216,131,116,1349,S117a
116,148,32,131,68,-63,185,179,-6,84,222,138,147,185,38,147,316,169,131,262,131,85,1465,S117a
63,131,68,169,132,-37,131,100,-31,68,200,132,116,192,76,108,193,85,84,216,132,53,1217,S117a
111,112,1,160,86,-74,195,170,-25,114,200,86,145,504,359,90,137,47,128,216,88,113,1538,S117a
82,120,38,137,80,-57,161,105,-56,89,231,142,154,416,262,106,121,15,137,200,63,104,1377,S117a
82,184,102,106,72,-34,146,120,-26,81,176,95,129,377,248,113,135,22,122,217,95,89,1370,S117a
81,136,55,112,72,-40,151,112,-39,88,216,128,114,264,150,104,158,54,124,410,286,105,1473,S117a
106,161,55,121,72,-49,139,104,-35,137,216,79,129,368,239,88,90,2,136,238,102,97,1346,S117a
81,128,47,137,88,-49,146,64,-82,98,232,134,106,169,63,113,152,39,121,256,135,98,1187,S117a
92,111,19,145,64,-81,171,82,-89,104,207,103,137,139,2,127,165,38,114,184,70,105,1057,S117a
82,120,38,138,56,-82,169,113,-56,97,192,95,121,144,23,145,175,30,97,201,104,97,1098,S117a
83,128,45,113,48,-65,177,96,-81,84,216,132,120,168,48,137,138,1,104,214,110,81,1089,S117a
74,112,38,97,41,-56,152,102,-50,90,193,103,113,312,199,105,106,1,96,384,288,95,1345,S117a
96,152,56,113,40,-73,151,74,-77,80,246,166,128,176,48,98,120,22,113,191,78,90,1089,S117a
72,136,64,129,64,-65,137,88,-49,92,184,92,137,192,55,121,137,16,105,216,111,97,1114,S117a
81,136,55,121,55,-66,147,67,-80,103,230,127,128,112,-16,129,176,47,104,168,64,105,1049,S117a
74,120,46,129,40,-89,163,90,-73,96,198,102,129,130,1,120,152,32,112,174,62,98,1002,S117a
90,136,46,121,47,-74,163,75,-88,103,222,119,146,120,-26,115,177,62,121,168,47,72,1017,S117a
73,224,151,104,31,-73,162,75,-87,95,262,167,137,112,-25,105,200,95,98,184,86,105,1193,S117a
82,144,62,138,72,-66,145,72,-73,129,241,112,129,96,-33,136,216,80,129,159,30,145,1145,S117a
106,170,64,128,64,-64,145,66,-79,95,230,135,137,72,-65,144,216,72,145,184,39,89,1091,S117a
81,168,87,128,56,-72,161,73,-88,90,215,125,129,131,2,127,173,46,113,176,63,89,1081,S117a
97,192,95,121,32,-89,161,91,-70,74,221,147,145,105,-40,129,199,70,122,149,27,101,1090,S117a
64,144,80,153,47,-106,162,107,-55,95,206,111,128,88,-40,163,248,85,129,168,39,120,1128,S117a
88,160,72,105,32,-73,181,104,-77,105,240,135,129,131,2,126,173,47,97,144,47,97,1081,S117a
89,160,71,106,48,-58,169,112,-57,104,192,88,138,288,150,97,98,1,119,182,63,105,1185,S117a
90,153,63,153,56,-97,168,98,-70,73,238,165,153,98,-55,199,230,31,89,144,55,96,1113,S117a
99,161,62,137,55,-82,155,83,-72,95,222,127,146,129,-17,128,207,79,105,176,71,106,1139,S117a
73,136,63,152,71,-81,156,97,-59,104,208,104,138,215,77,122,123,1,103,166,63,105,1121,S117a
89,160,71,146,55,-91,163,113,-50,89,202,113,127,254,127,129,104,-25,122,185,63,96,1169,S117a
96,151,55,145,80,-65,153,97,-56,88,216,128,129,199,70,129,130,1,112,166,54,106,1145,S117a
96,167,71,121,40,-81,171,112,-59,92,200,108,144,145,1,121,167,46,113,136,23,105,1072,S117a
82,151,69,139,73,-66,161,120,-41,117,184,67,145,184,39,114,152,38,105,136,31,105,1105,S117a
73,160,87,136,72,-64,161,162,1,71,167,96,145,160,15,114,143,29,114,137,23,105,1106,S117a
81,168,87,128,32,-96,192,152,-40,97,176,79,129,192,63,113,114,1,103,158,55,97,1089,S117a
81,144,63,130,57,-73,184,119,-65,97,224,127,129,184,55,73,128,55,80,159,79,90,1105,S117a
80,168,88,162,40,-122,194,145,-49,89,199,110,121,336,215,122,126,4,107,195,88,81,1290,S117a
105,161,56,151,71,-80,128,82,-46,50,190,140,169,170,1,142,212,70,113,154,41,97,1137,S117a
88,139,51,118,53,-65,145,96,-49,89,208,119,177,160,-17,145,240,95,105,161,56,80,1137,S117a
89,152,63,137,56,-81,160,112,-48,99,184,85,137,159,22,129,153,24,105,160,55,97,1073,S117a
73,128,55,130,56,-74,169,143,-26,75,169,94,137,208,71,130,264,134,114,167,53,106,1241,S117a
84,224,140,146,72,-74,159,103,-56,90,201,111,136,176,40,130,152,22,97,120,23,97,1145,S117a
97,176,79,152,71,-81,162,104,-58,100,225,125,129,88,-41,129,447,318,153,154,1,97,1362,S117a
89,160,71,137,48,-89,178,152,-26,112,168,56,137,248,111,129,129,0,111,167,56,80,1152,S117a
97,248,151,136,1,-135,209,151,-58,99,208,109,142,120,-22,112,168,56,121,175,54,106,1177,S117a
81,216,135,97,24,-73,160,128,-32,88,375,287,162,163,1,95,230,135,99,193,94,90,1419,S117a
89,216,127,145,48,-97,177,160,-17,89,192,103,153,155,2,126,181,55,113,176,63,97,1225,S117a
73,167,94,170,72,-98,161,121,-40,105,191,86,130,201,71,114,128,14,98,168,70,105,1153,S117a
81,168,87,130,56,-74,193,152,-41,90,200,110,153,176,23,112,184,72,113,144,31,89,1169,S117a
90,176,86,186,88,-98,174,120,-54,113,192,79,146,192,46,153,154,1,95,158,63,120,1200,S117a
66,209,143,105,56,-49,131,88,-43,90,176,86,161,120,-41,129,392,263,98,136,38,89,1266,S117a
105,107,2,135,61,-74,145,88,-57,115,248,133,178,160,-18,113,344,231,129,160,31,98,1266,S117a
98,152,54,147,64,-83,153,112,-41,104,184,80,154,176,22,138,169,31,105,160,55,88,1105,S117a
89,112,23,145,80,-65,129,66,-63,104,205,101,138,296,158,113,80,-33,130,193,63,104,1136,S117a
81,143,62,114,25,-89,192,136,-56,97,200,103,161,162,1,128,174,46,105,143,38,122,1105,S117a
90,144,54,143,55,-88,186,105,-81,97,224,127,193,194,1,95,166,71,114,160,46,105,1153,S117a
66,152,86,123,48,-75,173,103,-70,108,209,101,186,280,94,137,138,1,111,142,31,97,1169,S117a
106,153,47,144,73,-71,128,73,-55,110,213,103,137,168,31,113,114,1,88,166,78,112,1072,S117a
98,153,55,121,41,-80,168,127,-41,97,184,87,177,179,2,135,229,94,106,177,71,96,1186,S117a
96,136,40,145,47,-98,170,105,-65,112,216,104,161,162,1,126,158,32,96,176,80,97,1097,S117a
97,135,38,162,66,-96,184,143,-41,129,207,78,146,137,-9,145,167,22,114,169,55,105,1129,S117a
112,152,40,165,55,-110,185,136,-49,107,193,86,153,232,79,123,125,2,116,139,23,96,1128,S117a
73,160,87,145,56,-89,194,128,-66,113,232,119,178,288,110,153,176,23,137,139,2,94,1273,S117a
88,127,39,122,56,-66,154,114,-40,88,183,95,169,224,55,121,200,79,105,201,96,111,1216,S117a
97,152,55,161,80,-81,162,120,-42,113,199,86,162,209,47,112,113,1,112,159,47,121,1153,S117a
81,151,70,107,33,-74,193,168,-25,100,176,76,161,162,1,135,198,63,105,128,23,97,1113,S117a
129,176,47,137,47,-90,163,97,-66,97,207,110,154,265,111,121,122,1,111,158,47,145,1217,S117a
82,152,70,161,32,-129,185,130,-55,79,230,151,162,145,-17,128,239,111,129,176,47,105,1209,S117a
81,160,79,129,48,-81,178,112,-66,106,448,342,186,160,-26,137,193,56,120,152,32,129,1402,S117a
99,137,38,105,33,-72,152,112,-40,113,167,54,162,185,23,168,170,2,134,135,1,127,1066,S117a
97,128,31,136,48,-88,168,128,-40,105,176,71,162,200,38,161,136,-25,152,154,2,119,1089,S117a
81,128,47,161,80,-81,153,112,-41,102,184,82,146,168,22,129,200,71,160,162,2,87,1121,S117a
121,160,39,137,24,-113,161,128,-33,114,168,54,153,240,87,137,113,-24,114,160,46,121,1114,S117a
92,132,40,153,87,-66,146,89,-57,105,224,119,145,96,-49,145,207,62,114,129,15,105,1069,S117a
106,144,38,145,57,-88,184,111,-73,113,233,120,168,103,-65,162,241,79,113,128,15,115,1132,S117a
98,160,62,153,40,-113,184,152,-32,115,193,78,160,162,2,150,151,1,111,150,39,113,1121,S117a
105,144,39,146,48,-98,234,160,-74,114,233,119,169,170,1,127,182,55,105,152,47,114,1203,S117a
113,136,23,193,72,-121,201,136,-65,113,249,136,192,193,1,136,190,54,113,144,31,90,1210,S117a
105,152,47,137,39,-98,193,152,-41,148,216,68,170,200,30,146,176,30,92,160,68,97,1192,S117a
97,144,47,90,16,-74,217,193,-24,81,175,94,180,224,44,162,153,-9,121,208,87,113,1226,S117a
105,152,47,114,40,-74,176,136,-40,105,192,87,161,224,63,145,146,1,95,118,23,121,1129,S117a
98,145,47,161,48,-113,202,151,-51,105,232,127,162,163,1,119,258,139,86,211,125,105,1313,S117a
96,224,128,113,8,-105,225,168,-57,98,240,142,186,104,-82,153,240,87,90,160,70,89,1233,S117a
81,161,80,97,16,-81,217,160,-57,98,208,110,162,162,0,128,174,46,113,168,55,106,1155,S117a
98,145,47,168,72,-96,202,129,-73,113,223,110,161,162,1,144,175,31,121,208,87,96,1210,S117a
129,152,23,112,40,-72,179,128,-51,121,256,135,161,163,2,118,205,87,105,240,135,106,1290,S117a
97,184,87,160,80,-80,177,104,-73,113,272,159,153,104,-49,161,304,143,105,176,71,105,1329,S117a
113,114,1,159,38,-121,193,123,-70,102,221,119,168,171,3,119,157,38,97,168,71,99,1091,S117a
97,152,55,145,48,-97,195,160,-35,114,224,110,137,184,47,105,136,31,106,153,47,112,1169,S117a
105,120,15,153,72,-81,169,120,-49,107,212,105,125,196,71,154,168,14,98,147,49,117,1152,S117a
72,135,63,169,64,-105,186,128,-58,106,218,112,160,143,-17,146,239,93,113,169,56,98,1194,S117a
105,135,30,202,65,-137,209,138,-71,94,220,126,138,193,55,129,153,24,119,142,23,122,1168,S117a
106,154,48,193,56,-137,201,138,-63,111,262,151,185,208,23,121,151,30,105,144,39,98,1211,S117a
114,143,29,186,130,-56,152,128,-24,112,496,384,96,232,136,120,431,311,89,193,104,120,1873,S115a
118,150,32,120,56,-64,153,154,1,118,295,177,79,336,257,128,336,208,88,232,144,123,1682,S115a
120,161,41,111,71,-40,153,154,1,95,231,136,88,264,176,144,592,448,105,168,63,95,1736,S115a
113,137,24,144,88,-56,144,146,2,110,254,144,87,272,185,166,400,234,88,199,111,105,1601,S115a
112,114,2,142,102,-40,144,146,2,101,246,145,96,224,128,143,360,217,88,192,104,96,1480,S115a
112,95,-17,152,113,-39,136,184,48,96,205,109,91,330,239,113,240,127,105,329,224,96,1592,S115a
80,119,39,152,97,-55,136,192,56,96,211,115,76,309,233,128,296,168,88,224,136,96,1544,S115a
127,129,2,125,86,-39,152,176,24,104,218,114,86,286,200,120,328,208,88,232,144,96,1551,S115a
120,144,24,128,113,-15,143,159,16,112,232,120,95,272,177,128,264,136,96,240,144,96,1520,S115a
103,136,33,136,112,-24,120,168,48,104,240,136,128,240,112,159,344,185,96,280,184,96,1616,S115a
128,136,8,168,128,-40,176,177,1,95,230,135,113,344,231,152,273,121,104,248,144,119,1655,S115a
120,121,1,133,86,-47,169,171,2,86,214,128,111,239,128,145,313,168,87,283,196,110,1537,S115a
95,111,16,136,88,-48,167,211,44,69,189,120,88,304,216,120,232,112,112,264,152,112,1511,S115a
136,168,32,144,80,-64,168,169,1,103,215,112,87,264,177,128,264,136,104,255,151,113,1528,S115a
100,140,40,160,119,-41,145,193,48,88,168,80,112,264,152,127,320,193,80,304,224,88,1596,S115a
96,120,24,144,112,-32,160,183,23,104,176,72,96,313,217,113,303,190,29,209,180,103,1519,S115a
112,144,32,152,112,-40,160,200,40,112,184,72,104,284,180,125,276,151,111,328,217,97,1625,S115a
112,136,24,136,72,-64,167,201,34,126,192,66,101,326,225,112,216,104,112,240,128,112,1495,S115a
120,184,64,144,96,-48,181,182,1,168,217,49,89,225,136,112,1809,1697,104,183,79,112,3008,S115a
129,168,39,185,112,-73,185,186,1,94,254,160,64,210,146,134,350,216,89,233,144,112,1625,S115a
121,153,32,143,95,-48,144,200,56,129,232,103,105,273,168,111,1120,1009,105,168,63,104,2345,S115a
96,168,72,144,104,-40,144,200,56,128,376,248,79,265,186,151,423,272,88,264,176,96,1896,S115a
119,160,41,160,120,-40,176,178,2,110,254,144,72,280,208,112,344,232,80,312,232,96,1744,S115a
96,136,40,152,120,-32,144,192,48,88,216,128,72,359,287,97,417,320,88,504,416,96,2040,S115a
128,176,48,136,80,-56,151,191,40,113,249,136,128,288,160,112,320,208,104,279,175,105,1688,S115a
137,193,56,152,96,-56,176,224,48,96,288,192,104,319,215,153,385,232,88,239,151,80,1824,S115a
127,224,97,127,87,-40,169,225,56,111,327,216,145,288,143,153,488,335,112,225,113,88,1952,S115a
112,176,64,168,128,-40,176,216,40,96,280,184,104,288,184,136,855,719,89,216,127,105,2264,S115a
105,169,64,136,120,-16,160,184,24,112,240,128,96,264,168,152,407,255,72,273,201,111,1768,S115a
145,192,47,128,81,-47,192,194,2,111,238,127,144,247,103,145,360,215,96,232,136,104,1648,S115a
143,192,49,168,120,-48,183,185,2,110,271,161,127,360,233,55,920,865,88,512,424,128,2688,S115a
127,167,40,89,40,-49,160,222,62,123,195,72,64,368,304,63,200,137,104,232,128,96,1520,S115a
144,184,40,160,120,-40,144,203,59,84,202,118,131,275,144,119,376,257,80,191,111,145,1696,S115a
137,177,40,119,64,-55,168,192,24,120,209,89,80,312,232,143,304,161,80,311,231,111,1680,S115a
128,168,40,96,64,-32,168,216,48,96,200,104,64,328,264,128,399,271,80,408,328,96,1879,S115a
112,151,39,121,97,-24,144,152,8,104,208,104,96,232,136,144,448,304,79,182,103,113,1583,S115a
120,143,23,97,73,-24,112,160,48,72,215,143,73,250,177,126,278,152,73,186,113,79,1384,S115a
120,167,47,161,129,-32,152,176,24,96,192,96,87,288,201,104,216,112,88,215,127,104,1487,S115a
1,27,26,129,104,-25,153,154,1,95,199,104,79,335,256,143,337,194,79,272,193,87,1515,S115a
128,176,48,122,88,-34,152,176,24,88,184,96,104,264,160,128,280,152,72,216,144,104,1488,S115a
144,184,40,136,96,-40,136,168,32,104,231,127,105,217,112,120,288,168,88,215,127,103,1502,S115a
96,153,57,136,112,-24,136,168,32,112,182,70,98,322,224,152,200,48,96,528,432,129,1794,S115a
105,161,56,128,88,-40,168,170,2,110,182,72,72,232,160,144,352,208,96,248,152,104,1537,S115a
129,153,24,136,112,-24,144,168,24,111,184,73,63,248,185,160,280,120,104,288,184,120,1553,S115a
136,160,24,143,88,-55,183,185,2,118,215,97,71,264,193,128,352,224,72,256,184,96,1616,S115a
133,190,57,135,80,-55,167,191,24,104,209,105,72,344,272,168,199,31,89,231,142,153,1597,S115a
144,183,39,137,97,-40,160,183,23,105,209,104,56,368,312,112,231,119,120,177,57,95,1543,S115a
121,177,56,160,128,-32,184,186,2,118,285,167,105,313,208,128,528,400,120,151,31,121,1889,S115a
128,130,2,135,94,-41,153,177,24,135,208,73,160,279,119,145,257,112,80,272,192,119,1536,S115a
128,175,47,161,128,-33,168,170,2,103,215,112,56,320,264,160,240,80,72,304,232,144,1696,S115a
144,232,88,112,64,-48,160,184,24,120,248,128,72,375,303,185,272,87,64,248,184,113,1736,S115a
149,205,56,112,56,-56,168,191,23,105,177,72,95,255,160,161,385,224,80,168,88,96,1533,S115a
129,208,79,128,72,-56,176,216,40,96,232,136,96,264,168,137,405,268,75,227,152,112,1736,S115a
129,169,40,136,103,-33,129,192,63,89,272,183,80,201,121,168,560,392,95,175,80,129,1801,S115a
152,154,2,143,119,-24,144,145,1,94,175,81,79,544,465,132,376,244,103,208,105,120,1841,S115a
129,161,32,88,64,-24,168,192,24,112,208,96,95,319,224,120,392,272,88,272,184,120,1728,S115a
113,161,48,120,84,-36,164,165,1,111,200,89,103,315,212,132,253,121,95,284,189,113,1575,S115a
136,191,55,153,112,-41,177,200,23,113,313,200,56,272,216,120,800,680,96,200,104,104,2192,S115a
112,128,16,160,112,-48,152,152,0,80,272,192,96,240,144,120,712,592,104,160,56,96,1872,S115a
80,140,60,116,195,79,113,182,69,83,198,115,109,229,120,143,297,154,103,215,112,96,1552,S115a
133,214,81,144,160,16,152,224,72,127,256,129,87,243,156,149,453,304,88,250,162,94,1894,S115a
96,176,80,176,177,1,142,286,144,112,241,129,88,287,199,113,729,616,96,192,96,111,2199,S115a
120,143,23,161,123,-38,165,222,57,72,177,105,135,271,136,128,1608,1480,82,232,150,112,2888,S115a
111,127,16,144,76,-68,164,228,64,81,161,80,96,264,168,120,232,112,96,233,137,119,1440,S115a
128,128,0,159,135,-24,137,176,39,89,192,103,81,248,167,112,344,232,144,232,88,112,1567,S115a
112,152,40,120,96,-24,144,177,33,112,192,80,136,335,199,144,256,112,97,208,111,129,1545,S115a
128,167,39,153,113,-40,160,240,80,96,199,103,104,305,201,175,279,104,89,240,151,97,1640,S115a
113,153,40,151,120,-31,143,207,64,97,152,55,120,409,289,176,200,24,87,255,168,104,1600,S115a
128,168,40,175,151,-24,153,176,23,113,225,112,95,272,177,135,1011,876,116,205,89,112,2320,S115a
120,136,16,159,119,-40,145,201,56,80,160,80,96,303,207,137,248,111,74,209,135,112,1488,S115a
136,152,16,152,112,-40,152,200,48,96,168,72,82,319,237,152,297,145,104,200,96,144,1592,S115a
152,200,48,120,56,-64,200,238,38,114,226,112,120,296,176,152,592,440,104,287,183,113,2008,S115a
136,177,41,176,137,-39,183,247,64,119,184,65,96,376,280,121,208,87,65,218,153,134,1681,S115a
128,184,56,161,129,-32,159,224,65,96,183,87,81,332,251,109,237,128,72,304,232,87,1680,S115a
112,176,64,136,184,48,144,240,96,63,231,168,105,297,192,120,248,128,80,207,127,105,1688,S115a
95,151,56,176,144,-32,152,200,48,80,208,128,104,256,152,160,296,136,104,232,128,120,1607,S115a
121,122,1,144,146,2,108,148,40,105,216,111,72,313,241,73,608,535,80,224,144,112,1889,S115a
128,168,40,168,128,-40,168,208,40,136,176,40,104,336,232,160,256,96,87,303,216,99,1674,S115a
113,168,55,169,144,-25,144,183,39,129,209,80,88,1008,920,113,376,263,112,240,128,120,2448,S115a
153,161,8,120,71,-49,177,241,64,72,189,117,90,323,233,128,424,296,119,384,265,87,1880,S115a
144,146,2,149,126,-23,140,216,76,96,176,80,88,352,264,120,271,151,78,273,195,120,1680,S115a
147,163,16,136,119,-17,145,225,80,120,231,111,89,361,272,120,272,152,88,488,400,136,1995,S115a
145,169,24,168,144,-24,168,200,32,112,184,72,96,352,256,128,191,63,73,304,231,129,1673,S115a
40,112,72,74,160,86,95,160,65,80,204,124,68,412,344,104,203,99,84,253,169,144,1648,S115a
127,192,65,159,128,-31,160,215,55,129,217,88,112,912,800,143,239,96,89,241,152,120,2264,S115a
119,152,33,144,145,1,94,127,33,72,272,200,72,688,616,104,995,891,93,285,192,112,2776,S115a
120,152,32,120,64,-56,160,184,24,104,1151,1047,106,297,191,120,232,112,72,240,168,136,2456,S115a
127,192,65,88,64,-24,120,157,37,131,227,96,95,256,161,160,335,175,97,232,135,120,1583,S115a
129,153,24,136,91,-45,149,181,32,104,200,96,80,303,223,145,433,288,119,224,105,119,1704,S115a
128,153,25,120,85,-35,138,187,49,104,167,63,73,313,240,112,400,288,96,240,144,143,1688,S115a
127,159,32,177,121,-56,176,177,1,102,231,129,72,279,207,129,336,207,97,392,295,121,1816,S115a
95,101,6,163,164,1,127,149,22,82,2522,2440,56,640,584,112,152,40,88,216,128,112,4056,S115a
152,168,16,95,71,-24,129,184,55,113,209,96,119,263,144,136,304,168,88,257,169,104,1560,S115a
100,143,43,161,162,1,119,190,71,112,256,144,96,200,104,169,425,256,72,224,152,135,1735,S115a
143,167,24,120,96,-24,136,172,36,100,228,128,105,648,543,120,336,216,72,232,160,128,2007,S115a
128,168,40,128,142,14,154,234,80,97,240,143,80,280,200,112,248,136,113,200,87,96,1608,S115a
97,128,31,160,104,-56,168,208,40,112,200,88,95,312,217,128,320,192,128,264,136,112,1648,S115a
167,167,0,112,40,-72,208,208,0,144,1624,1480,56,792,736,112,792,680,65,112,47,88,3823,S115a
105,121,16,151,143,-8,112,152,40,95,496,401,80,288,208,104,680,576,88,120,32,80,2080,S115a
129,129,0,117,104,-13,119,159,40,120,232,112,80,256,176,128,1008,880,112,168,56,112,2168,S115a
128,152,24,128,104,-24,184,216,32,128,216,88,104,376,272,112,208,96,88,312,224,136,1720,S115a
144,144,0,136,120,-16,184,184,0,96,272,176,104,304,200,128,344,216,88,424,336,112,1904,S115a
152,152,0,164,127,-37,137,137,0,144,1049,905,79,495,416,128,216,88,87,272,185,112,2560,S115a
161,161,0,151,119,-32,105,104,-1,136,1816,1680,112,232,120,160,560,400,128,184,56,136,3312,S115a
153,153,0,119,79,-40,128,160,32,136,352,216,72,280,208,112,465,353,111,368,257,111,1968,S115a
136,176,40,160,121,-39,127,176,49,127,360,233,95,256,161,127,488,361,79,279,200,160,2016,S115a
135,192,57,151,128,-23,144,144,0,151,400,249,176,287,111,169,1065,896,103,176,73,95,2487,S115a
128,240,112,144,104,-40,160,176,16,160,416,256,120,320,200,152,423,271,105,289,184,104,2072,S115a
176,176,0,120,48,-72,200,256,56,144,288,144,152,288,136,136,560,424,120,224,104,136,1976,S115a
128,184,56,160,96,-64,217,217,0,159,343,184,184,344,160,152,448,296,152,248,96,112,1992,S115a
152,200,48,144,104,-40,168,200,32,176,256,80,104,392,288,120,352,232,128,248,120,136,1888,S115a
152,200,48,160,104,-56,192,232,40,136,248,112,152,400,248,160,320,160,112,264,152,112,1880,S115a
152,184,32,119,88,-31,185,184,-1,152,247,95,129,353,224,136,288,152,128,304,176,128,1776,S115a
161,160,-1,136,80,-56,208,184,-24,152,336,184,160,240,80,160,448,288,144,248,104,96,1792,S115a
144,192,48,120,80,-40,169,168,-1,128,256,128,168,344,176,144,224,80,152,256,104,120,1640,S115a
152,168,16,128,80,-48,232,200,-32,144,256,112,136,368,232,152,311,159,136,240,104,97,1720,S115a
137,168,31,161,97,-64,208,264,56,136,216,80,152,336,184,152,336,184,128,352,224,144,1913,S115a
144,184,40,87,56,-31,184,200,16,152,256,104,184,464,280,152,240,88,152,424,272,112,1936,S115a
144,176,32,104,176,72,153,152,-1,160,296,136,136,400,264,112,256,144,128,208,80,152,1816,S115a
144,216,72,128,64,-64,208,216,8,128,256,128,160,408,248,168,344,176,160,240,80,136,1880,S115a
153,152,-1,161,128,-33,183,192,9,136,312,176,168,288,120,136,377,241,127,231,104,144,1824,S115a
161,161,0,175,120,-55,208,208,0,151,263,112,176,360,184,120,233,113,143,271,128,104,1720,S115a
160,216,56,152,96,-56,201,201,0,151,239,88,160,433,273,128,879,751,160,200,40,129,2393,S115a
135,184,49,143,95,-48,161,160,-1,153,297,144,112,335,223,120,408,288,128,184,56,128,1791,S115a
153,233,80,143,64,-79,199,208,9,151,232,81,159,368,209,175,280,105,143,184,41,135,1704,S115a
151,184,33,144,104,-40,184,144,-40,152,256,104,128,448,320,160,192,32,136,264,128,152,1744,S115a
144,184,40,167,128,-39,184,144,-40,168,288,120,160,296,136,152,256,104,176,232,56,152,1680,S115a
152,184,32,160,128,-32,184,184,0,144,224,80,135,360,225,104,232,128,144,200,56,112,1624,S115a
155,183,28,121,72,-49,185,185,0,144,248,104,136,384,248,128,208,80,144,248,104,208,1736,S115a
171,136,-35,152,88,-64,169,169,0,127,215,88,152,312,160,152,256,104,104,240,136,160,1576,S115a
176,176,0,136,72,-64,177,176,-1,144,224,80,152,336,184,152,232,80,152,232,80,168,1616,S115a
144,184,40,192,136,-56,169,168,-1,168,224,56,176,304,128,152,216,64,160,240,80,176,1648,S115a
144,160,16,136,80,-56,193,192,-1,152,280,128,128,376,248,152,232,80,152,304,152,216,1840,S115a
136,216,80,112,48,-64,216,168,-48,128,248,120,120,368,248,96,272,176,144,248,104,112,1680,S115a
136,168,32,143,64,-79,224,192,-32,160,304,144,160,336,176,144,504,360,128,480,352,136,2184,S115a
136,160,24,120,40,-80,216,240,24,120,200,80,176,416,240,120,384,264,144,272,128,120,1832,S115a
119,119,0,168,112,-56,185,185,0,135,1239,1104,128,328,200,104,344,240,128,328,200,128,2783,S115a
176,200,24,104,27,-77,205,245,40,144,208,64,184,408,224,184,288,104,152,256,104,184,1816,S115a
168,192,24,112,40,-72,232,208,-24,152,280,128,152,433,281,151,279,128,152,233,81,119,1784,S115a
135,191,56,176,121,-55,191,144,-47,159,287,128,120,649,529,184,224,40,159,823,664,168,2607,S115a
153,153,0,143,87,-56,185,184,-1,128,241,113,136,433,297,110,238,128,152,233,81,136,1705,S115a
160,184,24,104,28,-76,245,244,-1,136,248,112,159,311,152,153,272,119,144,224,80,127,1638,S115a
144,144,0,152,72,-80,224,224,0,136,263,127,161,369,208,160,384,224,137,249,112,160,1865,S115a
160,159,-1,177,129,-48,184,184,0,168,224,56,175,327,152,201,304,103,161,193,32,160,1680,S115a
159,215,56,209,105,-104,240,184,-56,184,287,103,153,401,248,160,192,32,152,224,72,184,1792,S115a
192,192,0,168,104,-64,216,232,16,160,312,152,224,376,152,184,264,80,176,360,184,152,1992,S115a
176,216,40,200,112,-88,224,200,-24,156,256,100,160,344,184,152,264,112,208,264,56,176,1832,S115a
144,216,72,184,96,-88,240,216,-24,152,280,128,160,304,144,152,232,80,176,280,104,168,1792,S115a
151,136,-15,200,160,-40,209,208,-1,152,1144,992,152,368,216,136,752,616,152,192,40,152,3112,S115a
144,192,48,160,80,-80,201,200,-1,160,184,24,176,392,216,176,304,128,144,360,216,160,1872,S115a
160,192,32,168,112,-56,217,216,-1,160,216,56,152,312,160,176,272,96,152,216,64,152,1688,S115a
178,177,-1,295,199,-96,226,200,-26,184,312,128,176,280,104,184,312,128,176,216,40,248,1944,S115a
184,224,40,168,104,-64,224,200,-24,176,288,112,176,384,208,160,240,80,176,256,80,136,1832,S115a
168,208,40,96,64,-32,208,192,-16,176,280,104,159,368,209,152,304,152,152,264,112,160,1840,S115a
137,136,-1,160,80,-80,201,176,-25,152,240,88,176,345,169,159,999,840,115,209,94,167,2352,S115a
144,200,56,192,104,-88,193,193,0,119,255,136,152,353,201,143,584,441,135,288,153,152,2129,S115a
199,232,33,120,112,-8,168,168,0,152,223,71,152,417,265,183,312,129,152,256,104,152,1872,S115a
175,224,49,184,80,-104,224,184,-40,168,296,128,96,415,319,152,449,297,135,296,161,152,2096,S115a
176,200,24,144,64,-80,240,232,-8,160,216,56,176,440,264,176,402,226,133,277,144,152,1983,S115a
176,192,16,136,56,-80,232,256,24,152,264,112,120,319,199,145,345,200,136,280,144,152,1864,S115a
152,168,16,184,144,-40,177,176,-1,176,552,376,176,248,72,176,472,296,128,248,120,168,2176,S115a
184,216,32,176,71,-105,233,233,0,144,232,88,168,392,224,184,264,80,160,272,112,168,1848,S115a
177,176,-1,184,112,-72,209,208,-1,168,272,104,144,232,88,192,368,176,152,224,72,168,1760,S115a
176,208,32,168,96,-72,217,216,-1,152,240,88,176,392,216,184,240,56,168,272,104,168,1832,S115a
176,216,40,191,128,-63,216,144,-72,168,320,152,135,344,209,128,248,120,160,208,48,160,1768,S115a
161,160,-1,160,104,-56,209,208,-1,144,1000,856,144,264,120,176,496,320,152,232,80,144,2608,S115a
151,193,42,174,78,-96,216,184,-32,209,313,104,184,320,136,200,304,104,152,304,152,184,1880,S115a
144,88,-56,184,112,-72,177,177,0,159,263,104,224,304,80,136,296,160,112,240,128,152,1632,S115a
159,191,32,184,88,-96,224,176,-48,192,424,232,136,289,153,135,512,377,127,224,97,127,2031,S115a
152,208,56,176,104,-72,193,193,0,151,215,64,176,296,120,152,272,120,152,265,113,159,1712,S115a
184,184,0,111,71,-40,201,200,-1,152,216,64,152,401,249,191,264,73,168,319,151,161,1816,S115a
168,168,0,159,112,-47,159,216,57,135,200,65,152,432,280,152,360,208,176,272,96,208,1968,S115a
176,176,0,200,80,-120,231,199,-32,177,265,88,232,344,112,143,240,97,143,336,193,152,1792,S115a
160,176,16,184,112,-72,216,256,40,176,176,0,159,400,241,168,376,208,176,328,152,152,1976,S115a
168,168,0,168,88,-80,224,224,0,136,192,56,176,447,271,105,201,96,160,240,80,127,1687,S115a
152,152,0,136,64,-72,208,208,0,144,208,64,184,288,104,176,616,440,160,160,0,136,1832,S115a
152,256,104,160,80,-80,240,256,16,168,240,72,152,352,200,120,272,152,128,208,80,128,1792,S115a
192,192,0,184,104,-80,247,232,-15,184,272,88,152,320,168,168,392,224,136,255,119,129,1896,S115a
144,192,48,184,128,-56,201,200,-1,184,240,56,128,313,185,142,303,161,136,216,80,136,1728,S115a
144,104,-40,200,144,-56,184,152,-32,160,736,576,144,232,88,175,424,249,136,248,112,160,2200,S115a
128,160,32,152,96,-56,184,144,-40,160,288,128,128,280,152,168,408,240,128,312,184,152,1840,S115a
176,192,16,208,128,-80,185,185,0,175,279,104,168,280,112,152,352,200,192,288,96,168,1872,S115a
168,192,24,176,96,-80,208,232,24,160,288,128,232,336,104,136,240,104,152,256,104,136,1776,S115a
152,208,56,192,120,-72,224,152,-72,184,321,137,151,207,56,184,424,240,168,576,408,184,2192,S115a
185,184,-1,168,80,-88,220,192,-28,136,240,104,176,328,152,120,688,568,152,184,32,128,2024,S115a
152,201,49,159,207,48,176,112,-64,192,320,128,152,352,200,175,520,345,176,208,32,160,2080,S115a
183,216,33,176,104,-72,183,176,-7,136,232,96,167,304,137,128,327,199,137,264,127,152,1775,S115a
184,184,0,192,103,-89,210,210,0,159,239,80,176,304,128,152,216,64,167,272,105,183,1711,S115a
168,192,24,192,120,-72,207,176,-31,168,256,88,200,256,56,176,288,112,160,224,64,184,1696,S115a
176,248,72,200,144,-56,192,167,-25,185,265,80,184,312,128,184,360,176,168,248,80,208,1952,S115a
185,184,-1,208,128,-80,200,224,24,120,328,208,104,208,104,176,352,176,160,200,40,160,1784,S115a
168,184,16,184,112,-72,192,208,16,152,208,56,144,360,216,168,304,136,168,248,80,176,1800,S115a
152,184,32,160,80,-80,265,264,-1,200,320,120,128,224,96,152,472,320,184,552,368,176,2272,S115a
192,216,24,200,112,-88,216,232,16,176,224,48,128,304,176,152,408,256,176,528,352,152,2176,S115a
160,152,-8,176,80,-96,217,216,-1,160,504,344,104,256,152,136,504,368,136,288,152,176,2176,S115a
177,176,-1,160,80,-80,192,248,56,144,280,136,152,553,401,192,192,0,183,343,160,200,2072,S115a
187,216,29,160,128,-32,191,176,-15,160,312,152,136,393,257,151,255,104,168,304,136,152,1936,S115a
169,193,24,208,128,-80,193,192,-1,160,208,48,152,392,240,112,168,56,136,312,176,136,1729,S115a
169,169,0,167,87,-80,216,232,16,184,248,64,168,384,216,128,168,40,176,248,72,160,1696,S115a
176,192,16,144,120,-24,208,240,32,168,200,32,184,265,81,175,272,97,167,439,272,176,1904,S115a
152,168,16,160,56,-104,256,329,73,176,176,0,199,352,153,159,287,128,224,289,65,159,1816,S115a
183,151,-32,168,104,-64,208,232,24,176,225,49,175,328,153,175,255,80,168,225,57,151,1671,S115a
128,144,16,185,161,-24,203,168,-35,167,247,80,113,305,192,144,992,848,177,176,-1,143,2336,S115a
143,128,-15,160,72,-88,191,248,57,111,191,80,185,337,152,159,288,129,176,248,72,159,1671,S115a
160,200,40,176,104,-72,191,176,-15,200,288,88,184,256,72,152,216,64,176,232,56,160,1632,S115a
133,132,-1,160,104,-56,169,168,-1,152,416,264,88,376,288,136,247,111,129,273,144,120,1836,S115a
161,160,-1,152,73,-79,184,159,-25,128,400,272,104,456,352,137,137,0,143,352,209,135,1872,S115a
128,128,0,167,79,-88,193,193,0,135,272,137,127,232,105,151,383,232,136,281,145,135,1703,S115a
152,151,-1,137,81,-56,176,176,0,127,272,145,151,320,169,151,400,249,167,256,89,151,1807,S115a
152,208,56,143,63,-80,201,201,0,127,296,169,199,248,49,176,280,104,160,232,72,167,1695,S115a
144,200,56,136,80,-56,200,200,0,120,296,176,119,272,153,176,280,104,152,200,48,152,1680,S115a
136,208,72,192,136,-56,200,168,-32,160,312,152,151,232,81,144,312,168,160,216,56,136,1720,S115a
120,200,80,144,72,-72,240,240,0,96,232,136,200,264,64,152,280,128,168,200,32,159,1647,S115a
144,176,32,144,88,-56,192,208,16,136,216,80,160,311,151,153,305,152,168,224,56,175,1703,S115a
169,168,-1,176,88,-88,241,240,-1,136,240,104,144,304,160,176,240,64,176,296,120,128,1704,S115a
144,208,64,135,104,-31,186,160,-26,152,240,88,160,264,104,160,256,96,160,264,104,152,1648,S115a
152,168,16,176,96,-80,208,296,88,152,208,56,192,376,184,168,184,16,176,288,112,160,1776,S115a
160,160,0,112,113,1,167,199,32,152,208,56,184,272,88,152,288,136,177,177,0,151,1568,S115a
160,192,32,152,80,-72,209,208,-1,128,240,112,200,256,56,176,256,80,160,272,112,184,1688,S115a
176,208,32,160,80,-80,209,208,-1,143,199,56,169,297,128,152,232,80,176,200,24,152,1576,S115a
177,176,-1,160,72,-88,233,232,-1,144,184,40,168,320,152,152,176,24,184,256,72,160,1576,S115a
160,128,-32,168,88,-80,216,248,32,160,192,32,184,400,216,152,153,1,167,263,96,152,1624,S115a
152,184,32,160,105,-55,208,207,-1,160,248,88,152,360,208,144,200,56,168,280,112,152,1736,S115a
128,168,40,177,177,0,184,184,0,151,215,64,152,273,121,143,287,144,200,216,16,208,1728,S115a
160,216,56,160,64,-96,217,216,-1,160,216,56,176,256,80,152,304,152,170,169,-1,151,1592,S115a
159,232,73,183,128,-55,192,192,0,151,311,160,160,216,56,152,568,416,162,161,-1,151,1959,S115a
112,63,-49,177,121,-56,168,184,16,127,1992,1865,119,512,393,128,128,0,152,304,152,128,3432,S115a
120,136,16,143,88,-55,160,184,24,111,168,57,152,248,96,152,272,120,152,264,112,128,1488,S115a
152,168,16,144,64,-80,200,232,32,120,216,96,136,312,176,136,376,240,168,208,40,152,1728,S115a
159,136,-23,144,64,-80,192,208,16,144,264,120,136,248,112,144,728,584,161,160,-1,152,1960,S115a
144,160,16,120,64,-56,192,208,16,128,184,56,120,359,239,137,177,40,160,240,80,152,1544,S115a
136,136,0,176,128,-48,168,168,0,120,200,80,168,296,128,160,224,64,160,240,80,143,1535,S115a
160,160,0,161,105,-56,160,192,32,144,208,64,144,256,112,176,240,64,152,232,80,136,1529,S115a
160,232,72,152,104,-48,201,200,-1,144,224,80,152,256,104,168,256,88,168,200,32,152,1624,S115a
152,224,72,168,88,-80,208,176,-32,144,296,152,120,296,176,152,232,80,176,248,72,143,1703,S115a
151,216,65,152,80,-72,201,200,-1,120,216,96,152,312,160,176,177,1,183,271,88,176,1648,S115a
160,216,56,168,64,-104,232,360,128,104,152,48,176,424,248,160,192,32,176,216,40,168,1792,S115a
136,103,-33,193,137,-56,184,152,-32,152,232,80,152,279,127,161,241,80,136,432,296,128,1704,S115a
155,184,29,152,96,-56,216,184,-32,152,264,112,152,424,272,152,200,48,176,400,224,136,1888,S115a
152,200,48,168,248,80,128,168,40,184,288,104,160,1032,872,114,168,54,129,313,184,104,2521,S115a
152,185,33,135,56,-79,207,263,56,152,225,73,183,352,169,143,215,72,128,424,296,129,1849,S115a
176,176,0,135,56,-79,214,248,34,175,224,49,136,336,200,168,168,0,152,312,160,159,1679,S115a
160,192,32,136,56,-80,240,240,0,160,240,80,168,408,240,144,200,56,176,296,120,129,1761,S115a
151,208,57,184,103,-81,233,233,0,144,232,88,159,344,185,136,232,96,184,288,104,144,1784,S115a
136,248,112,168,64,-104,256,224,-32,168,248,80,168,320,152,184,360,176,168,200,32,128,1792,S115a
160,216,56,144,63,-81,242,241,-1,176,232,56,176,440,264,168,169,1,175,799,624,152,2312,S115a
144,152,8,160,80,-80,232,240,8,184,240,56,152,424,272,176,120,-56,192,392,200,168,1816,S115a
152,216,64,176,96,-80,256,216,-40,152,280,128,152,328,176,168,200,32,224,288,64,136,1760,S115a
199,152,-47,224,136,-88,216,192,-24,168,248,80,152,696,544,136,248,112,184,264,80,176,2112,S115a
168,192,24,144,64,-80,225,224,-1,176,208,32,184,368,184,168,184,16,200,312,112,192,1744,S115a
168,224,56,160,80,-80,248,208,-40,176,280,104,152,640,488,192,216,24,200,616,416,152,2416,S115a
161,160,-1,208,144,-64,224,192,-32,168,776,608,152,232,80,168,320,152,176,264,88,152,2240,S115a
184,216,32,144,80,-64,201,201,0,175,279,104,152,232,80,176,288,112,201,200,-1,176,1672,S115a
184,224,40,169,128,-41,224,192,-32,200,288,88,152,328,176,201,201,0,199,311,112,192,1864,S115a
176,232,56,168,88,-80,240,192,-48,200,281,81,175,383,208,176,208,32,184,216,32,185,1785,S115a
176,216,40,192,121,-71,259,231,-28,216,248,32,160,368,208,200,240,40,184,384,200,184,1992,S115a
176,264,88,200,104,-96,240,176,-64,176,280,104,152,241,89,168,224,56,199,264,65,167,1720,S115a
184,184,0,175,64,-111,247,256,9,175,216,41,176,304,128,176,216,40,200,200,0,168,1608,S115a
176,240,64,151,56,-95,255,224,-31,160,224,64,183,288,105,176,264,88,175,208,33,160,1664,S115a
168,208,40,159,80,-79,239,200,-39,175,232,57,192,336,144,199,256,57,176,296,120,192,1800,S115a
175,208,33,168,88,-80,224,224,0,208,209,1,175,319,144,176,256,80,160,248,88,176,1728,S115a
185,184,-1,176,104,-72,224,207,-17,144,240,96,153,289,136,183,200,17,175,255,80,209,1688,S115a
184,232,48,184,128,-56,216,168,-48,168,296,128,176,320,144,160,600,440,193,192,-1,183,2119,S115a
176,208,32,144,72,-72,231,216,-15,168,240,72,152,280,128,176,232,56,209,209,0,183,1640,S115a
176,192,16,160,80,-80,232,248,16,192,216,24,176,360,184,184,184,0,200,264,64,208,1752,S115a
151,175,24,185,81,-104,257,256,-1,200,1336,1136,152,616,464,192,193,1,199,255,56,200,3112,S115a
184,160,-24,184,104,-80,200,200,0,176,256,80,120,344,224,176,576,400,176,136,-40,176,1952,S115a
160,216,56,192,136,-56,200,160,-40,176,688,512,136,240,104,192,416,224,188,152,-36,192,2200,S115a
176,232,56,232,128,-104,224,168,-56,184,312,128,168,272,104,136,376,240,176,144,-32,184,1816,S115a
176,200,24,200,112,-88,216,168,-48,192,272,80,184,368,184,160,208,48,154,152,-2,184,1664,S115a
176,232,56,232,128,-104,224,160,-64,200,344,144,176,248,72,200,272,72,161,161,0,183,1728,S115a
176,208,32,176,88,-88,224,192,-32,168,248,80,128,296,168,152,464,312,152,200,48,160,1856,S115a
176,153,-23,199,136,-63,223,143,-80,208,793,585,103,184,81,175,374,199,137,217,80,128,2128,S115a
152,152,0,192,80,-112,224,168,-56,184,1136,952,128,488,360,144,296,152,152,424,272,176,2920,S115a
176,176,0,152,48,-104,240,184,-56,200,240,40,176,440,264,200,287,87,209,489,280,200,2064,S115a
209,208,-1,168,80,-88,225,224,-1,176,208,32,168,368,200,176,152,-24,176,264,88,200,1704,S115a
176,264,88,200,104,-96,224,176,-48,183,272,89,152,408,256,160,256,96,160,464,304,176,2120,S115a
176,192,16,208,96,-112,272,272,0,184,1736,1552,136,1000,864,152,664,512,179,144,-35,184,4288,S115a
152,208,56,192,96,-96,215,192,-23,176,248,72,152,264,112,176,256,80,168,224,56,192,1680,S115a
184,232,48,192,88,-104,216,168,-48,192,344,152,168,272,104,168,169,1,191,255,64,152,1680,S115a
176,216,40,168,88,-80,224,200,-24,184,288,104,176,327,151,216,177,-39,176,296,120,199,1791,S115a
161,105,-56,175,88,-87,168,168,0,159,239,80,137,769,632,111,192,81,144,439,295,184,2184,S115a
160,160,0,216,112,-104,231,176,-55,176,256,80,136,416,280,161,161,0,159,503,344,160,1944,S115a
136,168,32,208,144,-64,208,208,0,176,232,56,152,640,488,136,312,176,143,480,337,152,2336,S115a
168,208,40,184,103,-81,200,185,-15,176,224,48,184,360,176,128,240,112,136,536,400,176,2032,S115a
168,200,32,200,128,-72,240,208,-32,176,256,80,168,1024,856,169,128,-41,192,632,440,160,2736,S115a
177,176,-1,224,152,-72,216,160,-56,192,280,88,184,344,160,200,280,80,128,296,168,167,1855,S115a
197,204,7,212,108,-104,232,192,-40,184,224,40,152,312,160,184,185,1,167,351,184,152,1728,S115a
185,184,-1,192,112,-80,223,208,-15,168,192,24,184,320,136,152,216,64,176,320,144,168,1720,S115a
193,193,0,175,79,-96,280,296,16,184,185,1,175,303,128,184,240,56,168,208,40,152,1656,S115a
144,344,200,224,120,-104,272,160,-112,208,312,104,184,336,152,152,208,56,160,480,320,144,2104,S115a
137,136,-1,208,96,-112,241,216,-25,176,256,80,184,288,104,168,288,120,192,264,72,160,1704,S115a
176,200,24,144,56,-88,268,240,-28,184,216,32,232,304,72,152,184,32,184,392,208,176,1768,S115a
161,161,0,175,55,-120,280,240,-40,200,224,24,184,272,88,176,208,32,184,336,152,184,1680,S115a
177,176,-1,184,48,-136,320,280,-40,200,224,24,200,280,80,177,177,0,199,327,128,168,1680,S115a
176,208,32,176,80,-96,201,201,0,215,216,1,167,903,736,184,185,1,199,415,216,176,2384,S115a
185,184,-1,184,96,-88,216,184,-32,176,224,48,184,353,169,127,280,153,183,511,328,152,1984,S115a
176,175,-1,176,96,-80,193,193,0,184,184,0,176,392,216,152,152,0,175,1392,1217,175,2759,S115a
160,128,-32,144,64,-80,208,264,56,160,161,1,127,335,208,152,176,24,135,272,137,151,1551,S115a
159,216,57,159,128,-31,216,216,0,176,200,24,176,344,168,176,192,16,184,672,488,168,2136,S115a
175,160,-15,104,95,-9,192,232,40,193,194,1,127,455,328,128,192,64,168,528,360,144,2000,S115a
176,199,23,208,152,-56,186,185,-1,184,224,40,111,408,297,136,199,63,161,601,440,152,2120,S115a
136,160,24,184,80,-104,208,208,0,175,232,57,160,368,208,152,153,1,151,871,720,128,2200,S115a
168,136,-32,208,135,-73,201,201,0,152,784,632,128,408,280,152,336,184,152,304,152,160,2464,S115a
177,176,-1,248,144,-104,216,184,-32,176,232,56,136,344,208,175,160,-15,168,264,96,152,1656,S115a
176,200,24,184,72,-112,224,192,-32,176,280,104,120,352,232,152,1224,1072,200,152,-48,104,2576,S115a
149,148,-1,208,80,-128,224,200,-24,136,408,272,128,328,200,176,344,168,168,224,56,160,1892,S115a
136,136,0,183,80,-103,194,159,-35,136,496,360,112,441,329,151,367,216,160,240,80,120,2039,S115a
152,224,72,192,121,-71,168,112,-56,143,231,88,160,336,176,177,178,1,150,502,352,153,1857,S115a
155,128,-27,168,73,-95,224,224,0,127,231,104,153,305,152,152,184,32,152,264,112,160,1569,S115a
152,192,40,192,88,-104,199,159,-40,144,249,105,152,328,176,168,168,0,128,224,96,128,1536,S115a
152,216,64,176,112,-64,200,144,-56,152,240,88,168,392,224,176,176,0,152,264,112,152,1696,S115a
152,264,112,160,72,-88,207,192,-15,128,248,120,160,344,184,152,128,-24,176,296,120,152,1696,S115a
144,200,56,168,88,-80,208,168,-40,144,256,112,168,296,128,184,185,1,151,239,88,176,1608,S115a
160,240,80,184,56,-128,224,192,-32,160,216,56,176,592,416,160,161,1,199,215,16,160,1832,S115a
152,232,80,160,72,-88,199,168,-31,160,216,56,184,336,152,176,177,1,167,239,72,152,1592,S115a
160,224,64,160,56,-104,232,192,-40,152,256,104,160,312,152,151,136,-15,176,280,104,168,1624,S115a
152,192,40,200,96,-104,240,192,-48,175,264,89,160,312,152,184,152,-32,160,200,40,144,1552,S115a
152,184,32,184,88,-96,232,176,-56,160,240,80,168,256,88,177,177,0,151,183,32,168,1472,S115a
136,248,112,200,136,-64,216,152,-64,176,240,64,176,344,168,176,784,608,152,208,56,184,2296,S115a
127,87,-40,185,97,-88,201,200,-1,128,304,176,152,264,112,160,200,40,175,224,49,168,1544,S115a
177,176,-1,136,32,-104,248,216,-32,200,201,1,183,270,87,200,201,1,168,216,48,175,1487,S115a
152,176,24,160,80,-80,200,160,-40,144,256,112,176,216,40,176,232,56,192,463,271,161,1744,S115a
160,192,32,168,96,-72,224,160,-64,168,240,72,176,304,128,168,152,-16,176,280,104,160,1584,S115a
152,208,56,208,104,-104,232,256,24,160,208,48,168,320,152,160,216,56,160,496,336,152,1960,S115a
153,153,0,215,127,-88,225,225,0,167,223,56,176,297,121,175,207,32,192,265,73,167,1664,S115a
161,241,80,175,63,-112,256,216,-40,176,232,56,176,281,105,191,159,-32,200,480,280,160,1832,S115a
151,176,25,168,56,-112,264,240,-24,191,224,33,215,312,97,151,208,57,175,280,105,200,1696,S115a
176,176,0,224,104,-120,351,200,-151,175,1055,880,177,305,128,160,287,127,169,273,104,135,2535,S115a
144,144,0,192,104,-88,247,192,-55,168,224,56,200,367,167,170,170,0,183,375,192,160,1736,S115a
176,175,-1,145,25,-120,287,248,-39,176,248,72,160,280,120,176,192,16,184,240,56,176,1584,S115a
152,216,64,176,96,-80,256,192,-64,192,264,72,168,272,104,168,224,56,224,328,104,199,1791,S115a
160,264,104,216,88,-128,264,184,-80,184,240,56,184,288,104,152,184,32,176,216,40,160,1624,S115a
160,200,40,208,96,-112,264,216,-48,176,256,80,144,200,56,184,185,1,151,231,80,136,1520,S115a
136,136,0,184,56,-128,264,232,-32,152,208,56,176,272,96,144,184,40,176,240,64,160,1488,S115a
176,192,16,151,136,-15,185,184,-1,176,216,40,152,256,104,191,176,-15,184,264,80,176,1600,S115a
152,184,32,200,96,-104,296,216,-80,192,248,56,176,272,96,160,161,1,207,247,40,128,1552,S115a
160,224,64,192,136,-56,201,200,-1,176,224,48,168,328,160,160,152,-8,192,256,64,152,1672,S115a
160,192,32,200,128,-72,225,224,-1,224,225,1,199,303,104,176,177,1,183,215,32,144,1608,S115a
160,160,0,184,128,-56,224,168,-56,168,232,64,160,240,80,152,153,1,183,295,112,176,1552,S115a
177,177,0,175,119,-56,240,208,-32,160,240,80,152,240,88,128,208,80,152,200,48,152,1544,S115a
136,152,16,208,128,-80,240,160,-80,200,240,40,184,232,48,168,169,1,151,207,56,176,1464,S115a
177,177,0,183,71,-112,280,224,-56,160,208,48,152,240,88,152,176,24,184,224,40,152,1472,S115a
152,176,24,225,128,-97,232,176,-56,160,216,56,176,240,64,144,192,48,184,224,40,160,1512,S115a
152,152,0,183,88,-95,239,184,-55,159,207,48,152,224,72,160,216,56,176,265,89,175,1511,S115a
176,200,24,200,113,-87,231,128,-103,167,296,129,111,167,56,176,256,80,186,185,-1,151,1496,S115a
137,176,39,233,129,-104,239,160,-79,175,248,73,143,231,88,152,264,112,176,233,57,151,1592,S115a
151,168,17,168,56,-112,255,199,-56,177,233,56,160,240,80,160,224,64,176,175,-1,160,1455,S115a
167,184,17,208,120,-88,239,144,-95,200,288,88,176,232,56,144,160,16,168,208,40,160,1496,S115a
128,176,48,224,128,-96,215,152,-63,167,272,105,176,176,0,176,1144,968,152,128,-24,160,2336,S115a
161,249,88,240,136,-104,240,176,-64,143,264,121,176,191,15,136,193,57,201,201,0,175,1585,S115a
129,193,64,264,192,-72,224,152,-72,176,272,96,176,232,56,184,184,0,192,200,8,176,1601,S115a
160,168,8,208,104,-104,256,184,-72,168,320,152,184,184,0,160,176,16,152,224,72,144,1504,S115a
152,200,48,232,104,-128,240,208,-32,168,320,152,200,176,-24,152,200,48,160,224,64,160,1592,S115a
136,168,32,200,96,-104,255,240,-15,144,232,88,160,232,72,136,208,72,184,208,24,152,1536,S115a
152,232,80,216,104,-112,224,168,-56,168,344,176,248,248,0,176,448,272,177,176,-1,152,1872,S115a
136,208,72,240,136,-104,240,152,-88,168,272,104,225,224,-1,128,168,40,160,200,40,160,1520,S115a
136,160,24,200,144,-56,224,136,-88,168,272,104,169,169,0,191,295,104,192,208,16,184,1568,S115a
136,192,56,216,176,-40,200,96,-104,184,360,176,192,160,-32,200,928,728,168,112,-56,136,2160,S115a
184,200,16,224,144,-80,200,136,-64,192,232,40,184,208,24,209,209,0,175,207,32,160,1496,S115a
160,224,64,184,224,40,184,104,-80,216,384,168,185,184,-1,176,304,128,184,208,24,144,1776,S115a
168,200,32,168,64,-104,224,184,-40,152,216,64,216,280,64,152,153,1,167,207,40,152,1456,S115a
151,199,48,168,64,-104,233,232,-1,120,224,104,176,232,56,120,184,64,176,200,24,176,1511,S115a
144,176,32,208,104,-104,240,208,-32,160,248,88,184,248,64,145,192,47,176,233,57,151,1560,S115a
176,175,-1,173,129,-44,224,192,-32,152,312,160,152,233,81,191,559,368,170,169,-1,151,1920,S115a
159,191,32,160,80,-80,225,225,0,151,192,41,191,311,120,153,153,0,175,231,56,168,1551,S115a
151,176,25,175,152,-23,207,231,24,176,256,80,152,288,136,160,265,105,167,224,57,168,1760,S115a
135,184,49,191,112,-79,240,208,-32,120,208,88,159,232,73,135,1479,1344,160,233,73,152,2808,S115a
152,176,24,232,104,-128,266,232,-34,136,768,632,152,296,144,192,248,56,144,248,104,175,2247,S115a
152,176,24,184,104,-80,217,216,-1,152,192,40,160,248,88,167,152,-15,152,264,112,176,1528,S115a
160,192,32,168,80,-88,224,224,0,152,192,40,152,296,144,152,152,0,176,288,112,192,1616,S115a
152,176,24,216,112,-104,240,184,-56,160,264,104,208,240,32,152,208,56,176,264,88,168,1616,S115a
152,192,40,224,160,-64,208,176,-32,184,240,56,176,312,136,160,128,-32,208,360,152,160,1728,S115a
169,168,-1,176,104,-72,225,224,-1,160,200,40,176,296,120,185,152,-33,208,280,72,176,1600,S115a
160,216,56,192,112,-80,224,184,-40,152,256,104,184,216,32,168,208,40,168,264,96,176,1632,S115a
152,200,48,192,104,-88,224,176,-48,136,216,80,168,224,56,136,216,80,184,320,136,176,1632,S115a
176,176,0,200,120,-80,248,192,-56,144,256,112,184,176,-8,200,712,512,185,184,-1,176,1992,S115a
144,216,72,144,104,-40,192,168,-24,152,352,200,200,320,120,184,216,32,168,224,56,184,1784,S115a
152,184,32,176,144,-32,209,208,-1,144,256,112,136,184,48,177,177,0,175,214,39,177,1544,S115a
152,184,32,168,64,-104,242,208,-34,136,184,48,152,256,104,151,119,-32,171,225,54,183,1423,S115a
136,192,56,176,80,-96,224,184,-40,168,280,112,184,240,56,160,161,1,167,262,95,169,1568,S115a
136,224,88,176,104,-72,192,160,-32,183,248,65,168,288,120,192,160,-32,192,208,16,176,1568,S115a
136,200,64,192,80,-112,248,192,-56,184,265,81,199,255,56,128,496,368,144,176,32,168,1832,S115a
144,176,32,168,64,-104,248,208,-40,200,232,32,144,296,152,176,192,16,209,209,0,183,1560,S115a
168,185,17,183,127,-56,232,200,-32,160,192,32,168,257,89,161,161,0,182,286,104,184,1592,S115a
152,184,32,216,112,-104,223,208,-15,144,184,40,160,289,129,127,152,25,176,247,71,136,1512,S115a
136,177,41,176,95,-81,216,192,-24,160,345,185,143,184,41,151,256,105,151,232,81,176,1657,S115a
151,199,48,193,113,-80,232,232,0,136,184,48,183,304,121,128,128,0,159,200,41,176,1536,S115a
152,200,48,185,73,-112,239,200,-39,152,216,64,152,280,128,128,128,0,160,224,64,152,1473,S115a
176,184,8,240,136,-104,240,184,-56,167,272,105,199,240,41,128,208,80,152,224,72,151,1599,S115a
128,176,48,232,152,-80,247,224,-23,136,640,504,112,272,160,184,264,80,168,208,40,160,2096,S115a
124,151,27,114,240,126,137,216,79,130,1401,1271,153,407,254,137,689,552,113,327,214,82,3513,S116a
97,120,23,121,232,111,137,152,15,137,984,847,169,328,159,185,912,727,185,312,127,145,3185,S116a
106,79,-27,97,217,120,125,240,115,122,935,813,152,288,136,138,785,647,137,240,103,121,2905,S116a
90,128,38,89,201,112,89,120,31,145,432,287,105,280,175,137,752,615,145,488,343,122,2523,S116a
57,136,79,64,208,144,73,135,62,133,1065,932,169,1000,831,209,791,582,179,361,182,177,3873,S116a
98,649,551,64,177,113,80,223,143,129,416,287,113,262,149,155,600,445,115,290,175,113,2730,S116a
97,152,55,65,168,103,81,95,14,107,409,302,105,288,183,114,840,726,145,263,118,139,2354,S116a
65,120,55,74,185,111,104,106,2,102,382,280,105,430,325,171,369,198,130,296,166,130,2018,S116a
81,143,62,65,169,104,88,151,63,162,369,207,145,312,167,145,944,799,121,280,159,129,2497,S116a
65,120,55,57,176,119,81,160,79,154,360,206,130,224,94,170,711,541,139,280,141,130,2161,S116a
137,184,47,88,200,112,105,160,55,169,424,255,129,280,151,129,624,495,112,239,127,122,2233,S116a
97,145,48,89,224,135,97,151,54,170,1241,1071,161,544,383,209,1048,839,129,247,118,89,3689,S116a
56,184,128,105,208,103,97,176,79,153,344,191,121,296,175,132,512,380,106,216,110,98,2034,S116a
83,128,45,66,183,117,74,113,39,128,280,152,113,312,199,105,200,95,129,247,118,218,1681,S116a
80,152,72,64,168,104,89,144,55,144,296,152,89,320,231,113,480,367,113,312,199,97,1969,S116a
114,168,54,74,176,102,90,119,29,115,257,142,105,560,455,169,584,415,106,264,158,169,2297,S116a
113,152,39,64,184,120,80,127,47,138,264,126,134,313,179,137,712,575,97,255,158,130,2137,S116a
89,136,47,96,208,112,81,136,55,145,240,95,129,344,215,152,623,471,105,320,215,115,2122,S116a
153,176,23,104,200,96,100,175,75,130,273,143,120,280,160,161,464,303,96,240,144,97,1905,S116a
89,168,79,73,224,151,90,192,102,145,408,263,129,297,168,161,447,286,121,280,159,141,2157,S116a
73,144,71,74,217,143,81,160,79,120,248,128,113,295,182,129,440,311,114,344,230,74,1922,S116a
74,141,67,52,172,120,72,95,23,130,273,143,96,295,199,98,297,199,120,264,144,88,1625,S116a
82,144,62,82,192,110,98,145,47,144,264,120,113,480,367,209,352,143,145,360,215,161,2098,S116a
72,104,32,74,184,110,80,120,40,161,272,111,128,376,248,145,304,159,113,280,167,113,1753,S116a
81,136,55,73,184,111,89,128,39,130,816,686,121,768,647,169,287,118,114,401,287,90,2810,S116a
74,136,62,65,169,104,73,111,38,121,519,398,97,282,185,145,424,279,97,271,174,183,2095,S116a
82,136,54,82,200,118,90,161,71,176,311,135,129,297,168,153,392,239,113,464,351,136,2097,S116a
96,136,40,65,168,103,89,144,55,149,248,99,97,328,231,113,328,215,136,280,144,241,1873,S116a
106,108,2,62,165,103,86,112,26,144,368,224,113,231,118,178,273,95,113,248,135,122,1627,S116a
75,112,37,73,192,119,73,128,55,153,280,127,97,280,183,138,1016,878,96,280,184,96,2384,S116a
90,129,39,66,192,126,74,120,46,161,248,87,98,344,246,146,249,103,105,328,223,104,1714,S116a
82,136,54,81,200,119,90,144,54,169,400,231,121,360,239,130,392,262,90,216,126,121,1969,S116a
89,144,55,88,200,112,97,168,71,168,320,152,129,320,191,172,537,365,121,432,311,121,2242,S116a
73,136,63,74,192,118,73,104,31,169,288,119,113,312,199,169,263,94,130,417,287,121,1833,S116a
81,120,39,75,193,118,82,127,45,131,312,181,90,288,198,171,496,325,105,281,176,97,1914,S116a
145,168,23,104,248,144,97,120,23,153,272,119,138,544,406,234,200,-34,146,472,326,130,2154,S116a
113,152,39,97,272,175,113,160,47,144,240,96,135,312,177,169,320,151,136,271,135,146,1873,S116a
81,144,63,88,231,143,106,184,78,144,223,79,122,345,223,146,961,815,105,240,135,153,2481,S116a
89,167,78,74,233,159,65,224,159,168,271,103,130,369,239,161,272,111,161,272,111,145,1953,S116a
89,168,79,90,232,142,113,288,175,161,400,239,121,256,135,201,624,423,97,272,175,130,2370,S116a
97,175,78,73,225,152,88,183,95,170,312,142,97,360,263,145,304,159,122,272,150,97,1928,S116a
99,152,53,89,232,143,106,240,134,145,312,167,146,290,144,192,262,70,114,305,191,137,1930,S116a
90,136,46,82,201,119,105,151,46,113,504,391,114,641,527,184,199,15,138,889,751,144,2865,S116a
97,128,31,80,192,112,89,120,31,105,176,71,154,352,198,161,232,71,129,312,183,113,1625,S116a
83,177,94,65,176,111,74,224,150,140,296,156,89,240,151,177,408,231,120,280,160,137,1938,S116a
103,174,71,65,184,119,73,176,103,129,216,87,80,240,160,266,2345,2079,72,294,222,150,3779,S116a
89,128,39,66,201,135,65,136,71,129,256,127,89,280,191,168,232,64,105,319,214,130,1682,S116a
81,136,55,57,217,160,88,231,143,153,304,151,130,272,142,162,401,239,97,208,111,121,1890,S116a
73,112,39,58,184,126,56,150,94,123,570,447,153,288,135,184,1008,824,90,391,301,91,2794,S116a
89,136,47,57,199,142,83,153,70,114,240,126,90,232,142,185,256,71,113,264,151,113,1593,S116a
73,160,87,57,192,135,81,248,167,130,352,222,89,353,264,136,263,127,74,201,127,88,1857,S116a
89,160,71,73,191,118,75,225,150,121,328,207,129,296,167,185,240,55,97,272,175,137,1849,S116a
90,128,38,73,240,167,73,216,143,146,320,174,82,263,181,170,385,215,97,200,103,88,1840,S116a
82,160,78,74,208,134,74,160,86,106,208,102,98,256,158,178,840,662,105,320,215,98,2250,S116a
82,144,62,66,200,134,65,191,126,114,249,135,80,248,168,186,280,94,121,256,135,106,1674,S116a
112,136,24,59,192,133,57,144,87,89,199,110,90,249,159,161,223,62,98,216,118,105,1464,S116a
98,161,63,73,200,127,81,192,111,114,263,149,114,256,142,161,249,88,105,264,159,145,1730,S116a
89,207,118,74,849,775,82,152,70,137,335,198,132,209,77,177,432,255,105,280,175,145,2609,S116a
81,128,47,73,200,127,73,216,143,130,248,118,97,329,232,153,175,22,105,360,255,113,1769,S116a
97,1408,1311,137,632,495,74,129,55,80,192,112,120,240,120,177,320,143,144,432,288,169,3522,S116a
64,136,72,57,176,119,72,168,96,129,223,94,98,233,135,168,224,56,113,256,143,137,1553,S116a
89,176,87,57,176,119,57,144,87,120,240,120,81,216,135,424,960,536,124,928,804,122,2962,S116a
89,176,87,65,264,199,65,319,254,130,265,135,81,240,159,169,960,791,74,256,182,117,2597,S116a
73,152,79,65,193,128,71,151,80,81,161,80,97,240,143,177,287,110,130,296,166,137,1617,S116a
96,191,95,65,185,120,89,199,110,105,232,127,73,249,176,152,408,256,112,232,120,105,1801,S116a
96,120,24,66,184,118,73,120,47,98,231,133,113,217,104,168,296,128,88,256,168,113,1537,S116a
81,152,71,65,184,119,73,160,87,97,232,135,144,256,112,186,536,350,96,264,168,106,1890,S116a
65,120,55,82,192,110,98,208,110,130,264,134,104,248,144,145,384,239,129,264,135,120,1800,S116a
82,128,46,74,224,150,82,160,78,121,241,120,105,343,238,177,367,190,91,249,158,138,1850,S116a
81,152,71,73,192,119,73,167,94,138,281,143,145,288,143,170,264,94,97,223,126,113,1680,S116a
96,176,80,73,216,143,81,176,95,105,185,80,95,295,200,233,272,39,105,240,135,106,1666,S116a
97,136,39,65,192,127,65,136,71,121,224,103,97,256,159,120,222,102,115,226,111,127,1519,S116a
82,160,78,73,206,133,74,162,88,121,264,143,193,328,135,327,544,217,145,247,102,97,2008,S116a
73,113,40,65,160,95,81,104,23,88,168,80,90,269,179,188,250,62,98,224,126,122,1410,S116a
92,128,36,64,184,120,65,136,71,97,160,63,97,264,167,170,1320,1150,116,288,172,113,2593,S116a
74,136,62,64,192,128,71,128,57,105,191,86,115,273,158,162,440,278,88,257,169,88,1705,S116a
89,144,55,65,208,143,65,160,95,129,264,135,130,264,134,170,1136,966,91,329,238,81,2586,S116a
74,145,71,57,184,127,72,136,64,88,224,136,105,248,143,145,904,759,81,280,199,137,2258,S116a
61,127,66,66,185,119,65,128,63,80,280,200,113,216,103,161,272,111,88,336,248,90,1634,S116a
138,208,70,73,184,111,89,144,55,145,200,55,89,256,167,169,320,151,113,263,150,99,1674,S116a
73,129,56,65,199,134,66,160,94,98,233,135,80,223,143,162,224,62,83,264,181,122,1554,S116a
89,144,55,82,224,142,81,176,95,129,232,103,113,304,191,138,248,110,90,280,190,125,1733,S116a
114,176,62,65,192,127,73,168,95,114,233,119,113,343,230,177,178,1,111,286,175,170,1746,S116a
81,153,72,81,215,134,90,201,111,105,247,142,114,280,166,170,256,86,130,313,183,129,1794,S116a
97,111,14,73,209,136,73,184,111,97,232,135,97,256,159,210,408,198,129,359,230,113,1872,S116a
74,145,71,87,215,128,58,153,95,89,176,87,105,320,215,162,232,70,96,287,191,115,1643,S116a
90,128,38,73,208,135,90,167,77,123,233,110,106,320,214,153,224,71,84,256,172,138,1674,S116a
89,144,55,65,207,142,73,144,71,121,232,111,113,904,791,178,577,399,113,246,133,99,2553,S116a
73,128,55,74,201,127,81,200,119,137,328,191,97,568,471,154,256,102,97,263,166,146,2090,S116a
98,160,62,82,217,135,89,168,79,146,216,70,81,288,207,161,232,71,89,231,142,130,1642,S116a
73,128,55,58,176,118,66,129,63,88,191,103,90,305,215,129,192,63,88,-752,-840,1113,1482,S116a
97,152,55,73,200,127,89,160,71,113,288,175,112,272,160,217,312,95,97,224,127,137,1745,S116a
106,160,54,73,232,159,89,192,103,114,216,102,112,232,120,178,296,118,129,312,183,121,1761,S116a
114,128,14,66,185,119,80,136,56,121,247,126,130,225,95,201,319,118,129,264,135,129,1633,S116a
80,128,48,72,223,151,90,176,86,122,369,247,145,400,255,153,704,551,105,272,167,146,2418,S116a
90,160,70,74,209,135,73,144,71,121,223,102,176,273,97,169,568,399,121,264,143,144,1985,S116a
82,176,94,82,272,190,83,249,166,113,176,63,129,328,199,153,232,79,113,223,110,114,1770,S116a
81,184,103,69,231,162,74,201,127,113,272,159,129,296,167,170,328,158,105,256,151,104,1872,S116a
82,161,79,73,239,166,82,183,101,99,209,110,98,1417,1319,159,1224,1065,105,232,127,97,3762,S116a
64,118,54,59,193,134,74,185,111,89,240,151,90,328,238,146,456,310,88,216,128,98,1834,S116a
114,144,30,98,472,374,73,152,79,121,288,167,97,336,239,169,271,102,91,377,286,105,2145,S116a
80,136,56,72,184,112,105,64,-41,177,344,167,176,248,72,185,480,295,152,222,70,131,1809,S116a
82,138,56,81,200,119,89,144,55,137,238,101,155,242,87,193,504,311,176,318,142,171,1955,S116a
88,144,56,72,182,110,92,114,22,161,408,247,146,201,55,193,232,39,134,230,96,139,1650,S116a
90,144,54,82,227,145,111,229,118,193,256,63,145,304,159,169,561,392,145,319,174,154,2194,S116a
105,161,56,73,208,135,89,151,62,177,280,103,146,273,127,193,-569,-762,1130,1216,86,153,1873,S116a
97,167,70,73,185,112,96,136,40,145,256,111,121,248,127,169,199,30,130,225,95,161,1577,S116a
88,167,79,81,200,119,89,152,63,137,200,63,129,256,127,186,199,13,138,233,95,137,1544,S116a
73,136,63,56,160,104,74,103,29,106,281,175,137,280,143,161,224,63,122,233,111,120,1537,S116a
88,143,55,89,1065,976,137,151,14,177,328,151,141,217,76,177,280,103,129,256,127,129,2569,S116a
113,160,47,73,200,127,89,160,71,155,232,77,89,264,175,185,224,39,122,280,158,105,1625,S116a
98,129,31,66,208,142,81,136,55,146,231,85,143,258,115,153,199,46,113,208,95,153,1522,S116a
90,144,54,91,217,126,98,168,70,161,240,79,133,336,203,209,210,1,144,286,142,153,1754,S116a
121,122,1,87,198,111,105,152,47,154,457,303,169,368,199,169,232,63,105,223,118,129,1881,S116a
119,192,73,89,1024,935,113,153,40,136,415,279,105,176,71,192,304,112,81,240,159,105,2609,S116a
107,137,30,81,208,127,89,152,63,145,224,79,178,304,126,145,208,63,130,248,118,145,1626,S116a
130,152,22,81,200,119,98,183,85,171,209,38,145,248,103,177,208,31,118,240,122,161,1601,S116a
153,154,1,79,198,119,120,176,56,153,224,71,144,256,112,201,240,39,129,223,94,161,1632,S116a
122,208,86,114,505,391,129,184,55,137,408,271,152,200,48,184,288,104,105,224,119,137,2154,S116a
104,168,64,65,208,143,81,152,71,120,200,80,121,336,215,161,162,1,159,270,111,137,1633,S116a
106,136,30,89,200,111,96,144,48,145,256,111,145,288,143,169,184,15,130,248,118,129,1585,S116a
113,184,71,74,208,134,81,184,103,113,199,86,98,249,151,178,184,6,97,424,327,153,1785,S116a
122,192,70,64,208,144,81,184,103,130,296,166,122,209,87,195,-665,-860,1114,1224,110,121,1769,S116a
96,168,72,73,192,119,81,1015,934,130,305,175,115,216,101,344,391,47,113,345,232,142,2774,S116a
73,144,71,65,184,119,65,120,55,97,192,95,81,256,175,170,448,278,105,416,311,129,1889,S116a
65,119,54,58,169,111,81,143,62,122,193,71,98,240,142,209,210,1,128,278,150,145,1497,S116a
98,144,46,81,192,111,89,153,64,152,247,95,102,240,138,297,272,-25,81,304,223,121,1673,S116a
97,160,63,65,183,118,74,152,78,122,234,112,97,238,141,179,297,118,114,257,143,121,1642,S116a
121,152,31,73,184,111,90,159,69,122,193,71,113,270,157,170,172,2,102,222,120,113,1465,S116a
114,158,44,84,201,117,74,184,110,145,297,152,98,184,86,162,240,78,97,238,141,123,1625,S116a
90,168,78,65,200,135,73,208,135,137,183,46,130,377,247,137,263,126,155,953,798,130,2482,S116a
73,143,70,67,193,126,106,207,101,115,369,254,90,-776,-866,1153,1280,127,95,225,130,112,1753,S116a
81,184,103,81,271,190,114,216,102,114,184,70,114,368,254,162,225,63,104,496,392,121,2065,S116a
82,113,31,73,176,103,82,168,86,113,256,143,113,296,183,129,200,71,98,312,214,97,1618,S116a
75,106,31,64,183,119,74,128,54,98,168,70,113,256,143,185,496,311,81,280,199,120,1737,S116a
80,127,47,82,209,127,97,225,128,138,271,133,112,256,144,193,311,118,130,272,142,137,1808,S116a
90,136,46,74,200,126,89,167,78,130,233,103,105,312,207,161,447,286,115,233,118,113,1841,S116a
105,199,94,73,521,448,81,192,111,97,255,158,113,216,103,264,329,65,96,432,336,128,2272,S116a
113,160,47,66,177,111,81,134,53,115,265,150,89,216,127,168,496,328,121,568,447,104,2120,S116a
81,160,79,73,216,143,81,168,87,112,216,104,114,328,214,153,192,39,97,248,151,121,1649,S116a
73,144,71,58,184,126,65,144,79,113,168,55,114,271,157,202,203,1,103,238,135,145,1497,S116a
98,153,55,65,192,127,82,160,78,120,168,48,122,295,173,186,625,439,137,928,791,97,2618,S116a
97,128,31,72,200,128,73,128,55,121,208,87,98,248,150,177,178,1,111,245,134,145,1480,S116a
73,112,39,65,184,119,74,120,46,89,184,95,91,248,157,161,184,23,113,264,151,129,1425,S116a
81,112,31,73,216,143,74,152,78,106,192,86,105,256,151,162,200,38,105,272,167,113,1513,S116a
81,128,47,65,193,128,81,159,78,122,208,86,121,303,182,153,217,64,121,288,167,128,1624,S116a
90,153,63,65,191,126,90,161,71,105,167,62,129,312,183,89,288,199,129,353,224,129,1754,S116a
88,144,56,74,184,110,73,136,63,89,160,71,89,264,175,162,176,14,105,200,95,120,1384,S116a
113,114,1,150,2766,2616,72,104,32,90,583,493,82,160,78,160,368,208,105,232,127,121,4448,S116a
87,126,39,73,202,129,73,136,63,112,254,142,115,290,175,121,1032,911,136,1503,1367,114,3657,S116a
81,128,47,73,200,127,82,129,47,129,183,54,130,472,342,162,191,29,114,353,239,153,1809,S116a
105,168,63,73,200,127,81,144,63,136,264,128,137,272,135,305,752,447,137,440,303,113,2353,S116a
96,144,48,72,224,152,81,190,109,123,185,62,114,456,342,203,208,5,113,288,175,116,1811,S116a
145,216,71,73,200,127,81,183,102,162,240,78,122,336,214,172,192,20,106,233,127,137,1737,S116a
88,151,63,66,192,126,74,167,93,122,201,79,121,312,191,177,335,158,114,225,111,129,1712,S116a
105,152,47,73,216,143,80,216,136,113,183,70,113,280,167,186,208,22,82,233,151,152,1640,S116a
97,144,47,73,241,168,96,247,151,145,200,55,121,296,175,177,248,71,82,224,142,161,1761,S116a
105,160,55,81,209,128,80,175,95,129,176,47,106,264,158,177,224,47,105,216,111,129,1553,S116a
91,161,70,64,216,152,89,199,110,130,203,73,128,326,198,169,215,46,129,264,135,145,1729,S116a
112,144,32,74,208,134,81,168,87,129,191,62,122,265,143,201,240,39,129,328,199,137,1681,S116a
129,184,55,72,199,127,91,161,70,121,215,94,89,248,159,201,203,2,87,205,118,145,1560,S116a
121,152,31,73,199,126,114,185,71,121,240,119,121,296,175,170,216,46,137,192,55,137,1617,S116a
97,135,38,74,200,126,74,169,95,128,176,48,104,304,200,136,271,135,138,249,111,153,1657,S116a
90,144,54,73,208,135,65,184,119,145,200,55,97,416,319,161,1383,1222,89,256,167,128,2919,S116a
81,129,48,66,184,118,74,128,54,106,184,78,113,272,159,289,290,1,95,318,223,163,1668,S116a
121,192,71,72,184,112,81,407,326,146,264,118,66,280,214,154,273,119,88,215,127,105,1920,S116a
122,153,31,65,207,142,66,152,86,130,184,54,90,272,182,178,192,14,81,216,135,154,1530,S116a
81,112,31,81,215,134,66,113,47,113,296,183,121,224,103,170,256,86,80,184,104,145,1545,S116a
97,167,70,66,208,142,66,600,534,122,256,134,121,240,119,201,433,232,80,199,119,122,2225,S116a
88,160,72,73,193,120,80,111,31,101,600,499,145,248,103,200,375,175,98,241,143,129,2057,S116a
80,144,64,64,199,135,81,128,47,117,208,91,114,288,174,224,440,216,121,456,335,217,2080,S116a
73,208,135,25,1168,1143,129,247,118,106,472,366,130,185,55,185,248,63,89,224,135,137,2889,S116a
97,177,80,66,216,150,74,175,101,107,177,70,96,264,168,185,248,63,98,167,69,146,1570,S116a
89,169,80,71,193,122,82,152,70,121,200,79,113,280,167,144,190,46,98,210,112,137,1531,S116a
96,176,80,65,206,141,73,160,87,107,178,71,145,320,175,144,216,72,112,224,112,129,1609,S116a
81,136,55,74,201,127,72,159,87,121,168,47,129,272,143,153,248,95,98,240,142,113,1537,S116a
73,176,103,66,199,133,75,153,78,105,232,127,162,240,78,249,432,183,105,224,119,130,1786,S116a
105,159,54,66,201,135,73,144,71,113,192,79,112,280,168,177,360,183,105,327,222,130,1793,S116a
129,168,39,81,192,111,73,176,103,113,256,143,97,216,119,161,609,448,112,207,95,138,1962,S116a
113,208,95,58,216,158,74,152,78,130,216,86,146,248,102,217,248,31,113,232,119,153,1673,S116a
105,184,79,57,184,127,81,137,56,129,191,62,97,240,143,201,328,127,130,1664,1534,153,3081,S116a
104,152,48,65,192,127,74,128,54,111,167,56,90,257,167,184,215,31,90,240,150,129,1480,S116a
73,113,40,65,192,127,96,127,31,146,233,87,129,368,239,161,255,94,106,249,143,153,1690,S116a
225,200,-25,81,216,135,81,175,94,138,927,789,123,361,238,169,170,1,120,263,143,129,2441,S116a
122,137,15,73,191,118,91,168,77,146,224,78,98,216,118,281,282,1,119,310,191,146,1674,S116a
106,144,38,66,192,126,73,121,48,127,183,56,114,248,134,177,200,23,121,248,127,137,1473,S116a
97,152,55,73,192,119,73,159,86,138,256,118,162,296,134,186,273,87,129,272,143,132,1732,S116a
96,128,32,79,192,113,98,152,54,161,199,38,143,249,106,193,224,31,112,215,103,166,1525,S116a
106,153,47,69,199,130,74,144,70,161,193,32,105,359,254,217,218,1,111,222,111,177,1665,S116a
121,160,39,58,192,134,94,160,66,114,200,86,98,280,182,201,204,3,110,204,94,170,1570,S116a
105,128,23,77,200,123,101,168,67,145,184,39,113,320,207,193,239,46,100,369,269,153,1761,S116a
113,168,55,64,208,144,57,128,71,136,216,80,120,240,120,208,209,1,112,182,70,153,1504,S116a
121,104,-17,138,680,542,73,120,47,114,216,102,90,216,126,201,224,23,96,207,111,130,1897,S116a
106,152,46,70,224,154,73,144,71,138,224,86,97,271,174,139,209,70,105,216,111,122,1562,S116a
137,208,71,65,192,127,73,176,103,113,191,78,98,224,126,362,281,-81,83,376,293,169,1817,S116a
98,169,71,57,184,127,65,134,69,113,201,88,114,248,134,193,1264,1071,114,792,678,89,3081,S116a
66,112,46,81,192,111,73,151,78,112,281,169,129,256,127,185,319,134,91,240,149,105,1656,S116a
90,184,94,66,216,150,89,232,143,114,200,86,137,247,110,170,465,295,130,183,53,106,1833,S116a
96,168,72,58,160,102,73,119,46,105,201,96,96,280,184,185,264,79,89,239,150,122,1553,S116a
80,152,72,65,200,135,73,184,111,137,271,134,106,240,134,202,360,158,122,232,110,121,1760,S116a
120,144,24,64,167,103,98,99,1,120,1070,950,146,201,55,264,583,319,177,312,135,169,2745,S116a
129,152,23,81,184,103,105,106,1,216,279,63,182,255,73,242,497,255,129,207,78,121,1801,S116a
121,143,22,90,225,135,105,107,2,166,237,71,161,240,79,201,296,95,161,280,119,162,1690,S116a
138,153,15,88,223,135,97,129,32,161,223,62,138,224,86,194,312,118,146,232,86,146,1642,S116a
86,137,51,65,183,118,81,83,2,134,222,88,129,216,87,193,215,22,137,233,96,129,1418,S116a
119,161,42,80,199,119,82,121,39,144,208,64,112,215,103,178,199,21,130,225,95,154,1482,S116a
97,152,55,82,215,133,83,146,63,120,182,62,131,226,95,264,288,24,121,247,126,145,1601,S116a
98,161,63,71,215,144,81,129,48,145,206,61,121,290,169,185,112,-73,145,287,142,144,1544,S116a
98,144,46,89,217,128,80,128,48,131,151,20,144,239,95,202,204,2,118,214,96,137,1434,S116a
106,161,55,72,198,126,91,138,47,121,192,71,129,216,87,169,170,1,103,213,110,145,1433,S116a
104,151,47,74,200,126,89,146,57,119,166,47,98,233,135,168,170,2,103,213,110,154,1433,S116a
106,153,47,73,200,127,81,152,71,153,200,47,120,272,152,184,479,295,138,257,119,161,1874,S116a
105,176,71,73,191,118,66,104,38,122,193,71,112,224,112,192,193,1,104,206,102,121,1408,S116a
97,168,71,73,201,128,73,128,55,121,176,55,121,223,102,274,305,31,105,216,111,145,1562,S116a
97,166,69,77,203,126,80,136,56,153,224,71,105,239,134,186,200,14,114,393,279,145,1706,S116a
106,184,78,72,184,112,73,128,55,128,175,47,148,449,301,229,391,162,121,241,120,161,1913,S116a
105,184,79,80,199,119,98,99,1,95,222,127,136,280,144,209,211,2,126,285,159,97,1577,S116a
89,159,70,87,185,98,81,120,39,144,168,24,136,280,144,170,136,-34,121,256,135,136,1440,S116a
89,152,63,57,192,135,80,151,71,131,169,38,121,304,183,153,120,-33,145,248,103,145,1481,S116a
106,144,38,82,192,110,91,128,37,145,167,22,131,281,150,169,170,1,103,190,87,185,1457,S116a
90,152,62,82,200,118,81,152,71,129,200,71,96,239,143,298,201,-97,153,520,367,185,1849,S116a
96,135,39,73,185,112,80,104,24,113,328,215,145,200,55,385,304,-81,106,344,238,136,1736,S116a
127,144,17,74,200,126,89,112,23,105,512,407,106,176,70,177,560,383,97,192,95,121,2017,S116a
82,127,45,75,185,110,96,98,2,86,190,104,81,296,215,185,186,1,103,214,111,121,1417,S116a
97,136,39,67,184,117,83,112,29,113,176,63,138,248,110,194,248,54,121,248,127,138,1490,S116a
121,160,39,73,177,104,88,143,55,153,736,583,106,152,46,169,264,95,98,176,78,128,1936,S116a
89,136,47,64,200,136,82,104,22,129,240,111,105,192,87,194,271,77,114,225,111,113,1481,S116a
99,145,46,66,185,119,81,118,37,147,184,37,107,777,670,137,184,47,122,368,246,146,2107,S116a
81,96,15,72,193,121,96,97,1,102,190,88,122,288,166,177,178,1,88,246,158,130,1418,S116a
89,152,63,65,168,103,74,76,2,99,220,121,89,216,127,211,264,53,97,248,151,113,1457,S116a
90,136,46,74,240,166,81,160,79,153,416,263,98,160,62,202,488,286,90,185,95,97,1882,S116a
80,120,40,73,192,119,81,82,1,88,206,118,114,192,78,217,184,-33,98,208,110,122,1306,S116a
129,131,2,71,206,135,73,111,38,105,200,95,97,224,127,161,240,79,97,280,183,114,1506,S116a
83,128,45,82,200,118,90,152,62,106,400,294,98,169,71,185,559,374,97,256,159,106,1970,S116a
81,143,62,74,176,102,84,128,44,122,273,151,129,240,111,185,720,535,105,280,175,96,2056,S116a
74,192,118,74,689,615,98,142,44,81,242,161,105,216,111,159,232,73,74,215,141,97,2025,S116a
97,154,57,74,208,134,107,160,53,97,176,79,105,310,205,171,330,159,81,296,215,97,1731,S116a
97,144,47,66,191,125,74,96,22,122,409,287,89,168,79,177,688,511,97,240,143,113,2049,S116a
81,137,56,81,208,127,73,88,15,105,247,142,98,225,127,161,232,71,111,224,113,98,1459,S116a
98,169,71,74,183,109,74,97,23,113,224,111,90,219,129,158,245,87,82,224,142,96,1457,S116a
105,159,54,74,201,127,82,96,14,113,232,119,89,192,103,185,240,55,89,216,127,113,1449,S116a
89,161,72,72,191,119,82,120,38,145,192,47,105,343,238,178,1729,1551,121,312,191,106,3154,S116a
89,144,55,72,192,120,89,90,1,95,198,103,130,256,126,353,456,103,129,264,135,145,1745,S116a
170,257,87,98,208,110,97,184,87,106,720,614,114,168,54,153,544,391,97,256,159,98,2435,S116a
81,128,47,74,184,110,89,128,39,98,265,167,112,247,135,185,201,16,120,280,160,144,1577,S116a
128,129,1,87,198,111,121,144,23,129,344,215,129,176,47,185,209,24,123,255,132,145,1600,S116a
94,133,39,74,208,134,81,120,39,113,208,95,97,240,143,177,178,1,112,223,111,137,1447,S116a
89,128,39,74,184,110,97,113,16,113,248,135,113,200,87,184,208,24,128,203,75,101,1385,S116a
97,136,39,72,191,119,90,129,39,96,167,71,114,224,110,162,177,15,97,199,102,105,1328,S116a
106,160,54,74,192,118,98,144,46,113,232,119,97,256,159,138,139,1,118,189,71,130,1442,S116a
104,143,39,73,176,103,90,144,54,107,184,77,97,257,160,161,161,0,96,166,70,146,1377,S116a
107,145,38,73,191,118,98,112,14,113,192,79,114,248,134,162,163,1,119,213,94,114,1378,S116a
89,160,71,65,176,111,89,145,56,120,239,119,97,320,223,169,199,30,122,209,87,137,1585,S116a
89,151,62,65,193,128,81,128,47,129,312,183,137,280,143,169,223,54,98,193,95,112,1592,S116a
96,136,40,73,193,120,79,119,40,89,192,103,97,200,103,161,161,0,112,207,95,105,1313,S116a
106,153,47,72,231,159,90,209,119,104,192,88,88,264,176,145,184,39,105,184,79,116,1533,S116a
88,144,56,65,208,143,89,160,71,112,176,64,121,512,391,433,704,271,121,216,95,129,2249,S116a
104,175,71,68,176,108,89,144,55,105,200,95,97,256,159,161,162,1,107,213,106,-870,456,S116a
82,135,53,74,185,111,74,120,46,105,176,71,97,231,134,195,177,-18,146,264,118,146,1434,S116a
97,144,47,74,224,150,97,176,79,97,184,87,129,240,111,177,178,1,96,222,126,129,1497,S116a
114,168,54,81,216,135,81,152,71,105,184,79,97,336,239,185,208,23,121,288,167,121,1673,S116a
98,153,55,81,199,118,98,121,23,105,191,86,121,272,151,161,162,1,-896,223,1119,137,1458,S116a
90,184,94,41,160,119,74,104,30,89,592,503,113,191,78,306,308,2,125,269,144,145,1953,S116a
79,150,71,59,177,118,82,113,31,96,192,96,105,296,191,143,166,23,97,210,113,105,1409,S116a
122,184,62,73,208,135,96,135,39,106,265,159,114,223,109,179,180,1,111,182,71,137,1514,S116a
107,153,46,74,193,119,81,127,46,121,216,95,97,225,128,256,200,-56,146,279,133,154,1547,S116a
96,151,55,72,191,119,90,121,31,104,224,120,105,223,118,218,201,-17,146,248,102,139,1498,S116a
103,145,42,73,184,111,96,144,48,113,192,79,113,224,111,177,192,15,89,176,87,137,1394,S116a
81,153,72,65,215,150,82,137,55,105,440,335,113,240,127,200,560,360,96,200,104,120,2065,S116a
98,137,39,72,192,120,73,112,39,97,176,79,113,240,127,177,160,-17,113,232,119,161,1410,S116a
82,152,70,57,175,118,83,137,54,132,159,27,121,257,136,193,168,-25,137,216,79,129,1393,S116a
89,152,63,72,184,112,89,152,63,89,184,95,97,240,143,185,186,1,127,182,55,129,1409,S116a
201,240,39,98,184,86,97,128,31,129,216,87,89,216,127,176,151,-25,114,289,175,186,1610,S116a
79,127,48,65,184,119,83,128,45,113,176,63,113,352,239,193,196,3,109,204,95,130,1497,S116a
89,152,63,73,224,151,88,144,56,106,184,78,105,296,191,185,186,1,95,638,543,145,1969,S116a
90,136,46,76,168,92,73,129,56,80,167,87,113,296,183,202,232,30,112,352,240,114,1594,S116a
81,144,63,65,176,111,73,128,55,82,176,94,106,305,199,160,161,1,116,222,106,122,1434,S116a
106,169,63,73,192,119,81,127,46,121,176,55,106,248,142,177,179,2,119,206,87,137,1434,S116a
90,160,70,57,185,128,73,152,79,113,1199,1086,146,640,494,169,225,56,97,192,95,129,2882,S116a
104,159,55,82,193,111,89,104,15,120,216,96,113,232,119,184,186,2,95,213,118,138,1441,S116a
80,142,62,74,201,127,82,128,46,121,208,87,103,264,161,185,864,679,-887,280,1167,145,2232,S116a
82,152,70,73,184,111,89,127,38,129,200,71,122,257,135,288,224,-64,113,631,518,147,1922,S116a
89,160,71,57,175,118,73,121,48,113,199,86,90,281,191,130,152,22,121,344,223,137,1569,S116a
97,144,47,73,192,119,81,120,39,97,224,127,105,223,118,170,173,3,109,211,102,154,1441,S116a
73,184,111,49,168,119,74,120,46,98,192,94,89,272,183,169,170,1,97,254,157,153,1513,S116a
73,105,32,65,175,110,73,144,71,98,249,151,82,207,125,185,187,2,95,181,86,128,1376,S116a
106,144,38,68,176,108,90,105,15,102,208,106,96,271,175,400,344,-56,138,352,214,177,1777,S116a
138,168,30,59,167,108,83,122,39,160,208,48,129,343,214,209,177,-32,129,328,199,161,1674,S116a
88,150,62,66,177,111,73,113,40,97,174,77,105,249,144,178,216,38,137,271,134,120,1470,S116a
72,119,47,89,216,127,122,177,55,119,232,113,124,231,107,168,191,23,103,202,99,129,1497,S116a
82,128,46,67,194,127,80,103,23,98,257,159,89,192,103,199,319,120,114,257,143,137,1587,S116a
80,159,79,58,168,110,74,145,71,153,208,55,105,279,174,178,179,1,111,206,95,129,1473,S116a
81,151,70,66,185,119,73,135,62,90,177,87,80,256,176,168,169,1,105,255,150,129,1457,S116a
97,152,55,65,192,127,74,152,78,89,202,113,95,254,159,217,248,31,137,480,343,152,1832,S116a
105,159,54,66,177,111,89,128,39,90,216,126,97,248,151,297,216,-81,116,416,300,145,1705,S116a
81,168,87,73,216,143,81,176,95,89,152,63,130,296,166,169,184,15,114,208,94,145,1545,S116a
81,152,71,58,168,110,90,160,70,153,192,39,129,256,127,225,225,0,145,239,94,146,1538,S116a
74,136,62,49,152,103,81,136,55,106,208,102,184,312,128,193,264,71,138,257,119,145,1610,S116a
82,184,102,66,200,134,82,544,462,165,312,147,162,448,286,169,321,152,129,280,151,97,2386,S116a
81,128,47,89,199,110,116,117,1,134,236,102,169,247,78,202,265,63,152,296,144,138,1626,S116a
97,152,55,90,207,117,122,177,55,161,288,127,177,272,95,208,451,243,118,181,63,137,1865,S116a
112,184,72,81,208,127,106,168,62,186,209,23,143,295,152,161,162,1,127,222,95,145,1593,S116a
82,144,62,73,192,119,74,104,30,113,200,87,130,240,110,193,195,2,135,206,71,136,1417,S116a
106,136,30,73,192,119,89,128,39,105,240,135,145,288,143,193,194,1,127,214,87,144,1536,S116a
106,160,54,74,184,110,97,152,55,138,200,62,153,297,144,144,145,1,129,230,101,154,1522,S116a
104,136,32,89,215,126,98,161,63,144,207,63,137,248,111,234,200,-34,146,248,102,146,1561,S116a
137,158,21,74,201,127,82,161,79,152,192,40,113,279,166,161,120,-41,138,225,87,153,1489,S116a
97,144,47,74,184,110,98,145,47,105,176,71,137,263,126,178,153,-25,96,206,110,138,1409,S116a
89,128,39,75,194,119,73,143,70,107,153,46,144,304,160,169,120,-49,137,224,87,168,1434,S116a
106,162,56,105,264,159,97,184,87,137,240,103,137,247,110,194,167,-27,171,226,55,104,1594,S116a
98,136,38,75,202,127,89,192,103,106,200,94,89,240,151,233,264,31,152,272,120,113,1619,S116a
83,153,70,73,199,126,66,185,119,138,207,69,106,465,359,210,344,134,114,320,206,105,1978,S116a
150,160,10,72,176,104,89,144,55,97,192,95,105,264,159,202,448,246,114,255,141,121,1760,S116a
72,96,24,80,216,136,89,240,151,152,207,55,122,360,238,186,240,54,98,737,639,97,2193,S116a
72,128,56,73,192,119,89,135,46,98,153,55,369,504,135,145,176,31,97,1224,1127,116,2628,S116a
81,159,78,65,184,119,74,144,70,111,169,58,116,352,236,217,104,-113,145,375,230,114,1601,S116a
105,185,80,80,183,103,89,161,72,121,168,47,105,263,158,203,161,-42,121,264,143,138,1523,S116a
73,128,55,73,200,127,74,136,62,81,152,71,106,264,158,177,178,1,103,230,127,130,1418,S116a
89,120,31,73,200,127,97,144,47,81,176,95,113,256,143,179,272,93,114,240,126,138,1546,S116a
96,152,56,74,192,118,81,144,63,97,200,103,146,360,214,178,912,734,98,320,222,129,2409,S116a
161,231,70,130,304,174,129,233,104,104,703,599,106,208,102,153,360,207,89,224,135,145,2408,S116a
89,129,40,72,183,111,81,121,40,113,191,78,123,336,213,177,248,71,106,256,150,90,1554,S116a
144,167,23,97,209,112,104,175,71,129,209,80,96,240,144,193,168,-25,121,263,142,129,1560,S116a
74,120,46,81,208,127,90,161,71,81,184,103,122,312,190,137,138,1,128,238,110,145,1506,S116a
114,177,63,81,208,127,113,183,70,146,209,63,137,303,166,145,146,1,105,198,93,148,1572,S116a
90,121,31,72,184,112,97,168,71,97,176,79,121,272,151,161,162,1,103,197,94,114,1394,S116a
121,168,47,81,200,119,96,175,79,115,193,78,145,264,119,176,178,2,103,246,143,154,1578,S116a
106,160,54,73,200,127,88,152,64,97,224,127,129,256,127,169,170,1,198,342,144,137,1641,S116a
96,184,88,76,192,116,89,169,80,97,182,85,99,257,158,169,170,1,143,221,78,122,1497,S116a
81,120,39,81,216,135,101,160,59,90,176,86,133,280,147,178,161,-17,129,231,102,121,1465,S116a
98,137,39,89,215,126,98,136,38,97,184,87,129,240,111,186,208,22,121,224,103,161,1505,S116a
97,136,39,65,193,128,73,135,62,122,200,78,145,352,207,177,344,167,132,184,52,114,1658,S116a
208,209,1,95,206,111,105,224,119,153,313,160,128,256,128,352,383,31,127,449,322,136,2176,S116a
89,152,63,65,176,111,90,128,38,97,169,72,136,319,183,170,143,-27,146,217,71,130,1434,S116a
89,128,39,65,191,126,76,104,28,114,169,55,138,312,174,194,152,-42,138,271,133,163,1490,S116a
90,151,61,66,217,151,153,183,30,114,240,126,112,312,200,168,170,2,119,223,104,120,1616,S116a
126,175,49,74,194,120,80,158,78,91,154,63,105,272,167,168,169,1,136,208,72,129,1459,S116a
73,128,55,66,185,119,81,129,48,111,158,47,149,274,125,304,306,2,110,341,231,154,1675,S116a
90,128,38,74,202,128,80,133,53,90,169,79,129,312,183,217,168,-49,121,280,159,113,1505,S116a
81,136,55,73,192,119,65,128,63,90,152,62,114,264,150,185,186,1,127,214,87,129,1401,S116a
90,168,78,97,272,175,82,216,134,119,184,65,145,344,199,201,272,71,105,464,359,113,2033,S116a
121,183,62,82,193,111,97,152,55,97,216,119,96,232,136,169,216,47,105,192,87,106,1490,S116a
75,120,45,73,183,110,91,121,30,89,175,86,114,265,151,153,154,1,103,189,86,138,1345,S116a
89,136,47,65,184,119,90,120,30,105,200,95,107,336,229,185,496,311,113,184,71,105,1761,S116a
104,160,56,65,184,119,83,111,28,98,201,103,116,288,172,161,176,15,121,200,79,128,1448,S116a
113,169,56,73,184,111,90,128,38,105,192,87,137,272,135,145,168,23,112,200,88,129,1442,S116a
97,136,39,89,224,135,89,135,46,138,193,55,113,296,183,177,178,1,111,190,79,145,1497,S116a
130,169,39,73,200,127,73,136,63,121,240,119,121,248,127,153,176,23,115,184,69,105,1458,S116a
97,152,55,74,184,110,80,128,48,89,152,63,98,280,182,113,159,46,114,193,79,145,1393,S116a
121,191,70,82,201,119,81,128,47,104,224,120,129,255,126,170,200,30,114,193,79,129,1521,S116a
81,120,39,81,208,127,88,163,75,118,149,31,145,288,143,177,200,23,113,183,70,-886,425,S116a
73,144,71,73,192,119,89,144,55,82,152,70,128,256,128,161,176,15,130,192,62,129,1385,S116a
89,136,47,74,192,118,89,144,55,97,232,135,105,224,119,194,1239,1045,120,225,105,97,2489,S116a
74,113,39,81,199,118,74,113,39,88,200,112,137,304,167,169,192,23,97,232,135,114,1467,S116a
89,135,46,66,185,119,89,144,55,81,200,119,146,359,213,161,163,2,111,238,127,177,1601,S116a
83,167,84,58,177,119,73,112,39,88,192,104,82,224,142,161,192,31,101,183,82,106,1353,S116a
136,137,1,63,167,104,89,144,55,72,128,56,137,312,175,137,160,23,96,776,680,113,1937,S116a
73,176,103,65,183,118,82,153,71,113,216,103,89,512,423,-871,168,1039,121,1528,1407,184,3120,S116a
121,192,71,73,192,119,89,175,86,114,200,86,114,241,127,170,192,22,113,200,87,113,1505,S116a
80,168,88,73,184,111,80,152,72,97,176,79,137,264,127,177,178,1,110,205,95,131,1458,S116a
105,144,39,66,176,110,89,128,39,106,167,61,114,273,159,153,128,-25,97,288,191,96,1400,S116a
81,192,111,76,191,115,82,160,78,98,193,95,121,232,111,160,176,16,89,191,102,137,1472,S116a
89,143,54,66,193,127,74,105,31,104,216,112,128,259,131,174,245,71,104,206,102,133,1500,S116a
89,158,69,66,185,119,74,137,63,88,176,88,136,262,126,178,180,2,104,214,110,111,1423,S116a
81,136,55,74,192,118,79,118,39,107,160,53,122,298,176,137,160,23,97,199,102,145,1408,S116a
114,161,47,65,184,119,89,176,87,97,230,133,130,217,87,170,185,15,119,183,64,160,1496,S116a
97,127,30,82,193,111,89,167,78,113,185,72,113,239,126,186,187,1,103,222,119,129,1449,S116a
89,152,63,72,168,96,81,136,55,88,160,72,96,272,176,169,191,22,98,185,87,120,1384,S116a
97,159,62,66,176,110,81,168,87,74,137,63,120,239,119,177,225,48,113,271,158,114,1489,S116a
81,135,54,82,193,111,73,136,63,80,151,71,105,281,176,153,199,46,114,648,534,138,1881,S116a
73,135,62,58,193,135,65,112,47,73,184,111,121,272,151,233,319,86,121,280,159,98,1593,S116a
82,160,78,58,169,111,64,120,56,81,151,70,100,257,157,177,152,-25,89,200,111,121,1330,S116a
81,160,79,58,176,118,80,127,47,89,217,128,97,200,103,177,224,47,97,2696,2599,80,3880,S116a
89,144,55,64,160,96,89,90,1,82,166,84,112,231,119,169,170,1,96,183,87,96,1240,S116a
97,160,63,73,192,119,81,143,62,106,217,111,113,303,190,113,1593,1480,113,280,167,89,2977,S116a
81,136,55,72,191,119,82,97,15,88,192,104,145,231,86,154,169,15,97,216,119,96,1328,S116a
78,127,49,77,177,100,80,104,24,97,184,87,120,224,104,137,167,30,89,192,103,114,1289,S116a
74,128,54,74,201,127,81,111,30,90,200,110,105,208,103,178,193,15,-887,183,1070,146,1370,S116a
81,144,63,64,168,104,73,95,22,82,152,70,122,257,135,144,147,3,109,220,111,130,1313,S116a
72,120,48,81,192,111,81,127,46,91,145,54,193,504,311,200,144,-56,169,280,111,144,1656,S116a
111,216,105,103,208,105,136,248,112,128,848,720,152,344,192,144,1928,1784,136,296,160,104,4192,S114a
104,128,24,128,232,104,128,144,16,120,464,344,128,480,352,127,328,201,144,272,128,136,2184,S114a
96,112,16,88,176,88,104,128,24,104,424,320,136,271,135,129,313,184,120,280,160,136,1840,S114a
80,112,32,80,184,104,80,144,64,104,1032,928,104,296,192,128,360,232,79,280,201,104,2512,S114a
72,112,40,80,176,96,72,120,48,88,344,256,88,832,744,112,408,296,112,216,104,88,2296,S114a
96,160,64,64,161,97,79,111,32,88,384,296,104,272,168,136,312,176,112,320,208,128,1848,S114a
96,120,24,80,168,88,80,136,56,80,312,232,80,337,257,79,400,321,71,271,200,80,1824,S114a
104,136,32,80,184,104,64,120,56,80,312,232,88,312,224,104,256,152,80,224,144,80,1624,S114a
87,143,56,80,177,97,71,127,56,96,456,360,89,432,343,105,361,256,87,360,273,111,2167,S114a
88,153,65,80,168,88,79,135,56,88,336,248,88,297,209,111,368,257,103,304,201,103,1864,S114a
112,159,47,72,177,105,80,120,40,127,432,305,151,399,248,121,489,368,87,248,161,112,2136,S114a
88,152,64,80,167,87,80,121,41,104,455,351,112,296,184,121,273,152,88,328,240,104,1896,S114a
96,144,48,80,192,112,80,160,80,80,280,200,64,456,392,136,439,303,128,305,177,104,2080,S114a
104,144,40,80,184,104,80,160,80,80,312,232,79,352,273,104,304,200,80,232,152,96,1784,S114a
80,136,56,80,160,80,80,136,56,88,328,240,88,432,344,112,288,176,80,264,184,96,1840,S114a
104,152,48,72,168,96,72,112,40,96,344,248,88,584,496,96,368,272,80,392,312,96,2216,S114a
96,167,71,64,168,104,64,113,49,72,319,247,73,752,679,137,241,104,104,264,160,80,2104,S114a
97,96,-1,64,168,104,80,144,64,88,456,368,96,968,872,88,248,160,88,448,360,104,2632,S114a
94,118,24,58,170,112,81,153,72,80,328,248,80,312,232,112,264,152,112,288,176,104,1737,S114a
88,128,40,80,192,112,80,144,64,80,336,256,80,264,184,144,328,184,80,232,152,80,1704,S114a
88,105,17,63,183,120,64,136,72,72,289,217,79,319,240,136,312,176,73,369,296,79,1792,S114a
79,136,57,63,176,113,79,135,56,72,265,193,79,456,377,127,272,145,72,391,319,81,1912,S114a
80,136,56,80,176,96,64,120,56,63,337,274,79,423,344,103,288,185,80,496,416,80,2056,S114a
88,168,80,72,168,96,72,136,64,80,232,152,88,464,376,112,240,128,80,288,208,104,1800,S114a
88,144,56,72,168,96,80,104,24,88,368,280,88,335,247,137,329,192,88,264,176,104,1816,S114a
104,136,32,56,160,104,64,136,72,80,353,273,79,551,472,168,272,104,96,264,168,136,2008,S114a
96,128,32,88,184,96,80,136,56,88,416,328,80,392,312,111,272,161,72,280,208,96,1904,S114a
92,127,35,64,177,113,80,184,104,80,343,263,89,361,272,112,288,176,80,248,168,112,1840,S114a
104,144,40,80,184,104,88,144,56,80,232,152,104,367,263,129,281,152,104,256,152,104,1712,S114a
80,112,32,80,184,104,56,112,56,88,376,288,104,296,192,104,256,152,80,304,224,112,1752,S114a
104,136,32,80,184,104,88,152,64,128,265,137,95,375,280,176,376,200,80,232,152,112,1832,S114a
88,120,32,56,184,128,88,168,80,80,280,200,72,297,225,127,287,160,112,312,200,104,1752,S114a
79,128,49,63,184,121,64,128,64,71,352,281,79,375,296,137,553,416,71,264,193,87,2071,S114a
80,136,56,72,186,114,70,142,72,104,392,288,79,304,225,128,296,168,64,240,176,96,1792,S114a
96,160,64,63,192,129,71,152,81,72,344,272,80,320,240,80,288,208,79,280,201,113,1849,S114a
80,192,112,72,200,128,63,144,81,95,375,280,105,360,255,129,305,176,96,224,128,128,1928,S114a
104,192,88,56,184,128,80,160,80,104,320,216,104,328,224,112,280,168,80,208,128,104,1776,S114a
88,176,88,79,176,97,80,128,48,80,328,248,80,408,328,136,392,256,95,368,273,103,2079,S114a
105,104,-1,80,168,88,80,136,56,79,312,233,103,272,169,104,280,176,80,687,607,97,2056,S114a
73,153,80,56,175,119,65,128,63,81,321,240,80,280,200,128,327,199,72,347,275,78,1809,S114a
72,96,24,64,160,96,72,128,56,80,328,248,80,351,271,129,233,104,80,216,136,88,1600,S114a
73,72,-1,88,208,120,72,152,80,80,288,208,96,304,208,104,448,344,80,400,320,81,1953,S114a
88,136,48,56,272,216,64,144,80,96,473,377,103,408,305,119,271,152,88,328,240,104,2136,S114a
104,160,56,72,168,96,64,104,40,87,376,289,72,288,216,112,272,160,80,232,152,112,1712,S114a
105,144,39,80,184,104,58,112,54,88,345,257,79,351,272,129,385,256,63,239,176,90,1850,S114a
87,176,89,79,176,97,80,136,56,87,240,153,71,399,328,128,385,257,79,256,177,88,1856,S114a
104,184,80,64,184,120,80,119,39,80,400,320,48,456,408,129,353,224,80,216,136,95,2007,S114a
104,129,25,79,199,120,64,145,81,72,343,271,88,313,225,120,376,256,64,224,160,96,1825,S114a
112,112,0,72,176,104,55,135,80,81,689,608,64,528,464,152,240,88,88,504,416,128,2512,S114a
80,112,32,64,360,296,56,136,80,80,352,272,80,272,192,136,312,176,72,272,200,104,1920,S114a
72,128,56,64,176,112,64,104,40,88,416,328,80,256,176,128,384,256,80,248,168,104,1816,S114a
112,184,72,56,160,104,64,144,80,80,464,384,64,296,232,112,400,288,64,376,312,88,2112,S114a
80,144,64,56,168,112,80,136,56,80,336,256,72,320,248,80,256,176,56,296,240,80,1736,S114a
87,143,56,64,177,113,55,135,80,88,384,296,88,344,256,112,296,184,72,232,160,104,1815,S114a
120,184,64,56,168,112,72,120,48,104,472,368,80,336,256,112,272,160,72,216,144,120,1888,S114a
128,160,32,80,168,88,80,120,40,104,408,304,88,367,279,121,321,200,64,368,304,104,2016,S114a
104,127,23,64,177,113,64,95,31,80,377,297,79,304,225,103,280,177,79,264,185,111,1735,S114a
96,137,41,63,168,105,64,128,64,103,431,328,80,384,304,120,321,201,63,312,249,103,1984,S114a
88,144,56,64,168,104,71,128,57,88,479,391,64,297,233,144,440,296,80,536,456,103,2295,S114a
72,272,200,72,184,112,72,152,80,104,1704,1600,64,208,144,160,328,168,80,248,168,104,3200,S114a
88,136,48,56,160,104,56,88,32,88,336,248,80,312,232,128,304,176,80,280,200,152,1768,S114a
105,104,-1,72,176,104,63,120,57,80,520,440,112,280,168,160,288,128,64,216,152,112,1816,S114a
80,160,80,80,176,96,80,136,56,96,344,248,112,272,160,144,296,152,88,264,176,104,1752,S114a
88,120,32,64,160,96,80,120,40,112,336,224,80,280,200,112,272,160,88,232,144,112,1632,S114a
128,184,56,64,168,104,80,160,80,88,344,256,104,280,176,128,256,128,80,232,152,96,1720,S114a
104,168,64,56,184,128,72,160,88,104,408,304,72,232,160,128,256,128,64,216,152,120,1744,S114a
88,152,64,56,168,112,64,104,40,88,408,320,64,264,200,112,536,424,80,280,200,80,1992,S114a
112,155,43,56,190,134,66,143,77,104,288,184,80,248,168,152,296,144,80,272,192,112,1704,S114a
95,103,8,80,177,97,79,160,81,87,407,320,81,280,199,97,256,159,80,233,153,103,1719,S114a
95,151,56,64,168,104,64,105,41,111,423,312,112,409,297,127,288,161,72,256,184,104,1904,S114a
71,112,41,63,176,113,71,223,152,97,440,343,72,257,185,120,304,184,63,216,153,79,1807,S114a
104,153,49,63,152,89,88,200,112,104,544,440,80,248,168,128,280,152,64,240,176,104,1921,S114a
87,128,41,56,168,112,56,112,56,80,392,312,56,256,200,112,336,224,64,256,192,104,1752,S114a
112,184,72,72,184,112,80,160,80,88,392,304,80,280,200,120,368,248,56,240,184,88,1896,S114a
88,144,56,64,200,136,56,88,32,111,1528,1417,56,1000,944,80,792,712,64,216,152,88,4056,S114a
64,232,168,64,168,104,80,128,48,104,280,176,72,256,184,128,280,152,56,432,376,112,1888,S114a
105,104,-1,64,168,104,72,128,56,79,224,145,72,400,328,128,472,344,80,344,264,96,1936,S114a
96,184,88,64,168,104,64,120,56,88,504,416,72,224,152,120,456,336,64,472,408,128,2256,S114a
80,168,88,72,168,96,64,104,40,104,256,152,88,256,168,112,328,216,64,216,152,104,1600,S114a
104,136,32,56,160,104,80,128,48,88,288,200,80,696,616,144,367,223,65,297,232,112,2184,S114a
113,112,-1,64,177,113,63,119,56,96,312,216,72,256,184,112,336,224,56,377,321,95,1784,S114a
80,161,81,55,159,104,57,120,63,88,264,176,64,272,208,128,480,352,64,401,337,103,1960,S114a
104,153,49,55,160,105,71,136,65,95,288,193,47,264,217,127,240,113,80,216,136,104,1561,S114a
96,152,56,64,184,120,72,128,56,88,752,664,128,487,359,121,369,248,64,600,536,103,2775,S114a
111,232,121,80,208,128,64,144,80,88,504,416,64,248,184,112,336,224,72,368,296,112,2152,S114a
80,160,80,72,176,104,80,136,56,104,320,216,64,376,312,136,360,224,48,192,144,104,1824,S114a
104,160,56,72,208,136,56,144,88,88,304,216,64,336,272,128,424,296,72,360,288,96,2032,S114a
88,144,56,80,200,120,72,136,64,104,288,184,64,248,184,128,344,216,56,248,192,104,1712,S114a
104,136,32,64,176,112,72,120,48,80,272,192,64,321,257,103,279,176,80,328,248,120,1752,S114a
104,144,40,72,176,104,80,128,48,80,288,208,80,305,225,119,335,216,80,280,200,80,1736,S114a
104,168,64,64,193,129,79,200,121,71,391,320,72,280,208,120,344,224,64,241,177,78,1895,S114a
105,161,56,64,176,112,80,160,80,80,265,185,63,359,296,136,432,296,80,456,376,88,2097,S114a
104,145,41,80,160,80,71,120,49,88,392,304,104,576,472,136,248,112,80,280,200,128,2049,S114a
96,128,32,64,184,120,80,176,96,104,776,672,128,360,232,136,328,192,56,224,168,96,2272,S114a
96,152,56,64,160,96,72,120,48,88,336,248,72,400,328,168,800,632,80,361,281,127,2456,S114a
120,192,72,56,160,104,72,128,56,80,400,320,72,280,208,120,416,296,56,408,352,104,2088,S114a
72,128,56,64,160,96,72,112,40,104,328,224,64,272,208,128,728,600,80,504,424,112,2344,S114a
96,160,64,56,178,122,62,126,64,104,304,200,72,248,176,128,424,296,56,248,192,104,1792,S114a
113,177,64,80,193,113,63,143,80,96,392,296,64,216,152,112,360,248,56,448,392,80,2009,S114a
80,160,80,64,168,104,64,192,128,112,696,584,64,448,384,128,408,280,56,464,408,80,2616,S114a
87,103,16,88,199,111,113,145,32,103,367,264,96,377,281,119,168,49,112,232,120,88,1679,S114a
112,128,16,80,168,88,97,97,0,95,271,176,104,257,153,111,263,152,72,224,152,104,1512,S114a
55,96,41,63,263,200,66,136,70,80,1001,921,79,264,185,111,272,161,95,208,113,87,2327,S114a
79,160,81,79,175,96,64,97,33,96,319,223,72,232,160,104,337,233,80,296,216,103,1719,S114a
80,128,48,63,160,97,72,96,24,87,232,145,80,288,208,112,264,152,80,312,232,128,1608,S114a
104,144,40,72,160,88,64,96,32,88,288,200,88,240,152,112,272,160,87,240,153,104,1544,S114a
88,168,80,80,160,80,64,96,32,88,359,271,80,225,145,128,288,160,64,192,128,104,1592,S114a
72,144,72,63,168,105,56,72,16,104,304,200,71,288,217,96,352,256,80,208,128,112,1648,S114a
88,144,56,72,176,104,72,88,16,104,376,272,79,304,225,96,264,168,72,192,120,104,1648,S114a
88,136,48,72,160,88,64,96,32,96,296,200,120,248,128,104,280,176,80,216,136,96,1528,S114a
72,105,33,71,175,104,73,105,32,88,288,200,72,256,184,104,472,368,64,272,208,96,1769,S114a
88,144,56,72,176,104,64,145,81,86,271,185,80,264,184,127,393,266,79,366,287,105,1864,S114a
81,144,63,57,161,104,40,1264,1224,104,440,336,56,152,96,144,344,200,72,256,184,80,2841,S114a
96,152,56,56,160,104,56,120,64,88,232,144,64,240,176,120,280,160,64,248,184,80,1512,S114a
105,104,-1,64,160,96,64,120,56,80,208,128,64,266,202,93,318,225,64,224,160,80,1480,S114a
88,112,24,72,185,113,63,118,55,81,793,712,80,215,135,113,282,169,55,280,225,87,2072,S114a
95,152,57,63,168,105,63,104,41,79,232,153,71,223,152,112,409,297,79,528,449,87,1903,S114a
87,152,65,63,160,97,63,95,32,89,233,144,79,175,96,128,328,200,73,201,128,88,1432,S114a
80,120,40,79,176,97,64,104,40,80,296,216,96,248,152,112,240,128,80,424,344,112,1720,S114a
88,128,40,80,176,96,72,104,32,104,288,184,72,224,152,104,312,208,80,224,144,80,1536,S114a
80,128,48,63,176,113,64,120,56,72,368,296,71,320,249,80,351,271,73,225,152,96,1784,S114a
85,141,56,72,200,128,72,152,80,80,480,400,80,232,152,112,360,248,56,424,368,56,2045,S114a
88,168,80,80,232,152,64,192,128,72,440,368,80,272,192,120,248,128,64,288,224,88,1928,S114a
80,128,48,56,160,104,55,112,57,72,200,128,80,416,336,112,224,112,64,192,128,80,1512,S114a
87,128,41,56,152,96,64,120,56,80,256,176,64,208,144,129,288,159,96,224,128,104,1480,S114a
80,1312,1232,72,176,104,72,128,56,80,257,177,63,240,177,143,231,88,71,200,129,104,2648,S114a
103,152,49,55,159,104,64,96,32,104,264,160,80,233,153,127,255,128,80,185,105,103,1447,S114a
96,112,16,80,160,80,64,112,48,103,264,161,79,240,161,136,280,144,71,231,160,112,1511,S114a
80,112,32,63,168,105,72,104,32,104,344,240,79,296,217,144,224,80,87,208,121,104,1560,S114a
104,144,40,79,176,97,72,144,72,88,319,231,73,273,200,96,200,104,71,216,145,56,1528,S114a
105,129,24,72,184,112,64,136,72,64,240,176,72,320,248,104,232,128,56,192,136,88,1521,S114a
88,128,40,64,168,104,64,112,48,88,320,232,80,272,192,112,344,232,72,536,464,120,2000,S114a
129,129,0,56,160,104,72,128,56,104,320,216,80,320,240,111,256,145,72,576,504,95,1984,S114a
64,120,56,64,200,136,56,128,72,72,368,296,64,216,152,112,304,192,72,1088,1016,80,2504,S114a
80,136,56,64,3552,3488,64,96,32,88,288,200,72,208,136,112,248,136,56,472,416,96,5096,S114a
80,136,56,48,152,104,56,96,40,80,200,120,80,312,232,96,320,224,80,208,128,80,1504,S114a
88,144,56,64,152,88,64,112,48,80,248,168,80,248,168,120,240,120,72,200,128,80,1424,S114a
80,128,48,64,168,104,64,120,56,88,224,136,64,288,224,112,264,152,80,200,120,72,1464,S114a
104,168,64,64,152,88,72,129,57,82,184,102,79,280,201,111,256,145,55,199,144,80,1448,S114a
71,104,33,55,159,104,56,96,40,80,241,161,63,239,176,112,337,225,63,207,144,96,1479,S114a
96,137,41,71,175,104,56,120,64,89,217,128,64,271,207,120,257,137,87,383,296,97,1657,S114a
79,184,105,63,160,97,63,120,57,79,472,393,79,592,513,136,312,176,55,271,216,97,2208,S114a
96,136,40,64,168,104,80,128,48,80,400,320,63,224,161,128,280,152,80,336,256,103,1775,S114a
72,136,64,72,184,112,64,128,64,80,224,144,88,272,184,120,256,136,72,272,200,80,1552,S114a
103,128,25,72,168,96,64,103,39,89,217,128,64,296,232,128,344,216,72,248,176,104,1608,S114a
80,136,56,72,176,104,56,128,72,80,208,128,80,280,200,112,360,248,64,224,160,104,1616,S114a
96,128,32,56,160,104,64,128,64,104,216,112,72,352,280,128,296,168,88,392,304,112,1784,S114a
88,120,32,64,168,104,56,112,56,72,304,232,72,240,168,112,408,296,80,296,216,96,1744,S114a
72,112,40,64,176,112,64,120,56,88,264,176,72,224,152,128,288,160,72,232,160,88,1504,S114a
80,143,63,57,169,112,80,120,40,80,328,248,64,248,184,104,472,368,80,832,752,96,2408,S114a
64,120,56,56,160,104,56,112,56,88,280,192,56,280,224,128,248,120,64,280,216,80,1560,S114a
72,104,32,64,176,112,56,112,56,80,256,176,56,208,152,136,288,152,64,272,208,88,1504,S114a
79,160,81,55,160,105,47,104,57,71,296,225,55,255,200,104,265,161,63,191,128,96,1527,S114a
79,112,33,63,152,89,56,136,80,64,288,224,55,224,169,119,272,153,64,240,176,104,1528,S114a
104,152,48,56,168,112,72,136,64,79,208,129,64,256,192,120,304,184,64,264,200,104,1592,S114a
80,144,64,56,160,104,56,112,56,80,256,176,63,224,161,103,304,201,55,216,161,88,1504,S114a
88,144,56,48,152,104,64,128,64,80,288,208,56,240,184,128,360,232,56,320,264,96,1728,S114a
88,168,80,56,152,96,64,128,64,80,320,240,80,272,192,120,328,208,56,216,160,80,1664,S114a
88,152,64,64,160,96,56,168,112,80,472,392,64,184,120,127,322,195,69,197,128,81,1736,S114a
80,152,72,64,184,120,56,152,96,88,361,273,55,231,176,80,1616,1536,72,336,264,104,3136,S114a
80,144,64,56,160,104,64,120,56,88,328,240,64,288,224,120,280,160,64,208,144,80,1608,S114a
81,161,80,48,160,112,56,128,72,80,280,200,56,376,320,112,336,224,64,248,184,88,1777,S114a
80,136,56,56,217,161,55,143,88,88,416,328,64,264,200,128,304,176,56,184,128,88,1752,S114a
78,159,81,64,168,104,56,160,104,88,320,232,80,232,152,128,416,288,72,256,184,112,1823,S114a
80,160,80,64,176,112,80,144,64,80,327,247,65,440,375,105,401,296,72,337,265,111,2096,S114a
71,112,41,63,168,105,63,135,72,80,279,199,65,289,224,97,321,224,62,224,162,79,1607,S114a
80,144,64,56,159,103,80,113,33,88,247,159,57,233,176,120,280,160,64,176,112,87,1439,S114a
80,112,32,56,159,103,57,137,80,103,248,145,56,344,288,120,248,128,64,224,160,96,1568,S114a
106,144,38,64,168,104,64,120,56,96,272,176,80,328,248,96,375,279,73,249,176,80,1736,S114a
88,144,56,72,168,96,56,120,64,88,344,256,96,272,176,128,288,160,72,248,176,104,1688,S114a
88,145,57,55,159,104,72,152,80,79,400,321,72,312,240,104,440,336,64,248,184,96,1952,S114a
128,200,72,64,168,104,80,144,64,104,352,248,72,224,152,136,352,216,72,224,152,104,1768,S114a
80,144,64,56,152,96,56,112,56,88,288,200,64,240,176,152,335,183,73,217,144,112,1600,S114a
96,144,48,64,168,104,64,144,80,80,328,248,56,320,264,104,505,401,55,279,224,104,1992,S114a
73,145,72,56,168,112,64,153,89,79,328,249,47,271,224,112,705,593,63,231,168,88,2089,S114a
87,160,73,55,151,96,64,120,56,80,273,193,72,416,344,120,735,615,65,464,399,96,2415,S114a
87,144,57,56,160,104,55,112,57,103,272,169,56,232,176,127,1560,1433,48,600,552,71,3151,S114a
88,128,40,64,144,80,72,120,48,88,280,192,64,296,232,135,704,569,72,368,296,88,2128,S114a
73,113,40,56,159,103,65,153,88,64,264,200,64,216,152,128,288,160,64,312,248,80,1585,S114a
104,160,56,64,168,104,56,160,104,95,391,296,81,273,192,120,544,424,56,344,288,80,2120,S114a
96,136,40,64,216,152,48,761,713,96,368,272,80,281,201,136,858,722,96,344,248,81,3045,S114a
112,135,23,81,170,89,71,152,81,80,279,199,88,442,354,136,481,345,80,257,177,104,2020,S114a
79,112,33,63,175,112,64,120,56,113,346,233,80,208,128,152,321,169,64,216,152,88,1586,S114a
104,144,40,64,168,104,64,120,56,96,337,241,72,545,473,103,232,129,72,232,160,104,1882,S114a
80,137,57,55,160,105,63,128,65,88,408,320,88,481,393,120,280,160,80,232,152,104,1930,S114a
80,112,32,48,160,112,64,120,56,88,240,152,80,249,169,128,328,200,72,184,112,104,1497,S114a
104,145,41,56,160,104,64,112,48,88,272,184,80,360,280,129,385,256,64,480,416,104,2018,S114a
88,120,32,56,177,121,71,151,80,72,289,217,64,272,208,120,320,200,72,256,184,104,1689,S114a
96,152,56,47,152,105,64,128,64,112,360,248,80,344,264,88,1497,1409,56,264,208,96,2993,S114a
96,136,40,56,168,112,56,88,32,104,465,361,72,248,176,136,296,160,64,208,144,103,1712,S114a
104,144,40,56,160,104,64,112,48,80,336,256,84,233,149,127,399,272,64,201,137,80,1665,S114a
80,120,40,56,160,104,56,136,80,80,376,296,72,232,160,128,1481,1353,63,480,417,88,3073,S114a
72,1184,1112,56,144,88,64,104,40,88,488,400,64,200,136,120,304,184,56,240,184,96,2760,S114a
79,135,56,56,160,104,64,113,49,95,264,169,71,248,177,112,408,296,63,216,153,104,1648,S114a
80,144,64,64,152,88,56,104,48,72,352,280,72,240,168,127,768,641,56,232,176,88,2080,S114a
88,152,64,56,168,112,57,121,64,80,320,240,64,264,200,105,372,267,68,389,321,95,1881,S114a
80,160,80,64,160,96,64,120,56,87,408,321,80,223,143,89,241,152,80,216,136,88,1616,S114a
72,160,88,64,168,104,64,119,55,89,345,256,80,416,336,112,488,376,64,393,329,79,2168,S114a
80,136,56,56,144,88,64,128,64,96,320,224,64,312,248,104,264,160,80,264,184,88,1656,S114a
72,120,48,56,168,112,64,144,80,72,441,369,55,232,177,119,367,248,49,233,184,96,1801,S114a
88,120,32,56,136,80,56,136,80,64,256,192,56,408,352,72,288,216,56,168,112,80,1592,S114a
86,126,40,81,168,87,65,64,-1,104,400,296,112,248,136,112,216,104,96,185,89,103,1510,S114a
97,96,-1,56,160,104,80,120,40,104,280,176,104,543,439,128,200,72,97,753,656,112,2264,S114a
72,96,24,64,168,104,63,96,33,96,296,200,80,256,176,104,264,160,80,208,128,104,1488,S114a
95,152,57,80,192,112,72,112,40,144,208,64,112,264,152,136,248,112,80,160,80,104,1440,S114a
105,144,39,64,168,104,56,128,72,104,496,392,88,239,151,105,281,176,56,224,168,96,1776,S114a
112,144,32,64,144,80,80,112,32,80,232,152,88,232,144,136,240,104,80,184,104,128,1416,S114a
72,120,48,64,152,88,64,80,16,112,264,152,88,200,112,104,240,136,72,151,79,81,1288,S114a
80,121,41,63,151,88,80,112,32,88,216,128,64,216,152,128,352,224,81,240,159,96,1504,S114a
96,152,56,64,160,96,57,57,0,95,343,248,88,256,168,112,288,176,56,136,80,104,1496,S114a
88,144,56,56,144,88,72,136,64,80,256,176,64,216,152,96,328,232,80,224,144,88,1536,S114a
55,168,113,63,168,105,63,144,81,88,336,248,63,200,137,128,272,144,71,272,201,104,1664,S114a
88,120,32,72,160,88,64,120,56,72,240,168,72,208,136,128,232,104,79,184,105,88,1352,S114a
88,136,48,56,168,112,64,144,80,79,256,177,72,216,144,96,272,176,64,184,120,80,1456,S114a
56,144,88,64,152,88,64,104,40,71,248,177,64,288,224,120,288,168,64,456,392,88,1768,S114a
88,144,56,56,136,80,64,128,64,80,208,128,55,280,225,128,248,120,72,224,152,104,1472,S114a
80,120,40,80,152,72,80,128,48,88,200,112,80,304,224,120,256,136,80,184,104,96,1440,S114a
80,136,56,64,152,88,80,104,24,80,320,240,80,240,160,128,240,112,72,176,104,72,1440,S114a
80,160,80,48,153,105,71,111,40,80,304,224,64,240,176,104,216,112,64,224,160,80,1488,S114a
88,120,32,64,176,112,56,120,64,80,288,208,72,640,568,128,976,848,64,168,104,80,2568,S114a
72,128,56,56,160,104,64,120,56,72,280,208,80,224,144,120,313,193,79,247,168,72,1544,S114a
72,144,72,56,160,104,56,96,40,81,264,183,64,208,144,128,265,137,63,191,128,80,1408,S114a
88,128,40,56,160,104,56,104,48,88,192,104,64,432,368,128,424,296,56,480,424,112,2032,S114a
88,128,40,72,152,80,72,96,24,104,408,304,73,345,272,112,272,160,63,192,129,87,1680,S114a
79,121,42,63,152,89,71,128,57,87,288,201,63,272,209,111,208,97,87,240,153,112,1521,S114a
72,136,64,63,160,97,55,128,73,104,303,199,73,617,544,151,448,297,104,240,136,119,2151,S114a
88,112,24,64,152,88,55,112,57,80,232,152,48,376,328,144,272,128,72,447,375,129,1832,S114a
104,152,48,56,152,96,64,136,72,80,192,112,80,272,192,112,928,816,72,248,176,88,2168,S114a
89,105,16,56,168,112,56,112,56,88,240,152,80,264,184,144,240,96,79,232,153,103,1464,S114a
72,112,40,72,168,96,56,128,72,80,328,248,64,248,184,128,256,128,64,600,536,80,1920,S114a
104,136,32,64,184,120,64,112,48,88,288,200,72,216,144,136,248,112,72,224,152,104,1512,S114a
88,120,32,72,184,112,56,112,56,79,383,304,64,313,249,80,184,104,88,272,184,128,1696,S114a
104,184,80,56,168,112,64,184,120,88,344,256,80,240,160,127,327,200,72,248,176,121,1816,S114a
111,87,-24,73,161,88,81,112,31,128,208,80,64,296,232,112,288,176,72,424,352,112,1688,S114a
80,136,56,64,160,96,72,128,56,96,208,112,80,328,248,136,264,128,80,184,104,88,1496,S114a
87,152,65,64,152,88,56,112,56,88,336,248,72,232,160,136,336,200,64,312,248,128,1760,S114a
104,128,24,56,160,104,64,168,104,71,296,225,56,272,216,136,360,224,56,241,185,39,1664,S114a
71,111,40,72,176,104,56,113,57,103,232,129,63,263,200,120,569,449,71,296,225,103,1863,S114a
88,128,40,56,145,89,63,120,57,71,247,176,72,249,177,103,296,193,63,320,257,103,1608,S114a
87,240,153,63,176,113,63,128,65,88,296,208,79,248,169,320,496,176,87,608,521,128,2320,S114a
80,128,48,64,168,104,47,72,25,104,288,184,80,200,120,152,240,88,72,296,224,104,1496,S114a
88,120,32,64,168,104,56,96,40,104,232,128,64,264,200,120,424,304,63,496,433,96,1896,S114a
72,144,72,56,136,80,64,120,56,88,240,152,64,240,176,152,423,271,89,289,200,95,1687,S114a
72,144,72,72,168,96,56,136,80,80,320,240,56,448,392,112,320,208,64,464,400,88,2088,S114a
88,176,88,64,169,105,63,135,72,80,328,248,64,232,168,136,344,208,64,224,160,104,1712,S114a
112,136,24,64,152,88,64,120,56,80,256,176,56,256,200,136,407,271,65,265,200,104,1696,S114a
96,160,64,64,168,104,64,168,104,80,312,232,56,192,136,112,497,385,71,359,288,80,1936,S114a
80,120,40,64,153,89,55,111,56,80,312,232,72,241,169,127,2127,2000,64,617,553,103,3784,S114a
95,128,33,56,152,96,55,112,57,64,312,248,80,208,128,120,296,176,64,664,600,96,1968,S114a
87,144,57,64,144,80,64,136,72,80,256,176,80,224,144,128,344,216,72,248,176,79,1575,S114a
104,144,40,63,160,97,64,120,56,72,272,200,80,216,136,136,344,208,72,200,128,88,1544,S114a
88,144,56,56,184,128,80,152,72,80,328,248,64,216,152,128,352,224,64,224,160,95,1695,S114a
80,112,32,56,136,80,64,119,55,81,257,176,96,488,392,112,704,592,72,256,184,104,2176,S114a
105,104,-1,55,160,105,56,136,80,72,208,136,55,335,280,34,193,159,80,272,192,103,1511,S114a
72,120,48,64,160,96,64,120,56,80,280,200,56,384,328,136,464,328,104,472,368,120,2120,S114a
96,152,56,56,160,104,48,120,72,80,432,352,64,320,256,136,272,136,80,224,144,80,1760,S114a
88,136,48,72,168,96,64,144,80,88,272,184,72,288,216,168,352,184,80,416,336,112,1888,S114a
88,160,72,56,592,536,72,192,120,120,944,824,79,200,121,136,376,240,72,424,352,112,3000,S114a
87,152,65,55,159,104,64,152,88,80,288,208,72,264,192,128,353,225,55,256,201,79,1703,S114a
95,127,32,65,145,80,79,144,65,79,216,137,63,176,113,175,352,177,88,480,392,119,1759,S114a
95,144,49,80,176,96,47,136,89,103,496,393,72,344,272,112,527,415,81,320,239,121,2264,S114a
97,97,0,72,152,80,64,104,40,104,248,144,64,968,904,104,367,263,73,825,752,88,2849,S114a
81,105,24,64,160,96,64,144,80,80,208,128,64,280,216,112,248,136,80,264,184,103,1512,S114a
104,128,24,56,144,88,80,120,40,96,320,224,80,232,152,168,295,127,73,241,168,88,1568,S114a
88,128,40,72,152,80,72,128,56,88,360,272,64,264,200,128,352,224,48,232,184,96,1712,S114a
104,160,56,48,136,88,56,136,80,80,328,248,64,224,160,152,472,320,72,456,384,112,2024,S114a
72,120,48,64,152,88,64,120,56,128,480,352,80,208,128,96,248,152,56,232,176,88,1648,S114a
80,128,48,80,176,96,56,128,72,72,416,344,72,304,232,152,296,144,80,568,488,96,2112,S114a
104,128,24,63,144,81,64,104,40,88,329,241,71,543,472,128,440,312,80,216,136,104,2008,S114a
96,145,49,63,151,88,64,105,41,95,272,177,79,271,192,168,385,217,63,479,416,80,1888,S114a
112,192,80,55,160,105,55,136,81,79,272,193,63,296,233,128,216,88,80,232,152,104,1608,S114a
80,119,39,57,137,80,80,136,56,88,368,280,72,608,536,112,488,376,88,296,208,104,2256,S114a
96,136,40,56,176,120,64,144,80,80,240,160,72,264,192,120,240,120,80,200,120,120,1520,S114a
80,136,56,56,136,80,80,160,80,103,264,161,80,208,128,136,744,608,88,1352,1264,88,3088,S114a
88,120,32,56,160,104,56,136,80,80,328,248,72,184,112,128,336,208,64,216,152,88,1568,S114a
128,160,32,80,208,128,64,144,80,104,416,312,79,544,465,96,463,367,65,1121,1056,96,3152,S114a
79,160,81,48,168,120,56,120,64,104,344,240,72,248,176,128,304,176,80,272,192,96,1712,S114a
112,136,24,64,177,113,63,143,80,72,296,224,56,320,264,136,312,176,64,241,177,119,1744,S114a
80,160,80,48,152,104,55,112,57,80,280,200,63,232,169,136,264,128,71,240,169,104,1544,S114a
96,160,64,64,168,104,64,120,56,95,344,249,80,232,152,152,328,176,80,216,136,88,1656,S114a
96,176,80,56,160,104,72,152,80,88,312,224,64,264,200,104,2304,2200,56,328,272,88,3784,S114a
96,208,112,56,160,104,64,128,64,80,256,176,64,312,248,112,320,208,80,240,160,88,1712,S114a
88,144,56,56,160,104,56,112,56,80,368,288,88,240,152,128,328,200,88,344,256,112,1808,S114a
80,112,32,56,160,104,56,112,56,104,1313,1209,63,391,328,128,232,104,56,184,128,88,2592,S114a
96,136,40,48,144,96,88,152,64,112,296,184,64,248,184,120,320,200,64,336,272,112,1744,S114a
104,152,48,56,168,112,64,1784,1720,111,216,105,56,288,232,152,208,56,64,224,160,88,3128,S114a
88,120,32,72,144,72,80,536,456,104,448,344,80,272,192,136,408,272,64,209,145,104,2241,S114a
72,113,41,55,168,113,64,120,56,87,312,225,56,232,176,127,256,129,56,208,152,95,1504,S114a
119,135,16,61,167,106,82,138,56,112,320,208,72,240,168,135,320,185,64,247,183,81,1648,S114a
104,152,48,56,151,95,65,169,104,104,552,448,72,344,272,136,312,176,56,232,176,96,2008,S114a
96,136,40,64,143,79,73,153,80,88,392,304,72,280,208,136,272,136,80,208,128,96,1680,S114a
128,144,16,80,168,88,64,144,80,88,360,272,80,264,184,80,288,208,80,272,192,128,1768,S114a
104,152,48,72,176,104,80,144,64,104,319,215,81,209,128,192,368,176,80,256,176,112,1736,S114a
80,152,72,64,176,112,72,200,128,104,488,384,64,1041,977,159,231,72,64,168,104,112,2568,S114a
79,95,16,56,288,232,56,88,32,103,456,353,72,200,128,128,312,184,64,192,128,88,1719,S114a
80,136,56,72,169,97,63,103,40,80,376,296,72,201,129,127,367,240,56,184,128,80,1616,S114a
79,183,104,56,161,105,55,128,73,71,263,192,64,241,177,136,248,112,72,199,127,96,1519,S114a
79,120,41,63,231,168,57,161,104,79,280,201,64,208,144,120,256,136,71,208,137,104,1568,S114a
104,152,48,56,176,120,80,184,104,104,312,208,80,208,128,135,439,304,81,361,280,127,1959,S114a
88,168,80,56,152,96,72,144,72,88,336,248,56,232,176,120,320,200,80,640,560,80,2072,S114a
88,144,56,56,160,104,64,144,80,80,360,280,79,248,169,144,256,112,72,296,224,104,1712,S114a
80,144,64,72,160,88,80,152,72,88,288,200,48,200,152,208,408,200,80,232,152,96,1680,S114a
102,127,25,71,167,96,88,160,72,120,368,248,128,272,144,124,202,78,102,182,80,120,1598,S114a
120,120,0,103,207,104,104,128,24,129,256,127,104,232,128,128,184,56,129,208,79,128,1463,S114a
104,160,56,79,175,96,104,121,17,103,208,105,127,264,137,120,240,120,88,184,96,111,1463,S114a
104,152,48,80,159,79,80,129,49,127,224,97,135,288,153,104,176,72,104,176,72,143,1447,S114a
128,176,48,72,160,88,79,160,81,112,192,80,80,320,240,144,208,64,104,192,88,112,1520,S114a
88,136,48,72,176,104,72,152,80,104,183,79,129,305,176,128,176,48,104,192,88,120,1440,S114a
113,143,30,81,161,80,96,144,48,104,192,88,104,288,184,120,200,80,88,192,104,104,1424,S114a
97,129,32,80,160,80,79,136,57,96,208,112,88,208,120,136,272,136,96,168,72,112,1393,S114a
80,112,32,64,160,96,64,119,55,89,217,128,79,216,137,128,232,104,72,328,256,96,1480,S114a
88,128,40,64,168,104,56,208,152,80,1184,1104,96,208,112,112,288,176,64,192,128,104,2480,S114a
88,144,56,64,152,88,64,112,48,88,223,135,73,249,176,120,232,112,72,168,96,88,1368,S114a
104,151,47,65,153,88,64,104,40,88,240,152,72,263,191,129,185,56,80,184,104,96,1376,S114a
105,177,72,64,160,96,72,136,64,104,240,136,80,248,168,112,232,120,96,208,112,103,1504,S114a
88,112,24,64,152,88,64,120,56,96,232,136,64,248,184,128,520,392,80,248,168,104,1736,S114a
64,120,56,64,144,80,72,104,32,88,225,137,63,335,272,96,416,320,64,240,176,88,1672,S114a
64,120,56,72,153,81,55,104,49,79,232,153,63,232,169,127,304,177,71,432,361,71,1648,S114a
121,200,79,57,145,88,80,112,32,79,704,625,72,296,224,104,152,48,72,224,152,104,1937,S114a
112,264,152,64,152,88,72,120,48,88,248,160,80,280,200,104,224,120,64,168,104,88,1544,S114a
96,151,55,73,177,104,56,104,48,88,263,175,73,265,192,112,152,40,80,568,488,112,1792,S114a
88,144,56,56,168,112,72,136,64,104,320,216,112,280,168,128,224,96,79,336,257,103,1711,S114a
88,120,32,80,160,80,72,112,40,112,312,200,103,232,129,120,248,128,104,256,152,97,1537,S114a
96,168,72,72,160,88,88,112,24,104,344,240,104,840,736,128,272,144,64,232,168,104,2232,S114a
88,144,56,64,160,96,64,120,56,88,272,184,80,264,184,128,272,144,80,232,152,87,1551,S114a
80,168,88,56,168,112,64,120,56,96,320,224,72,208,136,136,296,160,80,184,104,88,1552,S114a
88,176,88,56,160,104,64,120,56,80,304,224,56,335,279,128,289,161,80,200,120,88,1672,S114a
88,160,72,64,168,104,72,152,80,96,296,200,64,408,344,152,256,104,96,248,152,80,1768,S114a
80,128,48,64,168,104,64,120,56,80,200,120,80,1496,1416,104,361,257,103,159,56,104,2736,S114a
96,168,72,48,152,104,56,145,89,95,256,161,79,304,225,135,192,57,111,192,81,119,1528,S114a
88,192,104,72,152,80,64,128,64,112,241,129,87,319,232,136,193,57,95,247,152,112,1584,S114a
87,136,49,63,176,113,79,136,57,119,327,208,105,432,327,129,241,112,104,207,103,96,1751,S114a
95,160,65,71,160,89,79,128,49,104,280,176,103,296,193,151,192,41,103,184,81,128,1528,S114a
160,160,0,72,168,96,88,168,80,104,216,112,95,360,265,192,583,391,112,448,336,104,2207,S114a
80,160,80,64,160,96,79,152,73,88,376,288,79,696,617,168,392,224,88,304,216,96,2336,S114a
96,128,32,64,168,104,64,104,40,88,384,296,88,624,536,112,113,1,127,447,320,112,2080,S114a
96,96,0,80,160,80,64,144,80,104,296,192,80,312,232,136,208,72,104,264,160,96,1576,S114a
104,144,40,80,168,88,80,160,80,104,264,160,104,280,176,144,256,112,104,216,112,120,1608,S114a
104,128,24,80,168,88,64,120,56,103,328,225,88,336,248,120,536,416,80,456,376,96,2168,S114a
88,120,32,56,144,88,80,112,32,104,312,208,80,328,248,128,808,680,72,264,192,104,2192,S114a
88,144,56,56,152,96,56,104,48,104,376,272,80,240,160,144,304,160,64,240,176,80,1640,S114a
80,121,41,79,183,104,64,96,32,112,352,240,128,272,144,136,384,248,80,376,296,97,1881,S114a
98,151,53,80,169,89,63,143,80,88,345,257,87,296,209,143,240,97,80,248,168,87,1679,S114a
88,112,24,56,168,112,63,111,48,89,432,343,72,384,312,112,193,81,72,191,119,104,1695,S114a
120,184,64,73,369,296,55,144,89,104,432,328,79,192,113,152,352,200,56,183,127,81,1937,S114a
96,136,40,72,168,96,71,128,57,88,384,296,96,224,128,154,288,134,72,184,112,88,1600,S114a
104,168,64,64,168,104,64,96,32,80,352,272,80,256,176,208,352,144,80,336,256,104,1832,S114a
80,216,136,80,160,80,80,112,32,104,232,128,88,360,272,71,1344,1273,80,144,64,104,2672,S114a
96,272,176,80,184,104,64,136,72,128,328,200,64,280,216,184,312,128,88,304,216,96,1912,S114a
96,120,24,64,152,88,72,151,79,89,265,176,72,272,200,176,280,104,80,544,464,40,1824,S114a
97,96,-1,64,176,112,72,128,56,80,328,248,72,224,152,128,264,136,64,192,128,120,1528,S114a
104,120,16,80,176,96,64,136,72,104,232,128,80,304,224,112,216,104,88,224,136,128,1536,S114a
88,112,24,64,143,79,65,242,177,103,256,153,79,304,225,103,216,113,63,192,129,95,1560,S114a
88,145,57,55,168,113,55,143,88,104,233,129,55,262,207,129,258,129,79,167,88,104,1480,S114a
103,168,65,55,167,112,80,160,80,104,209,105,79,302,223,145,242,97,95,255,160,105,1608,S114a
97,129,32,64,159,95,73,112,39,104,264,160,88,241,153,144,328,184,80,208,128,95,1536,S114a
113,113,0,72,175,103,57,113,56,104,328,224,80,224,144,128,280,152,72,232,160,128,1593,S114a
112,160,48,71,159,88,72,137,65,112,272,160,127,264,137,144,440,296,88,256,168,120,1808,S114a
112,168,56,64,144,80,79,160,81,112,368,256,88,848,760,152,640,488,64,240,176,104,2672,S114a
96,136,40,80,176,96,56,96,40,104,232,128,80,408,328,135,832,697,80,280,200,112,2272,S114a
104,136,32,48,144,96,64,120,56,88,320,232,80,304,224,160,256,96,120,240,120,112,1632,S114a
96,152,56,56,152,96,64,144,80,88,361,273,79,279,200,152,304,152,96,496,400,104,1992,S114a
112,193,81,55,159,104,72,120,48,104,256,152,80,280,200,112,248,136,56,192,136,128,1576,S114a
71,952,881,55,176,121,63,151,88,80,2200,2120,73,257,184,136,327,191,81,209,128,104,4376,S114a
112,168,56,56,152,96,80,80,0,104,336,232,104,208,104,152,368,216,56,200,144,104,1616,S114a
71,127,56,73,169,96,64,120,56,95,296,201,71,208,137,128,424,296,63,192,129,88,1624,S114a
96,152,56,56,144,88,64,120,56,104,375,271,80,177,97,144,296,152,56,216,160,104,1584,S114a
88,168,80,56,160,104,64,104,40,104,392,288,73,280,207,128,240,112,72,200,128,88,1632,S114a
80,128,48,64,144,80,80,120,40,104,328,224,88,248,160,144,256,112,64,256,192,80,1560,S114a
120,144,24,80,160,80,72,104,32,112,432,320,88,216,128,128,232,104,64,248,184,96,1632,S114a
96,152,56,64,176,112,64,144,80,80,408,328,72,232,160,152,304,152,64,200,136,96,1712,S114a
96,160,64,56,152,96,80,136,56,128,408,280,72,368,296,144,320,176,80,280,200,112,1936,S114a
80,160,80,56,160,104,72,136,64,128,544,416,104,288,184,128,393,265,79,319,240,112,2112,S114a
103,144,41,55,183,128,72,144,72,127,319,192,89,602,513,135,311,176,64,248,184,112,2063,S114a
89,112,23,72,153,81,71,119,48,112,281,169,87,280,193,136,216,80,103,327,224,120,1608,S114a
95,152,57,79,176,97,111,192,81,143,344,201,152,272,120,159,232,73,168,232,64,135,1735,S114a
127,127,0,73,153,80,104,176,72,160,344,184,175,328,153,168,288,120,96,280,184,152,1848,S114a
104,168,64,64,168,104,72,176,104,112,408,296,88,344,256,135,440,305,95,440,345,96,2240,S114a
106,105,-1,64,168,104,80,127,47,105,377,272,112,440,328,192,1088,896,71,160,89,103,2568,S114a
81,105,24,56,168,112,56,136,80,88,392,304,24,2351,2327,121,345,224,72,264,192,104,3865,S114a
88,152,64,56,160,104,64,104,40,104,288,184,80,272,192,152,240,88,64,248,184,104,1568,S114a
80,136,56,64,168,104,80,96,16,88,376,288,104,272,168,152,240,88,104,312,208,120,1720,S114a
129,128,-1,64,176,112,64,112,48,176,480,304,153,280,127,128,240,112,120,232,112,128,1776,S114a
81,266,185,71,191,120,56,192,136,104,641,537,55,344,289,224,984,760,63,1280,1217,96,3994,S114a
84,162,78,69,116,47,107,185,78,85,485,400,69,601,532,85,154,69,100,184,84,94,1981,S50a
101,216,115,69,154,85,78,200,122,78,416,338,47,385,338,100,385,285,47,294,247,69,2119,S50a
100,231,131,37,84,47,69,169,100,63,301,238,62,347,285,101,186,85,84,192,108,77,1587,S50a
131,169,38,47,100,53,100,178,78,54,370,316,53,385,332,100,200,100,69,231,162,85,1718,S50a
69,185,116,84,269,185,63,147,84,53,870,817,47,848,801,84,184,100,69,470,401,100,3073,S50a
85,185,100,69,132,63,84,200,116,69,417,348,69,501,432,84,153,69,69,247,178,101,1936,S50a
100,163,63,69,138,69,84,162,78,69,323,254,78,463,385,131,253,122,85,185,100,78,1765,S50a
131,200,69,63,147,84,53,116,63,69,316,247,69,269,200,132,232,100,100,222,122,63,1565,S50a
101,169,68,79,147,68,85,117,32,84,369,285,62,385,323,147,231,84,85,254,169,78,1750,S50a
122,169,47,84,169,85,78,215,137,85,463,378,22,222,200,131,432,301,84,232,148,68,1970,S50a
116,184,68,63,147,84,69,153,84,79,880,801,69,253,184,116,285,169,78,200,122,85,2187,S50a
100,201,101,78,147,69,69,153,84,63,333,270,62,284,222,132,563,431,69,339,270,78,2098,S50a
69,169,100,68,115,47,85,200,115,69,485,416,100,348,248,100,184,84,69,253,184,63,1817,S50a
100,201,101,84,169,85,69,185,116,69,301,232,53,316,263,100,153,53,78,200,122,63,1588,S50a
100,131,31,69,169,100,63,131,68,54,301,247,69,200,131,116,238,122,94,163,69,68,1401,S50a
100,185,85,69,154,85,62,131,69,53,300,247,69,285,216,116,232,116,84,169,85,62,1518,S50a
131,200,69,69,153,84,63,163,100,53,354,301,62,463,401,122,416,294,84,354,270,84,2187,S50a
116,163,47,84,153,69,85,163,78,69,269,200,69,216,147,69,238,169,78,147,69,68,1417,S50a
100,163,63,68,137,69,78,147,69,69,332,263,85,285,200,116,185,69,84,216,132,52,1517,S50a
116,232,116,138,285,147,84,137,53,63,648,585,85,185,100,131,247,116,69,185,116,84,2003,S50a
101,147,46,69,138,69,84,200,116,47,263,216,85,238,153,116,263,147,68,200,132,116,1565,S50a
100,185,85,62,131,69,85,116,31,53,316,263,53,169,116,100,300,200,69,132,63,84,1433,S50a
100,163,63,84,153,69,84,185,101,93,432,339,84,231,147,132,270,138,68,184,116,63,1681,S50a
85,169,84,69,116,47,84,169,85,62,262,200,69,185,116,169,238,69,78,216,138,84,1439,S50a
132,154,22,115,216,101,84,162,78,54,739,685,63,201,138,116,247,131,69,254,185,62,2035,S50a
85,185,100,78,147,69,69,131,62,54,725,671,47,162,115,116,270,154,69,201,132,69,1890,S50a
100,185,85,62,131,69,69,147,78,69,285,216,69,171,102,114,230,116,69,185,116,85,1419,S50a
116,185,69,93,232,139,73,151,78,65,334,269,63,216,153,132,232,100,84,369,285,84,1803,S50a
53,269,216,69,163,94,53,153,100,47,253,206,63,216,153,90,185,95,63,163,100,31,1433,S50a
100,216,116,116,216,100,84,153,69,63,278,215,69,200,131,107,186,79,84,222,138,78,1549,S50a
100,215,115,69,169,100,85,216,131,69,822,753,95,233,138,115,284,169,78,163,85,84,2186,S50a
84,184,100,79,132,53,84,147,63,53,284,231,100,200,100,137,338,201,62,200,138,78,1563,S50a
101,138,37,85,132,47,84,131,47,69,354,285,63,348,285,153,269,116,69,185,116,84,1641,S50a
101,254,153,100,278,178,85,217,132,69,269,200,84,353,269,147,216,69,85,670,585,116,2373,S50a
100,153,53,78,147,69,69,132,63,69,269,200,69,216,147,85,169,84,100,185,85,78,1349,S50a
116,185,69,63,116,53,84,153,69,47,263,216,53,169,116,85,247,162,84,169,85,47,1349,S50a
92,185,93,69,147,78,69,153,84,85,232,147,69,285,216,100,216,116,68,169,101,68,1455,S50a
100,201,101,76,169,93,69,116,47,69,316,247,38,185,147,100,184,84,85,169,84,63,1403,S50a
115,184,69,100,132,32,115,184,69,85,247,162,70,301,231,85,138,53,84,200,116,63,1449,S50a
115,200,85,69,138,69,84,331,247,85,855,770,62,216,154,115,331,216,69,354,285,63,2488,S50a
100,169,69,69,154,85,62,178,116,84,285,201,84,253,169,85,185,100,78,332,254,68,1624,S50a
85,386,301,100,192,92,62,193,131,84,554,470,62,694,632,85,154,69,84,231,147,69,2473,S50a
101,154,53,69,131,62,100,132,32,53,253,200,69,185,116,115,262,147,85,169,84,101,1387,S50a
84,206,122,132,163,31,106,200,94,100,354,254,78,263,185,69,137,68,116,263,147,85,1671,S50a
100,185,85,84,147,63,69,116,47,53,838,785,63,216,153,100,232,132,84,200,116,53,1987,S50a
79,194,115,69,154,85,84,153,69,78,216,138,62,200,138,100,200,100,85,178,93,70,1365,S50a
116,200,84,85,185,100,62,163,101,37,338,301,78,184,106,116,178,62,85,201,116,69,1518,S50a
84,200,116,84,200,116,38,154,116,84,247,163,69,216,147,106,153,47,69,232,163,69,1471,S50a
100,231,131,85,154,69,69,147,78,38,200,162,69,702,633,100,185,85,84,269,185,100,1988,S50a
100,185,85,78,200,122,47,163,116,54,870,816,53,153,100,100,323,223,65,210,145,84,2188,S50a
78,147,69,100,153,53,63,132,69,68,247,179,85,301,216,85,169,84,100,200,100,53,1402,S50a
84,200,116,84,138,54,78,162,84,53,338,285,63,232,169,100,215,115,69,200,131,69,1554,S50a
116,200,84,91,153,62,94,179,85,69,200,131,85,1187,1102,85,201,116,100,385,285,84,2589,S50a
69,169,100,84,153,69,78,100,22,47,232,185,84,231,147,100,216,116,101,154,53,100,1355,S50a
131,162,31,69,122,53,79,163,84,54,201,147,100,231,131,84,184,100,85,185,100,69,1317,S50a
94,162,68,101,154,53,84,162,78,69,238,169,85,200,115,101,216,115,69,163,94,69,1364,S50a
101,201,100,85,185,100,69,132,63,53,253,200,78,417,339,84,138,54,62,431,369,79,1836,S50a
116,163,47,69,116,47,116,216,100,38,185,147,53,222,169,147,200,53,116,194,78,84,1380,S50a
94,178,84,38,85,47,85,285,200,116,1233,1117,70,201,131,122,169,47,69,201,132,100,2452,S50a
84,147,63,84,138,54,84,115,31,69,232,163,84,215,131,122,223,101,78,200,122,63,1333,S50a
101,138,37,78,163,85,68,100,32,69,269,200,62,184,122,132,216,84,100,147,47,75,1292,S50a
78,178,100,69,185,116,53,100,47,85,238,153,63,263,200,116,285,169,100,216,116,69,1534,S50a
84,100,16,69,163,94,69,154,85,53,215,162,70,317,247,122,222,100,94,147,53,69,1387,S50a
79,179,100,69,84,15,69,169,100,47,185,138,78,648,570,116,254,138,78,200,122,62,1781,S50a
100,184,84,84,153,69,63,163,100,69,216,147,84,469,385,85,131,46,123,270,147,69,1655,S50a
94,131,37,85,169,84,100,132,32,31,231,200,69,338,269,132,279,147,69,153,84,47,1480,S50a
116,200,84,85,185,100,47,169,122,31,216,185,47,363,316,100,238,138,100,200,100,84,1655,S50a
84,154,70,90,122,32,146,178,32,84,269,185,84,147,63,131,285,154,115,168,53,85,1408,S50a
78,147,69,116,169,53,100,147,47,54,239,185,100,247,147,116,254,138,78,263,185,100,1566,S50a
122,169,47,85,116,31,85,169,84,53,239,186,77,230,153,132,348,216,84,138,54,78,1487,S50a
116,185,69,84,216,132,68,131,63,38,254,216,84,162,78,154,254,100,100,169,69,78,1449,S50a
115,184,69,85,147,62,69,154,85,47,763,716,85,1123,1038,132,448,316,69,153,84,94,3066,S50a
85,185,100,100,147,47,85,170,85,69,216,147,69,269,200,85,217,132,84,185,101,84,1473,S50a
104,153,49,94,163,69,63,116,53,53,248,195,53,254,201,106,147,41,91,190,99,73,1344,S50a
89,213,124,91,152,61,91,243,152,81,233,152,89,393,304,93,124,31,111,192,81,81,1631,S50a
121,152,31,101,142,41,112,201,89,73,469,396,91,374,283,92,181,89,82,183,101,84,1786,S50a
99,168,69,100,163,63,68,137,69,47,1102,1055,78,278,200,100,417,317,84,200,116,69,2534,S50a
78,131,53,116,169,53,101,148,47,53,231,178,69,185,116,154,238,84,85,247,162,85,1434,S50a
85,154,69,84,163,79,100,184,84,85,238,153,94,447,353,101,154,53,100,231,131,69,1640,S50a
122,169,47,101,154,53,100,178,78,85,385,300,85,301,216,100,369,269,116,185,69,78,1819,S50a
84,200,116,63,132,69,84,153,69,66,200,134,100,263,163,138,316,178,69,122,53,79,1465,S50a
100,178,78,69,170,101,84,131,47,53,253,200,85,201,116,100,216,116,115,153,38,94,1396,S50a
85,132,47,84,137,53,94,147,53,69,216,147,69,232,163,85,169,84,85,153,68,78,1264,S50a
116,147,31,101,302,201,115,169,54,84,264,180,68,221,153,116,194,78,84,200,116,69,1566,S50a
69,153,84,100,163,63,100,153,53,85,332,247,100,454,354,147,332,185,84,253,169,101,1941,S50a
85,131,46,107,154,47,115,153,38,62,231,169,85,269,184,132,179,47,84,169,85,69,1355,S50a
84,137,53,79,100,21,101,263,162,154,312,158,73,1159,1086,141,183,42,81,250,169,100,2504,S50a
84,168,84,85,201,116,69,137,68,63,964,901,70,254,184,100,263,163,84,185,101,68,2240,S50a
84,153,69,100,185,85,78,200,122,63,332,269,100,331,231,116,185,69,85,200,115,69,1655,S50a
79,163,84,85,185,100,84,131,47,69,269,200,69,232,163,122,238,116,62,184,122,79,1481,S50a
101,170,69,84,231,147,69,132,63,53,316,263,53,306,253,101,248,147,84,200,116,69,1672,S50a
115,147,32,100,169,69,115,200,85,84,232,148,115,231,116,100,307,207,78,163,85,68,1517,S50a
85,169,84,69,185,116,68,131,63,84,986,902,69,153,84,116,417,301,84,215,131,100,2356,S50a
100,168,68,94,201,107,68,146,78,85,286,201,68,247,179,100,354,254,84,200,116,100,1702,S50a
100,153,53,94,147,53,85,185,100,116,284,168,63,216,153,132,269,137,79,201,122,62,1517,S50a
100,178,78,85,138,53,84,150,66,66,867,801,85,169,84,116,263,147,37,337,300,116,2218,S50a
100,163,63,69,138,69,62,116,54,85,301,216,84,469,385,147,163,16,69,238,169,78,1666,S50a
116,163,47,84,115,31,85,154,69,69,232,163,84,238,154,131,216,85,68,200,132,84,1402,S50a
78,179,101,84,185,101,100,207,107,93,1180,1087,84,200,116,100,416,316,69,216,147,69,2652,S50a
100,169,69,84,147,63,69,137,68,100,1396,1296,75,254,179,131,653,522,63,248,185,84,3088,S50a
89,120,31,81,103,22,105,153,48,72,960,888,48,296,248,112,200,88,72,295,223,81,2208,S50a
104,176,72,87,144,57,40,112,72,63,264,201,40,224,184,88,240,152,80,279,199,77,1516,S50a
88,144,56,72,112,40,88,128,40,64,280,216,56,232,176,88,216,128,72,160,88,80,1352,S50a
88,185,97,87,144,57,72,144,72,64,240,176,56,232,176,96,248,152,80,144,64,80,1417,S50a
104,288,184,80,208,128,72,120,48,80,272,192,72,192,120,128,320,192,72,176,104,104,1680,S50a
104,177,73,87,127,40,72,128,56,64,272,208,56,296,240,144,248,104,80,232,152,72,1552,S50a
112,256,144,71,128,57,79,168,89,72,543,471,57,249,192,96,296,200,88,264,176,72,1976,S50a
88,240,152,88,135,47,81,113,32,72,336,264,72,408,336,88,856,768,70,311,241,89,2488,S50a
129,232,103,81,129,48,72,112,40,72,232,160,72,215,143,137,193,56,72,144,72,88,1345,S50a
112,233,121,87,159,72,80,152,72,64,256,192,72,216,144,112,168,56,72,184,112,96,1464,S50a
111,200,89,95,136,41,80,128,48,65,232,167,55,176,121,120,272,152,64,152,88,72,1368,S50a
96,224,128,80,144,64,80,136,56,64,232,168,72,184,112,104,208,104,96,152,56,48,1328,S50a
88,240,152,79,119,40,80,152,72,72,208,136,65,233,168,88,168,80,88,200,112,88,1408,S50a
103,206,103,74,1128,1054,81,113,32,81,584,503,64,144,80,97,328,231,81,241,160,48,2792,S50a
128,175,47,80,136,56,80,121,41,95,279,184,64,248,184,113,232,119,80,169,89,87,1447,S50a
112,175,63,113,137,24,88,152,64,72,271,199,121,257,136,96,176,80,72,152,80,88,1408,S50a
103,239,136,81,137,56,72,135,63,57,201,144,72,168,96,96,240,144,64,176,112,71,1367,S50a
97,200,103,81,144,63,89,184,95,97,240,143,65,201,136,120,248,128,73,167,94,65,1449,S50a
88,256,168,120,191,71,72,152,80,80,720,640,72,168,96,113,352,239,72,220,148,84,2143,S50a
120,232,112,73,128,55,72,128,56,72,293,221,83,235,152,104,224,120,80,128,48,72,1440,S50a
112,192,80,80,144,64,72,168,96,88,1328,1240,64,256,192,104,208,104,56,192,136,96,2584,S50a
104,184,80,81,132,51,92,148,56,80,264,184,64,312,248,104,416,312,56,232,176,88,1776,S50a
136,216,80,64,120,56,80,120,40,64,216,152,88,192,104,120,200,80,80,256,176,72,1392,S50a
104,168,64,96,120,24,112,144,32,72,232,160,88,224,136,112,184,72,73,176,103,64,1312,S50a
121,200,79,136,207,71,113,161,48,80,272,192,72,168,96,112,248,136,88,192,104,80,1528,S50a
120,216,96,64,104,40,88,120,32,88,304,216,105,240,135,96,152,56,88,184,96,72,1392,S50a
113,144,31,96,128,32,72,113,41,71,247,176,89,224,135,152,240,88,89,137,48,87,1320,S50a
112,184,72,88,136,48,96,159,63,97,721,624,81,568,487,128,400,272,81,264,183,80,2512,S50a
128,156,28,100,116,16,88,116,28,84,252,168,72,320,248,104,127,23,89,169,80,96,1352,S50a
121,167,46,57,105,48,72,104,32,80,264,184,73,187,114,109,309,200,72,336,264,80,1552,S50a
88,136,48,88,93,5,99,139,40,81,261,180,115,155,40,136,201,65,103,152,49,96,1233,S50a
113,178,65,79,111,32,88,120,32,79,295,216,73,177,104,120,240,120,88,256,168,47,1424,S50a
119,121,2,79,119,40,87,104,17,72,264,192,87,167,80,153,361,208,72,207,135,65,1408,S50a
89,144,55,73,120,47,81,129,48,72,232,160,72,263,191,97,177,80,88,224,136,96,1385,S50a
105,135,30,91,138,47,81,129,48,88,247,159,81,160,79,131,208,77,105,192,87,97,1306,S50a
97,153,56,103,199,96,80,137,57,72,263,191,81,192,111,120,224,104,89,160,71,80,1408,S50a
137,200,63,80,153,73,63,103,40,65,224,159,65,192,127,121,272,151,73,136,63,97,1377,S50a
112,183,71,73,137,64,64,104,40,79,239,160,96,144,48,153,280,127,73,120,47,97,1304,S50a
129,200,71,80,112,32,89,104,15,105,352,247,89,128,39,145,208,63,97,161,64,88,1353,S50a
145,152,7,97,112,15,81,136,55,81,185,104,96,231,135,129,536,407,65,208,143,81,1641,S50a
96,167,71,73,432,359,73,104,31,80,272,192,65,144,79,121,280,159,73,160,87,81,1640,S50a
121,168,47,80,120,40,81,520,439,96,248,152,73,144,71,153,280,127,88,208,120,88,1776,S50a
105,144,39,73,137,64,72,95,23,97,232,135,81,304,223,113,184,71,81,153,72,88,1337,S50a
105,184,79,88,232,144,89,104,15,73,289,216,72,191,119,89,242,153,87,174,87,97,1513,S50a
121,152,31,88,144,56,81,152,71,80,256,176,81,304,223,97,224,127,104,176,72,136,1544,S50a
118,174,56,121,161,40,65,112,47,73,192,119,81,192,111,112,208,96,81,161,80,111,1311,S50a
113,176,63,73,136,63,97,232,135,89,296,207,81,232,151,89,312,223,65,264,199,80,1728,S50a
104,184,80,81,160,79,73,136,63,88,216,128,72,201,129,104,215,111,81,176,95,64,1352,S50a
113,184,71,105,144,39,49,168,119,105,272,167,81,240,159,112,208,96,88,152,64,89,1457,S50a
104,159,55,113,160,47,96,120,24,96,248,152,97,232,135,129,216,87,89,192,103,87,1414,S50a
113,192,79,81,192,111,81,152,71,96,280,184,72,296,224,88,152,64,89,1056,967,66,2386,S50a
152,175,23,65,96,31,64,120,56,81,240,159,73,176,103,97,208,111,89,160,71,81,1256,S50a
89,136,47,72,136,64,73,112,39,80,704,624,65,136,71,97,296,199,81,232,151,81,1833,S50a
73,264,191,104,240,136,80,408,328,137,641,504,88,183,95,104,280,176,89,233,144,31,2280,S50a
105,160,55,97,136,39,89,112,23,73,320,247,73,176,103,121,264,143,88,192,104,73,1433,S50a
64,121,57,96,175,79,72,135,63,74,272,198,73,169,96,104,208,104,88,176,88,88,1344,S50a
121,248,127,104,152,48,97,168,71,89,480,391,72,968,896,88,184,96,96,384,288,104,2688,S50a
104,224,120,80,144,64,89,144,55,64,216,152,89,232,143,137,184,47,112,208,96,88,1440,S50a
136,208,72,80,144,64,96,152,56,64,232,168,72,200,128,112,240,128,80,192,112,88,1456,S50a
120,208,88,104,160,56,88,152,64,88,280,192,56,200,144,121,272,151,120,192,72,89,1553,S50a
120,240,120,96,144,48,80,152,72,88,184,96,112,368,256,112,184,72,104,208,104,80,1560,S50a
121,160,39,88,344,256,80,120,40,80,304,224,72,199,127,129,217,88,88,176,88,88,1608,S50a
128,240,112,96,144,48,96,200,104,104,872,768,57,192,135,120,488,368,88,184,96,73,2393,S50a
103,183,80,88,216,128,72,120,48,80,288,208,88,176,88,144,408,264,80,216,136,128,1735,S50a
128,248,120,88,136,48,72,151,79,65,289,224,64,256,192,176,384,208,80,185,105,63,1712,S50a
128,248,120,128,464,336,80,152,72,80,272,192,56,224,168,88,224,136,55,208,153,88,1880,S50a
153,168,15,97,369,272,80,135,55,73,345,272,104,183,79,128,304,176,112,241,129,80,1825,S50a
112,264,152,88,144,56,64,151,87,97,281,184,80,272,192,111,272,161,80,168,88,104,1656,S50a
97,161,64,96,160,64,79,168,89,72,328,256,63,464,401,120,212,92,76,212,136,96,1801,S50a
151,519,368,112,432,320,81,136,55,81,321,240,72,215,143,145,689,544,64,256,192,64,2632,S50a
104,168,64,88,128,40,96,128,32,80,230,150,74,154,80,168,247,79,105,193,88,96,1344,S50a
143,239,96,73,121,48,96,168,72,64,195,131,109,183,74,149,216,67,86,190,104,88,1400,S50a
103,159,56,88,152,64,73,129,56,87,447,360,89,224,135,137,288,151,65,176,111,89,1664,S50a
87,205,118,90,113,23,89,178,89,104,312,208,88,215,127,121,216,95,81,169,88,79,1487,S50a
96,168,72,104,127,23,89,152,63,64,250,186,70,239,169,88,240,152,80,194,114,85,1455,S50a
111,160,49,63,173,110,91,106,15,81,286,205,123,211,88,128,352,224,96,264,168,144,1696,S50a
93,157,64,88,128,40,104,105,1,110,246,136,73,225,152,120,175,55,97,216,119,89,1341,S50a
104,184,80,80,160,80,80,160,80,88,280,192,112,176,64,120,384,264,88,336,248,104,1784,S50a
88,111,23,81,649,568,64,120,56,96,512,416,88,160,72,88,632,544,104,232,128,88,2504,S50a
112,144,32,88,136,48,80,120,40,72,335,263,73,225,152,168,480,312,80,240,160,64,1744,S50a
96,232,136,87,200,113,64,111,47,65,241,176,72,207,135,121,241,120,80,408,328,96,1736,S50a
120,472,352,104,208,104,72,144,72,80,232,152,72,192,120,104,400,296,64,272,208,80,2000,S50a
113,361,248,136,368,232,80,640,560,93,744,651,88,152,64,120,296,176,88,680,592,88,3329,S50a
97,176,79,104,952,848,80,215,135,73,457,384,80,192,112,120,351,231,81,281,200,97,2721,S50a
104,160,56,97,120,23,96,168,72,72,272,200,72,216,144,120,225,105,79,271,192,80,1512,S50a
120,176,56,88,152,64,64,135,71,65,265,200,96,224,128,128,352,224,95,976,881,80,2360,S50a
128,160,32,96,192,96,80,120,40,72,479,407,73,201,128,96,208,112,88,167,79,81,1608,S50a
88,232,144,88,144,56,88,160,72,80,248,168,72,232,160,96,252,156,68,188,120,72,1528,S50a
119,200,81,96,208,112,88,176,88,72,272,200,71,216,145,104,312,208,96,327,231,89,1800,S50a
128,232,104,104,392,288,63,136,73,64,263,199,73,193,120,136,240,104,88,216,128,80,1752,S50a
143,167,24,152,200,48,104,168,64,72,216,144,104,176,72,128,248,120,105,167,62,81,1423,S50a
120,232,112,96,264,168,88,151,63,56,281,225,73,192,119,104,272,168,113,213,100,75,1680,S50a
120,152,32,103,143,40,98,161,63,72,208,136,88,184,96,120,192,72,96,192,96,72,1304,S50a
104,112,8,136,160,24,112,144,32,104,240,136,104,224,120,120,208,88,80,168,88,79,1335,S50a
104,160,56,72,144,72,80,159,79,57,185,128,88,576,488,144,208,64,96,215,119,73,1720,S50a
88,168,80,103,152,49,88,152,64,64,256,192,96,192,96,120,208,88,64,200,136,80,1408,S50a
120,160,40,88,174,86,74,150,76,60,244,184,72,223,151,137,248,111,89,201,112,80,1480,S50a
88,136,48,96,136,40,80,137,57,79,239,160,88,216,128,144,296,152,104,200,96,72,1432,S50a
88,137,49,120,152,32,104,127,23,73,305,232,88,288,200,120,240,120,88,192,104,71,1512,S50a
104,136,32,80,136,56,112,192,80,88,304,216,72,160,88,120,312,192,96,224,128,96,1560,S50a
120,145,25,103,142,39,121,160,39,97,481,384,81,136,55,136,344,208,104,208,104,95,1711,S50a
112,185,73,96,168,72,80,152,72,80,231,151,81,225,144,104,288,184,88,160,72,72,1481,S50a
128,151,23,97,112,15,89,137,48,80,1015,935,65,184,119,129,240,111,89,176,87,73,2088,S50a
80,151,71,48,72,24,72,144,72,73,209,136,80,216,136,112,272,160,71,272,201,111,1447,S50a
105,201,96,72,119,47,97,129,32,72,224,152,95,200,105,127,192,65,96,199,103,72,1336,S50a
104,201,97,88,104,16,81,128,47,71,207,136,97,200,103,112,201,89,88,167,79,89,1297,S50a
97,192,95,97,118,21,91,130,39,64,249,185,72,135,63,97,208,111,72,185,113,80,1297,S50a
112,153,41,79,119,40,80,135,55,73,177,104,73,193,120,112,199,87,81,152,71,81,1209,S50a
105,160,55,104,125,21,75,123,48,56,176,120,73,160,87,97,208,111,64,128,64,81,1161,S50a
112,168,56,104,128,24,88,128,40,64,184,120,81,144,63,136,248,112,81,264,183,73,1337,S50a
105,128,23,113,136,23,81,128,47,81,225,144,72,160,88,136,1775,1639,97,136,39,89,2777,S50a
97,216,119,65,104,39,81,136,55,97,224,127,89,577,488,104,207,103,89,120,31,89,1673,S50a
105,224,119,81,129,48,80,151,71,73,416,343,65,153,88,120,375,255,72,216,144,81,1745,S50a
105,208,103,89,136,47,96,136,40,97,272,175,81,209,128,120,199,79,97,185,88,80,1425,S50a
129,160,31,89,137,48,79,95,16,81,264,183,81,176,95,104,192,88,73,272,199,113,1409,S50a
128,249,121,79,127,48,104,136,32,65,208,143,97,176,79,128,216,88,57,176,119,89,1377,S50a
97,192,95,97,152,55,72,120,48,97,217,120,56,1175,1119,113,264,151,88,152,64,97,2369,S50a
96,135,39,80,137,57,80,103,23,97,256,159,56,233,177,96,288,192,88,119,31,65,1336,S50a
88,152,64,73,120,47,72,120,48,64,272,208,73,232,159,112,312,200,81,168,87,56,1432,S50a
106,185,79,64,143,79,73,128,55,73,296,223,72,144,72,137,328,191,104,281,177,80,1585,S50a
128,175,47,89,96,7,113,160,47,81,176,95,97,232,135,105,152,47,96,200,104,105,1296,S50a
112,200,88,81,136,55,73,128,55,80,211,131,71,205,134,145,432,287,73,164,91,109,1585,S50a
145,216,71,88,153,65,80,143,63,73,168,95,80,200,120,105,440,335,81,415,334,81,1816,S50a
96,232,136,81,136,55,88,144,56,80,184,104,73,200,127,89,192,103,65,169,104,88,1345,S50a
80,776,696,97,105,8,88,167,79,88,208,120,89,192,103,113,208,95,112,184,72,105,1945,S50a
96,145,49,63,135,72,81,120,39,73,224,151,112,216,104,113,193,80,72,127,55,88,1248,S50a
88,112,24,104,128,24,104,144,40,88,343,255,81,185,104,104,184,80,113,160,47,81,1337,S50a
88,216,128,72,680,608,64,120,56,80,424,344,89,192,103,96,240,144,80,176,96,89,2137,S50a
105,232,127,57,160,103,80,144,64,72,1328,1256,57,120,63,96,272,176,88,383,295,97,2736,S50a
112,256,144,64,232,168,48,153,105,88,823,735,58,160,102,88,200,112,88,144,56,80,2048,S50a
105,144,39,89,128,39,80,120,40,80,232,152,73,152,79,144,248,104,120,176,56,88,1288,S50a
151,287,136,80,152,72,72,120,48,72,344,272,96,216,120,96,200,104,80,136,56,80,1535,S50a
79,175,96,72,128,56,72,176,104,96,728,632,72,208,136,104,760,656,80,135,55,81,2391,S50a
104,160,56,89,144,55,80,144,64,64,172,108,68,228,160,104,176,72,80,168,88,80,1272,S50a
88,168,80,72,208,136,63,168,105,88,288,200,64,184,120,88,360,272,72,208,136,81,1665,S50a
112,144,32,104,152,48,72,128,56,64,216,152,64,184,120,112,208,96,88,183,95,81,1296,S50a
88,224,136,105,568,463,80,122,42,79,407,328,63,175,112,96,200,104,104,176,72,80,1952,S50a
114,153,39,72,144,72,72,104,32,88,240,152,64,239,175,169,224,55,105,401,296,80,1585,S50a
95,231,136,129,176,47,72,136,64,80,280,200,97,192,95,88,208,120,80,144,64,88,1455,S50a
96,272,176,88,224,136,80,152,72,65,456,391,80,192,112,96,167,71,105,145,40,96,1704,S50a
63,151,88,88,152,64,48,120,72,79,248,169,81,176,95,96,200,104,96,160,64,80,1287,S50a
80,193,113,64,103,39,88,184,96,80,176,96,65,223,158,121,161,40,120,176,56,72,1288,S50a
96,272,176,112,176,64,88,144,56,88,616,528,65,128,63,120,184,64,112,184,72,120,1824,S50a
104,144,40,96,136,40,88,104,16,80,256,176,88,184,96,120,208,88,96,176,80,96,1304,S50a
120,200,80,88,112,24,80,135,55,72,201,129,104,176,72,120,200,80,88,152,64,89,1265,S50a
121,168,47,80,112,32,96,136,40,105,552,447,88,152,64,127,504,377,72,191,119,103,1918,S50a
95,184,89,88,136,48,80,119,39,89,289,200,80,168,88,104,240,136,104,151,47,97,1384,S50a
96,240,144,80,120,40,80,128,48,80,200,120,56,168,112,104,223,119,97,209,112,119,1407,S50a
103,159,56,96,112,16,88,136,48,73,369,296,55,472,417,80,159,79,89,272,183,200,1879,S50a
111,159,48,97,145,48,72,127,55,72,193,121,80,175,95,96,225,129,112,159,47,88,1271,S50a
104,167,63,88,152,64,88,128,40,64,201,137,71,215,144,105,192,87,104,168,64,97,1320,S50a
112,216,104,80,112,32,81,112,31,80,206,126,66,183,117,107,211,104,96,144,48,80,1264,S50a
129,215,86,81,129,48,96,137,41,87,247,160,73,160,87,120,208,88,104,216,112,96,1408,S50a
120,216,96,88,121,33,88,127,39,88,256,168,88,168,80,121,280,159,64,144,80,112,1424,S50a
128,218,90,102,158,56,88,136,48,88,224,136,104,144,40,136,272,136,96,169,73,111,1432,S50a
117,208,91,97,138,41,103,158,55,104,199,95,65,193,128,120,192,72,88,192,104,113,1393,S50a
128,209,81,87,127,40,80,136,56,104,200,96,80,192,112,120,320,200,96,240,144,80,1504,S50a
128,224,96,72,128,56,66,128,62,88,208,120,88,184,96,128,296,168,104,200,96,112,1480,S50a
128,208,80,72,152,80,40,120,80,80,200,120,88,212,124,116,196,80,104,1016,912,104,2208,S50a
112,160,48,88,132,44,100,173,73,111,311,200,73,240,167,120,323,203,86,206,120,80,1625,S50a
112,192,80,96,328,232,72,104,32,80,447,367,81,281,200,57,248,191,96,256,160,96,1952,S50a
129,168,39,80,96,16,80,120,40,96,360,264,96,143,47,88,217,129,80,191,111,105,1400,S50a
95,176,81,88,144,56,71,112,41,80,192,112,96,216,120,96,192,96,96,192,96,104,1328,S50a
112,208,96,56,1064,1008,81,88,7,88,1400,1312,72,168,96,112,208,96,80,200,120,79,3415,S50a
112,183,71,73,145,72,79,128,49,80,184,104,80,183,103,113,201,88,88,160,72,88,1272,S50a
112,192,80,88,152,64,72,128,56,88,184,96,64,184,120,112,184,72,80,160,80,80,1264,S50a
88,160,72,80,167,87,65,129,64,88,216,128,63,384,321,112,216,104,80,288,208,112,1672,S50a
80,512,432,64,999,935,64,120,56,73,505,432,72,160,88,87,456,369,88,192,104,80,3024,S50a
104,152,48,80,128,48,80,152,72,80,369,289,55,135,80,120,288,168,80,200,120,112,1536,S50a
120,200,80,80,152,72,80,128,48,80,192,112,64,176,112,152,216,64,88,184,96,96,1344,S50a
112,232,120,88,152,64,64,136,72,88,216,128,72,192,120,119,512,393,104,296,192,119,1855,S50a
136,184,48,104,128,24,79,136,57,96,224,128,80,200,120,96,208,112,112,224,112,96,1400,S50a
127,168,41,112,160,48,88,120,32,96,799,703,73,185,112,80,208,128,80,184,104,96,1920,S50a
80,176,96,88,168,80,73,136,63,88,208,120,88,207,119,105,201,96,96,176,80,80,1352,S50a
112,160,48,96,1112,1016,80,119,39,65,321,256,64,127,63,136,273,137,104,176,72,88,2376,S50a
112,208,96,80,184,104,80,104,24,71,320,249,104,255,151,105,176,71,104,193,89,88,1528,S50a
120,256,136,87,183,96,89,145,56,96,304,208,72,144,72,111,240,129,88,144,56,111,1527,S50a
104,184,80,72,152,80,71,120,49,72,384,312,144,944,800,144,192,48,88,271,183,121,2368,S50a
120,159,39,80,115,35,94,141,47,105,216,111,97,249,152,128,256,128,96,247,151,97,1480,S50a
121,209,88,88,192,104,64,119,55,97,225,128,64,184,120,128,168,40,104,168,64,104,1369,S50a
111,160,49,96,208,112,80,112,32,56,312,256,72,168,96,120,288,168,80,183,103,113,1544,S50a
105,185,80,96,127,31,73,225,152,96,368,272,72,400,328,80,168,88,71,208,137,79,1760,S50a
80,184,104,80,104,24,104,184,80,48,592,544,88,168,80,104,408,304,87,200,113,104,1944,S50a
104,136,32,88,111,23,121,129,8,80,544,464,95,192,97,128,199,71,97,161,64,80,1552,S50a
136,183,47,89,201,112,72,120,48,87,224,137,64,184,120,128,304,176,96,208,112,112,1536,S50a
96,343,247,81,102,21,107,164,57,79,439,360,88,345,257,95,215,120,88,376,288,104,2088,S50a
120,194,74,86,414,328,80,152,72,80,822,742,98,202,104,112,328,216,96,176,80,96,2384,S50a
128,704,576,80,779,699,86,134,48,72,976,904,80,143,63,129,289,160,95,224,129,95,3344,S50a
112,168,56,96,143,47,105,145,40,80,296,216,104,176,72,144,272,128,103,167,64,89,1456,S50a
88,168,80,88,160,72,88,168,80,96,967,871,73,153,80,104,176,72,104,192,88,96,2080,S50a
104,167,63,80,153,73,80,184,104,80,144,64,96,280,184,144,256,112,96,375,279,65,1624,S50a
88,144,56,88,152,64,88,184,96,72,303,231,65,369,304,87,143,56,89,209,120,104,1608,S50a
88,144,56,72,160,88,79,136,57,80,263,183,89,168,79,121,217,96,88,168,80,88,1344,S50a
89,185,96,72,152,80,72,192,120,80,288,208,72,183,111,153,417,264,63,175,112,97,1689,S50a
120,168,48,72,192,120,96,152,56,65,416,351,64,200,136,112,240,128,80,184,104,64,1616,S50a
95,184,89,72,144,72,56,144,88,80,232,152,72,231,159,121,305,184,79,215,136,105,1560,S50a
112,208,96,64,168,104,72,128,56,95,440,345,71,184,113,104,280,176,104,208,104,80,1696,S50a
104,279,175,97,216,119,81,153,72,71,344,273,72,168,96,144,496,352,96,207,111,105,1968,S50a
104,168,64,72,160,88,80,159,79,89,361,272,80,192,112,137,280,143,89,177,88,103,1600,S50a
80,687,607,81,145,64,79,168,89,64,208,144,96,223,127,105,201,96,88,215,127,97,1944,S50a
120,201,81,64,375,311,73,137,64,80,968,888,72,936,864,144,184,40,96,184,88,104,3089,S50a
136,200,64,80,120,40,96,192,96,80,216,136,104,232,128,111,224,113,104,248,144,88,1520,S50a
112,192,80,112,136,24,87,176,89,72,175,103,97,456,359,113,297,184,96,328,232,72,1832,S50a
160,256,96,104,152,48,80,96,16,96,1136,1040,75,1183,1108,105,201,96,80,151,71,74,3249,S50a
104,136,32,104,136,32,80,96,16,112,944,832,71,144,73,96,264,168,80,152,72,72,1944,S50a
104,152,48,80,128,48,88,128,40,72,248,176,64,151,87,129,249,120,88,176,88,80,1312,S50a
128,152,24,80,144,64,72,112,40,80,224,144,72,176,104,129,224,95,72,151,79,106,1289,S50a
104,240,136,88,152,64,80,112,32,80,216,136,73,152,79,119,248,129,64,160,96,64,1344,S50a
105,176,71,96,137,41,104,167,63,72,456,384,72,152,80,104,600,496,103,952,849,64,2704,S50a
128,200,72,79,112,33,104,160,56,96,232,136,72,192,120,136,215,79,105,233,128,80,1424,S50a
95,231,136,64,120,56,64,176,112,88,1200,1112,65,136,71,120,536,416,72,321,249,95,2815,S50a
80,136,56,80,112,32,104,152,48,96,328,232,72,168,96,128,352,224,80,232,152,80,1560,S50a
80,152,72,72,120,48,72,128,56,64,424,360,47,152,105,120,232,112,88,152,64,88,1448,S50a
104,408,304,72,1296,1224,80,120,40,80,280,200,56,136,80,120,688,568,72,184,112,80,3192,S50a
103,191,88,80,120,40,103,161,58,79,199,120,80,152,72,120,215,95,97,161,64,96,1295,S50a
120,168,48,88,128,40,88,152,64,80,224,144,72,216,144,136,288,152,80,264,184,71,1511,S50a
96,128,32,95,128,33,80,136,56,80,408,328,64,160,96,112,216,104,80,288,208,88,1552,S50a
88,208,120,87,128,41,79,143,64,97,497,400,72,616,544,113,176,63,72,336,264,112,2216,S50a
104,184,80,72,104,32,81,128,47,64,223,159,73,1219,1146,126,286,160,80,232,152,88,2464,S50a
128,240,112,88,144,56,64,136,72,80,232,152,73,167,94,113,209,96,88,152,64,88,1368,S50a
88,255,167,73,120,47,89,145,56,80,768,688,73,216,143,96,240,144,88,128,40,88,1960,S50a
129,313,184,80,160,80,79,144,65,95,240,145,120,200,80,160,264,104,104,176,72,96,1593,S50a
104,152,48,56,132,76,76,108,32,72,712,640,72,1176,1104,112,160,48,96,175,79,97,2712,S50a
144,248,104,96,152,56,72,120,48,72,216,144,80,176,96,128,239,111,97,137,40,97,1385,S50a
104,280,176,80,368,288,112,144,32,80,1120,1040,73,184,111,112,290,178,86,158,72,72,2616,S50a
112,200,88,96,192,96,97,136,39,72,216,144,71,224,153,128,216,88,104,176,72,80,1440,S50a
88,208,120,112,184,72,72,111,39,73,329,256,64,536,472,128,200,72,72,208,136,64,1840,S50a
95,160,65,105,168,63,80,120,40,88,271,183,80,225,145,112,223,111,81,113,32,112,1392,S50a
89,153,64,80,144,64,80,121,41,71,247,176,72,216,144,128,200,72,72,168,96,80,1329,S50a
120,176,56,80,121,41,87,103,16,96,448,352,72,424,352,128,200,72,88,176,88,104,1752,S50a
104,152,48,88,136,48,112,144,32,79,247,168,89,225,136,112,184,72,95,152,57,80,1320,S50a
97,137,40,104,260,156,100,125,25,78,655,577,104,720,616,184,216,32,79,199,120,128,2440,S50a
104,105,1,111,167,56,88,112,24,104,280,176,64,184,120,136,304,168,112,224,112,104,1480,S50a
104,192,88,104,136,32,104,152,48,112,168,56,88,253,165,99,179,80,80,128,48,88,1296,S50a
136,424,288,88,144,56,88,176,88,120,304,184,72,200,128,104,168,64,96,168,72,32,1616,S50a
104,184,80,112,144,32,88,144,56,96,400,304,96,240,144,104,464,360,128,176,48,96,1848,S50a
105,217,112,104,184,80,87,232,145,96,224,128,72,272,200,112,224,112,88,168,80,88,1609,S50a
112,200,88,112,352,240,79,152,73,96,328,232,64,160,96,112,208,96,104,200,96,72,1672,S50a
112,232,120,88,920,832,96,208,112,96,464,368,80,152,72,104,256,152,112,152,40,80,2464,S50a
112,192,80,88,136,48,96,152,56,64,272,208,96,224,128,112,184,72,112,192,80,80,1432,S50a
91,208,117,112,184,72,80,128,48,56,304,248,72,144,72,120,520,400,104,168,64,64,1720,S50a
88,136,48,96,136,40,80,128,48,80,264,184,88,248,160,88,168,80,112,153,41,96,1329,S50a
87,136,49,72,120,48,88,128,40,80,224,144,79,199,120,105,240,135,97,168,71,65,1280,S50a
88,127,39,97,121,24,88,128,40,104,256,152,88,208,120,136,263,127,97,145,48,80,1328,S50a
88,120,32,80,143,63,89,137,48,80,424,344,96,223,127,89,240,151,120,153,33,80,1520,S50a
114,153,39,72,152,80,96,352,256,104,1736,1632,64,168,104,88,224,136,96,119,23,97,3001,S50a
128,160,32,95,144,49,96,112,16,95,248,153,80,191,111,113,249,136,104,168,64,96,1368,S50a
88,152,64,96,168,72,96,112,16,104,264,160,112,160,48,128,376,248,96,216,120,72,1520,S50a
87,136,49,80,151,71,81,113,32,64,336,272,56,208,152,112,432,320,88,224,136,64,1664,S50a
97,225,128,96,184,88,72,144,72,72,296,224,64,192,128,120,280,160,88,136,48,79,1536,S50a
153,249,96,80,168,88,72,136,64,95,288,193,72,192,120,104,247,143,97,153,56,48,1481,S50a
97,177,80,96,184,88,72,120,48,80,456,376,56,264,208,120,216,96,80,192,112,96,1705,S50a
114,225,111,80,128,48,88,128,40,72,199,127,120,233,113,104,216,112,97,168,71,87,1384,S50a
112,136,24,88,135,47,89,169,80,80,343,263,80,208,128,121,240,119,105,161,56,103,1495,S50a
111,232,121,71,160,89,88,136,48,88,256,168,120,192,72,120,232,112,128,160,32,137,1505,S50a
104,224,120,88,207,119,97,233,136,112,711,599,65,185,120,79,280,201,88,215,127,97,2152,S50a
96,208,112,72,144,72,96,248,152,113,295,182,105,473,368,120,440,320,128,200,72,96,2104,S50a
112,168,56,79,144,65,80,152,72,112,224,112,80,344,264,128,231,103,113,177,64,104,1544,S50a
112,184,72,88,136,48,88,152,64,88,1032,944,72,152,80,112,219,107,137,180,43,48,2103,S50a
112,240,128,96,160,64,88,136,48,80,240,160,79,424,345,96,169,73,135,431,296,95,1895,S50a
121,161,40,63,135,72,88,136,48,81,721,640,72,168,96,112,400,288,96,335,239,97,2153,S50a
112,175,63,105,136,31,97,161,64,104,407,303,89,209,120,88,215,127,97,168,71,121,1592,S50a
103,280,177,80,175,95,73,121,48,120,247,127,81,184,103,120,240,120,81,185,104,112,1544,S50a
120,303,183,97,201,104,79,151,72,105,209,104,64,208,144,88,200,112,96,168,72,96,1536,S50a
120,288,168,88,144,56,96,160,64,88,311,223,121,209,88,104,248,144,120,184,64,96,1640,S50a
104,216,112,87,175,88,89,177,88,80,824,744,63,152,89,121,200,79,112,144,32,96,1984,S50a
120,256,136,88,136,48,88,160,72,96,240,144,104,776,672,128,199,71,121,163,42,110,2040,S50a
113,145,32,95,168,73,87,144,57,82,272,190,88,352,264,111,168,57,111,184,73,88,1521,S50a
134,263,129,116,167,51,89,1057,968,96,959,863,64,376,312,97,512,415,121,225,104,104,3663,S50a
105,233,128,96,192,96,64,128,64,87,232,145,80,200,120,104,263,159,105,169,64,104,1521,S50a
112,152,40,96,159,63,89,112,23,89,249,160,104,184,80,112,288,176,104,176,72,87,1407,S50a
104,144,40,104,127,23,97,145,48,88,503,415,97,705,608,128,199,71,105,201,96,112,2136,S50a
112,204,92,37,102,65,63,127,64,87,264,177,72,288,216,136,384,248,80,175,95,81,1625,S50a
112,183,71,105,137,32,79,159,80,81,153,72,128,232,104,96,280,184,79,183,104,104,1431,S50a
88,192,104,88,143,55,73,193,120,112,655,543,89,1217,1128,88,160,72,72,175,103,81,2816,S50a
112,195,83,94,149,55,65,144,79,81,416,335,33,889,856,152,343,191,81,256,175,65,2457,S50a
104,152,48,80,152,72,56,208,152,127,479,352,80,145,65,96,287,191,81,513,432,104,2040,S50a
121,161,40,71,103,32,80,136,56,97,544,447,81,176,95,113,289,176,103,207,104,97,1713,S50a
89,144,55,97,184,87,81,161,80,104,295,191,80,176,96,145,281,136,87,240,153,88,1569,S50a
88,128,40,88,136,48,97,160,63,65,225,160,80,223,143,137,200,63,89,200,111,81,1353,S50a
104,207,103,65,144,79,97,121,24,103,223,120,96,176,80,112,240,128,96,144,48,89,1344,S50a
128,256,128,89,104,15,96,177,81,96,295,199,89,203,114,150,340,190,90,209,119,65,1649,S50a
88,176,88,97,184,87,105,168,63,96,216,120,80,248,168,129,216,87,96,232,136,73,1513,S50a
112,152,40,97,160,63,89,161,72,96,223,127,89,344,255,113,312,199,120,224,104,96,1672,S50a
89,176,87,96,176,80,81,136,55,113,216,103,89,344,255,104,192,88,89,208,119,113,1561,S50a
144,264,120,89,208,119,89,168,79,73,192,119,80,208,128,144,224,80,113,176,63,105,1545,S50a
121,192,71,73,175,102,81,137,56,89,192,103,81,208,127,105,192,87,120,168,48,96,1360,S50a
104,191,87,96,224,128,89,144,55,81,225,144,80,167,87,97,217,120,103,151,48,96,1415,S50a
80,232,152,88,448,360,96,136,40,88,2384,2296,55,304,249,64,304,240,64,248,184,55,4111,S44a
64,80,16,112,152,40,64,72,8,56,328,272,56,248,192,80,176,96,48,256,208,55,1367,S44a
72,105,33,88,168,80,56,96,40,72,328,256,55,216,161,96,192,96,16,384,368,72,1561,S44a
88,136,48,96,144,48,64,144,80,64,320,256,64,208,144,112,184,72,63,239,176,48,1423,S44a
56,120,64,80,1040,960,64,72,8,55,232,177,64,280,216,87,144,57,56,352,296,55,2295,S44a
64,96,32,80,136,56,80,104,24,55,328,273,64,328,264,72,184,112,56,320,264,63,1559,S44a
80,168,88,80,176,96,64,104,40,72,384,312,72,152,80,88,176,88,64,264,200,64,1488,S44a
72,128,56,80,152,72,72,136,64,40,576,536,72,152,80,64,264,200,56,232,176,63,1703,S44a
56,120,64,64,136,72,72,96,24,48,424,376,72,152,80,72,280,208,48,184,136,40,1432,S44a
48,128,80,64,200,136,56,112,56,56,304,248,64,168,104,87,264,177,72,256,184,55,1487,S44a
55,128,73,88,176,88,64,320,256,56,288,232,31,176,145,96,184,88,56,335,279,72,1679,S44a
64,160,96,48,256,208,56,128,72,48,3448,3400,119,344,225,80,328,248,64,312,248,71,5047,S44a
72,120,48,80,167,87,56,137,81,56,272,216,64,704,640,112,207,95,64,321,257,39,1967,S44a
55,216,161,80,392,312,64,112,48,40,232,192,72,328,256,80,120,40,72,328,256,56,1784,S44a
56,120,64,80,592,512,80,96,16,64,288,224,64,192,128,112,160,48,71,256,185,63,1767,S44a
48,136,88,72,288,216,72,160,88,47,256,209,72,208,136,96,192,96,40,320,280,40,1600,S44a
56,144,88,64,184,120,64,120,56,56,288,232,64,184,120,72,160,88,56,456,400,72,1608,S44a
88,112,24,80,136,56,87,64,-23,79,391,312,97,201,104,95,224,129,64,392,328,63,1583,S44a
64,96,32,112,152,40,88,128,40,55,280,225,56,160,104,104,240,136,72,480,408,63,1599,S44a
48,144,96,80,184,104,96,120,24,56,272,216,64,136,72,112,184,72,72,304,232,71,1415,S44a
55,128,73,87,136,49,119,112,-7,64,376,312,80,144,64,96,272,176,80,272,192,40,1480,S44a
72,144,72,104,160,56,88,112,24,64,296,232,64,184,120,112,160,48,72,184,112,72,1312,S44a
88,192,104,95,280,185,136,151,15,73,297,224,72,144,72,144,208,64,64,240,176,72,1584,S44a
96,120,24,120,168,48,104,144,40,72,319,247,72,281,209,104,160,56,48,2072,2024,71,3335,S44a
56,72,16,88,144,56,79,95,16,56,305,249,72,176,104,95,183,88,40,225,185,55,1255,S44a
47,191,144,73,137,64,96,120,24,48,344,296,72,144,72,103,200,97,64,288,224,64,1488,S44a
87,127,40,89,129,40,104,160,56,72,280,208,64,160,96,103,184,81,48,208,160,55,1303,S44a
88,144,56,79,176,97,64,160,96,72,328,256,56,120,64,112,240,128,56,216,160,87,1471,S44a
72,152,80,64,128,64,104,120,16,79,280,201,64,160,96,111,152,41,48,224,176,71,1287,S44a
80,136,56,87,144,57,80,112,32,64,296,232,72,128,56,120,240,120,64,216,152,80,1352,S44a
72,96,24,80,200,120,104,248,144,88,256,168,47,208,161,104,152,48,63,200,137,48,1408,S44a
88,129,41,72,152,80,88,128,40,72,264,192,64,200,136,88,136,48,64,208,144,55,1272,S44a
63,120,57,104,248,144,88,232,144,72,296,224,72,232,160,103,168,65,80,392,312,72,1760,S44a
87,160,73,80,216,136,72,120,48,64,240,176,64,176,112,104,160,56,64,264,200,31,1367,S44a
64,136,72,96,208,112,64,120,56,40,256,216,56,184,128,96,144,48,56,248,192,55,1351,S44a
120,184,64,72,152,80,88,144,56,72,320,248,64,160,96,95,208,113,56,248,192,24,1440,S44a
72,160,88,64,152,88,71,104,33,56,264,208,39,216,177,96,176,80,64,328,264,64,1464,S44a
73,137,64,80,464,384,64,80,16,47,392,345,72,136,64,88,248,160,55,232,177,55,1744,S44a
87,152,65,88,184,96,96,144,48,40,240,200,64,232,168,104,176,72,56,232,176,72,1432,S44a
64,120,56,80,168,88,88,136,48,72,272,200,56,216,160,96,120,24,72,272,200,47,1351,S44a
80,176,96,64,184,120,80,176,96,72,264,192,48,240,192,112,136,24,-952,240,1192,55,1471,S44a
63,151,88,57,393,336,80,128,48,64,264,200,72,288,216,80,296,216,64,184,120,64,1768,S44a
64,136,72,80,240,160,56,88,32,56,336,280,80,144,64,95,336,241,56,112,56,88,1480,S44a
72,168,96,63,175,112,73,112,39,48,289,241,56,200,144,80,128,48,71,240,169,55,1367,S44a
56,136,80,79,304,225,95,152,57,48,232,184,56,272,216,119,208,89,88,224,136,48,1576,S44a
72,144,72,64,304,240,64,128,64,55,216,161,56,264,208,80,144,64,40,304,264,48,1552,S44a
39,104,65,72,264,192,64,152,88,64,184,120,56,256,200,104,112,8,56,208,152,48,1328,S44a
80,152,72,56,200,144,55,96,41,47,240,193,72,280,208,104,152,48,39,208,169,71,1399,S44a
48,112,64,72,168,96,64,104,40,64,256,192,56,200,144,104,120,16,56,240,184,48,1248,S44a
80,128,48,64,184,120,72,104,32,47,264,217,71,152,81,96,152,56,56,224,168,79,1287,S44a
88,128,40,87,144,57,88,128,40,64,328,264,96,176,80,88,376,288,64,248,184,55,1583,S44a
72,144,72,64,536,472,71,80,9,80,240,160,63,176,113,119,152,33,80,232,152,63,1623,S44a
48,144,96,79,216,137,72,96,24,40,272,232,56,143,87,89,185,96,63,232,169,48,1336,S44a
24,272,248,80,232,152,64,96,32,64,328,264,56,143,87,89,193,104,47,312,265,72,1648,S44a
48,96,48,64,312,248,88,128,40,48,272,224,64,416,352,80,112,32,63,352,289,55,1743,S44a
64,144,80,47,1792,1745,64,88,24,48,319,271,56,200,144,80,200,120,56,217,161,64,3024,S44a
64,96,32,88,136,48,64,24,-40,56,496,440,64,544,480,47,176,129,47,432,385,63,1967,S44a
64,152,88,64,184,120,64,392,328,47,984,937,56,144,88,63,264,201,48,184,136,55,2359,S44a
56,136,80,95,136,41,79,104,25,48,288,240,64,136,72,95,-608,-703,1072,1208,136,64,1464,S44a
72,152,80,72,152,80,80,128,48,40,192,152,64,200,136,87,112,25,55,208,153,55,1199,S44a
72,120,48,79,112,33,87,135,48,48,249,201,56,176,120,96,152,56,47,224,177,55,1223,S44a
63,120,57,64,216,152,64,168,104,72,208,136,72,272,200,87,112,25,56,224,168,71,1391,S44a
97,129,32,87,176,89,72,96,24,72,248,176,72,176,104,95,168,73,55,232,177,71,1296,S44a
64,120,56,64,224,160,72,96,24,48,320,272,72,168,96,72,192,120,64,248,184,64,1432,S44a
64,96,32,88,280,192,80,104,24,56,248,192,56,200,144,111,136,25,80,272,192,64,1400,S44a
71,144,73,55,192,137,87,136,49,72,216,144,63,272,209,112,168,56,40,216,176,104,1448,S44a
56,136,80,88,128,40,96,136,40,48,240,192,64,192,128,88,160,72,64,400,336,47,1439,S44a
87,95,8,121,177,56,64,447,383,72,489,417,64,144,80,104,160,56,56,288,232,72,1872,S44a
48,152,104,96,160,64,72,136,64,64,295,231,80,177,97,72,256,184,72,288,216,63,1527,S44a
87,128,41,64,176,112,64,104,40,55,240,185,64,176,112,104,160,56,96,216,120,64,1264,S44a
96,128,32,80,200,120,72,136,64,72,224,152,64,208,144,88,120,32,64,248,184,48,1312,S44a
87,136,49,80,176,96,80,136,56,48,224,176,64,168,104,96,160,64,56,248,192,47,1295,S44a
64,136,72,64,184,120,56,288,232,55,368,313,63,144,81,80,184,104,56,248,192,72,1624,S44a
64,144,80,64,288,224,104,144,40,56,288,232,64,224,160,56,256,200,104,304,200,104,1752,S44a
87,96,9,79,328,249,64,96,32,56,232,176,56,240,184,80,112,32,48,263,215,64,1431,S44a
1080,1145,65,72,168,96,64,120,56,56,272,216,79,200,121,72,152,80,56,536,480,56,2649,S44a
96,128,32,71,216,145,80,144,64,72,240,168,80,200,120,112,160,48,40,288,248,55,1431,S44a
80,168,88,64,176,112,72,104,32,64,304,240,55,208,153,79,264,185,64,672,608,64,1960,S44a
64,128,64,64,416,352,80,80,0,80,296,216,64,144,80,96,296,200,71,280,209,40,1680,S44a
71,120,49,72,288,216,63,112,49,64,240,176,71,200,129,96,104,8,64,248,184,64,1376,S44a
47,120,73,71,432,361,64,112,48,48,320,272,72,168,96,72,208,136,56,296,240,48,1704,S44a
56,144,88,63,304,241,71,215,144,89,200,111,56,1961,1905,87,168,81,56,200,144,96,3288,S44a
96,184,88,88,144,56,88,72,-16,79,1128,1049,64,200,136,88,655,567,56,152,96,72,2607,S44a
80,128,48,88,168,80,71,103,32,56,1193,1137,80,152,72,-912,152,1064,64,256,192,64,2216,S44a
71,104,33,80,160,80,80,112,32,40,256,216,72,328,256,71,208,137,64,248,184,40,1456,S44a
88,128,40,80,176,96,72,136,64,56,280,224,64,240,176,104,120,16,80,232,152,63,1375,S44a
63,176,113,80,360,280,63,136,73,56,224,168,47,272,225,103,128,25,71,200,129,80,1576,S44a
63,152,89,71,176,105,87,136,49,63,240,177,87,176,89,103,263,160,88,161,73,95,1399,S44a
56,129,73,63,280,217,79,223,144,88,193,105,63,568,505,71,112,41,71,399,328,80,1984,S44a
79,152,73,79,136,57,103,152,49,39,400,361,87,168,81,87,199,112,72,185,113,55,1447,S44a
80,144,64,88,176,88,80,152,72,72,288,216,64,224,160,87,136,49,64,240,176,79,1439,S44a
72,120,48,120,1328,1208,71,96,25,63,336,273,64,192,128,104,176,72,56,303,247,72,2623,S44a
64,176,112,56,624,568,63,80,17,56,312,256,56,175,119,104,153,49,72,200,128,63,1783,S44a
72,128,56,72,912,840,64,72,8,47,256,209,56,224,168,96,136,40,48,240,192,80,2048,S44a
71,184,113,96,208,112,64,136,72,64,248,184,64,184,120,96,160,64,72,200,128,72,1392,S44a
71,136,65,103,160,57,96,152,56,88,840,752,72,1088,1016,79,120,41,72,416,344,104,3016,S44a
89,113,24,88,152,64,72,112,40,56,256,200,55,272,217,88,136,48,72,240,168,79,1360,S44a
104,88,-16,104,216,112,72,104,32,72,280,208,56,352,296,111,520,409,72,336,264,56,1952,S44a
64,88,24,87,184,97,72,120,48,55,240,185,40,248,208,71,1088,1017,63,848,785,79,2895,S44a
73,152,79,81,137,56,71,72,1,72,208,136,1071,1375,304,88,1257,1169,71,1095,1024,73,4369,S44a
64,104,40,104,120,16,80,104,24,71,240,169,72,600,528,88,96,8,80,368,288,48,1680,S44a
56,104,48,80,176,96,72,104,32,48,256,208,55,680,625,64,160,96,72,256,184,56,1792,S44a
56,136,80,80,160,80,72,88,16,63,256,193,55,287,232,104,217,113,55,240,185,64,1448,S44a
41,105,64,87,480,393,88,104,16,48,248,200,48,360,312,87,128,41,64,256,192,55,1736,S44a
48,128,80,80,192,112,64,120,56,39,224,185,64,336,272,87,128,41,47,296,249,56,1480,S44a
63,104,41,72,120,48,87,104,17,55,704,649,63,456,393,95,112,17,47,271,224,49,1920,S44a
63,136,73,143,152,9,96,120,24,55,240,185,63,240,177,95,160,65,63,471,408,104,1623,S44a
64,104,40,88,136,48,80,64,-16,56,256,200,80,208,128,95,160,65,64,272,208,56,1256,S44a
56,120,64,72,376,304,80,136,56,56,208,152,72,280,208,111,152,41,48,224,176,55,1551,S44a
64,104,40,56,160,104,72,144,72,48,280,232,64,216,152,80,176,96,56,264,208,48,1392,S44a
56,104,48,79,167,88,65,121,56,48,248,200,64,216,152,103,160,57,64,208,144,48,1272,S44a
64,96,32,104,152,48,79,144,65,64,344,280,72,144,72,80,176,96,56,224,168,47,1327,S44a
1095,1151,56,80,201,121,79,128,49,55,320,265,71,208,137,95,184,89,63,280,217,71,2543,S44a
80,128,48,95,128,33,104,144,40,71,376,305,63,208,145,95,168,73,71,248,177,72,1472,S44a
87,104,17,87,160,73,80,168,88,55,296,241,71,184,113,103,336,233,64,256,192,72,1576,S44a
56,143,87,96,169,73,72,248,176,64,312,248,55,208,153,79,88,9,80,231,151,49,1448,S44a
120,184,64,72,152,80,87,112,25,64,319,255,56,185,129,72,176,104,64,456,392,64,1648,S44a
72,80,8,95,136,41,119,88,-31,55,1320,1265,71,183,112,80,152,72,56,248,192,64,2271,S44a
63,79,16,88,177,89,71,112,41,64,280,216,63,176,113,103,144,41,55,272,217,31,1271,S44a
71,104,33,103,168,65,87,143,56,49,481,432,79,200,121,80,272,192,64,216,152,56,1640,S44a
39,216,177,128,264,136,80,144,64,48,952,904,63,144,81,55,320,265,72,592,520,136,2768,S44a
103,151,48,88,593,505,80,88,8,48,256,208,63,159,96,105,169,64,64,168,104,63,1647,S44a
73,169,96,104,168,64,80,136,56,72,328,256,56,104,48,112,208,96,88,192,104,80,1385,S44a
80,160,80,120,312,192,80,112,32,80,304,224,56,160,104,79,216,137,56,216,160,64,1544,S44a
64,136,72,88,192,104,80,160,80,72,264,192,64,160,96,96,200,104,63,160,97,64,1336,S44a
72,112,40,96,200,104,71,176,105,72,375,303,64,329,265,104,143,39,48,313,265,87,1735,S44a
40,136,96,80,192,112,80,176,96,56,232,176,64,240,176,95,103,8,56,265,209,56,1400,S44a
104,168,64,80,160,80,79,136,57,64,296,232,64,184,120,88,192,104,55,224,169,48,1408,S44a
71,120,49,88,192,104,71,160,89,63,224,161,71,216,145,96,224,128,56,272,216,72,1480,S44a
104,128,24,79,176,97,79,96,17,56,288,232,56,152,96,96,168,72,72,208,136,63,1279,S44a
64,152,88,80,328,248,96,104,8,48,256,208,71,224,153,88,120,32,56,232,176,48,1464,S44a
79,152,73,64,208,144,88,128,40,64,312,248,64,144,80,96,200,104,48,208,160,48,1400,S44a
63,96,33,112,160,48,112,96,-16,80,296,216,55,176,121,88,168,80,72,184,112,72,1248,S44a
64,168,104,168,144,-24,128,176,48,63,376,313,47,184,137,88,152,64,72,216,144,56,1472,S44a
80,192,112,136,448,312,104,168,64,48,448,400,56,136,80,88,288,200,64,224,160,72,1976,S44a
64,168,104,104,400,296,112,152,40,72,336,264,111,256,145,87,232,145,63,176,113,72,1792,S44a
56,144,88,104,288,184,72,160,88,88,351,263,56,185,129,88,384,296,48,192,144,71,1775,S44a
64,152,88,80,240,160,64,144,80,56,808,752,63,184,121,103,864,761,80,256,176,48,2696,S44a
72,64,-8,112,208,96,64,240,176,88,152,64,1056,1488,432,71,151,80,64,273,209,119,2695,S44a
64,96,32,88,200,112,72,112,40,80,248,168,56,264,208,88,112,24,64,224,160,63,1319,S44a
64,104,40,80,208,128,71,144,73,48,248,200,64,167,103,105,177,72,72,248,176,112,1408,S44a
56,184,128,72,168,96,96,144,48,64,272,208,55,192,137,112,136,24,56,264,208,80,1440,S44a
88,112,24,80,200,120,72,152,80,64,288,224,48,392,344,-912,-912,0,1055,1320,265,144,1696,S44a
64,160,96,88,192,104,80,136,56,48,256,208,72,200,128,80,232,152,88,248,160,56,1480,S44a
63,144,81,72,192,120,87,128,41,56,240,184,56,223,167,104,136,32,72,201,129,80,1344,S44a
96,168,72,103,184,81,71,128,57,72,272,200,56,192,136,80,136,56,72,232,160,72,1384,S44a
104,136,32,88,216,128,72,119,47,48,273,225,56,264,208,96,144,48,48,231,183,64,1447,S44a
88,112,24,96,193,97,80,128,48,64,304,240,72,208,136,88,152,64,48,264,216,64,1425,S44a
103,160,57,88,184,96,88,168,80,64,352,288,56,-800,-856,1080,1744,664,88,128,40,63,1999,S44a
72,88,16,88,176,88,64,88,24,64,280,216,48,200,152,112,176,64,64,208,144,72,1288,S44a
80,120,40,111,168,57,95,104,9,63,336,273,55,448,393,96,120,24,80,240,160,55,1591,S44a
80,144,64,96,152,56,104,136,32,64,416,352,56,184,128,88,152,64,87,200,113,64,1448,S44a
72,128,56,112,176,64,88,120,32,72,280,208,72,208,136,80,136,56,55,232,177,71,1351,S44a
64,72,8,112,176,64,88,120,32,56,360,304,72,144,72,128,936,808,63,168,105,48,2024,S44a
87,128,41,88,488,400,72,88,16,55,255,200,64,168,104,104,449,345,56,160,104,80,1816,S44a
72,96,24,96,200,104,72,176,104,64,488,424,72,152,80,71,328,257,64,264,200,64,1768,S44a
79,119,40,105,185,80,96,96,0,64,256,192,79,216,137,95,176,81,64,256,192,80,1384,S44a
88,136,48,88,216,128,96,72,-24,80,288,208,72,160,88,96,160,64,87,199,112,73,1304,S44a
72,144,72,80,400,320,80,88,8,56,280,224,64,488,424,111,784,673,79,312,233,103,2599,S44a
128,200,72,96,176,80,79,87,8,81,1425,1344,64,1120,1056,64,87,23,49,281,232,79,3455,S44a
71,128,57,96,168,72,88,144,56,71,304,233,55,184,129,112,168,56,64,248,184,64,1408,S44a
95,103,8,104,177,73,104,112,8,72,392,320,63,144,81,80,296,216,79,192,113,120,1536,S44a
71,96,25,112,168,56,96,112,16,55,272,217,63,208,145,96,128,32,63,192,129,80,1256,S44a
88,160,72,80,184,104,80,168,88,64,368,304,72,192,120,104,136,32,72,192,120,63,1463,S44a
89,129,40,80,200,120,80,104,24,48,640,592,64,128,64,96,343,247,41,217,176,71,1832,S44a
80,120,40,88,160,72,88,120,32,40,608,568,63,191,128,81,217,136,31,160,129,88,1664,S44a
72,136,64,112,168,56,80,200,120,39,312,273,48,160,112,112,160,48,64,208,144,47,1391,S44a
48,120,72,95,200,105,104,256,152,56,368,312,72,224,152,72,160,88,72,232,160,56,1616,S44a
96,120,24,80,160,80,80,184,104,64,384,320,48,176,128,88,312,224,48,232,184,56,1624,S44a
96,112,16,88,1336,1248,80,72,-8,48,376,328,47,680,633,72,72,0,48,239,191,41,2928,S44a
63,184,121,55,384,329,64,104,40,56,304,248,48,320,272,72,360,288,72,136,64,64,1856,S44a
80,112,32,72,192,120,80,128,48,64,296,232,64,216,152,112,144,32,64,192,128,64,1344,S44a
88,136,48,79,208,129,64,120,56,56,272,216,55,272,217,48,1416,1368,55,159,104,56,2639,S44a
88,112,24,96,152,56,111,95,-16,64,1073,1009,64,712,648,103,80,-23,40,375,335,81,2680,S44a
104,136,32,80,168,88,71,87,16,56,217,161,79,192,113,120,184,64,72,328,256,128,1440,S44a
88,120,32,80,128,48,104,128,24,56,240,184,55,192,137,112,136,24,64,224,160,48,1216,S44a
104,184,80,72,216,144,136,216,80,72,264,192,56,208,152,136,144,8,48,256,208,55,1543,S44a
112,144,32,80,184,104,72,376,304,88,208,120,56,208,152,119,136,17,56,223,167,73,1552,S44a
72,176,104,88,231,143,80,121,41,64,272,208,56,200,144,96,168,72,64,239,175,81,1488,S44a
87,128,41,96,160,64,95,144,49,72,440,368,72,232,160,104,207,103,48,201,153,72,1584,S44a
96,152,56,135,136,1,111,88,-23,80,767,687,80,504,424,80,705,625,87,168,81,63,2583,S44a
55,304,249,79,248,169,63,159,96,64,281,217,56,384,328,56,704,648,48,256,208,48,2384,S44a
56,208,152,80,264,184,72,168,96,80,360,280,56,392,336,56,632,576,63,664,601,48,2736,S44a
104,40,-64,112,224,112,111,56,-55,80,1192,1112,72,152,80,79,280,201,56,304,248,72,2320,S44a
80,112,32,72,152,80,72,80,8,64,256,192,72,168,96,104,136,32,55,352,297,63,1319,S44a
96,112,16,80,168,88,71,104,33,55,800,745,64,144,80,88,528,440,96,232,136,88,2176,S44a
96,16,-80,103,728,625,71,48,-23,71,256,185,56,152,96,128,607,479,64,177,113,64,2048,S44a
72,136,64,48,136,88,80,104,24,64,240,176,72,152,80,104,368,264,48,128,80,63,1327,S44a
56,120,64,72,152,80,104,96,-8,56,304,248,64,160,96,88,240,152,64,224,160,56,1352,S44a
96,88,-8,103,744,641,64,104,40,80,360,280,55,135,80,96,193,97,63,208,145,48,1880,S44a
48,360,312,72,160,88,96,104,8,64,632,568,55,176,121,80,456,376,56,176,120,64,2128,S44a
80,160,80,56,184,128,72,96,24,63,528,465,48,160,112,55,264,209,48,175,127,56,1623,S44a
71,120,49,64,136,72,103,112,9,64,528,464,88,120,32,64,552,488,48,176,128,47,1791,S44a
64,136,72,56,168,112,95,120,25,64,672,608,56,128,72,87,256,169,47,232,185,87,1799,S44a
93,109,16,78,78,0,110,78,-32,63,766,703,78,469,391,109,109,0,63,266,203,78,1953,S44a
62,109,47,109,156,47,78,47,-31,78,313,235,94,390,296,94,110,16,78,234,156,78,1437,S44a
93,140,47,125,641,516,78,62,-16,78,297,219,78,688,610,94,187,93,63,328,265,78,2421,S44a
79,219,140,110,125,15,78,125,47,63,313,250,78,625,547,93,140,47,63,282,219,62,1891,S44a
79,188,109,94,156,62,47,94,47,62,250,188,62,359,297,110,110,0,93,281,188,62,1500,S44a
78,234,156,110,63,-47,109,140,31,63,282,219,78,343,265,78,157,79,78,1500,1422,109,2828,S44a
78,172,94,172,94,-78,109,78,-31,78,468,390,79,360,281,78,328,250,78,250,172,63,1813,S44a
141,110,-31,62,1000,938,78,78,0,78,734,656,47,500,453,94,141,47,78,266,188,78,2907,S44a
110,172,62,78,219,141,62,172,110,62,250,188,78,578,500,78,125,47,93,250,157,78,1844,S44a
156,265,109,63,172,109,94,141,47,62,312,250,79,204,125,109,156,47,94,219,125,78,1547,S44a
110,188,78,78,172,94,78,187,109,63,250,187,63,266,203,109,203,94,62,156,94,78,1500,S44a
94,219,125,63,125,62,78,156,78,79,297,218,78,313,235,140,156,16,78,297,219,78,1641,S44a
78,171,93,79,157,78,78,140,62,63,281,218,94,251,157,78,140,62,94,235,141,109,1484,S44a
125,234,109,63,110,47,93,140,47,63,250,187,63,297,234,78,141,63,78,937,859,63,2172,S44a
94,219,125,62,156,94,78,109,31,63,281,218,79,625,546,94,172,78,78,250,172,63,1875,S44a
94,157,63,78,140,62,78,109,31,47,235,188,78,234,156,125,156,31,79,235,156,78,1344,S44a
109,172,63,140,140,0,79,79,0,78,375,297,62,203,141,93,187,94,63,375,312,94,1625,S44a
62,172,110,78,93,15,125,141,16,47,328,281,62,266,204,93,156,63,78,234,156,63,1453,S44a
94,203,109,109,156,47,78,141,63,47,609,562,125,328,203,94,188,94,78,172,94,62,1859,S44a
94,266,172,125,172,47,77,140,63,47,313,266,62,218,156,94,172,78,78,313,235,47,1641,S44a
78,828,750,94,469,375,78,78,0,47,406,359,47,188,141,93,156,63,94,250,156,109,2484,S44a
94,141,47,78,140,62,78,125,47,78,297,219,110,203,93,110,203,93,63,204,141,78,1391,S44a
94,172,78,78,172,94,78,172,94,63,328,265,63,250,187,78,110,32,78,203,125,62,1469,S44a
94,157,63,62,156,94,47,140,93,63,329,266,78,203,125,109,187,78,63,219,156,78,1469,S44a
63,156,93,110,125,15,110,141,31,63,266,203,93,218,125,110,141,31,78,219,141,78,1344,S44a
78,188,110,93,62,-31,125,172,47,63,344,281,62,250,188,109,140,31,63,907,844,47,2110,S44a
93,187,94,78,734,656,79,125,46,63,344,281,110,281,171,79,328,249,94,422,328,94,2515,S44a
93,187,94,63,110,47,93,187,94,31,281,250,63,735,672,93,172,79,77,250,173,46,1968,S44a
62,172,110,78,46,-32,125,188,63,78,297,219,62,547,485,93,109,16,78,313,235,78,1750,S44a
78,141,63,125,172,47,62,78,16,31,296,265,94,376,282,78,125,47,78,265,187,63,1516,S44a
78,218,140,63,94,31,78,188,110,62,234,172,78,266,188,109,203,94,103,196,93,63,1462,S44a
110,188,78,78,125,47,109,172,63,47,296,249,63,454,391,78,125,47,78,187,109,78,1625,S44a
78,140,62,125,141,16,125,172,47,78,265,187,63,297,234,141,219,78,109,266,157,62,1562,S44a
94,172,78,94,110,16,125,187,62,63,281,218,63,250,187,110,141,31,78,234,156,63,1438,S44a
79,141,62,125,109,-16,125,235,110,78,265,187,94,360,266,140,140,0,47,250,203,63,1563,S44a
78,156,78,156,109,-47,110,188,78,62,281,219,78,313,235,109,140,31,78,250,172,78,1515,S44a
78,156,78,141,141,0,109,219,110,78,203,125,93,375,282,93,172,79,46,187,141,94,1547,S44a
78,172,94,110,94,-16,141,250,109,62,265,203,63,266,203,110,125,15,78,219,141,47,1438,S44a
93,203,110,125,125,0,109,140,31,47,313,266,62,156,94,110,250,140,63,156,93,79,1422,S44a
109,141,32,93,125,32,93,93,0,63,954,891,93,859,766,125,437,312,94,360,266,94,3063,S44a
78,172,94,94,141,47,93,125,32,46,1140,1094,63,203,140,94,188,94,78,312,234,47,2328,S44a
62,125,63,109,125,16,94,140,46,63,266,203,78,281,203,125,125,0,78,219,141,63,1344,S44a
110,156,46,94,126,32,93,140,47,78,281,203,94,219,125,110,141,31,109,219,110,46,1328,S44a
46,859,813,94,1000,906,62,78,16,47,281,234,78,203,125,141,141,0,78,219,141,62,2843,S44a
94,172,78,110,110,0,93,187,94,63,266,203,78,218,140,125,141,16,78,219,141,47,1360,S44a
110,172,62,110,110,0,109,171,62,63,282,219,109,296,187,110,235,125,62,172,110,78,1516,S44a
125,187,62,94,141,47,78,109,31,63,360,297,78,218,140,141,422,281,63,453,390,63,1953,S44a
94,172,78,109,109,0,94,157,63,78,312,234,94,219,125,125,125,0,62,203,141,78,1375,S44a
94,141,47,156,109,-47,141,141,0,62,484,422,78,187,109,94,157,63,93,218,125,94,1531,S44a
109,172,63,93,78,-15,125,172,47,46,703,657,78,156,78,109,219,110,78,187,109,78,1765,S44a
78,172,94,78,93,15,110,188,78,62,328,266,47,203,156,109,141,32,62,250,188,78,1453,S44a
78,203,125,157,141,-16,110,250,140,63,406,343,79,172,93,125,172,47,78,250,172,141,1735,S44a
78,157,79,93,125,32,78,171,93,47,297,250,47,219,172,109,203,94,110,188,78,93,1453,S44a
79,126,47,125,78,-47,125,390,265,79,204,125,78,343,265,141,453,312,110,172,62,125,1891,S44a
78,141,63,109,125,16,109,141,32,46,250,204,93,218,125,94,125,31,94,281,187,47,1328,S44a
78,172,94,109,93,-16,125,157,32,62,250,188,62,265,203,141,141,0,62,234,172,63,1375,S44a
93,125,32,109,125,16,109,156,47,47,328,281,78,203,125,94,188,94,77,265,188,78,1468,S44a
93,187,94,109,94,-15,109,172,63,47,328,281,62,187,125,110,188,78,78,250,172,78,1484,S44a
78,141,63,125,94,-31,109,172,63,46,328,282,62,140,78,141,235,94,78,218,140,79,1407,S44a
78,172,94,94,109,15,110,172,62,63,297,234,47,234,187,110,157,47,62,218,156,78,1437,S44a
78,203,125,47,94,47,109,156,47,31,359,328,94,188,94,109,203,94,94,266,172,62,1531,S44a
78,172,94,78,62,-16,125,282,157,62,281,219,62,203,141,125,125,0,94,266,172,78,1469,S44a
78,172,94,109,812,703,63,63,0,46,250,204,78,187,109,109,141,32,62,562,500,94,2281,S44a
78,157,79,78,46,-32,141,219,78,47,250,203,78,281,203,110,110,0,62,281,219,63,1407,S44a
62,187,125,94,219,125,109,1125,1016,78,406,328,79,110,31,125,203,78,94,1172,1078,78,3500,S44a
94,172,78,141,141,0,125,125,0,78,843,765,94,282,188,171,312,141,78,234,156,94,2203,S44a
125,187,62,141,141,0,78,172,94,78,265,187,78,235,157,140,218,78,78,313,235,109,1640,S44a
94,187,93,94,47,-47,125,250,125,79,313,234,78,656,578,110,110,0,62,343,281,94,2000,S44a
78,187,109,141,172,31,47,141,94,62,265,203,63,547,484,94,172,78,63,266,203,62,1812,S44a
78,235,157,171,390,219,94,125,31,62,360,298,62,218,156,78,672,594,78,266,188,125,2391,S44a
94,109,15,125,110,-15,109,172,63,62,203,141,93,359,266,109,141,32,93,234,141,94,1422,S44a
78,140,62,94,126,32,93,124,31,47,344,297,94,172,78,109,156,47,94,219,125,109,1390,S44a
109,141,32,125,93,-32,125,297,172,78,364,286,94,219,125,141,141,0,78,250,172,93,1598,S44a
78,157,79,109,125,16,93,171,78,63,250,187,78,657,579,78,187,109,63,250,187,109,1906,S44a
78,203,125,125,141,16,109,172,63,94,312,218,63,625,562,110,110,0,78,406,328,109,2078,S44a
93,156,63,156,125,-31,109,172,63,62,234,172,78,453,375,125,141,16,78,265,187,47,1593,S44a
63,235,172,172,140,-32,110,204,94,62,250,188,62,312,250,109,156,47,63,328,265,79,1704,S44a
78,312,234,125,203,78,94,141,47,47,281,234,63,188,125,125,203,78,78,218,140,79,1625,S44a
109,203,94,94,969,875,62,109,47,63,344,281,94,156,62,125,203,78,78,203,125,78,2265,S44a
94,187,93,141,110,-31,125,125,0,78,281,203,62,265,203,126,141,15,78,250,172,63,1422,S44a
109,187,78,94,172,78,78,141,63,62,265,203,79,297,218,141,297,156,78,391,313,94,1844,S44a
109,172,63,172,172,0,93,187,94,94,235,141,93,765,672,78,110,32,62,343,281,94,2078,S44a
141,204,63,109,140,31,78,109,31,63,266,203,78,547,469,109,172,63,47,187,140,63,1688,S44a
94,234,140,172,125,-47,125,172,47,63,266,203,62,297,235,125,156,31,78,219,141,93,1562,S44a
125,203,78,125,156,31,110,188,78,156,328,172,125,312,187,47,1125,1078,78,860,782,109,3281,S44a
94,172,78,109,125,16,94,172,78,78,281,203,63,591,528,78,172,94,78,250,172,78,1841,S44a
94,109,15,110,157,47,109,125,16,62,312,250,16,1438,1422,125,218,93,63,219,156,78,2656,S44a
94,125,31,125,125,0,125,110,-15,62,812,750,78,110,32,93,437,344,94,250,156,63,2032,S44a
93,156,63,140,125,-15,109,109,0,63,235,172,78,437,359,94,125,31,78,266,188,78,1531,S44a
79,618,539,78,281,203,94,63,-31,47,297,250,78,296,218,125,188,63,94,328,234,141,2212,S44a
79,125,46,79,172,93,94,94,0,47,344,297,62,281,219,109,125,16,109,281,172,94,1516,S44a
93,172,79,125,171,46,79,141,62,78,281,203,78,797,719,94,141,47,94,281,187,78,2062,S44a
94,204,110,62,234,172,78,125,47,62,375,313,78,156,78,125,203,78,94,266,172,141,1704,S44a
109,187,78,94,172,78,109,141,32,93,437,344,109,266,157,125,156,31,78,281,203,94,1734,S44a
125,204,79,93,906,813,94,94,0,78,328,250,78,297,219,171,140,-31,78,344,266,62,2375,S44a
125,125,0,141,156,15,125,157,32,62,296,234,79,610,531,125,203,78,78,297,219,109,1953,S44a
62,203,141,109,188,79,62,140,78,47,219,172,78,359,281,141,141,0,94,297,203,62,1609,S44a
79,141,62,110,125,15,125,156,31,79,297,218,78,328,250,110,141,31,78,250,172,78,1516,S44a
94,109,15,94,188,94,78,109,31,63,234,171,94,329,235,156,203,47,109,312,203,109,1593,S44a
94,125,31,78,125,47,109,188,79,93,250,157,62,359,297,172,172,0,94,531,437,78,1828,S44a
109,640,531,110,157,47,109,125,16,62,250,188,62,484,422,125,156,31,94,282,188,78,2172,S44a
78,78,0,110,157,47,93,46,-47,78,407,329,140,687,547,141,110,-31,93,312,219,94,1891,S44a
110,172,62,109,125,16,94,125,31,62,234,172,94,532,438,93,78,-15,62,281,219,125,1672,S44a
110,188,78,109,109,0,94,141,47,94,203,109,78,500,422,78,78,0,94,203,109,78,1500,S44a
94,109,15,110,157,47,78,109,31,62,234,172,78,282,204,109,125,16,78,312,234,78,1406,S44a
94,125,31,125,125,0,78,125,47,94,250,156,78,532,454,109,109,0,78,250,172,94,1610,S44a
79,141,62,141,141,0,93,93,0,94,282,188,78,484,406,94,78,-16,94,266,172,62,1547,S44a
94,188,94,109,109,0,110,141,31,78,250,172,63,406,343,125,125,0,94,250,156,110,1579,S44a
47,360,313,93,156,63,78,125,47,94,234,140,94,266,172,94,172,78,109,203,94,109,1625,S44a
94,203,109,140,140,0,94,141,47,94,250,156,94,625,531,94,125,31,94,219,125,78,1781,S44a
94,172,78,109,109,0,126,157,31,78,265,187,94,735,641,109,109,0,78,500,422,94,2141,S44a
78,156,78,94,141,47,94,125,31,78,281,203,60,263,203,109,140,31,63,219,156,94,1419,S44a
125,204,79,62,109,47,94,125,31,62,281,219,94,219,125,109,297,188,62,187,125,78,1500,S44a
94,172,78,110,110,0,93,125,32,62,312,250,63,203,140,141,141,0,94,250,156,47,1360,S44a
94,172,78,94,125,31,109,141,32,62,390,328,94,188,94,94,437,343,78,235,157,62,1750,S44a
63,141,78,109,141,32,93,140,47,63,281,218,79,329,250,125,140,15,94,250,156,78,1500,S44a
94,187,93,125,110,-15,125,140,15,63,297,234,94,250,156,110,172,62,78,266,188,156,1578,S44a
93,156,63,125,125,0,94,125,31,78,687,609,79,704,625,124,171,47,94,235,141,78,2281,S44a
93,187,94,94,141,47,94,140,46,110,282,172,78,312,234,125,156,31,63,203,140,63,1484,S44a
109,187,78,94,188,94,94,156,62,78,235,157,78,281,203,140,109,-31,63,235,172,62,1453,S44a
93,218,125,94,141,47,62,172,110,78,328,250,109,203,94,94,156,62,78,203,125,79,1500,S44a
78,187,109,94,172,78,78,156,78,110,344,234,63,266,203,109,172,63,78,265,187,63,1625,S44a
94,203,109,78,109,31,110,157,47,78,296,218,94,172,78,157,203,46,94,204,110,78,1422,S44a
78,157,79,78,156,78,78,172,94,78,219,141,78,343,265,125,125,0,63,219,156,94,1485,S44a
94,203,109,94,172,78,78,125,47,62,265,203,79,250,171,110,157,47,78,218,140,63,1453,S44a
78,157,79,93,156,63,94,219,125,93,312,219,78,250,172,109,156,47,110,235,125,93,1578,S44a
62,141,79,125,140,15,78,141,63,78,265,187,79,188,109,156,203,47,78,188,110,78,1344,S44a
94,266,172,140,140,0,79,204,125,78,953,875,78,250,172,140,156,16,94,234,140,78,2281,S44a
94,126,32,109,125,16,93,93,0,47,391,344,78,172,94,125,187,62,63,328,265,47,1469,S44a
63,141,78,125,125,0,78,109,31,63,297,234,78,203,125,109,188,79,62,234,172,62,1359,S44a
63,203,140,125,110,-15,124,171,47,79,313,234,109,219,110,125,218,93,79,204,125,93,1531,S44a
110,188,78,125,125,0,109,234,125,47,375,328,63,156,93,110,235,125,78,218,140,79,1610,S44a
94,156,62,125,125,0,110,203,93,94,375,281,63,266,203,172,203,31,78,203,125,94,1625,S44a
110,203,93,110,110,0,109,172,63,93,297,204,93,203,110,156,172,16,93,203,110,78,1438,S44a
125,156,31,110,204,94,78,140,62,94,344,250,94,187,93,125,360,235,78,156,78,109,1656,S44a
94,172,78,156,125,-31,109,172,63,94,281,187,94,266,172,125,171,46,63,204,141,78,1469,S44a
78,110,32,125,156,31,78,234,156,63,250,187,63,266,203,109,156,47,63,235,172,93,1500,S44a
78,156,78,94,125,31,110,172,62,78,250,172,110,282,172,125,171,46,79,204,125,93,1453,S44a
94,156,62,141,109,-32,141,235,94,109,281,172,109,516,407,109,140,31,78,828,750,94,2359,S44a
125,172,47,78,141,63,94,140,46,63,329,266,62,187,125,109,172,63,94,203,109,78,1422,S44a
78,172,94,125,125,0,109,187,78,63,266,203,78,265,187,110,141,31,78,219,141,62,1437,S44a
93,140,47,94,110,16,109,171,62,63,313,250,78,156,78,125,203,78,78,266,188,62,1421,S44a
79,188,109,187,94,-93,140,296,156,63,422,359,63,188,125,141,187,46,63,250,187,94,1719,S44a
94,188,94,156,156,0,78,141,63,62,281,219,78,234,156,125,188,63,78,265,187,63,1516,S44a
110,125,15,156,156,0,94,172,78,94,250,156,94,250,156,141,141,0,94,359,265,63,1516,S44a
110,204,94,171,140,-31,110,172,62,78,297,219,78,219,141,125,140,15,78,282,204,78,1532,S44a
110,172,62,125,110,-15,125,140,15,78,297,219,78,188,110,109,156,47,78,187,109,79,1329,S44a
78,203,125,156,125,-31,93,218,125,63,313,250,62,187,125,125,157,32,78,234,156,94,1531,S44a
94,156,62,203,156,-47,94,188,94,62,453,391,78,203,125,141,219,78,94,219,125,78,1672,S44a
93,156,63,109,156,47,94,172,78,78,500,422,62,109,47,125,219,94,47,281,234,78,1671,S44a
78,125,47,109,125,16,93,125,32,78,297,219,78,140,62,125,172,47,78,188,110,93,1265,S44a
94,204,110,140,109,-31,109,187,78,94,313,219,78,203,125,109,172,63,62,297,235,62,1547,S44a
94,156,62,94,110,16,109,187,78,63,297,234,78,344,266,109,234,125,63,344,281,78,1750,S44a
94,141,47,141,172,31,78,140,62,63,282,219,62,187,125,125,188,63,62,203,141,62,1375,S44a
109,172,63,93,62,-31,125,219,94,78,266,188,78,203,125,109,140,31,94,219,125,78,1359,S44a
125,156,31,110,188,78,62,328,266,94,1031,937,63,141,78,109,265,156,79,219,140,78,2406,S44a
94,156,62,125,125,0,94,172,78,62,281,219,78,203,125,110,157,47,78,218,140,78,1390,S44a
78,156,78,172,156,-16,110,141,31,94,281,187,63,188,125,125,156,31,78,188,110,93,1359,S44a
79,172,93,110,125,15,125,157,32,78,281,203,62,203,141,141,187,46,94,188,94,94,1407,S44a
125,188,63,94,140,46,94,172,78,63,281,218,63,188,125,125,172,47,78,203,125,63,1407,S44a
109,219,110,93,140,47,94,172,78,47,359,312,79,172,93,94,219,125,78,219,141,94,1594,S44a
94,157,63,140,140,0,79,141,62,63,297,234,62,187,125,125,188,63,62,203,141,94,1407,S44a
109,172,63,78,172,94,94,234,140,78,375,297,78,172,94,141,172,31,62,203,141,78,1578,S44a
78,109,31,156,125,-31,125,187,62,79,266,187,78,203,125,125,219,94,78,250,172,78,1437,S44a
109,187,78,94,94,0,78,140,62,63,313,250,78,172,94,109,156,47,63,203,140,78,1343,S44a
62,156,94,156,125,-31,109,234,125,78,235,157,62,234,172,125,188,63,62,187,125,63,1422,S44a
79,219,140,188,156,-32,94,172,78,47,266,219,94,281,187,141,141,0,78,344,266,93,1672,S44a
78,172,94,125,63,-62,125,171,46,63,250,187,78,172,94,125,188,63,94,172,78,78,1266,S44a
78,156,78,141,109,-32,110,172,62,63,297,234,109,188,79,109,203,94,78,281,203,62,1468,S44a
94,157,63,140,140,0,125,172,47,63,297,234,78,172,94,125,172,47,62,203,141,78,1391,S44a
109,156,47,141,110,-31,125,187,62,63,297,234,78,188,110,109,171,62,63,360,297,78,1547,S44a
78,156,78,156,125,-31,109,109,0,63,781,718,94,204,110,140,468,328,78,797,719,63,2703,S44a
109,156,47,203,141,-62,109,140,31,94,235,141,78,250,172,124,156,32,78,203,125,78,1359,S44a
94,156,62,141,110,-31,125,187,62,78,250,172,78,172,94,156,156,0,94,188,94,109,1328,S44a
110,157,47,109,46,-63,157,204,47,46,312,266,78,219,141,125,172,47,93,343,250,79,1532,S44a
125,187,62,125,78,-47,110,141,31,78,297,219,62,156,94,109,172,63,94,172,78,109,1312,S44a
112,190,78,125,78,-47,125,281,156,79,204,125,78,312,234,94,125,31,94,297,203,78,1565,S44a
78,94,16,187,125,-62,109,125,16,78,297,219,62,265,203,94,453,359,94,219,125,78,1656,S44a
93,156,63,156,94,-62,125,187,62,63,250,187,78,188,110,109,156,47,94,266,172,78,1375,S44a
94,156,62,141,110,-31,109,172,63,93,296,203,79,172,93,125,157,32,78,203,125,78,1344,S44a
94,250,156,172,172,0,94,156,62,78,266,188,109,203,94,125,172,47,78,172,94,93,1484,S44a
94,156,62,157,141,-16,109,172,63,94,375,281,62,266,204,109,218,109,63,844,781,63,2235,S44a
125,188,63,141,109,-32,110,141,31,62,281,219,78,188,110,109,187,78,63,188,125,47,1329,S44a
94,156,62,141,563,422,62,109,47,63,266,203,62,125,63,140,234,94,78,188,110,78,1719,S44a
96,360,264,95,72,-23,88,336,248,104,1256,1152,88,432,344,104,648,544,73,72,-1,80,3256,S49a
152,72,-80,112,56,-56,120,216,96,104,520,416,80,184,104,128,567,439,80,56,-24,104,1775,S49a
120,40,-80,112,81,-31,95,175,80,128,624,496,80,736,656,128,384,256,89,88,-1,112,2240,S49a
104,25,-79,135,95,-40,96,120,24,128,528,400,104,104,0,120,408,288,65,64,-1,104,1448,S49a
72,32,-40,104,56,-48,112,128,16,128,432,304,104,168,64,120,440,320,95,72,-23,96,1424,S49a
112,56,-56,103,56,-47,112,152,40,120,344,224,88,248,160,112,383,271,80,40,-40,105,1384,S49a
80,31,-49,105,50,-55,119,119,0,112,328,216,80,312,232,111,304,193,105,104,-1,80,1328,S49a
84,24,-60,88,40,-48,137,137,0,152,384,232,104,416,312,80,176,96,80,160,80,80,1417,S49a
15,15,0,96,65,-31,113,112,-1,111,368,257,79,255,176,145,465,320,97,96,-1,79,1455,S49a
127,36,-91,123,76,-47,128,128,0,104,584,480,103,376,273,120,544,424,106,104,-2,87,1935,S49a
145,57,-88,144,88,-56,143,119,-24,128,744,616,120,377,257,103,351,248,104,73,-31,87,1896,S49a
135,56,-79,103,47,-56,121,88,-33,128,512,384,129,560,431,104,353,249,88,87,-1,72,1775,S49a
113,33,-80,95,56,-39,104,104,0,103,343,240,96,297,201,103,567,464,88,80,-8,96,1576,S49a
120,40,-80,96,65,-31,113,87,-26,105,304,199,96,249,153,103,256,153,81,80,-1,87,1168,S49a
81,40,-41,96,41,-55,120,119,-1,104,297,193,111,191,80,128,352,224,72,40,-32,80,1160,S49a
32,32,0,128,81,-47,111,87,-24,96,384,288,112,240,128,152,392,240,96,64,-32,80,1360,S49a
40,40,0,96,56,-40,120,96,-24,104,296,192,112,304,192,104,280,176,89,88,-1,88,1248,S49a
112,40,-72,112,48,-64,121,121,0,95,223,128,112,304,192,104,320,216,88,64,-24,72,1192,S49a
88,32,-56,96,57,-39,96,95,-1,88,240,152,112,264,152,120,400,280,82,81,-1,71,1240,S49a
112,40,-72,89,56,-33,96,64,-32,112,280,168,88,232,144,128,360,232,88,56,-32,88,1176,S49a
73,16,-57,96,57,-39,104,103,-1,96,304,208,88,256,168,96,256,160,73,72,-1,72,1136,S49a
72,32,-40,96,41,-55,88,87,-1,96,904,808,128,272,144,120,368,248,104,120,16,96,1920,S49a
95,40,-55,121,87,-34,96,96,0,96,465,369,120,807,687,129,345,216,96,64,-32,96,2000,S49a
56,56,0,80,48,-32,104,72,-32,112,264,152,72,288,216,128,272,144,97,96,-1,72,1168,S49a
102,30,-72,89,40,-49,120,105,-15,120,240,120,104,264,160,120,144,24,112,168,56,80,1071,S49a
112,41,-71,87,39,-48,128,64,-64,127,320,193,128,240,112,144,400,256,161,160,-1,112,1376,S49a
80,80,0,48,17,-31,95,47,-48,120,264,144,96,264,168,128,360,232,87,72,-15,136,1240,S49a
112,56,-56,92,57,-35,71,39,-32,104,248,144,96,336,240,112,352,240,73,72,-1,88,1248,S49a
128,128,0,39,8,-31,112,88,-24,151,296,145,80,248,168,136,512,376,88,80,-8,80,1440,S49a
8,8,0,96,56,-40,121,120,-1,120,216,96,112,344,232,128,312,184,88,56,-32,88,1200,S49a
95,32,-63,96,40,-56,128,104,-24,112,224,112,103,280,177,136,352,216,96,56,-40,104,1192,S49a
152,56,-96,128,56,-72,152,160,8,112,240,128,56,351,295,121,313,192,87,80,-7,88,1344,S49a
121,24,-97,129,57,-72,128,96,-32,112,776,664,88,360,272,136,399,263,98,97,-1,64,1873,S49a
135,40,-95,112,64,-48,104,104,0,104,280,176,104,296,192,112,232,120,104,1096,992,128,2240,S49a
143,48,-95,120,56,-64,128,96,-32,103,1072,969,79,248,169,128,384,256,105,104,-1,39,2047,S49a
143,40,-103,111,80,-31,111,88,-23,96,320,224,103,279,176,120,448,328,87,409,322,56,1720,S49a
120,57,-63,95,32,-63,128,128,0,103,168,65,103,335,232,120,257,137,95,55,-40,121,1153,S49a
127,80,-47,71,23,-48,121,81,-40,119,416,297,79,288,209,127,391,264,80,32,-48,112,1423,S49a
72,169,97,79,55,-24,79,64,-15,96,329,233,103,688,585,95,239,144,89,89,0,95,1728,S49a
41,41,0,55,31,-24,128,160,32,112,297,185,87,312,225,79,463,384,80,40,-40,120,1464,S49a
127,80,-47,79,27,-52,111,110,-1,103,288,185,111,247,136,112,480,368,80,48,-32,104,1384,S49a
56,56,0,89,32,-57,160,160,0,136,608,472,129,128,-1,112,424,312,82,81,-1,65,1554,S49a
120,48,-72,80,15,-65,153,129,-24,128,296,168,112,312,200,104,336,232,103,88,-15,96,1320,S49a
104,80,-24,64,25,-39,127,135,8,152,296,144,104,256,152,120,378,258,86,78,-8,96,1344,S49a
56,56,0,64,24,-40,121,121,0,111,295,184,104,272,168,128,304,176,89,88,-1,112,1272,S49a
40,40,0,104,56,-48,128,160,32,136,384,248,128,256,128,96,256,160,105,104,-1,96,1352,S49a
105,56,-49,104,49,-55,120,119,-1,112,560,448,128,424,296,88,224,136,105,104,-1,104,1640,S49a
63,63,0,72,24,-48,153,152,-1,128,288,160,96,432,336,104,264,160,137,136,-1,88,1447,S49a
72,72,0,15,1,-14,119,79,-40,120,752,632,80,313,233,71,447,376,88,64,-24,79,1807,S49a
88,88,0,56,24,-32,113,112,-1,144,1042,898,94,150,56,168,456,288,88,56,-32,80,2008,S49a
120,88,-32,88,1,-87,135,215,80,104,296,192,104,328,224,128,312,184,81,80,-1,72,1392,S49a
96,40,-56,71,57,-14,96,95,-1,112,816,704,80,248,168,152,304,152,81,80,-1,88,1728,S49a
40,40,0,95,80,-15,80,48,-32,96,448,352,80,184,104,120,464,344,79,64,-15,112,1440,S49a
104,64,-40,64,64,0,80,56,-24,120,328,208,80,264,184,104,272,168,112,136,24,56,1240,S49a
95,40,-55,80,40,-40,96,96,0,88,272,184,96,232,136,104,184,80,104,160,56,112,1136,S49a
32,32,0,72,40,-32,128,128,0,112,408,296,72,168,96,136,360,224,80,136,56,120,1392,S49a
112,32,-80,112,72,-40,112,264,152,120,416,296,96,272,176,112,168,56,112,152,40,88,1464,S49a
104,48,-56,64,56,-8,96,128,32,80,232,152,104,240,136,104,160,56,64,216,152,104,1184,S49a
56,56,0,56,58,2,86,86,0,104,248,144,87,240,153,136,288,152,89,88,-1,80,1144,S49a
104,56,-48,72,48,-24,121,120,-1,112,432,320,72,104,32,120,232,112,88,176,88,128,1296,S49a
96,34,-62,109,94,-15,80,152,72,88,928,840,88,312,224,104,272,168,81,80,-1,112,1984,S49a
31,31,0,105,81,-24,104,152,48,103,256,153,80,256,176,103,120,17,88,144,56,96,1136,S49a
40,40,0,80,81,1,95,119,24,104,256,152,80,264,184,104,360,256,87,55,-32,72,1247,S49a
120,15,-105,112,105,-7,72,72,0,80,240,160,80,256,176,128,240,112,153,152,-1,79,1159,S49a
48,48,0,80,40,-40,128,128,0,95,248,153,71,320,249,104,424,320,63,48,-15,72,1328,S49a
41,41,0,95,55,-40,119,152,33,119,576,457,95,128,33,87,359,272,88,56,-32,112,1479,S49a
168,88,-80,113,80,-33,95,120,25,111,303,192,105,257,152,111,271,160,96,73,-23,104,1296,S49a
103,72,-31,47,0,-47,135,144,9,127,519,392,88,273,185,111,311,200,89,88,-1,88,1495,S49a
40,40,0,96,64,-32,111,119,8,128,328,200,112,337,225,119,375,256,90,89,-1,72,1424,S49a
104,24,-80,96,48,-48,145,144,-1,112,1888,1776,88,312,224,104,272,168,82,81,-1,111,2880,S49a
16,16,0,96,41,-55,143,159,16,128,288,160,104,248,144,128,496,368,104,48,-56,96,1392,S49a
88,40,-48,88,32,-56,136,176,40,120,544,424,80,112,32,112,1136,1024,48,408,360,72,2520,S49a
40,40,0,80,32,-48,153,152,-1,128,328,200,80,304,224,112,168,56,128,160,32,104,1288,S49a
56,56,0,56,57,1,120,119,-1,96,344,248,104,216,112,104,256,152,80,192,112,112,1352,S49a
72,72,0,88,56,-32,120,152,32,72,296,224,96,248,152,128,232,104,97,96,-1,96,1248,S49a
88,88,0,56,32,-24,137,136,-1,128,352,224,88,288,200,128,432,304,106,105,-1,79,1512,S49a
56,56,0,64,65,1,112,111,-1,88,240,152,88,336,248,104,304,200,81,80,-1,56,1248,S49a
176,80,-96,160,40,-120,168,288,120,128,712,584,72,912,840,112,272,160,89,88,-1,80,2472,S49a
143,40,-103,168,88,-80,144,152,8,120,440,320,104,192,88,136,264,128,120,176,56,104,1456,S49a
152,32,-120,185,152,-33,112,152,40,128,248,120,96,280,184,120,152,32,104,144,40,88,1248,S49a
184,128,-56,216,184,-32,104,144,40,128,640,512,136,168,32,152,664,512,89,88,-1,103,2119,S49a
160,48,-112,152,112,-40,144,144,0,136,248,112,104,328,224,104,768,664,80,96,16,112,1856,S49a
176,56,-120,176,120,-56,136,176,40,120,256,136,88,624,536,128,600,472,88,56,-32,112,2000,S49a
184,80,-104,159,104,-55,120,200,80,176,408,232,112,536,424,112,552,440,63,88,25,96,2064,S49a
152,80,-72,120,80,-40,121,120,-1,120,232,112,112,272,160,136,584,448,104,104,0,104,1576,S49a
145,64,-81,121,57,-64,136,136,0,128,328,200,56,256,200,128,423,295,129,104,-25,105,1473,S49a
119,40,-79,119,1074,955,62,62,0,128,696,568,71,320,249,151,264,113,87,96,9,104,2656,S49a
41,41,0,120,80,-40,120,128,8,119,232,113,112,272,160,127,192,65,145,144,-1,103,1192,S49a
40,40,0,145,81,-64,144,144,0,111,512,401,175,232,57,127,504,377,143,168,25,111,1792,S49a
160,64,-96,104,41,-63,127,95,-32,120,264,144,96,320,224,121,185,64,151,159,8,88,1216,S49a
143,64,-79,96,64,-32,103,88,-15,104,264,160,64,224,160,136,216,80,138,137,-1,111,1168,S49a
120,48,-72,100,73,-27,103,55,-48,120,1105,985,103,295,192,96,272,176,109,72,-37,96,2016,S49a
136,72,-64,96,48,-48,105,105,0,87,215,128,104,384,280,127,264,137,105,104,-1,80,1272,S49a
136,64,-72,104,48,-56,112,128,16,104,184,80,96,456,360,127,384,257,88,281,193,103,1648,S49a
152,64,-88,139,104,-35,88,120,32,88,480,392,111,1304,1193,104,496,392,88,56,-32,88,2712,S49a
143,72,-71,88,48,-40,97,96,-1,80,680,600,112,176,64,112,407,295,121,32,-89,113,1624,S49a
110,262,152,119,96,-23,88,56,-32,112,401,289,102,478,376,97,353,256,96,64,-32,80,1790,S49a
112,112,0,87,59,-28,109,109,0,127,391,264,89,249,160,111,416,305,79,40,-39,79,1455,S49a
80,24,-56,111,57,-54,135,135,0,71,272,201,111,280,169,127,288,161,65,64,-1,55,1175,S49a
111,40,-71,87,40,-47,136,136,0,103,224,121,103,408,305,111,464,353,88,80,-8,111,1503,S49a
48,48,0,89,56,-33,113,112,-1,88,224,136,88,361,273,87,215,128,106,105,-1,79,1200,S49a
112,41,-71,87,40,-47,135,240,105,87,144,57,79,336,257,87,176,89,104,103,-1,64,1144,S49a
128,56,-72,96,40,-56,122,96,-26,80,400,320,88,240,152,104,361,257,103,136,33,95,1424,S49a
40,40,0,105,106,1,70,102,32,88,145,57,95,280,185,103,159,56,96,200,104,128,1160,S49a
126,79,-47,80,30,-50,131,131,0,63,215,152,72,224,152,112,216,104,104,312,208,80,1287,S49a
56,56,0,72,32,-40,121,121,0,55,239,184,72,568,496,104,344,240,80,64,-16,120,1544,S49a
56,56,0,64,32,-32,112,88,-24,80,256,176,72,200,128,120,272,152,104,112,8,80,1096,S49a
40,40,0,72,40,-32,121,121,0,87,199,112,80,232,152,120,144,24,80,456,376,104,1336,S49a
48,48,0,88,48,-40,120,81,-39,103,303,200,80,184,104,128,384,256,96,39,-57,93,1180,S49a
136,104,-32,72,0,-72,112,80,-32,112,249,137,87,215,128,128,528,400,79,64,-15,96,1336,S49a
64,64,0,80,40,-40,121,120,-1,104,832,728,56,168,112,136,336,200,90,88,-2,48,1696,S49a
96,48,-48,80,8,-72,143,120,-23,104,240,136,80,232,152,120,264,144,96,72,-24,88,1072,S49a
64,64,0,64,24,-40,129,128,-1,80,216,136,72,248,176,120,200,80,88,200,112,112,1192,S49a
72,72,0,80,24,-56,137,136,-1,80,192,112,88,248,160,128,344,216,80,56,-24,64,1136,S49a
79,8,-71,104,56,-48,112,112,0,112,256,144,88,272,184,112,272,160,88,56,-32,120,1152,S49a
32,32,0,88,48,-40,129,128,-1,112,200,88,88,296,208,104,160,56,88,120,32,64,1048,S49a
24,24,0,100,64,-36,96,56,-40,96,1424,1328,64,152,88,104,360,256,80,40,-40,96,2216,S49a
96,32,-64,104,64,-40,91,56,-35,80,328,248,64,216,152,120,304,184,105,104,-1,80,1184,S49a
104,24,-80,96,40,-56,138,112,-26,104,224,120,80,336,256,104,167,63,89,153,64,80,1136,S49a
80,16,-64,120,121,1,46,23,-23,104,232,128,112,384,272,104,176,72,104,160,56,56,1168,S49a
128,56,-72,128,32,-96,137,136,-1,96,624,528,96,256,160,88,464,376,120,160,40,88,1816,S49a
128,40,-88,112,64,-48,120,80,-40,96,296,200,72,296,224,96,280,184,82,56,-26,112,1224,S49a
104,56,-48,104,24,-80,129,128,-1,88,248,160,80,256,176,104,207,103,105,137,32,72,1128,S49a
96,56,-40,96,32,-64,120,120,0,64,168,104,96,496,400,144,424,280,103,128,25,56,1480,S49a
79,32,-47,104,31,-73,129,129,0,80,351,271,105,321,216,56,224,168,81,80,-1,55,1223,S49a
105,56,-49,119,24,-95,136,136,0,80,1536,1456,96,352,256,152,320,168,113,112,-1,80,2616,S49a
119,48,-71,120,40,-80,127,112,-15,96,1496,1400,79,232,153,144,560,416,63,56,-7,88,2632,S49a
104,49,-55,71,23,-48,121,121,0,55,231,176,73,201,128,112,200,88,104,112,8,104,1041,S49a
79,40,-39,88,23,-65,121,121,0,79,240,161,95,248,153,104,400,296,97,96,-1,103,1271,S49a
119,56,-63,95,40,-55,112,112,0,79,200,121,104,304,200,119,984,865,87,80,-7,71,1847,S49a
119,80,-39,128,15,-113,144,113,-31,119,808,689,103,160,57,128,472,344,79,40,-39,95,1783,S49a
112,56,-56,120,40,-80,121,153,32,95,272,177,79,280,201,103,367,264,96,56,-40,80,1304,S49a
120,48,-72,128,56,-72,129,129,0,96,584,488,95,207,112,120,417,297,88,87,-1,64,1592,S49a
129,57,-72,151,55,-96,153,153,0,103,648,545,136,136,0,127,512,385,71,55,-16,96,1712,S49a
103,31,-72,104,57,-47,111,95,-16,88,697,609,103,136,33,119,343,224,88,56,-32,64,1479,S49a
104,48,-56,88,32,-56,113,113,0,71,808,737,128,127,-1,112,400,288,71,56,-15,72,1656,S49a
88,40,-48,88,15,-73,130,130,0,79,423,344,88,408,320,80,248,168,90,56,-34,88,1408,S49a
87,40,-47,88,32,-56,112,104,-8,96,512,416,104,128,24,128,456,328,81,80,-1,64,1416,S49a
79,24,-55,112,40,-72,113,112,-1,104,712,608,121,120,-1,112,648,536,105,104,-1,96,1856,S49a
104,47,-57,71,57,-14,87,63,-24,96,352,256,104,256,152,104,248,144,96,80,-16,88,1191,S49a
79,31,-48,89,16,-73,145,113,-32,112,384,272,144,512,368,80,160,80,105,104,-1,80,1400,S49a
104,56,-48,64,8,-56,112,168,56,112,488,376,96,392,296,72,200,128,80,112,32,80,1504,S49a
123,65,-58,96,32,-64,120,96,-24,88,440,352,82,128,46,104,320,216,88,352,264,112,1545,S49a
120,64,-56,112,16,-96,120,96,-24,96,280,184,80,232,152,96,280,184,88,192,104,80,1240,S49a
114,48,-66,80,34,-46,119,86,-33,104,264,160,128,320,192,104,256,152,102,64,-38,56,1128,S49a
112,64,-48,80,1,-79,134,119,-15,72,504,432,88,168,80,112,375,263,73,72,-1,105,1408,S49a
40,40,0,80,56,-24,104,80,-24,104,288,184,88,272,184,80,288,208,89,88,-1,104,1216,S49a
120,40,-80,80,56,-24,89,88,-1,88,792,704,96,320,224,88,288,200,80,48,-32,96,1728,S49a
95,24,-71,79,47,-32,112,104,-8,73,265,192,72,256,184,88,224,136,81,80,-1,80,1080,S49a
40,40,0,82,56,-26,103,64,-39,96,263,167,80,257,177,112,263,151,98,97,-1,88,1128,S49a
48,48,0,88,32,-56,144,120,-24,112,216,104,104,360,256,112,632,520,105,104,-1,48,1560,S49a
104,48,-56,79,56,-23,152,56,-96,120,568,448,95,184,89,120,503,383,98,97,-1,95,1607,S49a
127,56,-71,80,40,-40,120,160,40,152,536,384,80,336,256,120,248,128,81,80,-1,88,1544,S49a
120,48,-72,112,40,-72,128,128,0,87,576,489,79,352,273,111,264,153,81,80,-1,80,1568,S49a
34,34,0,88,53,-35,113,113,0,103,576,473,112,248,136,96,415,319,128,169,41,112,1720,S49a
143,80,-63,79,31,-48,139,113,-26,103,456,353,64,416,352,88,184,96,96,128,32,40,1448,S49a
15,15,0,89,57,-32,120,120,0,104,312,208,87,272,185,103,503,400,82,81,-1,80,1440,S49a
15,15,0,90,56,-34,105,105,0,103,360,257,88,239,151,97,1137,1040,81,80,-1,71,2063,S49a
88,19,-69,84,36,-48,120,88,-32,88,288,200,104,305,201,87,503,416,106,105,-1,63,1407,S49a
96,57,-39,104,40,-64,64,1247,1183,192,1233,1041,63,191,128,88,457,369,80,79,-1,56,3360,S49a
120,72,-48,56,1,-55,136,136,0,87,455,368,88,239,151,97,401,304,81,81,0,79,1464,S49a
112,16,-96,120,40,-80,160,184,24,112,440,328,112,336,224,56,247,191,82,81,-1,40,1384,S49a
191,80,-111,167,776,609,28,27,-1,85,893,808,80,384,304,64,312,248,81,80,-1,56,2608,S49a
152,32,-120,135,121,-14,87,135,48,112,288,176,96,296,200,96,367,271,97,73,-24,88,1400,S49a
160,56,-104,159,144,-15,88,120,32,88,536,448,104,304,200,104,352,248,97,96,-1,56,1664,S49a
159,56,-103,136,80,-56,144,160,16,104,449,345,111,1367,1256,120,616,496,112,80,-32,96,2904,S49a
144,55,-89,153,121,-32,80,136,56,136,336,200,96,392,296,112,272,160,120,80,-40,72,1464,S49a
136,72,-64,144,104,-40,88,104,16,104,400,296,112,208,96,128,544,416,103,80,-23,80,1592,S49a
160,80,-80,144,80,-64,121,120,-1,80,296,216,72,320,248,104,352,248,72,40,-32,88,1376,S49a
136,64,-72,128,88,-40,97,96,-1,112,312,200,88,280,192,112,192,80,121,120,-1,88,1240,S49a
129,57,-72,119,73,-46,111,111,0,96,679,583,89,816,727,112,296,184,89,88,-1,64,2184,S49a
152,56,-96,128,64,-64,104,104,0,88,392,304,64,1328,1264,128,567,439,65,64,-1,81,2656,S49a
152,40,-112,128,80,-48,128,128,0,88,216,128,80,304,224,80,336,256,88,120,32,88,1312,S49a
136,56,-80,120,80,-40,96,176,80,112,216,104,80,1136,1056,128,464,336,97,96,-1,80,2304,S49a
136,57,-79,120,56,-64,120,152,32,104,208,104,80,320,240,120,376,256,112,87,-25,104,1360,S49a
104,31,-73,112,33,-79,145,144,-1,88,192,104,88,344,256,96,344,248,95,41,-54,78,1207,S49a
127,56,-71,112,56,-56,112,112,0,112,240,128,96,367,271,128,249,121,105,104,-1,64,1248,S49a
153,56,-97,120,41,-79,143,127,-16,96,377,281,88,255,167,112,553,441,79,64,-15,95,1568,S49a
121,41,-80,112,56,-56,129,128,-1,96,224,128,88,312,224,104,335,231,104,64,-40,73,1233,S49a
120,48,-72,112,72,-40,111,72,-39,88,1000,912,72,336,264,79,160,81,87,1264,1177,55,3007,S49a
104,32,-72,104,41,-63,135,111,-24,80,257,177,79,288,209,103,519,416,93,57,-36,79,1384,S49a
104,32,-72,88,41,-47,119,96,-23,103,1152,1049,79,696,617,103,552,449,89,88,-1,71,2728,S49a
128,56,-72,80,40,-40,120,136,16,112,192,80,96,416,320,96,664,568,104,128,24,128,1760,S49a
96,48,-48,80,8,-72,137,136,-1,104,201,97,87,1215,1128,120,496,376,88,48,-40,72,2224,S49a
96,56,-40,72,32,-40,111,96,-15,104,488,384,88,384,296,105,272,167,87,72,-15,96,1496,S49a
101,62,-39,64,24,-40,137,136,-1,88,312,224,104,240,136,104,367,263,80,65,-15,80,1286,S49a
110,56,-54,80,24,-56,128,80,-48,104,1072,968,80,904,824,72,288,216,88,48,-40,112,2584,S49a
104,40,-64,96,65,-31,95,87,-8,56,528,472,168,656,488,96,312,216,96,72,-24,88,1848,S49a
116,189,73,119,79,-40,120,120,0,113,417,304,135,367,232,81,457,376,103,48,-55,119,1796,S49a
88,104,16,120,64,-56,88,88,0,104,351,247,121,352,231,105,312,207,80,49,-31,71,1391,S49a
111,32,-79,144,119,-25,71,56,-15,128,368,240,104,169,65,103,246,143,100,57,-43,95,1142,S49a
8,8,0,128,48,-80,144,176,32,112,2984,2872,80,712,632,96,920,824,80,48,-32,88,4984,S49a
104,40,-64,96,24,-72,127,112,-15,96,328,232,112,184,72,104,344,240,88,56,-32,104,1192,S49a
95,31,-64,105,49,-56,122,88,-34,112,336,224,128,208,80,104,264,160,96,40,-56,103,1119,S49a
112,40,-72,103,40,-63,128,88,-40,79,400,321,87,167,80,88,297,209,96,56,-40,71,1159,S49a
103,47,-56,89,32,-57,112,97,-15,79,216,137,96,224,128,95,240,145,105,103,-2,80,1039,S49a
103,31,-72,88,40,-48,105,105,0,87,232,145,96,224,128,111,296,185,103,63,-40,80,1071,S49a
112,65,-47,87,1,-86,134,118,-16,72,240,168,104,209,105,104,264,160,110,79,-31,56,1032,S49a
96,32,-64,96,33,-63,120,119,-1,80,432,352,88,232,144,112,241,129,104,103,-1,80,1272,S49a
87,39,-48,105,33,-72,129,128,-1,88,216,128,96,216,120,112,256,144,88,48,-40,80,1016,S49a
112,40,-72,93,73,-20,111,55,-56,96,392,296,88,216,128,112,336,224,95,64,-31,64,1240,S49a
96,56,-40,72,7,-65,137,137,0,72,248,176,104,232,128,104,504,400,88,56,-32,72,1312,S49a
80,64,-16,52,16,-36,103,88,-15,96,224,128,104,240,136,104,240,136,112,80,-32,64,1016,S49a
88,40,-48,80,49,-31,102,87,-15,72,248,176,80,192,112,120,272,152,104,64,-40,72,1024,S49a
88,40,-48,71,26,-45,118,118,0,64,200,136,88,200,112,112,176,64,105,104,-1,80,944,S49a
56,56,0,47,7,-40,122,121,-1,87,184,97,104,272,168,96,136,40,114,113,-1,79,968,S49a
64,40,-24,48,1,-47,128,127,-1,64,192,128,88,216,128,88,128,40,96,120,24,72,896,S49a
56,56,0,72,15,-57,145,113,-32,64,192,128,96,208,112,96,168,72,89,88,-1,72,912,S49a
127,87,-40,72,1,-71,135,111,-24,79,304,225,72,168,96,136,392,256,95,64,-31,104,1231,S49a
56,56,0,112,48,-64,147,120,-27,128,320,192,112,192,80,104,264,160,111,80,-31,88,1168,S49a
112,65,-47,79,1,-78,143,142,-1,104,280,176,96,207,111,80,385,305,95,64,-31,104,1248,S49a
79,32,-47,104,32,-72,129,128,-1,63,480,417,80,2304,2224,96,240,144,90,88,-2,87,3391,S49a
126,33,-93,111,56,-55,119,111,-8,72,688,616,113,113,0,103,440,337,88,56,-32,87,1584,S49a
88,32,-56,88,88,0,89,56,-33,104,568,464,112,680,568,128,400,272,96,95,-1,72,1991,S49a
95,56,-39,96,1,-95,154,119,-35,88,624,536,112,128,16,112,256,144,128,168,40,104,1456,S49a
81,32,-49,89,25,-64,136,104,-32,88,632,544,96,56,-40,128,519,391,102,73,-29,111,1552,S49a
104,24,-80,88,32,-56,137,136,-1,112,456,344,104,176,72,128,344,216,88,72,-16,104,1344,S49a
104,23,-81,81,33,-48,121,87,-34,80,408,328,97,145,48,103,232,129,96,95,-1,105,1128,S49a
215,64,-151,152,71,-81,144,120,-24,104,297,193,87,239,152,97,224,127,89,113,24,71,1199,S49a
136,57,-79,95,33,-62,126,86,-40,72,361,289,79,112,33,112,272,160,81,80,-1,111,1112,S49a
119,71,-48,72,16,-56,112,96,-16,80,256,176,96,185,89,95,279,184,96,40,-56,104,1047,S49a
128,56,-72,112,48,-64,120,96,-24,112,241,129,103,232,129,111,167,56,104,112,8,80,1032,S49a
128,48,-80,145,48,-97,136,97,-39,95,287,192,104,168,64,112,216,104,105,104,-1,96,1064,S49a
136,56,-80,136,40,-96,153,152,-1,80,200,120,96,215,119,113,153,40,72,128,56,88,1032,S49a
127,55,-72,113,33,-80,151,95,-56,96,223,127,113,193,80,104,160,56,80,159,79,89,1007,S49a
95,31,-64,96,24,-72,136,96,-40,80,264,184,96,200,104,112,345,233,80,79,-1,104,1143,S49a
24,24,0,104,48,-56,136,72,-64,88,296,208,104,168,64,120,272,152,72,56,-16,88,1024,S49a
40,40,0,145,88,-57,116,80,-36,72,537,465,151,847,696,113,113,0,87,239,152,96,2040,S49a
104,81,-23,63,0,-63,111,79,-32,64,224,160,96,192,96,112,312,200,81,80,-1,48,1016,S49a
113,56,-57,96,57,-39,79,39,-40,96,344,248,80,144,64,120,328,208,89,88,-1,88,1144,S49a
88,24,-64,80,40,-40,104,96,-8,72,328,256,80,192,112,152,376,224,82,81,-1,87,1224,S49a
56,56,0,80,32,-48,128,80,-48,72,440,368,97,96,-1,128,360,232,88,80,-8,96,1240,S49a
56,56,0,61,15,-46,105,65,-40,80,368,288,105,105,0,111,295,184,72,48,-24,72,1024,S49a
73,73,0,23,0,-23,111,55,-56,96,544,448,80,112,32,80,880,800,89,88,-1,80,1832,S49a
88,41,-47,55,15,-40,113,73,-40,96,392,296,104,120,16,112,408,296,105,144,39,120,1313,S49a
48,48,0,64,32,-32,104,64,-40,80,480,400,96,120,24,88,504,416,83,80,-3,88,1416,S49a
47,47,0,73,33,-40,112,80,-32,72,504,432,103,88,-15,120,344,224,64,264,200,104,1464,S49a
32,32,0,88,56,-32,96,64,-32,96,240,144,96,192,96,128,304,176,71,56,-15,111,1055,S49a
32,32,0,72,32,-40,112,80,-32,88,408,320,104,120,16,96,224,128,113,112,-1,72,1080,S49a
72,72,0,73,15,-58,137,57,-80,80,928,848,96,344,248,96,352,256,58,57,-1,95,1920,S49a
96,48,-48,55,15,-40,125,124,-1,85,333,248,96,120,24,112,208,96,88,128,40,93,1069,S49a
24,24,0,80,24,-56,112,72,-40,96,760,664,103,320,217,88,264,176,105,104,-1,56,1624,S49a
40,40,0,80,24,-56,112,56,-56,88,288,200,120,216,96,128,240,112,87,56,-31,96,1016,S49a
136,55,-81,113,57,-56,137,136,-1,96,440,344,129,128,-1,128,352,224,89,88,-1,64,1320,S49a
111,40,-71,104,56,-48,136,48,-88,104,448,344,88,144,56,128,376,248,88,40,-48,80,1232,S49a
40,40,0,71,47,-24,89,49,-40,72,400,328,120,88,-32,128,504,376,80,48,-32,87,1263,S49a
40,40,0,96,48,-48,128,48,-80,88,272,184,104,232,128,111,360,249,72,40,-32,88,1128,S49a
31,31,0,105,57,-48,103,64,-39,128,472,344,104,144,40,152,264,112,96,96,0,87,1215,S49a
120,25,-95,127,72,-55,87,232,145,103,912,809,87,216,129,127,384,257,95,1120,1025,103,3064,S49a
113,49,-64,94,64,-30,71,103,32,144,440,296,96,168,72,128,313,185,111,168,57,71,1376,S49a
32,32,0,113,24,-89,144,104,-40,112,513,401,128,128,0,119,295,176,89,89,0,111,1296,S49a
105,105,0,72,0,-72,119,72,-47,111,295,184,104,137,33,127,215,88,96,128,32,104,1056,S49a
138,64,-74,88,40,-48,128,80,-48,120,392,272,80,120,40,152,313,161,103,135,32,80,1224,S49a
95,14,-81,121,122,1,63,55,-8,120,569,449,95,119,24,144,392,248,64,168,104,104,1543,S49a
56,56,0,58,26,-32,126,150,24,208,632,424,97,97,0,159,455,296,88,144,56,104,1664,S49a
136,88,-48,89,26,-63,142,62,-80,128,320,192,56,200,144,128,184,56,80,120,40,120,1120,S49a
88,57,-31,55,0,-55,119,79,-40,104,375,271,105,137,32,136,240,104,97,96,-1,104,1088,S49a
112,40,-72,96,73,-23,103,47,-56,104,352,248,80,184,104,136,320,184,104,160,56,104,1280,S49a
80,80,0,74,1,-73,127,71,-56,112,816,704,80,168,88,128,304,176,80,184,104,88,1712,S49a
144,40,-104,136,137,1,63,159,96,80,520,440,104,408,304,112,1008,896,88,160,72,80,2512,S49a
96,34,-62,103,103,0,55,263,208,104,256,152,80,192,112,120,256,136,113,112,-1,112,1328,S49a
32,32,0,88,32,-56,120,152,32,96,280,184,104,168,64,128,144,16,120,152,32,120,1080,S49a
136,72,-64,72,24,-48,120,80,-40,104,232,128,120,176,56,111,152,41,80,168,88,80,984,S49a
120,15,-105,137,65,-72,120,152,32,104,1832,1728,80,424,344,80,280,200,81,80,-1,96,2944,S49a
144,8,-136,176,80,-96,136,160,24,121,560,439,159,888,729,88,320,232,100,64,-36,128,2208,S49a
136,31,-105,129,81,-48,111,87,-24,97,281,184,96,128,32,136,488,352,89,88,-1,96,1280,S49a
136,25,-111,168,96,-72,128,88,-40,120,2520,2400,104,600,496,128,368,240,120,88,-32,112,3897,S49a
144,31,-113,170,73,-97,127,96,-31,136,527,391,145,113,-32,136,392,256,103,88,-15,104,1424,S49a
152,49,-103,143,80,-63,127,264,137,160,1584,1424,128,184,56,167,992,825,55,104,49,136,3393,S49a
160,47,-113,177,80,-97,137,97,-40,151,360,209,127,224,97,111,264,153,105,104,-1,87,1263,S49a
136,34,-102,142,70,-72,103,72,-31,111,2368,2257,135,976,841,63,87,24,120,248,128,88,3943,S49a
47,47,0,122,56,-66,104,65,-39,127,560,433,159,128,-31,143,415,272,120,65,-55,135,1471,S49a
128,40,-88,128,56,-72,136,113,-23,119,288,169,119,248,129,103,208,105,105,104,-1,111,1168,S49a
177,48,-129,144,129,-15,95,15,-80,152,344,192,144,240,96,104,176,72,104,128,24,120,1200,S49a
56,56,0,104,64,-40,128,72,-56,128,289,161,111,224,113,119,215,96,88,168,80,104,1192,S49a
139,33,-106,127,71,-56,136,96,-40,120,257,137,127,232,105,111,159,48,80,104,24,40,992,S49a
128,41,-87,114,87,-27,102,64,-38,88,984,896,80,201,121,103,199,96,106,105,-1,79,1760,S49a
129,56,-73,99,73,-26,103,63,-40,104,1096,992,104,769,665,103,279,176,88,128,40,104,2568,S49a
136,56,-80,100,64,-36,112,64,-48,128,376,248,112,192,80,136,280,144,96,184,88,112,1328,S49a
120,40,-80,113,81,-32,95,63,-32,112,257,145,111,215,104,112,144,32,96,128,32,128,1056,S49a
128,40,-88,128,48,-80,144,104,-40,104,368,264,112,544,432,152,416,264,89,88,-1,112,1720,S49a
136,40,-96,104,56,-48,104,64,-40,120,1065,945,103,271,168,120,176,56,88,144,56,112,1928,S49a
128,40,-88,113,56,-57,112,56,-56,112,336,224,104,168,64,128,264,136,105,104,-1,112,1136,S49a
97,32,-65,121,33,-88,128,88,-40,128,280,152,80,232,152,120,344,224,80,40,-40,96,1145,S49a
175,150,-25,129,64,-65,161,272,111,113,912,799,122,520,398,122,344,222,106,72,-34,113,2447,S49a
97,160,63,113,64,-49,105,80,-25,96,304,208,105,432,327,89,264,175,96,48,-48,113,1465,S49a
161,48,-113,152,88,-64,105,106,1,103,734,631,88,104,16,129,343,214,89,57,-32,121,1601,S49a
145,64,-81,140,39,-101,126,116,-10,85,308,223,115,256,141,130,281,151,105,63,-42,129,1256,S49a
138,40,-98,137,40,-97,145,100,-45,125,436,311,121,144,23,114,296,182,96,64,-32,120,1240,S49a
137,1,-136,160,71,-89,145,90,-55,111,366,255,122,123,1,157,581,424,89,32,-57,129,1393,S49a
169,24,-145,147,49,-98,136,100,-36,84,291,207,137,160,23,154,273,119,104,47,-57,121,1065,S49a
153,56,-97,137,48,-89,137,90,-47,110,270,160,129,408,279,113,192,79,113,96,-17,97,1257,S49a
112,16,-96,121,48,-73,129,74,-55,103,238,135,90,200,110,81,144,63,64,167,103,138,1025,S49a
128,39,-89,130,40,-90,138,91,-47,95,309,214,122,124,2,150,293,143,129,80,-49,121,1097,S49a
194,16,-178,180,88,-92,145,93,-52,93,251,158,144,223,79,130,233,103,106,80,-26,137,1121,S49a
177,40,-137,141,64,-77,121,78,-43,93,234,141,113,201,88,103,199,96,105,106,1,120,1042,S49a
177,40,-137,141,40,-101,137,101,-36,68,211,143,114,224,110,137,256,119,106,64,-42,97,1033,S49a
167,63,-104,106,1,-105,135,107,-28,61,204,143,98,377,279,160,431,271,105,80,-25,129,1392,S49a
138,49,-89,128,31,-97,145,98,-47,104,294,190,105,192,87,138,240,102,105,107,2,127,1138,S49a
137,56,-81,104,31,-73,128,74,-54,95,239,144,105,207,102,114,169,55,96,111,15,98,985,S49a
135,55,-80,104,48,-56,96,58,-38,95,230,135,105,200,95,120,121,1,96,182,86,82,976,S49a
153,89,-64,97,23,-74,106,75,-31,70,205,135,114,233,119,104,105,1,96,151,55,89,970,S49a
160,56,-104,107,23,-84,121,85,-36,60,212,152,112,280,168,153,344,191,104,64,-40,137,1201,S49a
161,73,-88,90,16,-74,113,75,-38,78,365,287,105,106,1,110,262,152,97,98,1,103,1098,S49a
89,40,-49,105,16,-89,113,95,-18,90,208,118,122,161,39,161,200,39,121,128,7,129,977,S49a
121,40,-81,114,39,-75,130,75,-55,110,230,120,105,184,79,137,151,14,98,137,39,88,944,S49a
105,64,-41,105,1,-104,144,105,-39,127,238,111,113,184,71,161,408,247,81,56,-25,96,1152,S49a
144,88,-56,58,1,-57,112,63,-49,112,232,120,105,288,183,113,184,71,105,112,7,105,1073,S49a
96,40,-56,81,16,-65,121,66,-55,95,238,143,113,200,87,169,712,543,56,104,48,137,1513,S49a
137,64,-73,76,1,-75,128,76,-52,94,475,381,98,128,30,146,336,190,97,48,-49,122,1250,S49a
122,56,-66,68,8,-60,121,62,-59,83,226,143,98,144,46,145,312,167,72,32,-40,97,937,S49a
117,12,-105,108,48,-60,104,61,-43,116,275,159,105,107,2,166,213,47,113,114,1,88,918,S49a
161,49,-112,115,15,-100,129,101,-28,77,379,302,81,64,-17,161,448,287,89,33,-56,113,1202,S49a
121,25,-96,99,56,-43,88,44,-44,76,428,352,96,63,-33,114,377,263,80,40,-40,104,1137,S49a
153,72,-81,83,24,-59,98,61,-37,69,339,270,98,72,-26,153,296,143,98,72,-26,89,1025,S49a
80,23,-57,73,24,-49,115,65,-50,88,1095,1007,113,64,-49,138,1217,1079,97,56,-41,97,2641,S49a
112,31,-81,113,54,-59,99,61,-38,70,325,255,113,116,3,126,308,182,106,81,-25,112,1088,S49a
104,7,-97,121,57,-64,104,65,-39,88,310,222,122,217,95,145,280,135,96,56,-40,105,1097,S49a
144,39,-105,109,25,-84,113,86,-27,74,241,167,122,123,1,183,325,142,90,65,-25,144,1048,S49a
119,24,-95,98,63,-35,98,71,-27,139,226,87,96,208,112,145,216,71,96,126,30,90,1024,S49a
153,47,-106,108,40,-68,114,69,-45,93,210,117,145,290,145,161,400,239,110,79,-31,154,1289,S49a
192,1,-191,194,135,-59,113,61,-52,108,283,175,137,224,87,145,336,191,113,96,-17,88,1224,S49a
169,40,-129,132,64,-68,122,69,-53,93,324,231,137,138,1,151,293,142,129,96,-33,114,1138,S49a
153,40,-113,116,41,-75,119,76,-43,92,251,159,113,144,31,153,473,320,96,55,-41,81,1161,S49a
105,24,-81,105,48,-57,121,71,-50,90,225,135,106,184,78,145,200,55,97,120,23,90,962,S49a
121,40,-81,120,39,-81,122,83,-39,79,230,151,105,144,39,130,176,46,89,112,23,105,929,S49a
138,40,-98,121,1,-120,168,255,87,121,1008,887,80,120,40,169,336,167,102,72,-30,98,1930,S49a
121,56,-65,113,24,-89,113,90,-23,71,230,159,121,136,15,169,368,199,105,56,-49,122,1082,S49a
161,96,-65,67,1,-66,128,68,-60,108,963,855,113,114,1,136,494,358,97,57,-40,80,1873,S49a
138,40,-98,101,24,-77,121,78,-43,83,202,119,105,272,167,162,1584,1422,97,48,-49,105,2353,S49a
169,57,-112,115,24,-91,128,92,-36,60,220,160,96,232,136,128,224,96,104,106,2,110,1065,S49a
120,23,-97,129,40,-89,138,91,-47,103,230,127,89,240,151,145,223,78,113,161,48,96,1104,S49a
178,56,-122,124,49,-75,113,76,-37,93,212,119,105,216,111,160,360,200,89,90,1,103,1162,S49a
176,47,-129,132,73,-59,121,122,1,120,205,85,90,401,311,123,124,1,92,156,64,89,1217,S49a
129,56,-73,104,40,-64,96,65,-31,88,199,111,88,208,120,153,168,15,97,136,39,129,1001,S49a
153,73,-80,104,40,-64,112,66,-46,88,208,120,103,158,55,161,191,30,105,112,7,138,986,S49a
113,31,-82,106,57,-49,104,49,-55,120,383,263,113,144,31,136,247,111,82,145,63,121,1177,S49a
129,56,-73,105,31,-74,105,75,-30,96,261,165,106,185,79,130,264,134,89,64,-25,88,1024,S49a
137,31,-106,114,89,-25,81,56,-25,97,400,303,81,95,14,138,241,103,65,88,23,105,1105,S49a
160,40,-120,122,56,-66,105,69,-36,93,475,382,113,114,1,135,246,111,81,112,31,145,1257,S49a
161,64,-97,100,40,-60,104,61,-43,92,259,167,105,184,79,113,200,87,105,106,1,127,1041,S49a
144,48,-96,98,32,-66,105,68,-37,109,228,119,97,152,55,130,168,38,98,128,30,80,904,S49a
121,40,-81,84,32,-52,113,97,-16,104,199,95,97,176,79,153,176,23,81,144,63,113,977,S49a
153,48,-105,107,56,-51,121,64,-57,113,385,272,96,183,87,146,368,222,98,32,-66,97,1233,S49a
120,63,-57,59,16,-43,122,80,-42,108,369,261,104,106,2,142,366,224,112,55,-57,106,1161,S49a
112,64,-48,73,0,-73,129,103,-26,130,321,191,97,111,14,154,209,55,112,127,15,97,1032,S49a
153,98,-55,58,1,-57,94,59,-35,117,1077,960,104,141,37,170,313,143,97,72,-25,122,1883,S49a
138,81,-57,58,0,-58,121,80,-41,96,376,280,96,128,32,144,350,206,107,56,-51,107,1178,S49a
136,72,-64,89,23,-66,122,89,-33,89,328,239,89,90,1,160,246,86,105,80,-25,113,1041,S49a
136,80,-56,72,1,-71,120,87,-33,113,352,239,97,98,1,127,286,159,97,72,-25,96,1072,S49a
153,97,-56,88,0,-88,144,145,1,104,383,279,112,114,2,142,301,159,96,64,-32,106,1210,S49a
144,72,-72,113,39,-74,122,81,-41,117,376,259,97,98,1,127,303,176,112,113,1,143,1225,S49a
152,87,-65,97,1,-96,137,119,-18,105,384,279,97,98,1,135,318,183,98,88,-10,97,1192,S49a
161,64,-97,137,32,-105,169,171,2,94,278,184,104,215,111,130,224,94,121,96,-25,113,1193,S49a
177,112,-65,97,1,-96,128,97,-31,129,310,181,137,384,247,161,352,191,129,88,-41,153,1497,S49a
161,40,-121,124,24,-100,153,128,-25,97,248,151,121,304,183,121,223,102,113,115,2,111,1193,S49a
128,55,-73,76,17,-59,121,122,1,87,326,239,89,144,55,129,240,111,113,113,0,87,1104,S49a
176,104,-72,121,32,-89,113,90,-23,63,278,215,121,231,110,154,377,223,89,80,-9,80,1272,S49a
153,72,-81,105,40,-65,121,144,23,105,256,151,97,320,223,129,130,1,111,238,127,121,1321,S49a
152,88,-64,97,16,-81,138,160,22,98,192,94,113,320,207,129,208,79,113,114,1,95,1193,S49a
177,80,-97,99,32,-67,120,80,-40,114,280,166,81,248,167,88,208,120,105,106,1,87,1121,S49a
202,80,-122,124,32,-92,121,93,-28,124,291,167,113,192,79,162,296,134,105,88,-17,113,1185,S49a
144,63,-81,106,40,-66,122,88,-34,114,248,134,105,208,103,137,256,119,81,82,1,103,1088,S49a
176,39,-137,140,72,-68,113,69,-44,108,427,319,113,114,1,143,262,119,74,200,126,153,1336,S49a
153,56,-97,99,40,-59,105,60,-45,94,269,175,121,176,55,177,288,111,113,113,0,95,1097,S49a
138,82,-56,87,0,-87,112,88,-24,112,518,406,129,130,1,167,398,231,112,114,2,111,1441,S49a
153,65,-88,104,56,-48,112,88,-24,120,215,95,97,248,151,105,184,79,113,114,1,104,1074,S49a
1152,1096,-56,59,0,-59,112,80,-32,105,230,125,105,242,137,161,271,110,105,120,15,122,2161,S49a
177,104,-73,121,15,-106,138,152,14,145,289,144,113,240,127,120,175,55,139,177,38,121,1273,S49a
152,87,-65,113,40,-73,113,74,-39,104,278,174,130,153,23,161,216,55,121,159,38,90,1097,S49a
168,40,-128,130,96,-34,96,36,-60,116,1156,1040,97,208,111,113,192,79,105,143,38,98,1969,S49a
129,56,-73,98,40,-58,97,72,-25,105,841,736,88,831,743,137,329,192,112,114,2,95,2378,S49a
112,40,-72,120,75,-45,78,47,-31,94,310,216,112,200,88,176,488,312,89,56,-33,106,1322,S49a
177,80,-97,100,1,-99,136,100,-36,116,851,735,97,176,79,121,304,183,113,114,1,87,1713,S49a
129,48,-81,113,40,-73,129,104,-25,98,233,135,96,239,143,146,152,6,121,160,39,97,1073,S49a
137,56,-81,114,32,-82,121,122,1,88,198,110,105,217,112,160,161,1,79,126,47,113,1025,S49a
169,72,-97,161,48,-113,115,118,3,74,218,144,90,264,174,97,152,55,97,120,23,82,1074,S49a
96,192,96,112,472,360,80,312,232,104,256,152,112,352,240,136,576,440,96,248,152,128,2536,S48a
112,608,496,104,280,176,88,176,88,120,320,200,104,328,224,128,520,392,88,297,209,103,2632,S48a
64,152,88,95,193,98,127,247,120,128,345,217,127,407,280,112,297,185,79,280,201,127,2048,S48a
89,249,160,129,233,104,111,240,129,135,327,192,112,383,271,161,274,113,95,280,185,111,2097,S48a
96,273,177,111,216,105,95,231,136,128,297,169,127,423,296,177,240,63,104,392,288,104,2176,S48a
104,209,105,135,1112,977,79,391,312,96,273,177,111,535,424,137,217,80,88,312,224,136,3185,S48a
87,616,529,103,280,177,95,208,113,127,336,209,104,456,352,128,608,480,80,264,184,104,2872,S48a
104,184,80,112,216,104,103,208,105,120,280,160,128,368,240,128,576,448,112,432,320,112,2376,S48a
104,240,136,136,376,240,80,168,88,136,312,176,112,416,304,144,224,80,112,336,224,96,2168,S48a
72,224,152,112,216,104,120,296,176,112,312,200,96,344,248,128,272,144,104,240,136,112,2016,S48a
104,208,104,96,184,88,128,264,136,104,248,144,136,407,271,137,225,88,128,280,152,112,1928,S48a
128,184,56,136,488,352,88,264,176,120,240,120,128,496,368,128,712,584,104,256,152,152,2792,S48a
112,224,112,128,184,56,136,264,128,112,208,96,152,431,279,169,353,184,120,256,136,128,2048,S48a
40,288,248,136,168,32,160,264,104,104,201,97,151,375,224,136,232,96,112,240,128,128,1896,S48a
96,184,88,128,209,81,143,207,64,128,705,577,127,431,304,153,424,271,80,209,129,127,2496,S48a
111,520,409,103,168,65,127,231,104,129,233,104,127,384,257,151,288,137,103,263,160,128,2215,S48a
88,207,119,112,217,105,120,200,80,127,448,321,127,448,321,160,248,88,104,240,136,127,2135,S48a
111,200,89,103,200,97,136,200,64,127,296,169,127,456,329,144,272,128,95,256,161,136,2016,S48a
151,192,41,104,176,72,144,192,48,136,264,128,128,360,232,152,728,576,88,264,176,120,2296,S48a
152,184,32,104,176,72,127,200,73,120,232,112,152,408,256,152,352,200,128,256,128,128,1936,S48a
128,224,96,128,184,56,128,216,88,136,312,176,144,368,224,144,216,72,128,384,256,128,2032,S48a
128,208,80,104,168,64,128,216,88,160,312,152,104,552,448,136,264,128,104,232,128,128,2080,S48a
136,208,72,128,208,80,120,208,88,128,256,128,128,360,232,168,320,152,104,224,120,128,1912,S48a
152,184,32,96,200,104,120,192,72,120,320,200,136,432,296,136,216,80,128,232,104,128,1904,S48a
128,208,80,104,208,104,120,200,80,128,280,152,128,400,272,136,264,128,112,240,128,144,1944,S48a
112,200,88,112,192,80,112,208,96,136,312,176,112,383,271,153,457,304,176,737,561,127,2616,S48a
127,191,64,104,624,520,79,184,105,144,353,209,111,399,288,136,464,328,112,249,137,111,2575,S48a
128,193,65,111,191,80,120,297,177,95,295,200,160,825,665,175,1151,976,152,352,200,144,3448,S48a
104,184,80,120,232,112,111,216,105,128,280,152,159,600,441,104,168,64,112,360,248,104,2144,S48a
120,608,488,88,168,80,112,208,96,96,216,120,128,424,296,104,208,104,104,256,152,104,2192,S48a
88,176,88,104,184,80,112,200,88,104,240,136,136,352,216,112,440,328,104,272,168,112,1976,S48a
96,192,96,112,208,96,128,208,80,120,216,96,152,328,176,128,232,104,152,256,104,128,1768,S48a
88,192,104,104,176,72,152,200,48,128,256,128,144,320,176,152,304,152,128,248,120,128,1824,S48a
96,208,112,128,192,64,176,232,56,120,248,128,152,296,144,136,312,176,152,264,112,136,1888,S48a
128,288,160,128,208,80,144,216,72,120,233,113,151,311,160,152,248,96,168,248,80,136,1888,S48a
120,208,88,120,192,72,152,200,48,128,240,112,160,320,160,144,272,128,144,208,64,128,1768,S48a
104,232,128,112,200,88,128,232,104,128,280,152,160,416,256,152,496,344,112,264,152,136,2256,S48a
136,216,80,104,184,80,136,216,80,128,248,120,136,384,248,152,272,120,104,280,176,128,1928,S48a
104,160,56,136,208,72,136,216,80,128,496,368,152,336,184,152,249,97,111,223,112,136,2024,S48a
128,248,120,120,192,72,136,217,81,151,280,129,143,399,256,151,240,89,112,288,176,96,1960,S48a
136,265,129,95,176,81,128,256,128,111,264,153,151,375,224,112,265,153,87,232,145,95,1928,S48a
96,208,112,103,176,73,112,208,96,104,248,144,160,408,248,144,280,136,95,280,185,96,1904,S48a
112,192,80,120,391,271,105,289,184,104,312,208,112,472,360,128,184,56,104,232,128,96,2168,S48a
112,168,56,103,192,89,136,216,80,128,240,112,152,832,680,128,240,112,112,408,296,80,2376,S48a
104,168,64,128,400,272,96,192,96,112,360,248,112,464,352,136,240,104,88,248,160,96,2168,S48a
96,152,56,112,200,88,128,192,64,120,184,64,176,424,248,184,344,160,112,264,152,120,1880,S48a
128,127,-1,144,920,776,88,624,536,64,536,472,120,320,200,136,224,88,80,232,152,120,3103,S48a
128,184,56,104,184,80,128,184,56,120,288,168,128,353,225,127,215,88,80,256,176,112,1776,S48a
96,192,96,104,176,72,144,216,72,128,248,120,152,552,400,176,289,113,111,311,200,120,2104,S48a
87,151,64,112,193,81,135,199,64,128,272,144,152,377,225,135,239,104,104,312,208,128,1871,S48a
112,264,152,136,217,81,127,240,113,126,343,217,128,457,329,127,207,80,121,393,272,111,2232,S48a
104,353,249,103,159,56,144,273,129,111,215,104,177,424,247,136,209,73,151,344,193,104,2081,S48a
111,536,425,103,200,97,96,208,112,104,192,88,128,360,232,144,632,488,88,248,160,103,2479,S48a
103,200,97,120,224,104,128,240,112,104,248,144,144,392,248,136,272,136,112,288,176,104,1968,S48a
112,192,80,104,200,96,112,224,112,104,200,96,176,424,248,128,264,136,128,296,168,96,1896,S48a
120,272,152,128,208,80,136,232,96,128,264,136,160,408,248,152,264,112,128,360,232,128,2136,S48a
152,184,32,136,224,88,144,232,88,120,304,184,160,343,183,144,280,136,129,241,112,128,1936,S48a
80,216,136,112,168,56,160,216,56,168,288,120,160,431,271,177,313,136,112,200,88,152,1984,S48a
152,272,120,112,216,104,136,192,56,136,264,128,152,472,320,120,272,152,104,256,152,152,2096,S48a
112,240,128,120,216,96,136,216,80,104,280,176,152,423,271,113,577,464,136,312,176,112,2376,S48a
120,184,64,112,200,88,152,209,57,135,303,168,176,424,248,128,256,128,112,224,112,136,1936,S48a
104,329,225,119,159,40,168,232,64,128,400,272,144,464,320,128,496,368,88,432,344,104,2616,S48a
104,193,89,159,552,393,103,320,217,79,208,129,152,439,287,128,353,225,95,472,377,103,2640,S48a
112,264,152,151,256,105,159,264,105,127,256,129,175,400,225,152,336,184,128,208,80,136,2120,S48a
112,184,72,128,200,72,168,168,0,104,248,144,160,360,200,176,296,120,104,344,240,112,1912,S48a
128,168,40,128,160,32,176,224,48,143,296,153,144,464,320,103,192,89,160,272,112,112,1888,S48a
136,200,64,104,160,56,160,184,24,128,280,152,160,368,208,152,256,104,112,288,176,112,1848,S48a
48,424,376,152,200,48,152,192,40,160,232,72,160,528,368,112,192,80,104,264,160,128,2160,S48a
128,160,32,120,232,112,112,1264,1152,128,536,408,128,544,416,120,640,520,63,320,257,88,3784,S48a
112,360,248,80,2816,2736,80,384,304,104,240,136,112,672,560,104,208,104,104,328,224,121,5129,S48a
72,736,664,104,208,104,105,241,136,103,256,153,119,488,369,152,480,328,103,255,152,112,2776,S48a
120,209,89,112,192,80,128,208,80,119,239,120,135,392,257,128,480,352,120,267,147,134,2121,S48a
137,264,127,112,192,80,128,288,160,129,280,151,121,369,248,112,312,200,96,232,136,152,2089,S48a
135,272,137,96,208,112,136,280,144,96,224,128,136,360,224,120,376,256,104,232,128,152,2104,S48a
152,232,80,111,200,89,176,248,72,112,216,104,152,400,248,128,240,112,128,280,152,136,1952,S48a
80,168,88,136,216,80,176,240,64,152,304,152,160,464,304,128,304,176,104,208,104,144,2048,S48a
144,184,40,104,176,72,168,224,56,128,640,512,120,360,240,152,808,656,80,184,104,128,2704,S48a
136,224,88,144,248,104,160,240,80,144,288,144,136,752,616,120,200,80,112,248,136,128,2328,S48a
120,179,59,101,205,104,128,208,80,120,224,104,152,400,248,136,224,88,128,240,112,160,1840,S48a
104,169,65,111,167,56,144,184,40,144,520,376,144,472,328,128,224,96,112,288,176,96,2120,S48a
128,201,73,111,183,72,176,200,24,136,240,104,176,480,304,152,208,56,128,240,112,152,1904,S48a
135,207,72,104,160,56,208,249,41,127,223,96,168,449,281,159,263,104,128,217,89,119,1887,S48a
111,192,81,103,176,73,159,264,105,127,208,81,167,592,425,128,168,40,103,256,153,95,1951,S48a
128,176,48,103,184,81,152,256,104,159,280,121,176,920,744,95,160,65,103,216,113,127,2319,S48a
120,152,32,279,528,249,120,248,128,95,176,81,152,400,248,112,415,303,81,217,136,128,2264,S48a
104,144,40,112,168,56,152,272,120,200,672,472,128,552,424,104,184,80,88,240,152,104,2336,S48a
96,144,48,104,184,80,160,216,56,128,440,312,160,808,648,104,184,80,104,248,144,128,2352,S48a
80,192,112,152,240,88,128,216,88,128,352,224,128,432,304,96,224,128,104,280,176,112,2048,S48a
112,240,128,152,208,56,160,216,56,128,231,103,153,569,416,112,528,416,80,192,112,128,2312,S48a
104,192,88,136,200,64,144,632,488,80,224,144,128,448,320,136,624,488,80,288,208,88,2696,S48a
120,168,48,128,208,80,144,224,80,136,552,416,104,520,416,104,232,128,80,312,232,112,2328,S48a
120,184,64,80,136,56,160,184,24,144,296,152,152,472,320,120,520,400,96,224,128,144,2160,S48a
128,192,64,120,177,57,159,223,64,160,256,96,144,640,496,128,432,304,104,281,177,143,2344,S48a
128,161,33,111,175,64,160,216,56,144,240,96,161,400,239,185,312,127,128,208,80,192,1904,S48a
127,183,56,120,168,48,184,225,41,111,319,208,112,360,248,144,249,105,120,423,303,104,2031,S48a
119,207,88,120,185,65,144,199,55,128,545,417,120,319,199,144,512,368,80,192,112,95,2254,S48a
152,240,88,152,2703,2551,153,1208,1055,113,761,648,104,368,264,128,456,328,64,360,296,80,6176,S48a
112,248,136,112,216,104,128,192,64,104,280,176,649,828,179,128,256,128,72,200,128,113,2333,S48a
112,216,104,104,200,96,120,176,56,89,392,303,104,289,185,112,216,104,88,240,152,112,1841,S48a
104,176,72,144,303,159,153,257,104,104,344,240,104,504,400,104,176,72,80,288,208,80,2128,S48a
104,200,96,136,200,64,136,248,112,200,1288,1088,200,952,752,112,632,520,88,288,200,120,3928,S48a
104,160,56,112,184,72,112,944,832,152,408,256,96,464,368,152,448,296,88,376,288,104,3088,S48a
112,192,80,112,216,104,112,192,80,128,280,152,104,392,288,128,216,88,104,328,224,96,1912,S48a
64,200,136,112,192,80,112,192,80,128,256,128,136,424,288,136,280,144,88,336,248,104,1984,S48a
88,248,160,112,192,80,136,240,104,120,344,224,104,328,224,144,296,152,88,264,176,104,2016,S48a
104,224,120,112,176,64,136,216,80,128,329,201,127,327,200,176,256,80,120,257,137,135,1920,S48a
96,216,120,104,168,64,152,248,96,120,208,88,152,288,136,144,392,248,128,232,104,128,1880,S48a
112,176,64,104,216,112,151,223,72,129,257,128,136,303,167,137,265,128,111,231,120,129,1800,S48a
104,208,104,80,161,81,135,151,16,136,263,127,152,296,144,145,240,95,115,241,126,128,1688,S48a
128,193,65,119,184,65,151,184,33,127,255,128,128,313,185,159,216,57,135,239,104,121,1705,S48a
120,192,72,79,111,32,185,225,40,136,304,168,143,256,113,160,264,104,112,216,104,120,1688,S48a
127,192,65,111,192,81,135,168,33,127,264,137,136,288,152,159,264,105,96,264,168,104,1736,S48a
120,192,72,104,192,88,152,208,56,144,272,128,136,288,152,136,248,112,112,208,96,128,1736,S48a
104,176,72,96,175,79,137,201,64,144,368,224,136,288,152,152,272,120,104,192,88,160,1832,S48a
136,192,56,104,216,112,136,200,64,128,352,224,104,232,128,128,248,120,104,328,224,120,1888,S48a
88,176,88,104,192,88,144,184,40,128,256,128,136,288,152,128,216,88,112,232,120,144,1688,S48a
112,208,96,96,176,80,136,168,32,120,240,120,136,320,184,128,328,200,88,216,128,128,1784,S48a
120,168,48,112,168,56,160,312,152,96,200,104,136,288,152,144,208,64,112,224,112,152,1720,S48a
128,200,72,128,209,81,159,215,56,112,224,112,152,328,176,128,224,96,112,344,232,112,1856,S48a
112,192,80,88,160,72,144,192,48,136,784,648,152,376,224,120,240,120,96,256,160,120,2320,S48a
120,192,72,104,168,64,152,184,32,112,273,161,135,399,264,128,241,113,95,192,97,135,1784,S48a
80,153,73,119,344,225,103,215,112,104,408,304,112,296,184,152,265,113,95,223,128,128,2032,S48a
128,176,48,96,137,41,151,232,81,144,200,56,151,367,216,112,216,104,104,224,120,112,1664,S48a
111,207,96,120,200,80,136,169,33,127,224,97,144,312,168,128,216,88,127,280,153,111,1719,S48a
129,185,56,111,208,97,192,320,128,127,479,352,128,329,201,136,512,376,79,208,129,127,2368,S48a
112,192,80,96,152,56,200,408,208,128,360,232,112,312,200,152,272,120,112,224,112,144,2064,S48a
111,160,49,112,200,88,128,152,24,112,320,208,128,280,152,152,256,104,96,223,127,177,1768,S48a
136,168,32,112,160,48,128,168,40,104,328,224,136,288,152,152,360,208,104,240,136,128,1840,S48a
128,136,8,104,184,80,112,200,88,104,232,128,128,424,296,128,208,80,96,256,160,88,1728,S48a
128,200,72,120,192,72,128,168,40,128,320,192,136,360,224,160,504,344,128,312,184,128,2184,S48a
112,272,160,96,160,64,120,216,96,104,216,112,112,344,232,128,232,104,104,224,120,112,1776,S48a
120,200,80,88,176,88,128,200,72,104,208,104,128,336,208,136,240,104,104,256,152,120,1736,S48a
104,216,112,112,200,88,144,192,48,120,224,104,144,416,272,152,192,40,128,304,176,104,1848,S48a
120,176,56,128,208,80,152,232,80,112,200,88,152,376,224,128,216,88,104,328,224,136,1872,S48a
128,208,80,104,184,80,144,216,72,128,256,128,136,344,208,128,352,224,72,216,144,128,1904,S48a
128,192,64,112,201,89,151,200,49,119,303,184,152,569,417,111,184,73,111,496,385,103,2248,S48a
127,232,105,151,240,89,135,191,56,96,281,185,135,384,249,127,231,104,96,224,128,120,1903,S48a
135,192,57,95,184,89,135,192,57,104,240,136,135,336,201,151,208,57,103,240,137,151,1743,S48a
104,248,144,104,232,128,176,432,256,104,384,280,120,536,416,128,336,208,88,296,208,112,2576,S48a
112,200,88,128,184,56,152,200,48,128,240,112,136,360,224,128,200,72,128,232,104,152,1768,S48a
128,168,40,128,192,64,136,200,64,104,256,152,128,336,208,152,216,64,112,272,160,112,1752,S48a
128,208,80,104,192,88,176,208,32,112,240,128,128,432,304,128,176,48,152,264,112,128,1848,S48a
128,176,48,112,168,56,136,224,88,128,192,64,152,448,296,152,256,104,136,232,96,128,1824,S48a
112,216,104,128,200,72,160,216,56,112,232,120,136,319,183,145,233,88,128,256,128,144,1816,S48a
144,232,88,136,192,56,144,249,105,151,455,304,144,344,200,144,800,656,104,496,392,96,2864,S48a
128,161,33,103,175,72,144,200,56,112,265,153,127,423,296,136,209,73,95,248,153,119,1800,S48a
121,175,54,112,201,89,135,200,65,127,224,97,143,399,256,128,184,56,112,265,153,127,1775,S48a
127,192,65,127,191,64,120,176,56,120,225,105,167,439,272,152,249,97,112,272,160,127,1871,S48a
128,168,40,128,209,81,127,208,81,127,256,129,152,472,320,143,296,153,87,216,129,151,1976,S48a
112,167,55,128,209,81,119,232,113,128,328,200,151,432,281,128,192,64,96,296,200,104,1960,S48a
104,536,432,112,168,56,136,224,88,104,224,120,128,424,296,136,248,112,144,304,160,128,2256,S48a
120,160,40,128,184,56,136,216,80,128,224,96,152,424,272,152,184,32,136,280,144,160,1832,S48a
104,152,48,136,216,80,136,200,64,128,240,112,144,376,232,152,264,112,128,408,280,88,1944,S48a
152,184,32,136,192,56,152,208,56,128,256,128,152,432,280,152,200,48,152,304,152,120,1896,S48a
128,208,80,112,224,112,128,208,80,104,296,192,144,392,248,136,232,96,120,248,128,128,1936,S48a
88,168,80,104,192,88,136,216,80,128,224,96,144,440,296,104,264,160,80,280,200,104,1888,S48a
128,184,56,96,176,80,111,208,97,128,224,96,136,384,248,128,208,80,128,272,144,112,1768,S48a
128,176,48,104,184,80,128,200,72,104,217,113,159,335,176,152,248,96,120,224,104,128,1712,S48a
104,168,64,128,200,72,144,217,73,127,239,112,152,376,224,144,224,80,152,288,136,128,1840,S48a
112,193,81,120,200,80,128,224,96,104,191,87,153,377,224,135,297,162,111,215,104,136,1833,S48a
136,176,40,112,216,104,112,216,104,120,217,97,151,400,249,151,231,80,136,240,104,153,1849,S48a
127,175,48,112,169,57,175,223,48,128,241,113,143,271,128,152,201,49,151,240,89,151,1671,S48a
119,200,81,103,184,81,168,208,40,103,296,193,143,280,137,136,200,64,143,239,96,145,1752,S48a
103,224,121,103,192,89,159,240,81,120,224,104,144,328,184,158,208,50,175,232,57,160,1808,S48a
136,224,88,103,184,81,143,208,65,112,240,128,136,304,168,152,384,232,120,232,112,152,1928,S48a
152,224,72,96,200,104,136,192,56,128,256,128,136,536,400,144,200,56,152,248,96,151,2007,S48a
128,184,56,128,176,48,128,160,32,136,256,120,160,328,168,176,232,56,128,240,112,160,1736,S48a
120,176,56,104,160,56,160,192,32,120,232,112,152,312,160,168,216,48,160,264,104,168,1720,S48a
136,160,24,152,200,48,184,216,32,144,216,72,160,288,128,152,208,56,135,224,89,168,1680,S48a
136,192,56,128,160,32,160,208,48,136,232,96,168,352,184,128,184,56,176,248,72,152,1728,S48a
112,168,56,112,152,40,184,224,40,152,232,80,152,360,208,160,216,56,136,240,104,176,1768,S48a
128,177,49,103,167,64,136,168,32,136,216,80,152,320,168,160,328,168,152,264,112,160,1800,S48a
120,176,56,136,176,40,168,224,56,136,208,72,160,312,152,160,192,32,176,256,80,152,1696,S48a
136,168,32,137,137,0,175,223,48,120,192,72,176,312,136,176,216,40,136,240,104,128,1616,S48a
127,159,32,136,176,40,129,217,88,111,167,56,152,640,488,176,353,177,103,216,113,151,2079,S48a
128,185,57,103,144,41,159,240,81,127,184,57,151,328,177,151,176,25,151,256,105,135,1648,S48a
105,161,56,111,208,97,143,192,49,127,248,121,151,304,153,136,200,64,143,216,73,151,1680,S48a
152,224,72,128,191,63,152,201,49,119,216,97,135,280,145,151,208,57,135,248,113,143,1711,S48a
128,231,103,97,177,80,111,184,73,136,224,88,152,296,144,152,208,56,127,208,81,136,1664,S48a
120,192,72,112,200,88,112,192,80,103,336,233,128,280,152,152,384,232,104,280,176,112,1976,S48a
128,160,32,112,408,296,192,352,160,128,304,176,112,424,312,96,168,72,104,208,104,120,2144,S48a
128,168,40,104,176,72,120,191,71,89,217,128,128,320,192,136,192,56,112,232,120,112,1608,S48a
104,168,64,96,176,80,112,192,80,88,208,120,127,455,328,153,233,80,128,952,824,80,2464,S48a
104,184,80,104,192,88,80,160,80,96,224,128,120,272,152,144,464,320,104,200,96,152,1848,S48a
104,176,72,120,224,104,112,200,88,112,240,128,128,328,200,184,296,112,128,248,120,152,1864,S48a
104,160,56,128,208,80,136,200,64,128,256,128,136,272,136,160,256,96,152,232,80,136,1720,S48a
112,225,113,119,192,73,143,207,64,152,232,80,160,288,128,160,264,104,104,184,80,152,1744,S48a
144,216,72,104,168,64,144,224,80,128,216,88,136,296,160,136,336,200,112,272,160,112,1840,S48a
135,168,33,127,207,80,144,192,48,144,208,64,152,352,200,152,217,65,151,239,88,160,1743,S48a
103,184,81,120,199,79,145,225,80,135,264,129,127,288,161,152,423,271,96,209,113,151,1943,S48a
128,176,48,103,184,81,136,192,56,111,256,145,127,384,257,127,223,96,97,249,152,160,1824,S48a
120,200,80,120,208,88,112,192,80,120,264,144,128,280,152,128,200,72,112,224,112,143,1711,S48a
112,176,64,120,176,56,119,176,57,128,272,144,128,256,128,176,320,144,112,160,48,144,1680,S48a
152,176,24,104,168,64,144,248,104,112,224,112,144,391,247,177,833,656,87,144,57,128,2312,S48a
128,152,24,120,184,64,128,216,88,120,232,112,152,360,208,160,384,224,160,296,136,136,1960,S48a
96,152,56,96,176,80,128,184,56,112,264,152,120,336,216,152,264,112,112,200,88,176,1752,S48a
88,136,48,96,176,80,112,192,80,136,224,88,144,472,328,104,144,40,144,512,368,128,1984,S48a
161,265,104,104,136,32,136,176,40,160,280,120,120,336,216,112,168,56,120,256,136,128,1745,S48a
128,328,200,161,161,0,151,215,64,128,232,104,136,624,488,112,168,56,152,272,120,128,2128,S48a
160,216,56,120,640,520,104,152,48,152,320,168,104,552,448,144,208,64,112,232,120,128,2448,S48a
137,136,-1,120,185,65,127,176,49,111,280,169,135,656,521,103,136,33,103,272,169,143,1984,S48a
112,224,112,112,168,56,120,192,72,128,359,231,136,865,729,176,536,360,104,256,152,104,2704,S48a
128,184,56,104,176,72,136,152,16,127,272,145,120,416,296,112,184,72,112,296,184,112,1792,S48a
88,160,72,112,184,72,136,200,64,104,320,216,120,368,248,120,176,56,96,208,112,112,1728,S48a
120,176,56,104,160,56,128,176,48,104,256,152,136,400,264,104,168,64,96,216,120,112,1664,S48a
72,152,80,88,200,112,144,184,40,128,312,184,128,384,256,136,192,56,96,200,104,128,1752,S48a
112,200,88,88,169,81,103,199,96,96,200,104,136,369,233,127,183,56,104,256,152,152,1728,S48a
128,256,128,104,145,41,128,208,80,127,256,129,135,432,297,135,280,145,95,248,153,111,1936,S48a
111,200,89,103,208,105,111,183,72,113,289,176,135,288,153,135,368,233,80,175,95,129,1840,S48a
135,192,57,119,200,81,127,192,65,112,240,128,151,360,209,143,216,73,104,208,104,135,1743,S48a
128,168,40,95,160,65,128,160,32,111,240,129,136,296,160,152,232,80,112,192,80,136,1584,S48a
137,161,24,104,160,56,128,176,48,112,256,144,136,296,160,152,184,32,112,192,80,136,1561,S48a
128,160,32,128,184,56,160,192,32,104,208,104,159,384,225,136,224,88,128,192,64,160,1704,S48a
128,208,80,80,120,40,160,192,32,104,288,184,136,264,128,152,192,40,112,216,104,128,1608,S48a
112,184,72,88,168,80,128,192,64,128,208,80,136,360,224,128,208,80,112,208,96,151,1679,S48a
128,176,48,96,152,56,128,160,32,128,256,128,128,280,152,144,208,64,136,208,72,136,1576,S48a
120,152,32,106,160,54,136,192,56,144,200,56,160,384,224,152,176,24,128,240,112,152,1656,S48a
128,160,32,80,168,88,120,184,64,112,216,104,128,360,232,136,240,104,72,232,160,120,1680,S48a
113,112,-1,88,640,552,112,136,24,128,256,128,152,392,240,161,161,0,111,239,128,120,2056,S48a
104,184,80,128,152,24,153,152,-1,104,312,208,128,352,224,112,168,56,128,240,112,128,1688,S48a
112,176,64,136,160,24,160,192,32,88,240,152,128,400,272,104,168,64,128,241,113,111,1688,S48a
112,192,80,104,168,64,176,232,56,88,248,160,136,312,176,136,184,48,112,232,120,112,1680,S48a
96,137,41,127,167,40,160,200,40,128,256,128,151,439,288,129,169,40,112,240,128,120,1728,S48a
112,191,79,112,152,40,169,193,24,103,224,121,152,351,199,200,433,233,111,200,89,152,1896,S48a
144,144,0,104,160,56,152,152,0,128,224,96,143,431,288,144,177,33,104,208,104,143,1639,S48a
96,144,48,128,168,40,160,192,32,112,240,128,152,328,176,160,216,56,127,280,153,152,1720,S48a
95,216,121,128,176,48,152,184,32,112,336,224,128,376,248,135,248,113,112,296,184,104,1936,S48a
80,191,111,177,225,48,168,248,80,96,352,256,112,383,271,120,153,33,104,248,144,136,1936,S48a
104,168,64,112,160,48,160,736,576,96,144,48,128,408,280,112,216,104,111,248,137,128,2208,S48a
128,192,64,120,200,80,104,160,56,104,256,152,120,344,224,112,152,40,112,232,120,128,1664,S48a
120,200,80,128,184,56,136,168,32,104,208,104,144,376,232,128,168,40,96,240,144,160,1704,S48a
128,168,40,176,177,1,128,127,-1,144,256,112,152,352,200,128,200,72,96,232,136,128,1640,S48a
112,144,32,121,122,1,175,174,-1,120,272,152,120,288,168,128,208,80,96,216,120,128,1552,S48a
152,160,8,184,176,-8,145,144,-1,104,256,152,136,296,160,160,240,80,136,248,112,152,1672,S48a
104,176,72,96,136,40,128,168,40,104,208,104,136,336,200,152,200,48,128,208,80,144,1576,S48a
96,216,120,128,160,32,185,184,-1,136,241,105,143,399,256,128,256,128,112,256,144,127,1839,S48a
127,159,32,161,161,0,151,199,48,128,256,128,136,392,256,152,169,17,127,231,104,128,1695,S48a
112,169,57,127,208,81,152,183,31,153,240,87,160,553,393,128,231,103,128,193,65,111,1888,S48a
112,208,96,183,216,33,151,208,57,120,208,88,135,360,225,136,232,96,120,176,56,136,1744,S48a
128,136,8,151,192,41,152,184,32,119,223,104,136,489,353,104,232,128,128,208,80,143,1807,S48a
120,168,48,120,160,40,152,168,16,112,248,136,152,328,176,136,192,56,128,232,104,136,1632,S48a
128,160,32,152,153,1,175,175,0,112,280,168,128,271,143,137,241,104,120,184,64,159,1623,S48a
128,160,32,120,136,16,152,192,40,104,248,144,152,360,208,136,216,80,144,192,48,152,1656,S48a
128,184,56,112,128,16,152,168,16,128,272,144,136,312,176,128,232,104,144,216,72,152,1664,S48a
120,144,24,144,145,1,192,191,-1,120,312,192,136,288,152,160,264,104,120,200,80,152,1696,S48a
120,232,112,192,304,112,176,240,64,136,248,112,152,424,272,143,176,33,128,280,152,128,2032,S48a
152,200,48,128,152,24,168,224,56,128,240,112,136,352,216,136,208,72,128,208,80,152,1736,S48a
128,200,72,168,169,1,95,175,80,128,304,176,128,376,248,128,176,48,144,232,88,152,1784,S48a
136,272,136,176,177,1,175,231,56,168,824,656,136,432,296,120,136,16,120,248,128,128,2448,S48a
136,176,40,129,129,0,151,215,64,160,240,80,120,305,185,135,176,41,151,223,72,152,1616,S48a
153,193,40,127,103,-24,184,233,49,151,247,96,136,345,209,175,207,32,176,233,57,175,1736,S48a
160,192,32,143,128,-15,193,192,-1,152,272,120,144,281,137,177,207,30,157,377,220,175,1824,S48a
127,184,57,128,128,0,151,184,33,135,264,129,127,352,225,103,191,88,136,337,201,151,1791,S48a
127,192,65,176,176,0,176,248,72,176,376,200,95,320,225,112,200,88,127,312,185,136,1960,S48a
151,232,81,192,152,-40,192,272,80,175,256,81,159,336,177,136,216,80,144,279,135,137,1880,S48a
143,168,25,112,128,16,199,280,81,152,248,96,168,328,160,128,184,56,152,272,120,152,1760,S48a
136,192,56,136,136,0,200,288,88,152,256,104,136,320,184,160,264,104,120,224,104,128,1808,S48a
136,272,136,112,144,32,224,384,160,127,296,169,136,328,192,136,232,96,112,288,176,96,2040,S48a
120,160,40,112,112,0,184,232,48,136,264,128,128,360,232,136,200,64,128,320,192,120,1768,S48a
88,192,104,112,501,389,107,166,59,117,245,128,111,416,305,103,159,56,105,233,128,128,2040,S48a
112,200,88,111,168,57,152,264,112,128,192,64,128,400,272,128,168,40,136,264,128,136,1792,S48a
112,168,56,104,216,112,152,224,72,152,240,88,152,337,185,127,159,32,152,264,112,152,1760,S48a
136,184,48,177,177,0,167,231,64,136,224,88,144,416,272,128,144,16,136,272,136,136,1784,S48a
128,201,73,79,183,104,136,257,121,119,255,136,128,416,288,129,319,190,105,265,160,128,2024,S48a
128,160,32,121,194,73,142,215,73,152,250,98,158,1014,856,128,233,105,127,263,136,128,2457,S48a
128,160,32,128,177,49,151,256,105,150,255,105,137,544,407,129,152,23,128,297,169,127,1968,S48a
128,128,0,127,184,57,151,232,81,127,231,104,128,417,289,127,352,225,112,319,207,137,2000,S48a
135,120,-15,216,240,24,168,272,104,128,256,128,128,400,272,119,176,57,120,272,152,120,1856,S48a
128,200,72,104,184,80,144,224,80,136,216,80,127,368,241,144,264,120,88,240,152,136,1832,S48a
80,160,80,111,168,57,128,208,80,128,215,87,152,385,233,128,224,96,104,240,136,144,1744,S48a
136,168,32,136,200,64,152,208,56,136,224,88,152,368,216,144,208,64,152,256,104,152,1784,S48a
136,168,32,152,184,32,184,216,32,136,240,104,168,336,168,141,240,99,111,312,201,120,1816,S48a
152,226,74,109,141,32,185,249,64,160,216,56,160,392,232,160,240,80,104,256,152,112,1832,S48a
143,176,33,128,176,48,128,184,56,112,264,152,136,352,216,128,232,104,104,224,120,152,1760,S48a
143,191,48,129,193,64,152,208,56,160,264,104,152,368,216,160,409,249,127,223,96,152,2008,S48a
151,183,32,88,168,80,144,208,64,152,305,153,127,448,321,151,207,56,128,1688,1560,200,3407,S48a
112,216,104,152,336,184,112,192,80,104,200,96,128,337,209,111,528,417,79,216,137,127,2152,S48a
111,168,57,104,199,95,88,201,113,127,248,121,128,383,255,120,201,81,96,232,136,135,1767,S48a
104,160,56,104,192,88,111,168,57,135,240,105,136,336,200,144,208,64,151,280,129,128,1712,S48a
104,232,128,104,183,79,137,169,32,112,232,120,128,431,303,105,193,88,104,352,248,128,1920,S48a
104,168,64,120,200,80,128,168,40,104,280,176,128,384,256,128,192,64,104,176,72,112,1680,S48a
104,224,120,112,216,104,104,160,56,104,312,208,112,368,256,128,208,80,96,296,200,128,1912,S48a
128,215,87,113,193,80,128,192,64,104,472,368,136,560,424,112,184,72,119,232,113,144,2192,S48a
144,208,64,120,208,88,144,200,56,147,263,116,152,449,297,112,287,175,113,249,136,120,1984,S48a
112,144,32,104,176,72,128,168,40,104,256,152,144,440,296,128,208,80,128,200,72,112,1704,S48a
136,200,64,128,201,73,127,159,32,112,248,136,128,416,288,104,281,177,143,240,97,103,1848,S48a
128,264,136,112,777,665,143,880,737,103,624,521,103,479,376,97,888,791,72,160,88,128,4200,S48a
136,257,121,151,152,1,175,240,65,128,224,96,159,560,401,128,168,40,152,423,271,96,2120,S48a
151,224,73,128,175,47,128,185,57,128,256,128,152,440,288,143,536,393,88,200,112,160,2176,S48a
120,168,48,103,184,81,112,176,64,112,240,128,127,344,217,136,184,48,119,224,105,144,1664,S48a
128,176,48,96,128,32,160,200,40,128,256,128,128,568,440,48,136,88,144,296,152,128,1888,S48a
96,177,81,128,200,72,136,192,56,112,649,537,112,481,369,160,648,488,96,448,352,129,2924,S48a
137,136,-1,112,176,64,128,185,57,96,256,160,128,408,280,128,489,361,80,232,152,128,2010,S48a
128,168,40,96,160,64,112,193,81,111,240,129,111,408,297,144,272,128,104,257,153,135,1833,S48a
144,144,0,144,168,24,160,208,48,112,225,113,160,480,320,104,168,64,136,528,392,112,2033,S48a
152,183,31,129,169,40,152,184,32,136,288,152,112,1297,1185,128,152,24,112,249,137,159,2681,S48a
128,168,40,152,184,32,120,168,48,136,248,112,128,472,344,112,152,40,128,1049,921,112,2553,S48a
113,306,193,175,328,153,152,200,48,120,264,144,120,368,248,120,256,136,104,408,304,104,2234,S48a
152,392,240,112,185,73,127,224,97,167,439,272,112,409,297,112,168,56,88,280,192,96,2193,S48a
112,144,32,96,184,88,120,1312,1192,168,704,536,88,409,321,120,160,40,96,280,184,128,3321,S48a
104,136,32,128,1704,1576,104,368,264,80,185,105,103,495,392,128,240,112,112,472,360,112,3712,S48a
129,193,64,96,168,72,136,240,104,136,403,267,125,541,416,152,248,96,96,296,200,152,2241,S48a
88,184,96,88,168,80,112,176,64,136,248,112,128,496,368,128,312,184,104,240,136,128,1952,S48a
120,216,96,104,168,64,128,160,32,128,208,80,128,416,288,152,208,56,80,320,240,136,1832,S48a
120,160,40,88,168,80,112,192,80,112,208,96,128,392,264,128,200,72,80,280,200,104,1704,S48a
120,152,32,88,192,104,112,192,80,136,216,80,152,424,272,136,208,72,112,288,176,112,1784,S48a
112,224,112,104,160,56,144,208,64,128,168,40,136,440,304,144,224,80,104,288,184,112,1824,S48a
112,216,104,80,161,81,127,191,64,128,232,104,128,360,232,144,185,41,127,303,176,104,1752,S48a
135,199,64,128,192,64,128,184,56,144,200,56,152,368,216,160,224,64,112,304,192,132,1803,S48a
112,192,80,113,217,104,151,183,32,144,304,160,136,328,192,152,201,49,127,271,144,128,1824,S48a
111,175,64,128,169,41,159,200,41,151,240,89,160,320,160,143,200,57,143,231,88,120,1655,S48a
87,224,137,104,272,168,127,264,137,127,200,73,160,376,216,111,336,225,112,272,160,136,2080,S48a
88,144,56,119,488,369,111,152,41,128,232,104,136,376,240,160,296,136,104,240,136,135,2063,S48a
137,137,0,120,160,40,128,192,64,152,216,64,160,416,256,152,224,72,112,216,104,160,1721,S48a
136,152,16,128,202,74,150,150,0,144,296,152,168,392,224,152,208,56,144,304,160,112,1816,S48a
104,136,32,136,192,56,160,216,56,104,224,120,152,352,200,128,256,128,96,184,88,160,1720,S48a
112,168,56,96,176,80,120,184,64,112,232,120,152,336,184,152,224,72,104,200,96,152,1672,S48a
112,192,80,176,296,120,112,168,56,120,224,104,152,376,224,136,200,64,128,216,88,136,1808,S48a
104,168,64,112,160,48,120,176,56,128,256,128,152,304,152,152,304,152,128,304,176,128,1800,S48a
104,152,48,128,184,56,168,224,56,128,264,136,152,328,176,120,208,88,128,232,104,152,1744,S48a
120,240,120,112,168,56,160,200,40,144,256,112,128,296,168,144,200,56,128,216,88,152,1728,S48a
120,160,40,112,145,33,167,191,24,152,224,72,168,376,208,176,280,104,112,216,104,128,1720,S48a
128,264,136,88,144,56,128,184,56,152,225,73,191,527,336,145,193,48,128,215,87,152,1904,S48a
153,153,0,119,175,56,120,176,56,152,256,104,176,472,296,64,801,737,103,231,128,112,2376,S48a
103,144,41,104,160,56,135,168,33,103,224,121,151,360,209,136,200,64,119,280,161,111,1647,S48a
127,184,57,87,168,81,103,160,57,120,232,112,144,407,263,153,185,32,127,264,137,151,1751,S48a
119,192,73,111,168,57,144,208,64,128,352,224,136,391,255,128,217,89,136,240,104,136,1904,S48a
127,200,73,96,160,64,120,200,80,112,240,128,152,344,192,136,320,184,96,208,112,160,1832,S48a
128,168,40,104,152,48,128,200,72,104,208,104,136,416,280,152,376,224,96,448,352,112,2080,S48a
120,176,56,96,160,64,112,176,64,120,232,112,144,368,224,120,224,104,104,224,120,144,1704,S48a
128,160,32,128,184,56,136,176,40,120,224,104,168,416,248,128,208,80,112,232,120,128,1728,S48a
136,176,40,104,160,56,160,184,24,120,200,80,160,384,224,152,272,120,120,272,152,128,1776,S48a
128,184,56,104,160,56,136,200,64,120,216,96,136,432,296,152,184,32,112,232,120,152,1760,S48a
128,184,56,104,176,72,104,184,80,152,208,56,176,392,216,136,192,56,104,264,160,128,1728,S48a
136,200,64,112,168,56,152,192,40,152,304,152,136,464,328,128,184,56,152,249,97,135,1896,S48a
152,192,40,136,200,64,152,184,32,128,225,97,151,415,264,136,176,40,136,248,112,160,1800,S48a
129,152,23,120,177,57,127,167,40,128,200,72,160,480,320,137,215,78,136,242,106,151,1784,S48a
136,168,32,95,167,72,120,169,49,128,240,112,143,399,256,160,680,520,161,161,0,167,2151,S48a
128,216,88,183,704,521,111,151,40,153,321,168,103,431,328,104,169,65,127,424,297,95,2511,S48a
128,159,31,128,201,73,120,152,32,112,224,112,135,455,320,137,201,64,128,240,112,136,1768,S48a
120,184,64,128,184,56,144,224,80,128,216,88,136,344,208,136,216,80,176,264,88,152,1784,S48a
128,152,24,104,160,56,136,192,56,144,272,128,144,416,272,152,216,64,128,240,112,168,1816,S48a
152,200,48,104,136,32,168,248,80,136,192,56,168,416,248,128,183,55,155,233,78,152,1760,S48a
104,208,104,112,168,56,144,168,24,120,224,104,160,336,176,152,216,64,143,248,105,136,1704,S48a
128,208,80,96,176,80,128,176,48,136,248,112,176,360,184,160,240,80,120,256,136,144,1808,S48a
128,184,56,120,200,80,112,168,56,128,240,112,152,400,248,128,160,32,144,248,104,144,1744,S48a
168,192,24,120,176,56,128,208,80,128,184,56,160,448,288,144,224,80,144,240,96,160,1832,S48a
136,216,80,104,168,64,135,208,73,128,600,472,128,265,137,143,231,88,112,232,120,152,2072,S48a
137,193,56,103,183,80,112,168,56,128,208,80,160,400,240,152,216,64,128,208,80,152,1728,S48a
176,192,16,112,176,64,144,201,57,127,231,104,152,457,305,143,735,592,104,224,120,144,2360,S48a
128,185,57,103,119,16,160,209,49,127,232,105,175,439,264,128,264,136,104,257,153,151,1856,S48a
129,129,0,104,168,64,111,192,81,103,192,89,159,455,296,105,184,79,112,249,137,127,1696,S48a
127,168,41,119,208,89,128,224,96,127,216,89,167,480,313,127,168,41,128,240,112,135,1839,S48a
152,160,8,96,160,64,135,200,65,128,288,160,152,431,279,161,825,664,127,280,153,120,2464,S48a
144,184,40,128,232,104,144,240,96,112,176,64,152,448,296,176,648,472,128,368,240,120,2416,S48a
160,128,-32,112,224,112,136,503,367,105,177,72,128,464,336,112,192,80,128,272,144,136,2096,S48a
160,192,32,104,184,80,136,216,80,120,216,96,152,400,248,128,184,56,136,320,184,120,1832,S48a
112,152,40,96,176,80,112,192,80,168,744,576,112,392,280,128,208,80,128,256,128,152,2272,S48a
161,160,-1,112,183,71,129,209,80,112,264,152,144,512,368,160,848,688,112,264,152,160,2600,S48a
168,200,32,128,184,56,120,224,104,136,192,56,152,440,288,160,311,151,105,249,144,144,1944,S48a
153,152,-1,88,168,80,128,192,64,128,232,104,128,424,296,136,312,176,128,280,152,159,1919,S48a
153,152,-1,104,200,96,112,168,56,128,328,200,128,496,368,120,192,72,120,256,136,144,1936,S48a
152,192,40,112,209,97,127,208,81,111,183,72,144,704,560,136,232,96,112,240,128,136,2104,S48a
160,160,0,103,200,97,144,1815,1671,184,952,768,88,456,368,104,304,200,128,240,112,112,4239,S48a
113,289,176,88,264,176,104,160,56,128,232,104,128,399,271,89,145,56,127,240,113,112,1841,S48a
80,160,80,96,176,80,88,200,112,96,208,112,128,440,312,128,448,320,112,288,176,120,2040,S48a
128,184,56,104,200,96,104,192,88,104,216,112,136,480,344,136,192,56,128,256,128,128,1848,S48a
137,136,-1,120,224,104,120,256,136,112,176,64,160,432,272,144,176,32,152,272,120,160,1832,S48a
136,176,40,104,192,88,136,192,56,112,216,104,160,432,272,144,192,48,160,240,80,144,1784,S48a
152,184,32,128,192,64,152,256,104,136,240,104,136,392,256,128,232,104,120,240,120,136,1872,S48a
152,200,48,80,160,80,120,200,80,128,200,72,144,552,408,152,232,80,136,216,80,144,1904,S48a
95,151,56,72,152,80,128,209,81,95,232,137,175,935,760,104,161,57,151,215,64,128,2183,S48a
128,160,32,104,192,88,128,209,81,111,407,296,152,496,344,143,513,370,104,255,151,144,2376,S48a
128,161,33,111,216,105,120,224,104,103,216,113,128,423,295,121,281,160,136,272,136,112,1905,S48a
152,184,32,80,176,96,112,176,64,103,208,105,136,407,271,153,281,128,144,312,168,144,1888,S48a
128,488,360,80,152,72,120,208,88,112,200,88,136,480,344,128,576,448,152,392,240,112,2608,S48a
128,168,40,104,200,96,120,224,104,104,256,152,152,415,263,137,217,80,112,256,144,144,1880,S48a
111,143,32,105,209,104,128,224,96,112,216,104,152,464,312,104,160,56,128,232,104,152,1800,S48a
120,200,80,112,184,72,144,232,88,127,200,73,159,448,289,136,176,40,144,304,160,112,1856,S48a
128,152,24,88,192,104,104,215,111,113,192,79,153,473,320,128,160,32,160,280,120,144,1808,S48a
120,160,40,104,192,88,96,200,104,112,216,104,152,376,224,136,456,320,104,240,136,160,2000,S48a
112,200,88,96,200,104,128,208,80,128,432,304,128,592,464,144,352,208,112,344,232,120,2448,S48a
128,136,8,112,192,80,128,216,88,80,1216,1136,-848,-576,272,128,208,80,144,256,112,152,1800,S48a
128,152,24,128,224,96,136,240,104,104,248,144,152,552,400,128,600,472,136,224,88,152,2392,S48a
111,247,136,80,160,80,136,208,72,112,256,144,128,448,320,128,184,56,128,304,176,112,1919,S48a
144,168,24,112,201,89,103,207,104,112,224,112,135,528,393,128,160,32,152,281,129,119,1888,S48a
80,184,104,72,2984,2912,64,200,136,88,944,856,64,536,472,112,352,240,72,248,176,80,5528,S47a
80,232,152,88,200,112,64,280,216,80,408,328,56,384,328,112,408,296,88,432,344,80,2424,S47a
71,271,200,81,289,208,72,304,232,120,472,352,80,664,584,104,432,328,80,256,176,96,2784,S47a
96,264,168,72,184,112,56,264,208,88,296,208,72,280,208,120,408,288,88,296,208,72,2064,S47a
80,320,240,72,240,168,48,248,200,88,416,328,80,440,360,128,384,256,80,256,176,80,2384,S47a
89,329,240,80,208,128,56,200,144,88,304,216,64,464,400,88,360,272,80,288,208,80,2233,S47a
56,232,176,56,176,120,32,288,256,87,433,346,86,342,256,105,425,320,80,368,288,80,2344,S47a
80,224,144,88,208,120,72,320,248,104,504,400,64,264,200,96,448,352,80,304,224,72,2344,S47a
80,216,136,64,152,88,80,232,152,96,464,368,72,224,152,104,456,352,80,248,168,72,2064,S47a
80,256,176,72,192,120,55,200,145,104,304,200,72,232,160,128,368,240,72,360,288,72,1984,S47a
80,256,176,80,216,136,64,200,136,96,312,216,64,232,168,128,776,648,64,552,488,80,2624,S47a
64,232,168,64,320,256,56,264,208,72,272,200,72,192,120,136,352,216,80,184,104,72,1888,S47a
72,232,160,72,168,96,56,208,152,80,256,176,88,216,128,120,336,216,64,208,144,72,1696,S47a
72,216,144,56,144,88,72,208,136,96,440,344,72,616,544,80,440,360,72,224,152,72,2360,S47a
64,272,208,96,248,152,80,304,224,88,400,312,72,224,152,120,800,680,56,280,224,112,2640,S47a
72,272,200,80,216,136,64,248,184,96,432,336,80,216,136,104,432,328,80,256,176,80,2152,S47a
64,256,192,72,184,112,56,224,168,64,320,256,56,208,152,120,416,296,64,240,176,80,1928,S47a
80,216,136,80,184,104,64,288,224,88,296,208,80,184,104,128,352,224,64,168,104,80,1768,S47a
80,224,144,72,200,128,56,232,176,112,336,224,64,176,112,128,304,176,64,216,152,88,1776,S47a
72,312,240,88,192,104,64,216,152,120,360,240,80,208,128,144,344,200,56,184,128,80,1896,S47a
64,240,176,79,200,121,64,224,160,64,448,384,64,144,80,104,2160,2056,64,176,112,80,3672,S47a
96,296,200,88,208,120,64,248,184,112,352,240,80,232,152,120,504,384,80,808,728,88,2736,S47a
64,264,200,80,264,184,72,328,256,80,343,263,89,257,168,136,832,696,64,280,216,80,2648,S47a
88,232,144,88,216,128,56,240,184,104,576,472,56,136,80,144,344,200,72,176,104,72,1992,S47a
80,216,136,80,208,128,48,208,160,80,384,304,64,168,104,136,496,360,64,200,136,88,1968,S47a
72,240,168,80,184,104,64,288,224,80,320,240,80,216,136,128,280,152,80,224,144,80,1832,S47a
72,304,232,88,240,152,72,320,248,80,408,328,80,240,160,128,312,184,72,192,120,80,2096,S47a
72,296,224,88,240,152,56,264,208,104,360,256,64,176,112,152,368,216,56,192,136,64,1960,S47a
80,256,176,72,184,112,56,216,160,112,336,224,80,192,112,160,384,224,72,184,112,79,1831,S47a
88,240,152,88,224,136,64,248,184,120,592,472,64,208,144,128,304,176,72,200,128,88,2104,S47a
80,240,160,72,184,112,64,256,192,64,296,232,72,208,136,136,2928,2792,56,240,184,72,4424,S47a
64,320,256,120,344,224,72,296,224,104,384,280,72,280,208,136,536,400,72,296,224,80,2536,S47a
80,208,128,80,184,104,56,408,352,80,1016,936,64,176,112,112,416,304,87,192,105,72,2672,S47a
72,184,112,64,152,88,56,176,120,104,312,208,80,224,144,152,280,128,80,208,128,80,1616,S47a
88,264,176,72,184,112,72,224,152,104,368,264,64,184,120,152,304,152,64,472,408,88,2088,S47a
64,240,176,88,216,128,48,208,160,96,344,248,80,216,136,136,304,168,72,200,128,80,1808,S47a
80,248,168,104,1472,1368,56,160,104,96,664,568,48,168,120,136,288,152,80,168,88,88,3256,S47a
80,216,136,72,232,160,72,248,176,80,312,232,80,200,120,152,328,176,56,168,112,80,1784,S47a
72,240,168,80,207,127,49,201,152,112,280,168,80,224,144,136,264,128,56,176,120,88,1680,S47a
56,184,128,96,224,128,27,664,637,64,816,752,64,168,104,144,304,160,64,896,832,88,3344,S47a
96,248,152,72,192,120,65,241,176,112,272,160,80,216,136,152,328,176,80,288,208,104,1889,S47a
88,256,168,152,664,512,72,224,152,112,384,272,64,232,168,136,695,559,73,417,344,80,2952,S47a
79,256,177,72,176,104,64,192,128,111,296,185,88,216,128,144,320,176,72,192,120,80,1728,S47a
80,240,160,96,256,160,80,272,192,80,320,240,64,176,112,144,343,199,65,193,128,72,1872,S47a
80,232,152,96,2584,2488,64,184,120,104,616,512,48,152,104,144,496,352,72,280,208,80,4624,S47a
89,193,104,72,160,88,56,208,152,104,296,192,88,208,120,152,696,544,72,184,112,88,2033,S47a
64,232,168,104,912,808,56,168,112,111,560,449,56,176,120,136,296,160,72,184,112,80,2608,S47a
79,256,177,88,224,136,71,248,177,104,280,176,72,224,152,144,416,272,88,296,208,80,2024,S47a
104,232,128,96,216,120,80,240,160,120,2616,2496,80,312,232,120,480,360,72,247,175,73,4416,S47a
80,232,152,80,200,120,80,296,216,112,320,208,112,256,144,160,616,456,72,232,160,88,2240,S47a
80,240,160,152,1000,848,72,200,128,87,272,185,72,176,104,136,328,192,72,280,208,79,2575,S47a
88,288,200,112,288,176,64,208,144,104,288,184,88,216,128,136,296,160,64,200,136,72,1856,S47a
80,288,208,104,248,144,72,288,216,96,288,192,80,248,168,128,256,128,80,176,96,104,1896,S47a
80,216,136,88,208,120,72,232,160,103,328,225,64,216,152,128,384,256,64,216,152,88,1888,S47a
80,232,152,88,240,152,96,232,136,104,256,152,79,232,153,136,296,160,72,184,112,88,1760,S47a
104,256,152,72,368,296,88,232,144,104,296,192,80,232,152,128,280,152,104,224,120,88,1976,S47a
88,207,119,89,1233,1144,72,256,184,104,648,544,64,192,128,128,256,128,64,192,128,80,3064,S47a
64,248,184,96,200,104,80,257,177,103,215,112,88,232,144,144,304,160,96,224,128,80,1760,S47a
80,288,208,112,312,200,56,264,208,88,256,168,88,216,128,144,296,152,72,200,128,80,1912,S47a
64,176,112,72,168,96,64,184,120,104,232,128,87,328,241,128,280,152,96,216,120,80,1664,S47a
64,176,112,88,200,112,64,216,152,80,264,184,80,208,128,128,280,152,72,528,456,80,1952,S47a
80,184,104,72,168,96,64,176,112,120,1120,1000,48,224,176,112,1056,944,48,208,160,80,3216,S47a
64,240,176,96,200,104,56,248,192,112,432,320,64,200,136,144,328,184,64,208,144,80,1936,S47a
88,224,136,120,752,632,72,200,128,96,584,488,56,152,96,136,368,232,64,200,136,72,2552,S47a
96,200,104,72,192,120,56,184,128,112,296,184,80,224,144,152,512,360,72,224,152,88,1920,S47a
88,320,232,104,568,464,56,264,208,104,496,392,64,192,128,136,464,328,72,240,168,80,2624,S47a
79,215,136,80,240,160,56,224,168,112,360,248,72,248,176,128,1424,1296,56,192,136,72,2975,S47a
104,232,128,112,240,128,80,256,176,128,304,176,80,216,136,152,320,168,64,160,96,88,1816,S47a
56,200,144,80,192,112,72,231,159,136,344,208,81,233,152,144,664,520,72,1352,1280,80,3296,S47a
112,272,160,104,288,184,72,232,160,104,1776,1672,72,968,896,112,432,320,55,280,225,72,4320,S47a
104,216,112,80,184,104,64,208,144,128,288,160,88,264,176,144,296,152,72,192,120,88,1736,S47a
112,240,128,112,375,263,73,273,200,96,304,208,64,216,152,152,312,160,72,200,128,72,1992,S47a
80,272,192,88,240,152,56,264,208,104,288,184,64,224,160,136,288,152,80,176,96,88,1840,S47a
80,304,224,80,216,136,64,288,224,111,288,177,64,216,152,128,312,184,71,200,129,104,1928,S47a
80,288,208,95,248,153,48,240,192,128,368,240,72,224,152,144,504,360,72,232,160,104,2208,S47a
80,248,168,80,200,120,96,304,208,128,304,176,80,312,232,128,320,192,56,240,184,104,2032,S47a
80,272,192,112,280,168,79,281,202,127,487,360,72,256,184,136,368,232,80,248,168,80,2272,S47a
80,256,176,127,992,865,56,240,184,112,368,256,56,1104,1048,104,384,280,88,240,152,104,3688,S47a
80,296,216,112,280,168,80,304,224,152,415,263,89,313,224,88,592,504,80,240,160,64,2504,S47a
81,273,192,88,312,224,72,288,216,96,328,232,96,303,207,113,1841,1728,88,808,720,96,4249,S47a
81,281,200,88,200,112,64,320,256,112,304,192,80,648,568,112,360,248,88,448,360,104,2665,S47a
104,288,184,80,192,112,80,224,144,104,312,208,96,224,128,144,352,208,15,296,281,80,1968,S47a
104,448,344,112,464,352,56,224,168,120,320,200,72,280,208,144,288,144,64,224,160,88,2336,S47a
96,280,184,104,704,600,80,304,224,112,608,496,56,184,128,136,384,248,72,224,152,72,2760,S47a
88,288,200,104,281,177,63,239,176,80,264,184,72,232,160,128,352,224,64,208,144,80,1944,S47a
80,232,152,88,208,120,80,257,177,111,279,168,80,256,176,136,408,272,80,216,136,88,1944,S47a
88,216,128,122,304,182,104,256,152,136,384,248,72,185,113,135,287,152,72,248,176,96,1976,S47a
104,273,169,87,199,112,80,248,168,128,304,176,72,272,200,136,288,152,72,185,113,87,1856,S47a
56,208,152,88,200,112,80,240,160,104,256,152,80,241,161,127,295,168,72,200,128,112,1752,S47a
104,240,136,88,192,104,88,216,128,120,248,128,80,288,208,128,336,208,80,287,207,80,1887,S47a
72,232,160,88,192,104,64,192,128,136,848,712,80,192,112,128,336,208,88,232,144,88,2312,S47a
80,216,136,72,160,88,72,184,112,112,240,128,80,232,152,128,288,160,80,248,168,104,1672,S47a
105,232,127,88,184,96,80,192,112,120,224,104,64,304,240,104,296,192,80,376,296,88,1896,S47a
104,208,104,80,176,96,72,201,129,111,247,136,80,192,112,136,264,128,72,176,104,88,1552,S47a
80,176,96,80,168,88,72,168,96,112,304,192,64,208,144,136,512,376,88,176,88,88,1800,S47a
88,192,104,64,160,96,64,176,112,112,240,128,96,224,128,152,376,224,64,216,152,80,1664,S47a
96,200,104,56,144,88,72,176,104,88,264,176,80,256,176,88,456,368,72,992,920,80,2568,S47a
88,168,80,80,160,80,72,160,88,104,367,263,89,225,136,136,376,240,88,200,112,110,1766,S47a
96,200,104,80,168,88,80,192,112,112,248,136,96,264,168,120,248,128,80,184,104,88,1592,S47a
88,168,80,72,160,88,64,152,88,112,288,176,96,1704,1608,88,608,520,72,208,136,80,3368,S47a
104,216,112,96,184,88,64,200,136,104,240,136,80,232,152,128,1792,1664,88,312,224,72,3248,S47a
104,209,105,95,199,104,72,224,152,112,272,160,80,240,160,152,433,281,79,248,169,95,1920,S47a
95,223,128,80,160,80,72,208,136,104,232,128,80,256,176,128,280,152,88,240,152,88,1687,S47a
84,237,153,79,888,809,79,168,89,96,760,664,64,216,152,79,464,385,63,343,280,64,3140,S47a
87,168,81,79,160,81,72,199,127,80,249,169,63,192,129,127,263,136,72,176,104,80,1487,S47a
72,152,80,80,152,72,72,168,96,96,223,127,72,201,129,127,248,121,79,167,88,80,1391,S47a
80,152,72,79,168,89,64,200,136,103,248,145,63,168,105,127,280,153,63,175,112,80,1471,S47a
72,184,112,80,160,80,72,199,127,105,201,96,72,224,152,120,248,128,56,152,96,79,1447,S47a
79,175,96,72,160,88,64,193,129,87,223,136,72,264,192,120,192,72,72,160,88,80,1447,S47a
64,176,112,80,160,80,64,184,120,88,224,136,64,200,136,111,344,233,95,207,112,80,1575,S47a
88,152,64,80,160,80,64,184,120,104,232,128,72,208,136,128,264,136,72,176,104,88,1464,S47a
80,160,80,72,152,80,64,176,112,103,216,113,79,183,104,128,265,137,72,184,112,103,1439,S47a
88,209,121,79,168,89,79,231,152,112,248,136,72,216,144,112,256,144,72,160,88,80,1568,S47a
72,177,105,71,152,81,55,176,121,103,232,129,55,207,152,128,240,112,64,160,96,88,1432,S47a
72,152,80,64,160,96,72,184,112,104,216,112,88,208,120,128,232,104,72,144,72,96,1392,S47a
96,184,88,80,168,88,64,208,144,104,352,248,64,152,88,80,336,256,64,208,144,111,1719,S47a
80,168,88,80,160,80,56,167,111,88,208,120,80,209,129,119,256,137,63,159,96,80,1407,S47a
80,169,89,79,151,72,72,176,104,96,200,104,72,184,112,120,272,152,48,152,104,96,1400,S47a
88,168,80,64,144,80,80,160,80,104,216,112,64,256,192,120,232,112,72,176,104,80,1432,S47a
80,168,88,72,144,72,80,200,120,80,192,112,72,208,136,128,336,208,64,200,136,88,1536,S47a
88,192,104,64,144,80,64,176,112,104,200,96,64,248,184,128,232,104,64,152,88,96,1440,S47a
104,176,72,88,160,72,56,160,104,104,200,96,80,219,139,125,229,104,64,152,88,88,1384,S47a
80,152,72,72,152,80,56,144,88,96,216,120,72,200,128,128,832,704,64,192,128,72,1960,S47a
88,160,72,71,151,80,56,160,104,80,224,144,97,233,136,127,216,89,63,176,113,79,1399,S47a
72,135,63,72,153,81,79,168,89,103,200,97,104,239,135,129,257,128,63,160,97,103,1415,S47a
88,168,80,64,161,97,55,151,96,96,217,121,79,232,153,119,200,81,55,160,105,78,1367,S47a
80,136,56,64,152,88,64,152,88,96,208,112,80,224,144,128,216,88,64,160,96,80,1328,S47a
70,151,81,80,152,72,80,184,104,80,184,104,64,208,144,128,208,80,64,144,80,80,1311,S47a
80,160,80,64,136,72,64,160,96,80,184,104,72,184,112,127,248,121,64,152,88,80,1304,S47a
88,160,72,64,136,72,64,160,96,96,200,104,72,200,128,128,233,105,63,143,80,72,1304,S47a
88,160,72,64,136,72,72,152,80,103,208,105,88,240,152,136,272,136,64,1296,1232,80,2544,S47a
80,176,96,87,168,81,80,200,120,120,224,104,72,216,144,136,224,88,64,144,80,88,1440,S47a
80,168,88,80,160,80,80,176,96,104,208,104,80,224,144,128,240,112,64,160,96,79,1415,S47a
72,167,95,73,161,88,79,176,97,96,208,112,72,200,128,136,240,104,64,152,88,80,1384,S47a
80,167,87,73,161,88,80,192,112,103,208,105,72,240,168,136,240,104,64,144,80,96,1448,S47a
81,161,80,72,175,103,81,161,80,103,224,121,80,232,152,136,240,104,56,144,88,79,1416,S47a
80,175,95,72,153,81,64,184,120,104,304,200,56,168,112,80,768,688,56,192,136,80,2024,S47a
80,136,56,81,161,80,64,168,104,96,200,104,71,208,137,127,255,128,57,161,104,80,1369,S47a
79,176,97,80,280,200,72,176,104,96,192,96,80,216,136,127,248,121,64,144,80,96,1528,S47a
96,176,80,80,184,104,80,168,88,96,200,104,80,184,104,136,263,127,65,145,80,104,1424,S47a
96,160,64,88,152,64,71,152,81,104,184,80,88,192,104,128,232,104,56,144,88,80,1296,S47a
72,144,72,71,136,65,71,152,81,88,224,136,95,208,113,128,328,200,64,152,88,87,1431,S47a
79,152,73,80,144,64,72,144,72,128,200,72,80,192,112,136,248,112,64,536,472,80,1696,S47a
79,160,81,72,144,72,64,160,96,95,184,89,72,192,120,120,208,88,64,160,96,79,1287,S47a
56,135,79,73,153,80,64,160,96,87,176,89,80,191,111,113,217,104,64,144,80,72,1248,S47a
80,144,64,79,152,73,80,144,64,104,192,88,71,176,105,128,232,104,55,143,88,81,1264,S47a
71,128,57,72,144,72,71,135,64,105,185,80,80,200,120,103,375,272,80,233,153,80,1480,S47a
88,160,72,80,152,72,56,136,80,103,216,113,64,192,128,119,224,105,56,144,88,96,1320,S47a
71,136,65,64,152,88,56,144,88,112,200,88,80,176,96,128,240,112,64,160,96,88,1296,S47a
96,144,48,80,160,80,56,152,96,95,640,545,55,136,81,104,848,744,39,191,152,80,2351,S47a
79,152,73,79,152,73,63,152,89,80,184,104,72,208,136,128,224,96,63,151,88,97,1320,S47a
80,136,56,71,152,81,72,160,88,80,175,95,81,177,96,120,240,120,56,120,64,87,1247,S47a
63,152,89,71,136,65,71,136,65,103,184,81,71,224,153,128,184,56,55,136,81,80,1232,S47a
80,192,112,80,168,88,72,184,112,103,216,113,64,192,128,120,248,128,55,128,73,103,1431,S47a
95,160,65,79,152,73,63,152,89,119,208,89,79,184,105,136,248,112,55,392,337,80,1576,S47a
103,208,105,71,152,81,79,176,97,120,208,88,71,216,145,128,239,111,64,153,89,104,1456,S47a
87,168,81,79,168,89,71,176,105,112,216,104,71,184,113,120,240,120,63,136,73,103,1391,S47a
79,176,97,71,160,89,79,152,73,103,192,89,64,216,152,64,1608,1544,55,168,113,103,2775,S47a
95,200,105,79,168,89,71,160,89,95,216,121,63,192,129,128,231,103,56,145,89,95,1407,S47a
80,201,121,79,176,97,63,151,88,104,233,129,55,192,137,128,264,136,64,136,72,79,1432,S47a
63,168,105,71,151,80,64,152,88,88,201,113,80,208,128,128,248,120,63,128,65,87,1343,S47a
80,177,97,79,167,88,81,167,86,105,232,127,73,185,112,136,241,105,55,134,79,98,1401,S47a
72,167,95,81,152,71,79,143,64,105,209,104,56,217,161,128,232,104,63,144,81,71,1335,S47a
80,168,88,87,152,65,63,143,80,89,193,104,63,208,145,127,256,129,72,151,79,88,1359,S47a
80,153,73,71,151,80,64,144,80,71,200,129,64,176,112,119,232,113,63,143,80,104,1303,S47a
80,168,88,79,151,72,63,151,88,97,209,112,65,232,167,128,225,97,71,152,81,79,1367,S47a
88,167,79,81,185,104,81,664,583,88,593,505,63,136,73,135,295,160,64,144,80,80,2264,S47a
79,152,73,71,152,81,71,152,81,103,216,113,63,192,129,127,224,97,55,135,80,80,1303,S47a
65,160,95,80,152,72,79,145,66,103,200,97,79,207,128,120,208,88,56,145,89,87,1304,S47a
87,183,96,81,168,87,64,137,73,104,263,159,56,225,169,119,208,89,71,167,96,103,1454,S47a
80,184,104,56,144,88,56,161,105,95,199,104,72,201,129,137,615,478,80,248,168,88,1840,S47a
104,240,136,79,168,89,63,160,97,103,247,144,80,201,121,127,768,641,55,183,128,80,2047,S47a
72,160,88,88,168,80,80,193,113,87,216,129,79,192,113,119,248,129,63,152,89,79,1408,S47a
80,169,89,79,159,80,64,153,89,87,207,120,80,192,112,121,248,127,48,136,88,88,1352,S47a
63,143,80,80,183,103,73,209,136,96,224,128,64,192,128,120,440,320,64,128,64,88,1607,S47a
88,176,88,88,184,96,64,144,80,97,240,143,64,200,136,136,241,105,55,167,112,96,1448,S47a
87,183,96,80,168,88,72,168,96,112,216,104,64,193,129,127,255,128,56,144,88,80,1407,S47a
71,152,81,80,168,88,80,176,96,96,209,113,63,247,184,128,248,120,72,145,73,87,1432,S47a
79,199,120,72,176,104,72,160,88,88,240,152,80,193,113,119,295,176,56,136,80,80,1479,S47a
73,176,103,64,152,88,72,161,89,87,223,136,65,193,128,111,287,176,64,288,224,80,1560,S47a
87,167,80,80,168,88,72,152,80,104,240,136,72,200,128,104,528,424,72,976,904,88,2519,S47a
79,199,120,72,168,96,72,160,88,88,232,144,72,216,144,112,216,104,72,184,112,96,1471,S47a
80,176,96,80,168,88,72,160,88,104,224,120,80,192,112,128,247,119,72,176,104,104,1447,S47a
80,176,96,80,160,80,72,168,96,88,192,104,72,176,104,128,248,120,64,144,80,88,1352,S47a
79,143,64,72,160,88,64,144,80,88,208,120,72,184,112,128,280,152,56,136,80,88,1343,S47a
72,160,88,64,152,88,72,160,88,88,192,104,72,192,120,120,224,104,64,144,80,88,1312,S47a
80,168,88,80,160,80,56,128,72,88,200,112,80,184,104,128,208,80,64,153,89,95,1296,S47a
80,144,64,80,152,72,64,143,79,97,201,104,80,200,120,112,232,120,56,184,128,112,1368,S47a
80,208,128,80,176,96,56,144,88,104,232,128,80,168,88,112,232,120,80,184,104,112,1456,S47a
80,152,72,80,160,80,64,144,80,88,216,128,96,200,104,128,280,152,72,176,104,88,1416,S47a
80,176,96,72,176,104,56,152,96,80,192,112,80,208,128,112,248,136,64,177,113,95,1424,S47a
80,176,96,80,168,88,72,200,128,72,176,104,72,208,136,112,232,120,64,160,96,88,1408,S47a
80,160,80,80,152,72,72,152,80,80,224,144,80,208,128,136,304,168,72,200,128,80,1480,S47a
88,216,128,96,224,128,88,696,608,104,664,560,56,168,112,144,704,560,56,160,104,80,2912,S47a
80,192,112,104,248,144,72,272,200,88,264,176,56,200,144,128,288,160,72,184,112,88,1736,S47a
88,192,104,88,168,80,80,200,120,96,224,128,80,224,144,136,608,472,56,200,144,88,1904,S47a
96,208,112,80,184,104,56,192,136,104,240,136,72,256,184,128,264,136,72,232,160,80,1656,S47a
80,248,168,80,232,152,48,304,256,96,256,160,80,232,152,128,1352,1224,56,216,160,64,2904,S47a
96,200,104,88,208,120,80,208,128,120,256,136,80,232,152,144,944,800,64,192,128,72,2312,S47a
79,159,80,80,184,104,64,152,88,104,232,128,80,240,160,128,336,208,64,176,112,88,1567,S47a
80,192,112,80,176,96,64,200,136,104,208,104,80,208,128,136,272,136,56,168,112,96,1520,S47a
80,184,104,80,160,80,72,208,136,112,208,96,72,312,240,112,224,112,71,176,105,88,1560,S47a
88,192,104,80,184,104,79,200,121,80,208,128,72,208,136,120,568,448,80,360,280,88,2008,S47a
105,249,144,88,168,80,80,216,136,104,192,88,88,256,168,136,296,160,64,224,160,80,1681,S47a
90,218,128,72,288,216,88,216,128,104,544,440,56,208,152,88,616,528,72,272,200,72,2434,S47a
64,152,88,64,176,112,56,136,80,88,10254,10166,56,217,161,79,599,520,56,240,184,80,11854,S47a
80,200,120,64,128,64,64,168,104,96,208,112,72,248,176,104,304,200,56,416,360,96,1768,S47a
96,208,112,72,176,104,56,144,88,96,256,160,72,256,184,112,496,384,56,495,439,88,2119,S47a
88,192,104,72,168,96,72,152,80,104,256,152,64,288,224,104,240,136,72,360,288,72,1728,S47a
88,168,80,64,152,88,64,152,88,80,216,136,64,256,192,96,248,152,80,256,176,80,1528,S47a
88,192,104,72,152,80,72,184,112,63,320,257,88,280,192,103,320,217,63,208,145,47,1703,S47a
79,151,72,64,160,96,56,136,80,104,224,120,72,256,184,88,192,104,80,208,128,80,1407,S47a
80,160,80,72,168,96,56,144,88,72,248,176,72,200,128,120,824,704,72,304,232,96,2144,S47a
104,200,96,48,168,120,56,192,136,87,240,153,64,328,264,111,528,417,80,240,160,63,1959,S47a
80,193,113,63,159,96,64,200,136,88,233,145,63,247,184,104,264,160,64,224,160,72,1592,S47a
96,232,136,72,192,120,64,160,96,104,552,448,64,168,104,112,320,208,72,200,128,64,1888,S47a
56,192,136,64,152,88,64,136,72,72,216,144,72,216,144,112,312,200,64,248,184,55,1527,S47a
71,184,113,55,144,89,63,160,97,71,247,176,72,240,168,112,257,145,71,175,104,64,1471,S47a
56,240,184,64,176,112,72,224,152,96,320,224,80,216,136,88,336,248,64,216,152,55,1783,S47a
57,185,128,71,160,89,63,168,105,71,223,152,64,225,161,87,272,185,63,183,120,64,1480,S47a
88,240,152,56,192,136,88,232,144,80,208,128,80,256,176,72,296,224,56,160,104,64,1648,S47a
80,200,120,72,160,88,64,160,96,72,232,160,80,248,168,104,296,192,64,248,184,64,1608,S47a
72,216,144,71,175,104,64,177,113,63,216,153,80,215,135,104,297,193,55,191,136,48,1535,S47a
64,192,128,64,168,104,56,144,88,64,224,160,72,232,160,80,248,168,-936,160,1096,64,1432,S47a
64,168,104,64,168,104,64,128,64,72,224,152,72,272,200,80,192,112,64,168,104,48,1368,S47a
72,192,120,64,160,96,56,152,96,64,232,168,72,248,176,96,208,112,72,160,88,63,1415,S47a
87,240,153,39,135,96,64,152,88,72,192,120,80,240,160,80,192,112,64,168,104,56,1375,S47a
64,160,96,64,168,104,56,144,88,64,208,144,80,184,104,88,224,136,48,128,80,64,1280,S47a
64,184,120,56,160,104,48,120,72,64,224,160,64,208,144,80,200,120,64,160,96,47,1303,S47a
64,168,104,72,168,96,47,96,49,48,216,168,71,208,137,111,192,81,71,175,104,72,1295,S47a
72,201,129,63,143,80,64,152,88,64,248,184,48,209,161,87,239,152,72,208,136,56,1456,S47a
72,192,120,48,168,120,56,144,88,64,192,128,72,200,128,64,192,128,64,152,88,48,1288,S47a
64,168,104,56,152,96,64,128,64,56,192,136,88,224,136,96,216,120,56,144,88,48,1272,S47a
72,184,112,48,144,96,56,160,104,48,752,704,71,623,552,48,304,256,72,336,264,48,2551,S47a
80,232,152,64,168,104,56,160,104,64,216,152,64,232,168,64,232,168,64,168,104,56,1464,S47a
64,176,112,64,160,96,48,128,80,64,224,160,64,248,184,88,232,144,64,176,112,56,1400,S47a
64,200,136,32,136,104,47,136,89,47,232,185,71,207,136,88,289,201,63,160,97,55,1415,S47a
88,248,160,56,160,104,56,136,80,64,208,144,64,232,168,104,200,96,64,184,120,56,1424,S47a
72,192,120,64,160,96,56,136,80,64,240,176,64,200,136,104,272,168,64,192,128,40,1432,S47a
72,216,144,64,167,103,56,128,72,72,232,160,48,185,137,96,232,136,63,128,65,71,1359,S47a
63,184,121,63,175,112,64,136,72,56,208,152,56,240,184,80,216,136,64,152,88,72,1383,S47a
64,168,104,64,168,104,56,120,64,64,200,136,72,232,160,80,192,112,72,176,104,56,1312,S47a
80,184,104,40,144,104,56,144,88,56,776,720,72,224,152,80,336,256,64,200,136,40,2048,S47a
56,183,127,56,185,129,39,135,96,48,1096,1048,64,160,96,88,496,408,72,544,472,80,2879,S47a
64,200,136,56,144,88,64,144,80,56,232,176,64,192,128,88,256,168,56,152,96,56,1376,S47a
48,240,192,112,224,112,40,120,80,80,200,120,72,256,184,88,216,128,64,184,120,55,1495,S47a
80,208,128,55,152,97,47,120,73,63,207,144,64,192,128,88,232,144,64,136,72,64,1311,S47a
56,168,112,48,152,104,40,104,64,48,240,192,72,224,152,88,184,96,64,192,128,72,1336,S47a
80,288,208,112,264,152,64,152,88,64,288,224,56,200,144,96,432,336,80,168,88,56,1848,S47a
72,272,200,64,184,120,72,168,96,72,232,160,64,288,224,87,215,128,73,177,104,72,1608,S47a
80,225,145,71,159,88,64,144,80,64,208,144,64,224,160,88,208,120,64,144,80,64,1376,S47a
56,160,104,72,152,80,64,120,56,48,184,136,64,208,144,72,208,136,56,128,72,56,1216,S47a
72,176,104,64,144,80,64,104,40,64,232,168,64,208,144,80,200,120,64,136,72,55,1255,S47a
64,160,96,72,168,96,55,96,41,55,208,153,71,224,153,95,199,104,56,184,128,64,1303,S47a
72,200,128,56,160,104,64,144,80,64,224,160,48,216,168,80,208,128,56,152,96,56,1360,S47a
64,176,112,72,168,96,56,128,72,56,200,144,72,224,152,80,176,96,64,136,72,72,1280,S47a
88,200,112,72,176,104,56,136,80,64,256,192,39,208,169,80,224,144,64,160,96,64,1424,S47a
48,167,119,57,161,104,63,127,64,72,225,153,47,256,209,95,184,89,63,151,88,56,1327,S47a
64,232,168,48,160,112,56,136,80,56,184,128,72,216,144,88,216,128,56,136,80,64,1344,S47a
64,168,104,64,168,104,64,144,80,40,224,184,72,208,136,72,208,136,56,160,104,40,1320,S47a
64,184,120,64,160,96,64,144,80,64,208,144,64,200,136,80,224,144,64,144,80,63,1327,S47a
71,1079,1008,64,257,193,87,272,185,79,671,592,64,536,472,72,240,168,56,304,248,80,3439,S47a
72,184,112,72,176,104,56,120,64,64,248,184,80,304,224,96,224,128,72,184,112,64,1504,S47a
80,176,96,56,152,96,64,136,72,56,240,184,64,248,184,72,192,120,64,160,96,71,1375,S47a
80,207,127,56,144,88,48,136,88,56,208,152,64,241,177,71,183,112,56,128,72,56,1303,S47a
64,208,144,64,160,96,48,128,80,48,200,152,56,232,176,56,168,112,56,144,88,48,1288,S47a
72,184,112,64,168,104,56,128,72,56,240,184,64,240,176,40,776,736,64,208,144,56,2000,S47a
80,176,96,72,288,216,63,152,89,55,215,160,64,208,144,72,249,177,63,160,97,55,1503,S47a
64,200,136,56,168,112,56,160,104,48,200,152,56,200,144,104,224,120,64,152,88,56,1360,S47a
72,200,128,72,168,96,64,128,64,56,208,152,72,208,136,80,240,160,56,184,128,64,1400,S47a
64,184,120,72,200,128,48,112,64,56,240,184,72,208,136,72,280,208,96,216,120,72,1512,S47a
64,177,113,71,167,96,56,120,64,64,224,160,72,185,113,103,247,144,80,200,120,64,1384,S47a
56,184,128,64,152,88,64,160,96,56,232,176,72,240,168,56,216,160,64,160,96,64,1408,S47a
64,208,144,48,152,104,56,128,72,64,216,152,72,256,184,104,200,96,64,192,128,72,1424,S47a
56,184,128,64,176,112,64,152,88,63,256,193,79,231,152,96,233,137,71,168,97,63,1463,S47a
72,208,136,64,152,88,64,144,80,56,216,160,72,248,176,72,192,120,56,136,80,72,1368,S47a
64,200,136,56,168,112,48,112,64,56,240,184,64,184,120,104,224,120,64,160,96,63,1351,S47a
56,224,168,64,184,120,56,160,104,64,248,184,63,248,185,80,248,168,64,224,160,72,1608,S47a
63,184,121,55,143,88,64,145,81,55,215,160,72,216,144,88,216,128,64,152,88,56,1327,S47a
64,200,136,64,168,104,64,144,80,56,216,160,80,224,144,88,200,112,64,160,96,72,1384,S47a
72,192,120,64,160,96,48,128,80,56,216,160,72,248,176,64,200,136,56,144,88,63,1351,S47a
48,184,136,64,184,120,56,136,80,48,240,192,56,232,176,72,1208,1136,56,272,216,56,2512,S47a
64,208,144,48,224,176,56,312,256,64,232,168,64,288,224,64,1096,1032,63,343,280,72,2775,S47a
56,184,128,72,192,120,64,592,528,64,744,680,72,312,240,80,248,168,32,352,320,56,2680,S47a
80,224,144,72,168,96,56,160,104,64,216,152,72,240,168,88,248,160,72,200,128,72,1528,S47a
24,264,240,88,208,120,56,176,120,64,208,144,72,216,144,96,584,488,64,264,200,64,1984,S47a
63,207,144,64,168,104,48,144,96,48,200,152,48,224,176,88,200,112,72,168,96,64,1375,S47a
64,176,112,72,168,96,40,112,72,64,216,152,72,264,192,80,512,432,88,200,112,64,1712,S47a
56,176,120,64,192,128,56,192,136,72,216,144,80,240,160,80,232,152,88,200,112,64,1512,S47a
63,224,161,63,167,104,56,177,121,55,887,832,72,248,176,72,416,344,64,344,280,64,2527,S47a
72,176,104,72,160,88,64,144,80,56,248,192,80,256,176,96,224,128,80,200,120,56,1464,S47a
56,200,144,64,160,96,64,168,104,64,232,168,72,248,176,72,208,136,72,768,696,63,2047,S47a
63,192,129,79,183,104,56,192,136,64,216,152,72,240,168,88,304,216,72,272,200,64,1663,S47a
64,192,128,64,168,104,48,152,104,56,208,152,72,248,176,112,1000,888,64,264,200,56,2288,S47a
71,208,137,64,176,112,64,176,112,47,176,129,64,312,248,63,208,145,63,160,97,63,1479,S47a
64,216,152,56,176,120,48,144,96,56,224,168,64,248,184,72,208,136,64,152,88,72,1440,S47a
64,216,152,56,184,128,48,144,96,56,208,152,64,248,184,96,256,160,64,736,672,48,2040,S47a
32,184,152,64,160,96,55,176,121,64,192,128,72,232,160,95,304,209,79,264,185,71,1583,S47a
72,184,112,80,192,112,40,136,96,64,200,136,72,224,152,104,216,112,72,160,88,64,1376,S47a
72,176,104,56,160,104,56,152,96,56,168,112,88,248,160,88,208,120,64,176,112,64,1352,S47a
80,176,96,64,160,96,64,168,104,64,200,136,72,224,152,96,208,112,72,192,120,63,1391,S47a
63,175,112,80,168,88,56,129,73,55,199,144,80,201,121,103,199,96,64,176,112,72,1319,S47a
64,176,112,48,136,88,72,192,120,56,168,112,64,224,160,104,208,104,72,160,88,72,1336,S47a
48,240,192,72,616,544,55,151,96,64,993,929,55,215,160,48,304,256,64,192,128,64,2775,S47a
82,458,376,80,200,120,72,176,104,120,864,744,56,208,152,96,344,248,63,320,257,72,2642,S47a
80,248,168,87,160,73,71,160,89,87,239,152,88,200,112,104,304,200,56,152,96,72,1535,S47a
80,176,96,88,200,112,72,176,104,80,216,136,96,208,112,96,232,136,72,176,104,64,1448,S47a
72,160,88,72,168,96,56,144,88,72,200,128,88,200,112,120,232,112,56,136,80,72,1312,S47a
87,176,89,55,168,113,55,152,97,71,192,121,71,200,129,95,240,145,55,152,97,79,1359,S47a
71,159,88,64,168,104,48,112,64,72,224,152,40,168,128,112,-736,-848,1072,1184,112,88,1367,S47a
88,176,88,64,168,104,48,112,64,72,216,144,72,192,120,96,232,136,72,176,104,64,1336,S47a
72,232,160,72,152,80,64,160,96,72,200,128,72,200,128,112,592,480,64,160,96,79,1775,S47a
72,168,96,64,152,88,56,160,104,56,200,144,72,208,136,96,288,192,64,256,192,64,1496,S47a
80,168,88,64,160,96,48,120,72,64,200,136,80,208,128,104,208,104,64,160,96,64,1288,S47a
64,144,80,64,152,88,48,104,56,56,208,152,64,168,104,112,240,128,64,192,128,72,1280,S47a
56,200,144,64,144,80,56,144,88,64,176,112,64,224,160,112,232,120,56,168,112,64,1352,S47a
72,152,80,72,160,88,48,128,80,64,192,128,64,200,136,104,208,104,72,160,88,64,1264,S47a
56,168,112,56,160,104,48,128,80,72,200,128,72,240,168,104,272,168,56,192,136,64,1424,S47a
80,176,96,55,184,129,47,160,113,55,176,121,63,200,137,95,272,177,47,176,129,55,1399,S47a
63,175,112,56,168,112,32,128,96,72,192,120,72,248,176,96,224,128,32,136,104,56,1327,S47a
64,176,112,56,152,96,56,144,88,56,168,112,64,224,160,72,176,104,48,160,112,56,1256,S47a
80,176,96,48,160,112,40,128,88,56,176,120,72,216,144,88,152,64,56,152,96,72,1232,S47a
96,168,72,55,152,97,48,143,95,57,185,128,72,208,136,79,200,121,55,144,89,55,1255,S47a
63,175,112,56,152,96,48,128,80,64,200,136,64,224,160,80,160,80,80,208,128,56,1303,S47a
95,207,112,40,160,120,56,176,120,72,208,136,80,224,144,104,224,120,56,192,136,64,1455,S47a
88,168,80,56,168,112,48,128,80,56,184,128,96,216,120,96,224,128,48,216,168,64,1368,S47a
72,160,88,56,160,104,56,144,88,64,192,128,64,248,184,88,216,128,64,288,224,55,1463,S47a
72,160,88,56,160,104,56,144,88,79,391,312,72,177,105,95,295,200,56,168,112,56,1551,S47a
88,224,136,56,192,136,40,168,128,56,232,176,64,216,152,80,240,160,56,184,128,64,1520,S47a
64,208,144,48,168,120,56,168,112,56,232,176,64,216,152,96,304,208,56,200,144,56,1552,S47a
55,184,129,48,160,112,48,144,96,71,232,161,71,208,137,111,248,137,71,208,137,63,1447,S47a
63,232,169,64,191,127,72,233,161,56,208,152,79,224,145,79,272,193,55,263,208,56,1679,S47a
48,208,160,48,160,112,56,168,112,56,216,160,80,272,192,72,448,376,56,264,208,56,1792,S47a
64,176,112,64,160,96,64,160,96,64,200,136,80,256,176,72,408,336,88,232,144,55,1647,S47a
72,176,104,63,152,89,56,136,80,56,232,176,71,216,145,87,240,153,63,183,120,56,1391,S47a
63,175,112,56,160,104,48,152,104,48,256,208,64,256,192,80,192,112,72,168,96,56,1415,S47a
88,200,112,56,160,104,56,168,112,56,232,176,72,240,168,96,432,336,64,216,152,64,1712,S47a
48,160,112,64,176,112,40,128,88,56,248,192,64,232,168,88,232,144,64,200,136,48,1424,S47a
56,176,120,55,176,121,31,120,89,47,208,161,63,224,161,87,192,105,63,151,88,64,1311,S47a
71,175,104,48,153,105,55,143,88,56,216,160,64,184,120,112,232,120,64,160,96,64,1327,S47a
88,192,104,48,144,96,56,160,104,64,208,144,56,240,184,72,192,120,56,176,120,72,1384,S47a
64,208,144,48,168,120,48,184,136,80,248,168,64,184,120,111,400,289,63,456,393,63,1911,S47a
80,184,104,64,184,120,64,168,104,48,224,176,72,200,128,88,216,128,56,176,120,64,1416,S47a
56,176,120,64,160,96,64,152,88,56,248,192,72,208,136,96,280,184,56,192,136,64,1480,S47a
80,208,128,48,144,96,56,168,112,39,224,185,64,216,152,88,192,104,56,144,88,55,1351,S47a
55,168,113,63,159,96,56,168,112,64,288,224,72,208,136,104,280,176,72,184,112,64,1519,S47a
72,184,112,40,136,96,64,176,112,56,256,200,64,208,144,80,248,168,72,400,328,56,1664,S47a
80,200,120,56,176,120,64,168,104,64,208,144,80,216,136,88,280,192,56,192,136,71,1511,S47a
63,192,129,55,176,121,55,184,129,55,240,185,71,231,160,104,257,153,63,215,152,72,1567,S47a
56,168,112,64,152,88,56,160,104,48,224,176,64,216,152,80,232,152,56,144,88,72,1368,S47a
64,184,120,39,800,761,47,176,129,63,511,448,56,136,80,96,352,256,56,168,112,48,2375,S47a
56,168,112,56,160,104,64,160,96,48,240,192,72,216,144,88,344,256,56,200,144,56,1544,S47a
48,184,136,56,152,96,56,144,88,56,224,168,64,192,128,80,208,128,56,192,136,55,1351,S47a
55,160,105,56,160,104,39,128,89,40,208,168,63,216,153,79,208,129,55,152,97,63,1295,S47a
72,216,144,56,168,112,56,168,112,56,192,136,56,184,128,88,256,168,56,160,104,64,1408,S47a
48,152,104,64,168,104,40,80,40,48,240,192,56,184,128,64,176,112,56,136,80,56,1192,S47a
56,152,96,56,152,96,40,120,80,56,240,184,80,184,104,96,232,136,64,192,128,63,1335,S47a
104,232,128,72,192,120,63,168,105,71,520,449,55,144,89,71,319,248,48,161,113,71,1807,S47a
56,144,88,56,184,128,40,168,128,72,272,200,56,200,144,80,240,160,56,144,88,64,1416,S47a
64,144,80,64,152,88,56,128,72,56,248,192,80,176,96,96,336,240,40,248,208,56,1488,S47a
55,143,88,65,177,112,47,112,65,55,207,152,56,200,144,88,200,112,56,184,128,88,1311,S47a
24,136,112,32,136,104,56,136,80,56,192,136,56,208,152,96,208,112,56,136,80,72,1224,S47a
72,176,104,56,168,112,48,128,80,48,200,152,72,192,120,88,184,96,64,144,80,64,1256,S47a
64,776,712,47,160,113,55,144,89,63,576,513,47,191,144,88,416,328,56,168,112,56,2487,S47a
56,152,96,56,160,104,56,144,88,64,208,144,64,216,152,96,232,136,48,152,104,64,1328,S47a
64,168,104,48,160,112,40,128,88,48,232,184,64,168,104,104,224,120,48,144,96,64,1288,S47a
72,160,88,56,160,104,56,120,64,56,200,144,64,200,136,88,208,120,64,136,72,80,1264,S47a
71,176,105,63,168,105,56,128,72,47,223,176,64,153,89,95,223,128,56,161,105,71,1303,S47a
72,160,88,64,168,104,48,128,80,48,224,176,56,192,136,80,232,152,56,1680,1624,40,2824,S47a
72,192,120,64,192,128,56,168,112,56,1064,1008,72,623,551,80,441,361,71,239,168,64,2983,S47a
72,200,128,56,152,96,48,152,104,56,216,160,64,240,176,64,248,184,80,224,144,48,1480,S47a
64,176,112,72,192,120,56,144,88,56,328,272,72,176,104,104,288,184,64,168,104,72,1544,S47a
56,176,120,64,160,96,64,144,80,64,216,152,64,216,152,96,200,104,72,152,80,80,1344,S47a
79,192,113,48,136,88,55,176,121,24,344,320,71,200,129,111,288,177,63,215,152,72,1623,S47a
72,160,88,63,192,129,71,176,105,63,368,305,55,192,137,71,256,185,55,152,97,71,1567,S47a
72,176,104,56,160,104,40,128,88,56,232,176,64,192,128,104,952,848,48,624,576,64,2528,S47a
64,240,176,80,184,104,48,144,96,72,304,232,80,216,136,88,488,400,64,-824,-888,1055,1807,S47a
79,143,64,88,160,72,64,152,88,72,209,137,71,223,152,104,224,120,56,152,96,64,1327,S47a
56,144,88,64,168,104,56,144,88,72,208,136,80,240,160,72,160,88,56,136,80,72,1272,S47a
72,152,80,56,160,104,56,152,96,56,200,144,72,200,128,96,192,96,64,160,96,64,1280,S47a
72,152,80,64,168,104,56,136,80,40,240,200,96,968,872,87,487,400,64,216,152,64,2431,S47a
80,168,88,72,176,104,40,104,64,56,224,168,64,224,160,96,432,336,72,296,224,64,1688,S47a
71,168,97,63,159,96,40,129,89,64,200,136,63,239,176,104,1152,1048,56,168,112,64,2279,S47a
48,144,96,72,168,96,56,168,112,32,208,176,80,256,176,88,200,112,80,560,480,72,1776,S47a
58,218,160,56,184,128,56,136,80,104,944,840,64,224,160,136,432,296,64,240,176,104,2482,S46a
64,184,120,56,160,104,64,120,56,128,256,128,72,384,312,104,144,40,88,256,168,112,1616,S46a
56,168,112,56,152,96,64,97,33,111,311,200,56,248,192,128,280,152,72,208,136,104,1568,S46a
64,168,104,40,144,104,56,128,72,89,328,239,64,200,136,120,448,328,56,160,104,120,1696,S46a
56,160,104,56,152,96,64,112,48,96,232,136,72,248,176,112,472,360,80,128,48,128,1632,S46a
64,176,112,48,136,88,88,128,40,112,240,128,72,257,185,143,447,304,72,128,56,96,1608,S46a
72,177,105,55,143,88,80,112,32,96,240,144,80,208,128,112,336,224,80,200,120,112,1528,S46a
64,177,113,39,143,104,64,120,56,104,249,145,71,223,152,120,329,209,87,159,72,104,1504,S46a
65,169,104,55,151,96,80,144,64,96,1000,904,72,281,209,119,639,520,120,233,113,127,2744,S46a
80,176,96,55,160,105,63,120,57,127,272,145,63,216,153,127,312,185,80,200,120,119,1575,S46a
65,177,112,63,192,129,80,104,24,111,264,153,71,280,209,136,848,712,103,312,209,152,2329,S46a
72,400,328,64,840,776,64,128,64,104,328,224,64,327,263,129,273,144,72,272,200,96,2664,S46a
64,208,144,56,184,128,56,104,48,112,448,336,64,248,184,120,488,368,104,352,248,120,2152,S46a
72,208,136,56,168,112,72,104,32,128,391,263,65,345,280,136,504,368,64,160,96,128,2008,S46a
72,200,128,56,152,96,72,96,24,128,281,153,71,296,225,127,231,104,64,265,201,127,1648,S46a
64,185,121,63,175,112,64,97,33,119,264,145,63,256,193,111,360,249,79,167,88,120,1624,S46a
79,200,121,55,152,97,80,31,-49,112,305,193,71,224,153,111,272,161,79,240,161,111,1535,S46a
72,192,120,56,136,80,72,112,40,104,200,96,64,760,696,184,192,8,88,368,280,128,2088,S46a
72,200,128,32,128,96,64,120,56,88,296,208,64,448,384,136,352,216,80,176,96,136,1856,S46a
72,184,112,56,152,96,56,112,56,96,248,152,72,392,320,136,248,112,80,208,128,120,1664,S46a
80,160,80,64,153,89,79,119,40,112,265,153,71,295,224,152,360,208,80,241,161,144,1737,S46a
72,160,88,72,176,104,72,56,-16,144,304,160,72,432,360,119,184,65,72,280,208,128,1720,S46a
72,177,105,55,160,105,79,87,8,112,289,177,71,328,257,151,311,160,72,208,136,137,1697,S46a
72,185,113,63,168,105,71,79,8,136,313,177,71,328,257,135,272,137,79,200,121,127,1672,S46a
64,185,121,56,152,96,56,104,48,103,184,81,55,375,320,80,641,561,79,256,177,103,2000,S46a
56,160,104,48,144,96,56,80,24,104,264,160,55,343,288,128,208,80,73,241,168,128,1568,S46a
55,152,97,55,152,97,72,112,40,128,399,271,49,657,608,112,152,40,72,296,224,111,2031,S46a
57,177,120,56,160,104,64,136,72,104,296,192,64,424,360,127,280,153,72,232,160,128,1833,S46a
64,160,96,64,152,88,88,120,32,120,336,216,64,280,216,144,1232,1088,88,152,64,152,2584,S46a
73,185,112,56,136,80,72,112,40,112,288,176,64,295,231,145,225,80,80,232,152,160,1633,S46a
64,152,88,78,167,89,65,121,56,104,352,248,72,872,800,128,616,488,72,328,256,136,2744,S46a
64,168,104,64,168,104,72,352,280,136,560,424,72,280,208,152,320,168,80,184,104,136,2168,S46a
87,184,97,63,152,89,79,88,9,120,295,175,80,497,417,127,231,104,72,200,128,128,1775,S46a
80,184,104,64,160,96,72,104,32,136,336,200,72,241,169,127,287,160,80,169,89,143,1624,S46a
80,184,104,64,160,96,80,136,56,136,416,280,64,464,400,136,2904,2768,96,280,184,136,4680,S46a
80,184,104,56,136,80,88,120,32,136,320,184,64,248,184,136,312,176,80,168,88,144,1632,S46a
72,176,104,72,160,88,80,96,16,136,286,150,73,249,176,169,225,56,88,192,104,160,1544,S46a
64,168,104,64,152,88,89,89,0,135,295,160,72,224,152,168,280,112,80,184,104,144,1536,S46a
72,192,120,56,144,88,104,112,8,120,376,256,80,176,96,160,248,88,104,192,88,128,1568,S46a
80,160,80,72,160,88,80,104,24,128,288,160,72,200,128,168,256,88,80,217,137,175,1560,S46a
72,184,112,56,136,80,103,95,-8,145,401,256,80,160,80,152,279,127,81,176,95,153,1584,S46a
80,241,161,63,167,104,72,104,32,136,440,304,56,200,144,168,288,120,80,256,176,144,1840,S46a
80,185,105,63,168,105,79,120,41,143,312,169,55,695,640,136,312,176,72,184,112,153,2129,S46a
72,177,105,79,160,81,87,103,16,128,448,320,64,201,137,151,423,272,112,193,81,159,1864,S46a
80,185,105,71,176,105,79,96,17,143,376,233,79,224,145,144,184,40,72,248,176,151,1640,S46a
72,168,96,63,160,97,88,103,15,137,353,216,64,200,136,168,352,184,80,168,88,135,1639,S46a
64,168,104,56,136,80,96,112,16,128,287,159,73,201,128,160,256,96,80,200,120,144,1504,S46a
63,168,105,56,144,88,88,104,16,104,296,192,72,256,184,128,256,128,80,248,168,136,1608,S46a
72,192,120,56,160,104,88,120,32,136,248,112,80,256,176,152,304,152,104,232,128,168,1680,S46a
72,184,112,56,152,96,80,88,8,104,328,224,80,264,184,160,312,152,120,184,64,144,1656,S46a
72,160,88,64,160,96,88,96,8,128,272,144,80,360,280,152,288,136,80,216,136,120,1672,S46a
79,199,120,72,161,89,79,111,32,120,288,168,88,1872,1784,153,257,104,127,320,193,104,3312,S46a
72,161,89,63,119,56,88,112,24,104,225,121,55,335,280,153,241,88,79,192,113,128,1513,S46a
81,193,112,55,144,89,79,136,57,120,296,176,64,439,375,137,209,72,72,256,184,143,1816,S46a
72,176,104,48,128,80,80,112,32,128,424,296,80,272,192,128,256,128,64,216,152,136,1720,S46a
64,152,88,56,136,80,72,128,56,96,344,248,64,504,440,128,208,80,72,240,168,128,1840,S46a
72,176,104,48,128,80,80,96,16,112,320,208,56,1968,1912,112,192,80,72,232,160,128,3240,S46a
72,152,80,56,128,72,72,120,48,88,1560,1472,72,400,328,128,136,8,80,328,248,120,2944,S46a
65,161,96,56,128,72,80,96,16,112,272,160,56,448,392,136,440,304,72,152,80,120,1817,S46a
80,184,104,56,136,80,80,128,48,128,208,80,80,1016,936,112,144,32,80,272,192,128,2216,S46a
79,184,105,79,168,89,79,120,41,127,576,449,95,248,153,151,352,201,79,216,137,128,1992,S46a
80,185,105,64,160,96,87,176,89,103,367,264,73,473,400,128,176,48,87,256,169,127,1920,S46a
72,184,112,56,152,96,80,112,32,112,287,175,65,393,328,120,248,128,72,232,160,119,1727,S46a
63,168,105,64,168,104,72,88,16,121,272,151,80,256,176,120,232,112,80,208,128,128,1520,S46a
63,176,113,40,136,96,72,152,80,136,232,96,64,576,512,128,160,32,88,248,160,136,1816,S46a
80,208,128,56,152,96,80,88,8,128,304,176,56,440,384,152,264,112,80,192,112,168,1816,S46a
72,184,112,64,160,96,80,88,8,120,488,368,64,216,152,160,608,448,80,120,40,128,1992,S46a
80,200,120,64,168,104,64,160,96,80,416,336,80,232,152,152,296,144,88,168,80,128,1768,S46a
72,176,104,56,136,80,64,176,112,88,464,376,64,257,193,143,216,73,71,207,136,152,1784,S46a
79,175,96,64,136,72,64,169,105,63,312,249,55,191,136,144,320,176,64,160,96,136,1599,S46a
73,177,104,47,136,89,63,151,88,81,273,192,71,199,128,129,241,112,80,208,128,119,1504,S46a
73,201,128,55,128,73,55,144,89,71,304,233,56,152,96,136,224,88,63,168,105,127,1448,S46a
72,168,96,56,145,89,55,152,97,63,304,241,71,856,785,152,464,312,80,207,127,145,2441,S46a
64,168,104,56,144,88,56,168,112,56,344,288,64,424,360,136,192,56,80,288,208,120,1848,S46a
64,168,104,56,152,96,56,152,96,64,448,384,64,368,304,168,336,168,80,600,520,112,2336,S46a
80,192,112,48,128,80,64,152,88,64,272,208,64,216,152,152,248,96,80,248,168,128,1584,S46a
64,160,96,56,136,80,64,152,88,56,296,240,64,152,88,152,592,440,72,305,233,127,1920,S46a
72,144,72,64,153,89,63,159,96,80,632,552,64,312,248,152,216,64,72,224,152,144,1984,S46a
64,160,96,56,136,80,56,144,88,80,472,392,64,424,360,152,160,8,80,289,209,119,1904,S46a
72,177,105,63,152,89,63,167,104,64,313,249,55,248,193,135,199,64,80,208,128,128,1592,S46a
79,167,88,48,137,89,55,136,81,79,320,241,63,288,225,160,239,79,72,225,153,127,1639,S46a
64,168,104,56,144,88,56,129,73,79,312,233,71,224,153,143,248,105,79,208,129,120,1553,S46a
72,176,104,56,136,80,64,160,96,80,312,232,64,360,296,164,272,108,80,256,176,136,1808,S46a
64,176,112,56,160,104,56,176,120,64,496,432,64,800,736,136,168,32,80,264,184,112,2352,S46a
80,192,112,64,160,96,64,160,96,80,488,408,72,432,360,128,152,24,80,280,200,144,2008,S46a
80,176,96,56,144,88,64,152,88,72,335,263,65,265,200,152,176,24,112,240,128,136,1624,S46a
64,168,104,56,128,72,56,144,88,56,272,216,64,232,168,136,160,24,80,280,200,128,1512,S46a
64,144,80,56,152,96,64,160,96,64,312,248,64,256,192,144,336,192,128,265,137,127,1752,S46a
64,152,88,72,152,80,64,168,104,80,440,360,64,192,128,152,344,192,72,296,224,120,1864,S46a
64,153,89,63,159,96,64,167,103,65,1633,1568,80,169,89,135,336,201,72,184,112,135,2936,S46a
64,177,113,55,136,81,56,168,112,63,424,361,72,343,271,152,385,233,88,296,208,135,2064,S46a
73,184,111,56,161,105,71,159,88,72,329,257,56,232,176,151,424,273,79,120,41,119,1728,S46a
72,184,112,48,152,104,47,160,113,63,296,233,63,240,177,136,152,16,64,312,248,103,1599,S46a
64,176,112,56,152,96,56,168,112,64,343,279,65,361,296,112,168,56,88,232,144,104,1704,S46a
63,168,105,72,208,136,56,168,112,64,1040,976,80,288,208,152,240,88,80,184,104,112,2408,S46a
64,184,120,40,144,104,56,152,96,72,320,248,47,280,233,136,312,176,72,208,136,104,1704,S46a
64,168,104,56,136,80,56,144,88,64,304,240,56,304,248,120,248,128,72,256,184,104,1664,S46a
80,192,112,64,144,80,56,152,96,64,296,232,56,144,88,128,320,192,72,208,136,112,1568,S46a
80,224,144,72,824,752,56,184,128,80,584,504,72,272,200,144,232,88,80,184,104,120,2624,S46a
72,168,96,64,152,88,56,160,104,80,337,257,79,191,112,144,240,96,80,208,128,104,1560,S46a
72,200,128,56,176,120,57,184,127,72,1305,1233,63,760,697,128,128,0,63,375,312,104,3232,S46a
95,256,161,112,276,164,75,228,153,80,815,735,89,392,303,144,209,65,80,312,232,120,2608,S46a
72,200,128,72,224,152,72,240,168,71,624,553,72,264,192,120,272,152,63,888,825,128,2840,S46a
72,216,144,48,320,272,87,248,161,80,624,544,72,184,112,127,328,201,72,367,295,89,2376,S46a
72,216,144,73,169,96,64,178,114,70,310,240,72,114,42,142,294,152,72,360,288,72,1713,S46a
73,201,128,56,152,96,63,167,104,57,249,192,72,208,136,120,200,80,71,392,321,80,1649,S46a
80,216,136,56,167,111,57,177,120,64,288,224,72,167,95,120,328,208,81,378,297,71,1792,S46a
72,208,136,72,176,104,56,176,120,72,288,216,72,128,56,128,216,88,80,360,280,71,1623,S46a
72,240,168,80,216,136,64,172,108,76,364,288,80,520,440,200,216,16,96,528,432,104,2360,S46a
64,216,152,88,208,120,64,192,128,64,320,256,72,184,112,96,192,96,80,400,320,64,1776,S46a
80,231,151,65,178,113,80,215,135,65,296,231,80,192,112,120,248,128,72,368,296,80,1808,S46a
88,240,152,65,192,127,64,200,136,72,304,232,88,183,95,105,209,104,72,328,256,80,1736,S46a
80,368,288,96,264,168,80,233,153,71,367,296,96,192,96,88,280,192,64,352,288,72,2128,S46a
80,240,160,72,208,136,64,224,160,72,488,416,64,216,152,96,3408,3312,80,400,320,80,5264,S46a
80,239,159,88,224,136,64,191,127,73,313,240,89,232,143,114,192,78,71,392,321,88,1871,S46a
72,232,160,80,208,128,72,232,160,72,344,272,72,176,104,136,208,72,72,384,312,88,1872,S46a
79,232,153,64,200,136,64,184,120,80,328,248,80,1784,1704,73,232,159,95,392,297,96,3448,S46a
87,240,153,88,208,120,64,168,104,96,320,224,95,163,68,149,381,232,80,376,296,72,1928,S46a
76,240,164,72,192,120,64,192,128,88,336,248,80,136,56,112,264,152,72,376,304,72,1808,S46a
72,232,160,72,184,112,64,192,128,88,312,224,80,128,48,144,232,88,73,400,327,80,1760,S46a
72,232,160,72,200,128,64,192,128,80,816,736,88,224,136,119,312,193,71,367,296,80,2423,S46a
88,264,176,63,192,129,64,200,136,72,672,600,71,207,136,128,249,121,64,360,296,95,2239,S46a
71,216,145,88,200,112,64,176,112,88,312,224,72,112,40,128,272,144,72,368,296,80,1736,S46a
89,248,159,80,224,144,64,215,151,73,353,280,88,152,64,104,496,392,80,448,368,87,2223,S46a
72,232,160,64,183,119,65,193,128,80,367,287,65,201,136,112,256,144,64,376,312,88,1896,S46a
80,216,136,72,200,128,64,200,136,72,311,239,72,129,57,120,288,168,80,360,280,80,1784,S46a
72,209,137,64,184,120,55,184,129,63,319,256,113,273,160,119,424,305,72,448,376,80,2121,S46a
72,224,152,80,200,120,40,192,152,56,791,735,73,233,160,128,256,128,63,375,312,73,2344,S46a
80,239,159,73,177,104,64,176,112,72,320,248,80,167,87,112,197,85,76,388,312,80,1744,S46a
64,208,144,64,192,128,48,160,112,88,320,232,80,160,80,128,264,136,72,400,328,87,1791,S46a
72,215,143,64,177,113,48,168,120,80,303,223,80,160,80,144,224,80,64,376,312,89,1712,S46a
72,216,144,64,176,112,64,168,104,79,472,393,72,207,135,137,313,176,80,400,320,80,2032,S46a
71,207,136,72,192,120,64,168,104,80,439,359,73,193,120,120,887,767,73,393,320,80,2559,S46a
71,208,137,72,168,96,64,191,127,81,321,240,71,136,65,144,256,112,64,360,296,80,1720,S46a
72,216,144,64,176,112,56,160,104,71,288,217,79,168,89,120,248,128,56,336,280,80,1672,S46a
71,216,145,64,184,120,55,168,113,80,320,240,64,168,104,96,208,112,72,344,272,88,1696,S46a
71,200,129,88,200,112,56,175,119,81,305,224,88,191,103,137,232,95,73,345,272,80,1728,S46a
79,200,121,72,184,112,55,168,113,71,288,217,72,184,112,144,360,216,64,352,288,88,1824,S46a
64,208,144,72,184,112,56,160,104,72,288,216,80,160,80,160,192,32,64,327,263,73,1592,S46a
64,208,144,72,176,104,56,168,112,80,312,232,71,160,89,127,224,97,71,335,264,73,1656,S46a
64,216,152,72,176,104,64,176,112,80,304,224,80,208,128,144,168,24,64,400,336,96,1744,S46a
64,200,136,96,208,112,80,192,112,88,416,328,88,224,136,120,192,72,72,416,344,88,1936,S46a
72,224,152,64,192,128,48,176,128,56,296,240,80,144,64,128,232,104,72,407,335,89,1760,S46a
72,231,159,73,185,112,56,176,120,64,304,240,72,143,71,129,233,104,72,368,296,72,1712,S46a
56,208,152,64,176,112,56,200,144,71,352,281,72,152,80,144,232,88,56,344,288,88,1752,S46a
72,209,137,64,176,112,56,176,120,72,288,216,79,143,64,145,209,64,80,368,288,80,1649,S46a
64,215,151,65,169,104,71,199,128,80,297,217,87,176,89,120,184,64,72,336,264,88,1664,S46a
72,208,136,72,168,96,63,175,112,72,312,240,72,136,64,153,305,152,88,432,344,95,1831,S46a
72,216,144,72,184,112,56,176,120,80,304,224,80,200,120,128,176,48,80,352,272,80,1688,S46a
72,209,137,72,168,96,64,176,112,72,296,224,79,168,89,136,216,80,72,360,288,88,1681,S46a
80,216,136,64,184,120,64,176,112,79,322,243,94,174,80,136,224,88,72,344,272,80,1720,S46a
71,207,136,65,184,119,72,209,137,80,296,216,79,272,193,143,352,209,72,368,296,80,1968,S46a
72,215,143,72,184,112,65,185,120,72,312,240,72,152,80,167,376,209,72,368,296,71,1863,S46a
72,208,136,71,175,104,65,169,104,80,328,248,88,184,96,128,216,88,64,336,272,87,1703,S46a
64,224,160,65,169,104,64,160,96,72,304,232,71,232,161,152,208,56,72,344,272,87,1728,S46a
80,216,136,64,176,112,56,160,104,71,304,233,80,160,80,151,288,137,64,352,288,80,1736,S46a
72,216,144,72,167,95,57,169,112,71,296,225,72,168,96,151,191,40,72,352,280,73,1632,S46a
73,216,143,64,184,120,57,160,103,73,297,224,96,199,103,153,224,71,73,376,303,97,1753,S46a
72,192,120,72,184,112,71,183,112,81,320,239,81,185,104,120,256,136,72,352,280,71,1743,S46a
72,200,128,71,191,120,57,177,120,72,312,240,72,190,118,122,242,120,64,376,312,80,1768,S46a
80,231,151,73,201,128,72,167,95,89,336,247,96,216,120,161,264,103,73,345,272,72,1832,S46a
87,224,137,56,176,120,64,192,128,72,344,272,80,1183,1103,137,337,200,72,376,304,72,2904,S46a
64,208,144,57,176,119,57,185,128,64,304,240,72,136,64,144,352,208,63,352,289,80,1793,S46a
72,224,152,64,167,103,57,185,128,80,304,224,88,152,64,143,472,329,71,376,305,71,1951,S46a
63,216,153,63,192,129,56,184,128,72,336,264,80,160,80,151,240,89,80,383,303,73,1784,S46a
72,216,144,72,184,112,56,176,120,64,304,240,72,152,80,160,279,119,64,329,265,72,1712,S46a
72,240,168,55,176,121,79,200,121,64,280,216,72,160,88,120,248,128,72,327,255,89,1720,S46a
96,224,128,80,177,97,63,169,106,78,302,224,81,160,79,129,313,184,71,368,297,87,1800,S46a
72,223,151,73,193,120,56,160,104,72,288,216,80,128,48,136,256,120,80,368,288,80,1696,S46a
80,224,144,71,176,105,71,184,113,64,280,216,72,160,88,128,360,232,72,336,264,88,1808,S46a
63,207,144,72,176,104,64,176,112,73,297,224,72,135,63,136,425,289,88,392,304,80,1888,S46a
71,231,160,65,177,112,80,327,247,80,1225,1145,79,119,40,121,417,296,79,359,280,81,2936,S46a
64,191,127,81,169,88,64,176,112,64,304,240,96,192,96,128,296,168,72,342,270,81,1751,S46a
64,199,135,73,184,111,64,176,112,73,280,207,81,113,32,144,288,144,64,320,256,79,1639,S46a
48,176,128,80,184,104,63,160,97,80,288,208,80,144,64,136,288,152,64,304,240,79,1623,S46a
79,208,129,80,176,96,64,175,111,73,280,207,81,137,56,152,296,144,72,360,288,61,1693,S46a
72,207,135,80,193,113,56,176,120,80,295,215,89,113,24,143,280,137,56,326,270,73,1663,S46a
88,248,160,89,209,120,64,199,135,73,440,367,81,417,336,144,208,64,64,384,320,71,2176,S46a
72,216,144,64,175,111,56,160,104,65,296,231,81,128,47,137,425,288,71,359,288,81,1840,S46a
65,200,135,63,167,104,64,184,120,73,272,199,81,112,31,137,384,247,80,384,304,73,1776,S46a
88,247,159,81,216,135,65,200,135,65,320,255,73,112,39,137,224,87,73,352,279,65,1736,S46a
81,280,199,81,272,191,65,200,135,88,792,704,73,240,167,145,200,55,65,304,239,73,2361,S46a
65,200,135,80,184,104,57,160,103,81,296,215,73,192,119,137,216,79,73,329,256,88,1665,S46a
72,223,151,72,192,120,56,168,112,81,856,775,72,184,112,137,256,119,72,352,280,73,2304,S46a
81,207,126,74,162,88,71,175,104,80,288,208,88,136,48,121,256,135,81,352,271,96,1672,S46a
73,208,135,72,169,97,56,159,103,81,296,215,81,144,63,121,264,143,73,344,271,88,1672,S46a
73,192,119,72,160,88,56,152,96,81,280,199,88,136,48,145,208,63,97,344,247,97,1569,S46a
88,208,120,80,168,88,73,176,103,81,376,295,97,136,39,153,320,167,81,752,671,72,2208,S46a
80,208,128,56,169,113,55,167,112,72,312,240,80,151,71,129,289,160,73,368,295,88,1752,S46a
72,208,136,81,176,95,65,176,111,65,296,231,72,136,64,145,696,551,73,856,783,177,2721,S46a
88,232,144,89,216,127,57,184,127,80,375,295,72,553,481,168,280,112,56,400,344,96,2336,S46a
88,224,136,87,201,114,71,174,103,89,321,232,80,167,87,121,297,176,80,384,304,95,1863,S46a
72,216,144,72,184,112,64,184,120,71,951,880,89,233,144,176,288,112,64,472,408,96,2624,S46a
65,208,143,72,176,104,57,168,111,57,297,240,71,135,64,153,433,280,64,439,375,81,1937,S46a
81,209,128,72,176,104,64,152,88,72,304,232,80,176,96,128,248,120,64,351,287,81,1697,S46a
80,208,128,72,176,104,64,168,104,71,271,200,89,153,64,112,288,176,71,360,289,80,1704,S46a
80,208,128,72,167,95,65,169,104,88,328,240,80,128,48,144,312,168,72,392,320,72,1776,S46a
73,201,128,63,176,113,64,175,111,73,312,239,80,169,89,112,272,160,72,344,272,88,1737,S46a
64,200,136,64,160,96,65,176,111,65,264,199,104,135,31,121,266,145,55,360,305,71,1632,S46a
73,232,159,48,160,112,64,185,121,71,295,224,80,112,32,152,272,120,56,336,280,72,1664,S46a
73,209,136,71,151,80,56,160,104,72,280,208,73,128,55,112,272,160,72,336,264,81,1617,S46a
73,224,151,81,177,96,56,168,112,72,280,208,81,152,71,120,216,96,56,368,312,89,1674,S46a
72,192,120,80,184,104,56,168,112,81,296,215,72,144,72,128,225,97,71,319,248,80,1608,S46a
99,262,163,85,222,137,63,200,137,79,417,338,62,685,623,131,316,185,100,385,285,78,2565,S46a
84,200,116,69,185,116,69,184,115,69,270,201,78,162,84,170,254,84,85,347,262,69,1671,S46a
69,201,132,53,184,131,53,169,116,63,247,184,69,153,84,101,232,131,69,338,269,79,1603,S46a
69,200,131,69,185,116,53,153,100,47,232,185,68,168,100,116,185,69,78,332,254,69,1524,S46a
78,231,153,69,185,116,62,169,107,62,247,185,69,169,100,131,163,32,84,322,238,100,1586,S46a
85,200,115,69,200,131,47,132,85,84,269,185,84,116,32,153,253,100,78,332,254,84,1586,S46a
53,200,147,53,184,131,53,169,116,63,263,200,84,153,69,131,246,115,54,354,300,84,1653,S46a
63,185,122,78,185,107,62,162,100,69,285,216,69,153,84,100,263,163,69,885,816,84,2202,S46a
69,200,131,70,185,115,53,169,116,100,269,169,78,178,100,85,369,284,85,701,616,84,2155,S46a
69,216,147,53,169,116,62,184,122,78,301,223,62,131,69,100,384,284,70,368,298,81,1834,S46a
82,245,163,92,215,123,72,224,152,71,327,256,73,155,82,81,284,203,91,388,297,81,1919,S46a
73,226,153,71,183,112,80,194,114,82,449,367,81,194,113,89,314,225,80,409,329,73,2042,S46a
84,216,132,69,454,385,84,263,179,69,338,269,85,169,84,117,264,147,68,337,269,79,2120,S46a
69,232,163,69,198,129,55,202,147,69,323,254,78,131,53,163,270,107,100,378,278,70,1804,S46a
62,200,138,69,200,131,63,169,106,62,301,239,78,163,85,84,285,201,84,400,316,100,1818,S46a
85,247,162,70,201,131,53,169,116,84,316,232,84,137,53,100,279,179,53,400,347,68,1817,S46a
85,216,131,100,200,100,69,169,100,84,316,232,85,147,62,101,254,153,85,332,247,84,1718,S46a
84,215,131,85,201,116,68,162,94,69,307,238,93,162,69,116,301,185,68,384,316,85,1817,S46a
78,215,137,85,201,116,62,162,100,69,269,200,85,147,62,107,239,132,68,385,317,84,1702,S46a
84,200,116,84,200,116,53,153,100,85,285,200,79,101,22,132,347,215,69,332,263,84,1702,S46a
84,231,147,69,169,100,63,179,116,84,284,200,85,138,53,163,232,69,69,331,262,85,1649,S46a
78,216,138,78,178,100,68,169,101,84,269,185,100,162,62,122,207,85,78,331,253,85,1617,S46a
69,200,131,84,169,85,84,178,94,69,269,200,100,238,138,178,162,-16,85,338,253,78,1632,S46a
63,185,122,85,185,100,62,147,85,85,269,184,85,200,115,116,748,632,101,1271,1170,84,3089,S46a
78,200,122,78,200,122,63,163,100,69,269,200,84,200,116,116,200,84,69,332,263,99,1663,S46a
85,216,131,85,185,100,68,169,101,62,300,238,78,147,69,132,285,153,69,385,316,63,1750,S46a
85,223,138,100,203,103,50,161,111,75,303,228,85,146,61,129,314,185,69,370,301,78,1798,S46a
71,229,158,72,189,117,69,185,116,62,285,223,78,146,68,138,316,178,85,339,254,78,1767,S46a
85,207,122,94,200,106,47,163,116,69,285,216,84,168,84,147,232,85,69,331,262,101,1687,S46a
68,200,132,84,199,115,54,154,100,78,500,422,84,285,201,162,262,100,69,338,269,94,2032,S46a
84,215,131,85,185,100,63,147,84,84,285,201,84,153,69,132,216,84,84,516,432,69,1786,S46a
53,200,147,69,184,115,54,154,100,84,284,200,85,132,47,153,447,294,85,438,353,69,1908,S46a
84,216,132,84,184,100,53,153,100,79,294,215,69,122,53,147,316,169,69,332,263,85,1702,S46a
85,201,116,100,200,100,69,153,84,63,263,200,84,131,47,138,206,68,79,301,222,78,1533,S46a
79,201,122,100,194,94,53,153,100,70,270,200,78,147,69,132,238,106,63,379,316,53,1635,S46a
53,200,147,69,200,131,47,131,84,85,269,184,69,85,16,147,247,100,84,322,238,78,1532,S46a
63,201,138,62,162,100,53,153,100,69,269,200,78,100,22,132,248,116,69,300,231,69,1502,S46a
69,200,131,85,185,100,62,147,85,68,269,201,68,147,79,137,221,84,63,347,284,85,1601,S46a
78,185,107,93,178,85,54,154,100,85,269,184,100,147,47,116,216,100,69,354,285,62,1565,S46a
69,200,131,84,185,101,62,162,100,85,300,215,70,201,131,100,200,100,69,370,301,84,1702,S46a
84,216,132,84,184,100,63,178,115,85,269,184,85,138,53,147,278,131,85,386,301,85,1734,S46a
84,200,116,85,201,116,53,153,100,84,316,232,84,153,69,100,263,163,53,338,285,78,1702,S46a
69,200,131,85,216,131,53,169,116,84,285,201,84,131,47,147,254,107,94,332,238,69,1656,S46a
69,232,163,84,184,100,70,170,100,69,300,231,85,153,68,148,417,269,100,385,285,78,1919,S46a
85,232,147,84,184,100,85,185,100,85,285,200,100,131,31,132,285,153,69,353,284,79,1734,S46a
78,200,122,100,200,100,63,178,115,70,286,216,100,116,16,153,253,100,100,332,232,84,1649,S46a
63,217,154,84,200,116,63,185,122,78,300,222,78,132,54,147,384,237,85,385,300,100,1903,S46a
79,216,137,85,185,100,62,162,100,85,301,216,69,137,68,132,217,85,62,332,270,100,1650,S46a
69,201,132,100,200,100,69,169,100,76,282,206,93,134,41,137,494,357,85,470,385,84,2034,S46a
84,216,132,84,184,100,69,185,116,84,986,902,84,1201,1117,147,169,22,93,332,239,84,3357,S46a
84,238,154,84,184,100,78,178,100,100,285,185,84,168,84,132,169,37,78,332,254,69,1623,S46a
62,185,123,84,184,100,63,178,115,85,270,185,69,153,84,147,163,16,85,316,231,69,1518,S46a
84,216,132,84,169,85,62,162,100,85,316,231,101,138,37,163,385,222,100,347,247,69,1802,S46a
84,200,116,69,169,100,68,162,94,69,254,185,100,153,53,132,332,200,69,332,263,84,1686,S46a
84,200,116,84,169,85,69,163,94,69,254,185,84,131,47,154,222,68,79,348,269,84,1571,S46a
69,200,131,69,169,100,69,156,87,69,263,194,69,122,53,147,216,69,69,331,262,69,1526,S46a
85,201,116,84,184,100,78,194,116,69,253,184,85,169,84,132,216,84,69,369,300,63,1649,S46a
63,201,138,68,168,100,63,163,100,85,269,184,101,116,15,153,216,63,69,338,269,78,1549,S46a
69,200,131,85,185,100,69,185,116,84,269,185,78,178,100,169,269,100,84,385,301,69,1740,S46a
84,200,116,100,201,101,68,168,100,79,263,184,100,116,16,154,254,100,69,316,247,84,1602,S46a
85,200,115,85,201,116,47,163,116,68,253,185,100,84,-16,169,269,100,79,363,284,85,1618,S46a
69,200,131,100,200,100,69,153,84,94,279,185,100,122,22,147,248,101,84,369,285,84,1655,S46a
63,201,138,100,216,116,62,147,85,85,301,216,100,116,16,138,422,284,78,363,285,84,1850,S46a
69,222,153,79,179,100,69,185,116,69,285,216,84,100,16,153,316,163,69,384,315,85,1756,S46a
84,316,232,84,200,116,69,185,116,68,632,564,85,238,153,147,201,54,78,347,269,85,2204,S46a
100,232,132,84,200,116,69,169,100,78,278,200,106,69,-37,153,316,163,85,369,284,85,1718,S46a
69,285,216,69,200,131,69,185,116,84,353,269,94,116,22,147,284,137,79,348,269,84,1855,S46a
94,217,123,100,201,101,62,162,100,85,301,216,100,100,0,154,285,131,69,316,247,85,1667,S46a
78,216,138,84,200,116,68,147,79,100,300,200,100,54,-46,147,316,169,68,316,248,84,1633,S46a
84,206,122,100,215,115,78,184,106,79,579,500,85,1255,1170,131,200,69,100,369,269,79,3087,S46a
69,253,184,69,185,116,78,184,106,63,279,216,84,138,54,162,432,270,84,331,247,85,1887,S46a
84,231,147,85,185,100,69,169,100,84,284,200,85,147,62,154,201,47,84,315,231,85,1617,S46a
69,222,153,79,194,115,54,154,100,100,300,200,100,85,-15,147,300,153,69,317,248,85,1657,S46a
78,200,122,1078,201,-877,47,163,116,68,269,201,84,131,47,153,254,101,84,315,231,85,1618,S46a
84,222,138,84,200,116,63,185,122,63,263,200,84,69,-15,168,284,116,63,285,222,100,1608,S46a
63,200,137,85,185,100,62,178,116,69,270,201,69,84,15,163,248,85,85,322,237,78,1565,S46a
79,201,122,78,178,100,69,154,85,84,331,247,85,101,16,153,300,147,69,316,247,84,1665,S46a
69,232,163,100,216,116,69,169,100,84,554,470,84,284,200,163,200,37,63,348,285,100,2103,S46a
116,739,623,78,263,185,68,237,169,131,595,464,84,153,69,169,253,84,79,348,269,84,2672,S46a
100,232,132,85,200,115,69,170,101,84,300,216,100,147,47,153,238,85,78,331,253,85,1703,S46a
68,215,147,100,201,101,69,184,115,69,285,216,84,116,32,147,247,100,69,322,253,78,1648,S46a
85,238,153,78,194,116,69,185,116,84,338,254,84,100,16,163,316,153,85,316,231,85,1772,S46a
69,247,178,85,254,169,63,200,137,85,917,832,84,153,69,179,263,84,84,354,270,62,2450,S46a
85,223,138,100,200,100,62,194,132,69,306,237,100,132,32,169,216,47,85,332,247,84,1687,S46a
69,216,147,69,185,116,68,184,116,78,279,201,84,106,22,132,363,231,85,338,253,78,1749,S46a
84,237,153,94,195,101,68,184,116,69,285,216,84,84,0,154,254,100,78,332,254,84,1655,S46a
69,248,179,84,216,132,53,153,100,84,354,270,78,62,-16,138,338,200,63,332,269,84,1787,S46a
69,228,159,95,222,127,71,181,110,78,300,222,94,131,37,147,385,238,78,379,301,84,1910,S46a
85,200,115,100,201,101,69,201,132,69,354,285,78,116,38,162,347,185,68,353,285,100,1872,S46a
84,238,154,84,215,131,69,185,116,62,316,254,85,100,15,169,470,301,100,378,278,85,1987,S46a
100,232,132,100,215,115,54,169,115,69,285,216,84,100,16,163,285,122,78,347,269,69,1702,S46a
84,269,185,69,185,116,62,162,100,69,339,270,84,115,31,147,269,122,79,332,253,85,1756,S46a
85,232,147,84,185,101,68,169,101,68,331,263,116,123,7,147,663,516,100,532,432,85,2320,S46a
84,263,179,85,216,131,54,154,100,84,353,269,79,101,22,147,1095,948,84,470,386,84,2736,S46a
84,269,185,85,201,116,68,200,132,84,331,247,85,154,69,147,416,269,84,400,316,85,2056,S46a
69,248,179,84,184,100,69,185,116,84,300,216,100,116,16,154,254,100,69,316,247,85,1688,S46a
100,231,131,85,185,100,62,200,138,63,285,222,100,147,47,153,554,401,100,395,295,84,2081,S46a
69,254,185,84,200,116,63,147,84,85,332,247,84,153,69,170,486,316,100,532,432,84,2188,S46a
101,248,147,100,215,115,69,185,116,84,332,248,100,138,38,147,300,153,100,401,301,78,1897,S46a
85,232,147,85,185,100,69,169,100,69,300,231,101,117,16,169,500,331,100,338,238,100,1941,S46a
85,238,153,63,185,122,63,163,100,69,285,216,115,131,16,169,254,85,84,369,285,78,1703,S46a
85,254,169,85,216,131,69,184,115,69,301,232,100,100,0,153,753,600,78,363,285,69,2240,S46a
100,248,148,121,284,163,85,238,153,78,416,338,85,363,278,138,323,185,94,332,238,85,2289,S46a
137,316,179,116,238,122,78,231,153,69,285,216,100,131,31,154,386,232,100,754,654,78,2419,S46a
84,216,132,84,184,100,62,169,107,63,279,216,84,184,100,132,338,206,78,2365,2287,100,3835,S46a
79,248,169,84,184,100,69,169,100,78,278,200,69,169,100,169,201,32,100,684,584,85,2018,S46a
100,247,147,85,201,116,53,185,132,68,300,232,100,153,53,147,279,132,100,369,269,69,1803,S46a
69,200,131,85,185,100,78,200,122,62,284,222,79,163,84,132,238,106,78,363,285,100,1733,S46a
85,248,163,68,200,132,53,184,131,69,285,216,84,147,63,137,200,63,69,485,416,69,1818,S46a
69,200,131,53,169,116,53,153,100,47,233,186,84,169,85,131,216,85,62,447,385,69,1656,S46a
84,216,132,69,153,84,63,163,100,53,237,184,94,179,85,115,154,39,69,369,300,78,1549,S46a
69,169,100,84,184,100,63,164,101,68,253,185,85,116,31,116,232,116,84,369,285,85,1572,S46a
78,200,122,63,194,131,69,185,116,84,369,285,85,116,31,137,400,263,85,338,253,100,1902,S46a
78,200,122,84,163,79,53,169,116,69,269,200,63,100,37,116,248,132,68,337,269,63,1549,S46a
100,222,122,85,178,93,69,170,101,69,269,200,85,132,47,115,231,116,69,322,253,85,1609,S46a
78,184,106,79,179,100,53,153,100,69,285,216,84,116,32,115,316,201,100,431,331,69,1733,S46a
88,254,166,82,202,120,55,151,96,80,304,224,96,152,56,104,336,232,72,368,296,89,1856,S46a
77,191,114,80,168,88,63,161,98,71,270,199,81,122,41,135,247,112,65,328,263,79,1566,S46a
75,192,117,72,193,121,57,160,103,80,281,201,77,120,43,119,228,109,91,370,279,81,1625,S46a
72,198,126,90,195,105,55,159,104,73,281,208,87,119,32,160,270,110,83,354,271,80,1656,S46a
87,231,144,79,174,95,67,178,111,80,336,256,94,120,26,152,1720,1568,78,409,331,87,3255,S46a
79,215,136,79,175,96,66,170,104,71,328,257,111,640,529,128,233,105,80,351,271,88,2200,S46a
78,214,136,80,192,112,72,169,97,79,327,248,81,119,38,161,274,113,71,351,280,72,1718,S46a
69,215,146,90,183,93,65,186,121,80,585,505,71,191,120,142,231,89,74,352,278,73,2016,S46a
65,185,120,81,176,95,56,168,112,61,264,203,81,104,23,119,266,147,70,327,257,79,1569,S46a
80,182,102,98,202,104,56,160,104,64,296,232,80,104,24,136,278,142,72,330,258,72,1624,S46a
66,193,127,88,184,96,65,160,95,64,265,201,78,120,42,128,223,95,62,312,250,80,1537,S46a
63,200,137,78,185,107,47,147,100,69,269,200,84,100,16,147,231,84,85,316,231,69,1517,S46a
69,185,116,84,153,69,78,178,100,69,300,231,69,84,15,153,316,163,69,338,269,84,1638,S46a
69,184,115,101,201,100,53,137,84,78,300,222,79,101,22,147,463,316,84,416,332,85,1887,S46a
84,200,116,84,169,85,68,168,100,79,317,238,78,147,69,153,353,200,63,332,269,84,1770,S46a
69,184,115,85,169,84,63,163,100,70,285,215,85,100,15,153,300,147,69,338,269,63,1602,S46a
84,184,100,85,200,115,47,147,100,85,254,169,100,115,15,132,285,153,68,316,248,84,1585,S46a
85,201,116,69,169,100,69,131,62,85,285,200,100,85,-15,169,300,131,69,347,278,69,1587,S46a
84,201,117,100,184,84,69,169,100,62,263,201,100,122,22,147,231,84,85,332,247,69,1571,S46a
53,185,132,69,169,100,47,131,84,85,269,184,78,78,0,154,301,147,100,369,269,84,1586,S46a
68,184,116,85,185,100,53,153,100,62,278,216,101,139,38,147,278,131,69,353,284,85,1655,S46a
84,215,131,85,185,100,53,153,100,48,248,200,85,116,31,115,254,139,62,300,238,63,1534,S46a
54,185,131,85,169,84,62,162,100,69,254,185,69,116,47,137,184,47,69,300,231,53,1423,S46a
63,178,115,70,170,100,37,137,100,78,263,185,84,69,-15,162,285,123,84,378,294,69,1549,S46a
53,184,131,69,147,78,69,154,85,69,253,184,94,78,-16,122,269,147,69,301,232,84,1470,S46a
54,170,116,69,169,100,47,131,84,85,269,184,85,101,16,146,216,70,84,500,416,69,1625,S46a
69,169,100,78,183,105,55,136,81,80,279,199,89,81,-8,160,793,633,100,348,248,68,2057,S46a
53,169,116,68,153,85,62,147,85,85,285,200,84,69,-15,162,516,354,84,462,378,85,1886,S46a
69,169,100,78,178,100,54,154,100,68,269,201,78,47,-31,169,485,316,84,416,332,84,1802,S46a
62,184,122,78,179,101,69,169,100,84,353,269,115,78,-37,169,538,369,84,585,501,63,2149,S46a
79,201,122,78,163,85,69,153,84,84,748,664,69,138,69,178,332,154,100,347,247,84,2166,S46a
69,185,116,84,169,85,62,168,106,47,263,216,85,131,46,154,701,547,69,307,238,94,2018,S46a
84,200,116,84,169,85,62,162,100,69,238,169,100,131,31,147,269,122,63,301,238,84,1554,S46a
69,200,131,69,154,85,62,147,85,84,269,185,100,131,31,153,185,32,84,300,216,69,1455,S46a
84,185,101,84,169,85,68,168,100,79,279,200,69,154,85,147,185,38,84,431,347,69,1640,S46a
84,200,116,78,162,84,54,169,115,69,269,200,85,116,31,169,385,216,100,347,247,84,1732,S46a
54,169,115,85,170,85,63,147,84,85,285,200,100,84,-16,163,285,122,84,332,248,84,1556,S46a
62,163,101,100,184,84,69,169,100,84,285,201,100,116,16,162,247,85,84,316,232,100,1580,S46a
69,185,116,68,153,85,69,147,78,84,285,201,100,84,-16,154,254,100,78,316,238,78,1502,S46a
68,184,116,84,162,78,54,138,84,78,279,201,84,106,22,147,178,31,101,370,269,84,1501,S46a
78,194,116,69,169,100,68,169,101,68,268,200,116,100,-16,163,232,69,69,316,247,84,1532,S46a
53,185,132,68,168,100,47,132,85,100,2039,1939,101,279,178,154,270,116,68,300,232,85,3458,S46a
79,179,100,69,154,85,68,168,100,63,301,238,100,78,-22,169,801,632,69,354,285,84,2119,S46a
62,184,122,79,163,84,53,137,84,63,301,238,93,100,7,162,331,169,69,332,263,84,1632,S46a
85,185,100,85,170,85,69,185,116,62,284,222,100,116,16,163,263,100,69,338,269,84,1625,S46a
68,184,116,69,185,116,78,162,84,101,339,238,100,115,15,169,285,116,62,363,301,100,1733,S46a
69,185,116,78,162,84,69,169,100,69,316,247,100,100,0,169,385,216,100,385,285,69,1771,S46a
85,200,115,85,185,100,62,162,100,69,316,247,101,101,0,154,285,131,85,354,269,100,1703,S46a
84,184,100,85,163,78,69,153,84,85,332,247,100,116,16,185,322,137,79,564,485,84,1918,S46a
69,184,115,85,169,84,84,184,100,63,301,238,100,78,-22,185,269,84,85,332,247,85,1602,S46a
69,184,115,85,185,100,69,153,84,85,332,247,85,116,31,154,354,200,78,347,269,85,1756,S46a
62,200,138,78,162,84,69,169,100,85,570,485,78,116,38,162,685,523,94,463,369,85,2450,S46a
69,200,131,84,184,100,53,153,100,78,332,254,84,147,63,185,554,369,84,363,279,68,2001,S46a
84,195,111,90,190,100,69,153,84,85,332,247,101,116,15,169,685,516,85,354,269,78,2103,S46a
62,184,122,79,163,84,53,153,100,63,285,222,100,78,-22,185,270,85,68,331,263,69,1533,S46a
69,216,147,69,184,115,54,138,84,78,300,222,94,116,22,147,263,116,69,322,253,94,1633,S46a
69,201,132,84,169,85,62,147,85,69,532,463,84,954,870,153,184,31,63,416,353,85,2688,S46a
63,200,137,78,163,85,69,153,84,84,332,248,84,100,16,153,300,147,84,331,247,85,1664,S46a
69,185,116,84,184,100,53,153,100,78,301,223,100,116,16,162,262,100,69,354,285,84,1639,S46a
69,185,116,84,184,100,79,163,84,69,269,200,100,131,31,169,322,153,78,332,254,84,1670,S46a
84,200,116,84,169,85,62,162,100,69,261,192,95,116,21,175,251,76,71,333,262,85,1577,S46a
69,247,178,69,169,100,54,154,100,84,278,194,85,85,0,153,253,100,69,316,247,85,1587,S46a
69,200,131,69,154,85,69,153,84,78,247,169,100,116,16,169,216,47,100,338,238,62,1486,S46a
69,216,147,69,169,100,63,147,84,84,285,201,69,100,31,169,300,131,69,348,279,84,1649,S46a
69,201,132,69,169,100,68,168,100,63,279,216,84,84,0,169,254,85,84,332,248,68,1555,S46a
69,185,116,84,153,69,78,163,85,69,300,231,85,100,15,185,316,131,85,339,254,84,1640,S46a
69,185,116,68,184,116,63,147,84,85,339,254,100,100,0,147,347,200,84,338,254,94,1734,S46a
69,169,100,85,169,84,62,169,107,63,301,238,78,93,15,154,239,85,68,316,248,84,1540,S46a
69,231,162,69,169,100,53,185,132,69,263,194,85,85,0,169,369,200,100,354,254,78,1734,S46a
71,209,138,71,159,88,57,144,87,63,247,184,89,97,8,174,240,66,64,297,233,79,1472,S46a
101,172,71,168,128,-40,160,144,-16,128,1560,1432,80,448,368,104,256,152,104,216,112,96,3020,S45a
96,128,32,152,104,-48,160,168,8,136,928,792,80,368,288,88,336,248,96,296,200,88,2416,S45a
80,160,80,128,136,8,136,128,-8,112,720,608,88,321,233,79,312,233,86,239,153,64,2080,S45a
72,153,81,119,103,-16,160,128,-32,112,424,312,120,296,176,80,288,208,112,312,200,72,1776,S45a
80,176,96,152,120,-32,176,192,16,104,441,337,87,431,344,128,368,240,96,1072,976,104,2904,S45a
111,144,33,151,135,-16,152,121,-31,119,296,177,111,311,200,105,257,152,96,264,168,80,1608,S45a
104,600,496,139,120,-19,183,168,-15,127,448,321,104,312,208,87,296,209,104,248,144,80,2272,S45a
113,152,39,192,185,-7,151,208,57,104,216,112,152,696,544,104,240,136,128,352,224,96,2145,S45a
120,112,-8,168,128,-40,151,144,-7,104,224,120,128,368,240,104,328,224,128,264,136,88,1656,S45a
120,136,16,176,136,-40,152,144,-8,112,247,135,113,353,240,104,344,240,120,472,352,96,1928,S45a
136,128,-8,160,120,-40,168,184,16,96,368,272,111,1624,1513,88,368,280,136,392,256,96,3280,S45a
145,112,-33,160,96,-64,176,497,321,95,319,224,136,320,184,88,360,272,104,232,128,88,2024,S45a
128,136,8,136,72,-64,177,177,0,103,239,136,128,720,592,96,232,136,160,272,112,104,1952,S45a
130,130,0,151,87,-64,192,200,8,56,432,376,104,456,352,104,248,144,112,240,128,112,1905,S45a
104,144,40,136,104,-32,152,232,80,104,344,240,112,1432,1320,104,248,144,104,960,856,112,3576,S45a
112,128,16,120,56,-64,176,408,232,112,376,264,104,393,289,127,352,225,111,327,216,104,2144,S45a
127,111,-16,113,48,-65,192,200,8,136,289,153,159,384,225,104,271,167,112,264,152,104,1671,S45a
120,193,73,119,79,-40,176,233,57,95,248,153,135,344,209,111,232,121,127,255,128,88,1672,S45a
104,447,343,128,64,-64,168,201,33,127,487,360,97,801,704,104,224,120,120,296,176,96,2616,S45a
128,144,16,112,56,-56,184,287,103,105,313,208,128,408,280,104,256,152,112,272,160,88,1824,S45a
112,136,24,112,64,-48,168,176,8,112,224,112,136,336,200,120,232,112,120,248,128,104,1520,S45a
112,183,71,145,105,-40,168,240,72,104,232,128,128,552,424,96,240,144,128,304,176,96,1952,S45a
104,168,64,152,128,-24,184,240,56,112,304,192,128,760,632,104,248,144,112,272,160,80,2200,S45a
104,120,16,152,176,24,136,784,648,112,352,240,120,800,680,112,250,138,110,350,240,96,2928,S45a
103,95,-8,120,64,-56,168,176,8,120,208,88,152,336,184,112,192,80,135,248,113,104,1423,S45a
128,144,16,152,80,-72,208,415,207,126,337,211,127,480,353,120,296,176,104,280,176,104,2136,S45a
120,144,24,104,48,-56,184,240,56,112,3048,2936,112,712,600,104,233,129,103,223,120,103,4751,S45a
138,138,0,112,37,-75,187,194,7,120,209,89,119,303,184,120,233,113,128,255,127,104,1473,S45a
128,137,9,103,64,-39,175,168,-7,111,264,153,127,280,153,104,247,143,120,376,256,112,1648,S45a
112,168,56,160,168,8,176,344,168,113,256,143,112,248,136,128,304,176,112,232,120,104,1824,S45a
121,160,39,120,80,-40,160,153,-7,127,231,104,112,336,224,112,216,104,144,296,152,128,1600,S45a
136,168,32,121,56,-65,161,152,-9,120,200,80,152,288,136,128,216,88,136,256,120,128,1464,S45a
144,225,81,143,103,-40,168,160,-8,144,208,64,137,288,151,128,225,97,135,264,129,119,1592,S45a
128,184,56,128,72,-56,159,144,-15,144,272,128,144,280,136,152,280,128,128,280,152,128,1640,S45a
112,184,72,152,112,-40,144,120,-24,112,280,168,104,312,208,128,312,184,128,328,200,104,1752,S45a
127,104,-23,120,64,-56,184,144,-40,128,248,120,120,272,152,144,296,152,104,256,152,120,1504,S45a
112,144,32,168,144,-24,144,128,-16,120,248,128,128,304,176,128,248,120,128,352,224,120,1688,S45a
136,176,40,160,97,-63,159,143,-16,136,280,144,120,256,136,136,281,145,127,247,120,112,1592,S45a
153,152,-1,152,80,-72,184,160,-24,152,280,128,136,288,152,128,288,160,136,280,144,136,1664,S45a
159,119,-40,168,96,-72,177,136,-41,144,216,72,152,296,144,152,208,56,144,281,137,135,1487,S45a
143,599,456,152,160,8,128,88,-40,120,640,520,112,344,232,128,240,112,128,224,96,104,2399,S45a
136,160,24,192,176,-16,136,73,-63,119,232,113,119,263,144,128,265,137,128,208,80,111,1488,S45a
159,191,32,120,40,-80,176,120,-56,144,240,96,145,249,104,135,240,105,143,271,128,152,1503,S45a
152,152,0,119,64,-55,168,112,-56,119,272,153,160,224,64,127,263,136,120,289,169,152,1528,S45a
127,160,33,127,72,-55,160,120,-40,119,296,177,216,248,32,136,232,96,152,280,128,104,1512,S45a
152,159,7,145,73,-72,168,112,-56,136,232,96,127,280,153,152,247,95,128,257,129,104,1464,S45a
144,184,40,136,88,-48,176,80,-96,144,304,160,144,249,105,119,255,136,128,304,176,120,1584,S45a
160,152,-8,128,40,-88,200,120,-80,128,264,136,136,288,152,136,240,104,120,416,296,112,1632,S45a
160,104,-56,144,64,-80,192,120,-72,128,264,136,112,264,152,120,224,104,136,272,136,128,1440,S45a
128,88,-40,112,32,-80,184,152,-32,144,216,72,128,280,152,120,216,96,136,272,136,112,1368,S45a
152,192,40,128,48,-80,160,88,-72,136,320,184,144,248,104,128,280,152,104,256,152,112,1544,S45a
177,176,-1,136,72,-64,160,88,-72,152,256,104,160,304,144,136,200,64,128,288,160,88,1472,S45a
136,192,56,169,96,-73,112,72,-40,104,232,128,151,264,113,128,224,96,136,263,127,113,1456,S45a
136,200,64,128,56,-72,192,100,-92,132,276,144,136,272,136,136,264,128,152,232,80,128,1528,S45a
160,152,-8,177,88,-89,176,88,-88,112,288,176,144,272,128,144,240,96,128,312,184,120,1560,S45a
152,168,16,177,80,-97,208,96,-112,128,304,176,160,265,105,127,231,104,128,248,120,112,1504,S45a
152,144,-8,185,64,-121,209,120,-89,96,208,112,192,304,112,136,289,153,127,312,185,135,1576,S45a
183,120,-63,159,80,-79,199,112,-87,143,248,105,135,256,121,127,272,145,112,231,119,112,1431,S45a
152,143,-9,161,73,-88,200,88,-112,144,295,151,185,240,55,120,353,233,135,295,160,112,1599,S45a
159,151,-8,137,32,-105,201,129,-72,135,264,129,127,304,177,136,224,88,152,240,88,136,1480,S45a
170,143,-27,184,80,-104,192,104,-88,144,240,96,136,304,168,135,240,105,160,304,144,152,1567,S45a
159,167,8,129,24,-105,217,129,-88,136,312,176,120,328,208,104,256,152,112,304,192,128,1648,S45a
168,136,-32,152,72,-80,208,112,-96,104,2704,2600,96,1176,1080,128,144,16,144,344,200,112,4800,S45a
160,120,-40,160,56,-104,192,136,-56,120,264,144,136,296,160,128,224,96,120,264,144,120,1480,S45a
162,135,-27,136,48,-88,184,120,-64,128,248,120,128,256,128,128,312,184,136,280,144,136,1535,S45a
160,152,-8,144,56,-88,184,136,-48,128,256,128,120,256,136,136,336,200,136,344,208,120,1656,S45a
152,136,-16,152,56,-96,176,128,-48,120,216,96,136,336,200,120,216,96,144,256,112,112,1456,S45a
143,151,8,136,48,-88,176,96,-80,136,264,128,128,248,120,136,224,88,144,280,136,112,1423,S45a
144,177,33,160,80,-80,167,80,-87,111,215,104,136,312,176,136,376,240,128,352,224,120,1712,S45a
168,122,-46,142,54,-88,184,129,-55,135,256,121,135,279,144,136,265,129,151,224,73,111,1440,S45a
168,120,-48,200,88,-112,199,112,-87,143,255,112,128,329,201,120,232,112,152,264,112,127,1527,S45a
151,112,-39,184,80,-104,199,104,-95,104,272,168,159,288,129,128,304,176,111,240,129,104,1504,S45a
153,153,0,128,32,-96,216,104,-112,127,607,480,120,344,224,120,257,137,120,304,184,104,1905,S45a
151,128,-23,184,80,-104,192,104,-88,112,264,152,112,304,192,128,328,200,112,304,192,112,1624,S45a
144,152,8,136,48,-88,184,128,-56,128,224,96,128,336,208,128,336,208,120,248,128,136,1608,S45a
127,96,-31,152,72,-80,176,120,-56,104,232,128,120,336,216,128,264,136,128,248,120,127,1495,S45a
136,112,-24,144,64,-80,168,112,-56,112,216,104,112,296,184,121,280,159,120,288,168,112,1480,S45a
152,144,-8,144,64,-80,160,88,-72,112,240,128,120,288,168,136,280,144,136,288,152,144,1536,S45a
144,152,8,160,80,-80,168,112,-56,112,272,160,136,320,184,112,184,72,127,263,136,137,1520,S45a
121,121,0,167,79,-88,168,104,-64,104,217,113,143,351,208,144,344,200,104,232,128,104,1552,S45a
136,128,-8,161,80,-81,168,112,-56,112,200,88,144,320,176,152,248,96,128,240,112,128,1456,S45a
167,152,-15,159,95,-64,185,104,-81,128,281,153,144,271,127,136,233,97,151,264,113,112,1512,S45a
160,160,0,191,136,-55,183,96,-87,128,256,128,143,319,176,120,257,137,111,303,192,129,1656,S45a
128,168,40,160,104,-56,175,144,-31,136,264,128,144,352,208,127,264,137,120,407,287,129,1832,S45a
160,176,16,160,96,-64,191,168,-23,112,264,152,136,312,176,120,280,160,111,232,121,112,1640,S45a
151,144,-7,144,80,-64,176,144,-32,128,208,80,136,312,176,128,264,136,128,264,136,120,1536,S45a
144,184,40,167,112,-55,152,104,-48,144,224,80,128,312,184,128,287,159,129,241,112,128,1592,S45a
144,200,56,159,136,-23,160,2184,2024,112,432,320,120,520,400,128,208,80,144,240,96,128,4048,S45a
144,152,8,168,112,-56,168,192,24,160,216,56,144,336,192,136,216,80,136,399,263,129,1752,S45a
152,136,-16,200,144,-56,184,216,32,128,208,80,144,360,216,120,253,133,114,219,105,120,1656,S45a
152,168,16,160,104,-56,168,208,40,128,152,24,128,304,176,136,240,104,136,320,184,152,1648,S45a
128,200,72,176,144,-32,168,1401,1233,103,287,184,128,400,272,120,256,136,144,312,168,112,3112,S45a
143,111,-32,176,104,-72,144,104,-40,112,192,80,120,288,168,128,233,105,151,263,112,128,1423,S45a
172,144,-28,184,128,-56,152,112,-40,120,240,120,153,312,159,160,320,160,104,241,137,127,1624,S45a
161,169,8,151,71,-80,192,712,520,120,297,177,128,368,240,127,232,105,103,263,160,112,2224,S45a
129,177,48,167,152,-15,135,159,24,128,433,305,112,359,247,136,288,152,113,313,200,120,2001,S45a
128,160,32,176,104,-72,160,136,-24,128,176,48,144,368,224,112,280,168,104,232,128,112,1568,S45a
128,168,40,176,159,-17,177,1945,1768,96,1215,1119,92,319,227,101,260,159,128,296,168,104,4466,S45a
119,408,289,136,336,200,112,288,176,111,304,193,104,271,167,128,305,177,120,328,208,112,2352,S45a
120,304,184,128,280,152,104,328,224,120,280,160,128,352,224,128,863,735,105,337,232,104,2848,S45a
128,328,200,128,888,760,128,312,184,112,248,136,104,304,200,128,288,160,128,312,184,144,2824,S45a
96,151,55,128,152,24,160,193,33,119,296,177,95,247,152,112,297,185,88,208,120,111,1655,S45a
111,152,41,151,111,-40,160,152,-8,128,241,113,128,295,167,104,185,81,111,240,129,127,1503,S45a
121,201,80,138,120,-18,144,176,32,120,208,88,120,368,248,104,232,128,104,272,168,96,1673,S45a
80,120,40,152,176,24,152,216,64,112,200,88,119,296,177,112,280,168,104,224,120,104,1616,S45a
104,152,48,161,136,-25,151,128,-23,135,912,777,104,240,136,112,328,216,96,272,176,104,2272,S45a
104,200,96,136,272,136,128,352,224,112,224,112,104,288,184,136,312,176,104,272,168,88,2008,S45a
120,248,128,120,184,64,152,328,176,112,208,96,96,320,224,104,320,216,96,272,176,96,1976,S45a
104,232,128,144,816,672,104,215,111,113,289,176,112,288,176,120,232,112,103,256,153,104,2432,S45a
112,184,72,152,160,8,152,208,56,128,248,120,128,280,152,112,464,352,104,216,112,112,1872,S45a
103,136,33,152,208,56,160,704,544,104,832,728,88,239,151,113,313,200,96,232,136,105,2769,S45a
111,167,56,136,160,24,136,168,32,128,224,96,105,313,208,103,255,152,113,216,103,120,1623,S45a
105,176,71,144,665,521,87,176,89,111,239,128,88,289,201,120,256,136,128,231,103,120,2152,S45a
111,168,57,151,168,17,159,192,33,128,280,152,95,320,225,112,328,216,96,304,208,104,1864,S45a
103,112,9,144,136,-8,144,184,40,128,216,88,120,280,160,128,272,144,120,256,136,96,1552,S45a
112,152,40,153,128,-25,136,88,-48,127,304,177,119,304,185,128,264,136,104,224,120,144,1608,S45a
112,136,24,136,1536,1400,80,696,616,80,248,168,96,232,136,104,312,208,88,240,152,120,3520,S45a
119,184,65,144,80,-64,176,184,8,112,167,55,137,313,176,119,224,105,104,232,128,96,1480,S45a
112,152,40,159,144,-15,120,56,-64,104,240,136,136,296,160,112,385,273,79,255,176,104,1632,S45a
104,136,32,148,120,-28,144,224,80,112,224,112,136,328,192,104,312,208,112,328,216,104,1776,S45a
112,104,-8,168,256,88,112,656,544,96,304,208,96,1440,1344,104,192,88,112,248,136,104,3304,S45a
120,160,40,112,48,-64,168,176,8,120,224,104,136,296,160,113,168,55,112,240,128,104,1416,S45a
128,152,24,168,152,-16,144,72,-72,128,240,112,136,337,201,112,231,119,112,249,137,119,1552,S45a
128,144,16,160,105,-55,151,95,-56,121,248,127,128,336,208,113,232,119,96,216,120,104,1480,S45a
128,167,39,120,64,-56,176,145,-31,119,208,89,135,335,200,105,272,167,104,305,201,104,1600,S45a
119,151,32,184,112,-72,168,96,-72,120,224,104,144,321,177,120,248,128,104,272,168,128,1552,S45a
144,153,9,144,112,-32,160,128,-32,120,328,208,168,351,183,105,418,313,87,279,192,88,1857,S45a
128,152,24,144,176,32,152,160,8,104,200,96,136,272,136,128,232,104,80,392,312,104,1688,S45a
104,144,40,151,88,-63,168,176,8,120,224,104,128,288,160,104,264,160,104,256,152,104,1544,S45a
143,143,0,153,121,-32,135,120,-15,104,192,88,136,336,200,112,248,136,128,256,128,120,1536,S45a
136,145,9,151,95,-56,152,88,-64,120,256,136,136,344,208,120,280,160,152,296,144,128,1632,S45a
143,120,-23,168,136,-32,128,96,-32,120,288,168,144,328,184,112,280,168,96,280,184,112,1640,S45a
136,128,-8,128,48,-80,184,144,-40,112,216,104,120,320,200,103,264,161,112,272,160,128,1520,S45a
168,136,-32,168,160,-8,161,160,-1,136,192,56,128,304,176,128,248,120,112,240,128,112,1552,S45a
128,168,40,152,120,-32,128,96,-32,120,264,144,136,312,176,120,256,136,112,304,192,120,1640,S45a
152,160,8,153,97,-56,176,176,0,127,231,104,128,361,233,103,255,152,104,288,184,112,1680,S45a
128,143,15,154,120,-34,144,152,8,112,192,80,136,321,185,112,240,128,127,263,136,128,1559,S45a
127,103,-24,152,161,9,136,56,-80,111,247,136,137,305,168,112,327,215,104,257,153,111,1567,S45a
128,136,8,151,168,17,136,48,-88,120,280,160,152,320,168,128,232,104,112,263,151,120,1567,S45a
128,136,8,159,120,-39,160,80,-80,120,256,136,128,304,176,120,264,144,128,256,128,120,1536,S45a
144,151,7,128,65,-63,144,104,-40,104,272,168,160,432,272,96,344,248,104,280,176,104,1752,S45a
144,152,8,127,80,-47,151,120,-31,120,200,80,128,288,160,112,264,152,104,496,392,96,1696,S45a
152,128,-24,160,104,-56,160,96,-64,128,232,104,136,288,152,128,360,232,96,272,176,128,1608,S45a
136,192,56,136,80,-56,176,96,-80,120,248,128,152,352,200,128,608,480,96,344,248,120,2040,S45a
152,160,8,144,64,-80,175,135,-40,121,2513,2392,80,504,424,104,208,104,96,232,136,112,3928,S45a
144,136,-8,144,64,-80,152,112,-40,128,216,88,136,328,192,120,256,136,136,288,152,144,1544,S45a
120,88,-32,184,152,-32,160,56,-104,136,2016,1880,104,304,200,104,296,192,120,272,152,128,3312,S45a
153,169,16,160,135,-25,147,113,-34,119,271,152,128,265,137,111,263,152,120,304,184,120,1640,S45a
127,136,9,159,136,-23,111,55,-56,112,225,113,120,272,152,135,296,161,127,240,113,128,1488,S45a
136,160,24,192,127,-65,144,72,-72,104,281,177,128,352,224,127,848,721,103,816,713,112,2768,S45a
121,129,8,144,64,-80,160,128,-32,111,240,129,136,287,151,137,249,112,136,384,248,136,1617,S45a
152,152,0,160,64,-96,200,120,-80,111,224,113,136,312,176,128,359,231,104,297,193,136,1664,S45a
144,176,32,168,104,-64,160,72,-88,120,240,120,128,280,152,136,432,296,128,400,272,120,1824,S45a
160,112,-48,176,104,-72,168,80,-88,128,224,96,144,400,256,120,184,64,128,448,320,112,1664,S45a
143,136,-7,160,80,-80,184,112,-72,128,224,96,152,272,120,128,264,136,136,248,112,152,1488,S45a
137,169,32,177,120,-57,160,56,-104,119,256,137,136,280,144,136,360,224,120,376,256,128,1745,S45a
160,192,32,184,128,-56,168,89,-79,135,215,80,136,312,176,128,304,176,120,280,160,112,1632,S45a
168,176,8,161,88,-73,160,73,-87,103,407,304,120,296,176,128,385,257,119,999,880,112,2536,S45a
160,129,-31,135,63,-72,176,120,-56,120,233,113,127,319,192,128,232,104,136,288,152,128,1512,S45a
151,191,40,201,145,-56,167,56,-111,119,343,224,120,328,208,136,384,248,112,288,176,128,1863,S45a
151,119,-32,160,81,-79,159,88,-71,119,328,209,95,2024,1929,104,240,136,127,976,849,136,3992,S45a
127,144,17,160,104,-56,152,71,-81,129,313,184,136,288,152,128,343,215,112,265,153,128,1656,S45a
152,159,7,169,89,-80,167,80,-87,112,528,416,104,328,224,128,264,136,128,368,240,128,1944,S45a
144,160,16,168,104,-64,168,64,-104,120,304,184,136,320,184,144,328,184,120,224,104,128,1632,S45a
137,129,-8,160,112,-48,176,96,-80,112,1256,1144,104,504,400,120,184,64,120,376,256,104,2761,S45a
128,120,-8,152,96,-56,144,64,-80,120,304,184,104,328,224,112,288,176,136,256,120,120,1576,S45a
144,152,8,136,64,-72,176,112,-64,120,304,184,120,320,200,104,288,184,128,304,176,112,1656,S45a
129,113,-16,160,80,-80,168,104,-64,104,240,136,112,344,232,144,296,152,120,344,224,152,1673,S45a
128,200,72,176,112,-64,144,80,-64,120,224,104,136,304,168,136,240,104,104,224,120,128,1512,S45a
152,168,16,184,144,-40,152,97,-55,111,198,87,121,297,176,127,232,105,136,272,136,112,1520,S45a
144,192,48,169,136,-33,144,112,-32,112,240,128,112,321,209,119,200,81,111,263,152,112,1576,S45a
144,161,17,191,136,-55,167,63,-104,112,224,112,120,312,192,120,288,168,104,248,144,112,1544,S45a
160,152,-8,152,112,-40,176,120,-56,112,217,105,119,343,224,136,233,97,126,912,786,112,2201,S45a
159,145,-14,182,143,-39,143,128,-15,143,248,105,135,313,178,125,327,202,104,264,160,127,1695,S45a
127,144,17,175,104,-71,175,103,-72,129,241,112,136,272,136,136,312,176,127,280,153,143,1599,S45a
152,168,16,144,88,-56,200,144,-56,120,224,104,136,360,224,136,240,104,136,456,320,128,1808,S45a
153,161,8,160,104,-56,183,88,-95,120,272,152,144,272,128,128,312,184,112,240,128,136,1585,S45a
160,192,32,184,136,-48,160,104,-56,144,232,88,128,296,168,120,336,216,112,232,120,136,1664,S45a
168,136,-32,176,112,-64,200,192,-8,120,216,96,112,280,168,112,288,176,104,248,144,120,1592,S45a
152,128,-24,152,88,-64,176,104,-72,120,272,152,128,280,152,128,464,336,112,248,136,136,1720,S45a
136,88,-48,160,96,-64,176,128,-48,120,256,136,128,280,152,120,296,176,88,256,168,128,1528,S45a
160,120,-40,176,104,-72,177,176,-1,120,256,136,128,264,136,120,304,184,105,256,151,120,1600,S45a
160,184,24,184,128,-56,192,168,-24,136,296,160,136,265,129,127,303,176,112,464,352,160,1968,S45a
152,88,-64,184,112,-72,194,160,-34,128,256,128,104,280,176,128,272,144,112,360,248,112,1640,S45a
144,120,-24,152,96,-56,192,184,-8,144,288,144,112,256,144,120,296,176,112,296,184,120,1656,S45a
152,120,-32,176,112,-64,168,136,-32,128,232,104,128,280,152,120,296,176,112,504,392,128,1808,S45a
159,143,-16,176,145,-31,151,128,-23,127,255,128,128,281,153,119,215,96,113,297,184,111,1575,S45a
159,152,-7,199,119,-80,152,145,-7,111,200,89,111,304,193,112,240,128,111,312,201,103,1575,S45a
151,168,17,184,128,-56,167,112,-55,128,272,144,112,328,216,103,271,168,120,297,177,119,1695,S45a
159,152,-7,175,120,-55,184,160,-24,128,272,144,104,272,168,112,304,192,120,248,128,136,1664,S45a
151,135,-16,216,160,-56,184,80,-104,136,272,136,128,249,121,127,255,128,144,249,105,160,1560,S45a
136,80,-56,176,136,-40,168,112,-56,120,280,160,128,272,144,128,336,208,112,320,208,120,1656,S45a
144,80,-64,231,184,-47,128,104,-24,112,232,120,128,248,120,152,280,128,104,240,136,120,1488,S45a
168,136,-32,200,136,-64,224,192,-32,112,272,160,120,272,152,120,320,200,136,264,128,128,1720,S45a
159,120,-39,168,103,-65,168,153,-15,136,200,64,144,272,128,136,256,120,128,256,128,128,1488,S45a
176,112,-64,176,120,-56,184,120,-64,144,248,104,136,304,168,128,304,176,112,304,192,112,1624,S45a
152,128,-24,192,120,-72,176,104,-72,136,288,152,112,272,160,128,264,136,152,264,112,144,1584,S45a
142,128,-14,184,152,-32,176,144,-32,136,272,136,128,328,200,128,280,152,128,312,184,136,1752,S45a
144,105,-39,167,111,-56,185,160,-25,136,241,105,119,295,176,136,288,152,113,241,128,135,1576,S45a
168,104,-64,200,129,-71,175,151,-24,128,257,129,127,279,152,128,256,128,136,225,89,159,1560,S45a
168,112,-56,183,128,-55,191,136,-55,144,248,104,135,335,200,129,273,144,151,256,105,135,1623,S45a
94,151,57,168,176,8,130,96,-34,104,416,312,120,343,223,81,329,248,120,232,112,88,1831,S45a
95,80,-15,175,119,-56,160,97,-63,120,296,176,120,264,144,103,272,169,104,240,136,79,1447,S45a
112,128,16,176,120,-56,144,64,-80,112,264,152,120,240,120,104,216,112,104,208,104,88,1328,S45a
119,104,-15,160,96,-64,160,96,-64,112,240,128,112,280,168,104,232,128,96,224,128,104,1376,S45a
129,128,-1,144,104,-40,144,64,-80,120,272,152,112,264,152,104,264,160,88,192,104,104,1392,S45a
119,96,-23,192,136,-56,144,72,-72,112,224,112,104,280,176,104,232,128,120,207,87,105,1352,S45a
119,104,-15,176,112,-64,152,104,-48,104,192,88,120,312,192,104,296,192,96,232,136,96,1448,S45a
136,105,-31,159,88,-71,168,112,-56,120,223,103,128,312,184,113,169,56,104,216,112,104,1329,S45a
136,79,-57,201,137,-64,159,144,-15,104,168,64,120,304,184,104,184,80,112,248,136,104,1368,S45a
128,112,-16,201,144,-57,120,56,-64,88,240,152,120,272,152,112,264,152,112,240,128,120,1448,S45a
144,136,-8,152,96,-56,168,88,-80,112,216,104,128,312,184,104,232,128,112,216,104,112,1408,S45a
136,128,-8,168,112,-56,160,80,-80,112,264,152,104,240,136,96,232,136,120,232,112,104,1392,S45a
136,144,8,184,136,-48,144,80,-64,104,232,128,120,256,136,120,256,136,112,232,120,104,1440,S45a
136,120,-16,168,128,-40,152,48,-104,112,264,152,120,256,136,104,280,176,105,264,159,112,1472,S45a
144,112,-32,160,96,-64,160,80,-80,112,216,104,136,296,160,104,296,192,112,249,137,95,1440,S45a
144,63,-81,168,113,-55,175,120,-55,111,272,161,135,240,105,128,240,112,111,208,97,103,1359,S45a
152,103,-49,168,105,-63,168,96,-72,119,248,129,103,264,161,111,200,89,128,240,112,103,1359,S45a
155,119,-36,160,112,-48,161,81,-80,128,256,128,128,240,112,111,272,161,104,240,136,104,1424,S45a
136,104,-32,184,128,-56,175,112,-63,127,288,161,120,256,136,111,288,177,104,232,128,120,1528,S45a
128,120,-8,151,88,-63,167,96,-71,103,232,129,104,248,144,128,248,120,128,256,128,96,1384,S45a
120,104,-16,184,128,-56,136,56,-80,104,256,152,112,272,160,112,336,224,88,232,144,112,1496,S45a
128,136,8,168,120,-48,160,72,-88,112,248,136,128,336,208,128,216,88,136,216,80,128,1472,S45a
144,48,-96,192,152,-40,168,144,-24,112,176,64,136,296,160,120,256,136,104,208,104,104,1384,S45a
128,72,-56,176,136,-40,136,72,-64,120,272,152,120,272,152,120,344,224,112,336,224,128,1632,S45a
136,88,-48,184,144,-40,152,72,-80,112,248,136,128,256,128,111,216,105,112,248,136,104,1376,S45a
151,159,8,160,112,-48,152,120,-32,120,272,152,88,248,160,112,320,208,112,223,111,105,1559,S45a
127,111,-16,184,136,-48,160,88,-72,112,272,160,112,328,216,130,248,118,128,216,88,121,1520,S45a
161,153,-8,199,167,-32,143,128,-15,120,224,104,104,296,192,128,208,80,104,265,161,103,1544,S45a
136,144,8,176,144,-32,136,129,-7,120,280,160,103,248,145,104,455,351,104,473,369,103,1976,S45a
136,104,-32,192,160,-32,135,56,-79,135,256,121,143,287,144,129,241,112,104,232,128,104,1440,S45a
152,121,-31,176,144,-32,152,96,-56,120,248,128,135,304,169,119,240,121,104,399,295,104,1656,S45a
136,116,-20,179,164,-15,136,72,-64,128,288,160,112,272,160,111,248,137,104,231,127,121,1512,S45a
136,121,-15,208,160,-48,187,152,-35,119,232,113,128,328,200,120,184,64,128,264,136,104,1545,S45a
136,96,-40,200,152,-48,167,112,-55,136,248,112,144,280,136,120,272,152,88,200,112,96,1456,S45a
144,104,-40,184,144,-40,168,120,-48,112,216,104,136,256,120,128,208,80,136,272,136,112,1432,S45a
136,160,24,184,144,-40,168,120,-48,120,224,104,104,240,136,104,240,136,120,256,136,104,1488,S45a
159,144,-15,208,168,-40,168,120,-48,128,232,104,111,256,145,128,224,96,112,424,312,104,1672,S45a
136,96,-40,184,144,-40,176,152,-24,128,240,112,136,264,128,120,208,88,136,336,200,128,1568,S45a
139,104,-35,224,208,-16,176,168,-8,136,200,64,136,328,192,128,328,200,104,240,136,120,1696,S45a
136,112,-24,176,152,-24,152,136,-16,120,176,56,128,280,152,128,192,64,136,272,136,120,1440,S45a
160,128,-32,176,136,-40,152,96,-56,128,208,80,128,264,136,120,216,96,128,232,104,112,1392,S45a
152,168,16,199,168,-31,168,88,-80,136,248,112,112,248,136,128,233,105,127,215,88,112,1480,S45a
152,160,8,208,168,-40,152,88,-64,144,304,160,144,368,224,128,1000,872,88,440,352,112,2640,S45a
144,96,-48,200,128,-72,184,104,-80,128,264,136,112,225,113,119,256,137,119,231,112,128,1432,S45a
119,64,-55,183,208,25,183,144,-39,136,656,520,80,264,184,103,280,177,95,232,137,111,1959,S45a
143,88,-55,168,112,-56,192,160,-32,119,232,113,87,272,185,112,184,72,136,248,112,104,1400,S45a
152,112,-40,184,136,-48,160,136,-24,128,232,104,120,272,152,120,208,88,136,216,80,104,1416,S45a
143,112,-31,192,152,-40,184,152,-32,120,200,80,104,288,184,128,216,88,120,272,152,112,1504,S45a
152,128,-24,160,96,-64,192,160,-32,128,224,96,128,415,287,113,161,48,128,280,152,136,1600,S45a
136,128,-8,200,152,-48,168,104,-64,128,232,104,136,256,120,128,288,160,112,256,144,112,1528,S45a
144,104,-40,192,144,-48,192,160,-32,144,224,80,135,288,153,128,224,96,120,272,152,112,1528,S45a
168,112,-56,211,176,-35,152,136,-16,112,167,55,137,273,136,136,248,112,144,240,96,112,1464,S45a
150,135,-15,176,136,-40,168,96,-72,128,256,128,128,248,120,120,232,112,112,272,160,128,1503,S45a
152,104,-48,168,136,-32,120,73,-47,111,310,199,129,313,184,128,2552,2424,112,416,304,120,4024,S45a
135,103,-32,312,313,1,143,88,-55,135,975,840,113,385,272,111,223,112,144,209,65,119,2415,S45a
137,104,-33,184,137,-47,159,72,-87,119,288,169,127,248,121,119,400,281,119,280,161,119,1648,S45a
135,144,9,207,176,-31,152,80,-72,136,272,136,111,264,153,127,280,153,112,272,160,143,1631,S45a
127,160,33,184,152,-32,152,88,-64,136,263,127,129,281,152,128,208,80,127,216,89,127,1495,S45a
152,160,8,184,128,-56,167,136,-31,120,207,87,129,297,168,112,143,31,137,241,104,120,1432,S45a
167,160,-7,224,192,-32,184,120,-64,160,328,168,112,296,184,128,272,144,128,232,104,112,1712,S45a
152,128,-24,176,128,-48,176,152,-24,128,216,88,128,304,176,120,200,80,112,224,112,112,1464,S45a
176,168,-8,176,144,-32,169,144,-25,128,224,96,120,280,160,112,200,88,112,232,120,104,1496,S45a
160,104,-56,184,128,-56,176,136,-40,120,184,64,136,312,176,120,232,112,136,264,128,128,1488,S45a
144,104,-40,160,120,-40,160,120,-40,136,248,112,128,1728,1600,104,200,96,120,256,136,128,2904,S45a
159,104,-55,176,128,-48,152,104,-48,136,232,96,136,272,136,128,192,64,136,208,72,136,1376,S45a
148,128,-20,176,120,-56,184,136,-48,128,232,104,113,241,128,128,216,88,128,208,80,120,1401,S45a
144,128,-16,168,136,-32,176,64,-112,144,272,128,136,272,136,112,297,185,159,288,129,119,1576,S45a
152,160,8,168,144,-24,168,120,-48,152,248,96,112,240,128,144,240,96,120,225,105,119,1496,S45a
152,144,-8,173,146,-27,142,70,-72,120,208,88,136,240,104,128,241,113,127,232,105,111,1392,S45a
135,119,-16,160,121,-39,143,88,-55,119,207,88,120,304,184,120,201,81,119,184,65,127,1351,S45a
144,137,-7,175,152,-23,167,111,-56,136,264,128,129,297,168,128,784,656,127,287,160,128,2160,S45a
151,136,-15,167,136,-31,168,176,8,120,208,88,88,288,200,111,216,105,120,264,144,111,1535,S45a
134,126,-8,167,136,-31,160,160,0,144,223,79,121,329,208,112,224,112,128,224,96,120,1542,S45a
128,168,40,152,168,16,168,256,88,136,192,56,111,248,137,120,248,128,120,232,112,168,1680,S45a
144,152,8,168,112,-56,184,144,-40,144,208,64,120,296,176,120,280,160,128,856,728,112,2160,S45a
151,136,-15,180,160,-20,144,104,-40,144,248,104,112,352,240,120,360,240,104,792,688,120,2272,S45a
114,2432,2318,88,176,88,104,168,64,112,304,192,96,248,152,112,232,120,120,240,120,112,3912,S45a
112,104,-8,152,112,-40,168,136,-32,136,296,160,80,248,168,112,264,152,104,200,96,128,1488,S45a
119,112,-7,159,127,-32,146,146,0,119,223,104,122,272,150,104,209,105,111,223,112,120,1432,S45a
136,128,-8,160,136,-24,160,168,8,112,217,105,111,263,152,112,272,160,96,472,376,120,1776,S45a
112,104,-8,128,88,-40,176,232,56,128,184,56,112,305,193,111,207,96,111,353,242,111,1584,S45a
151,175,24,144,136,-8,153,120,-33,136,288,152,64,249,185,111,191,80,120,249,129,111,1519,S45a
127,136,9,176,151,-25,160,153,-7,143,232,89,103,280,177,127,207,80,128,280,152,128,1567,S45a
145,201,56,160,160,0,136,103,-33,129,289,160,103,239,136,112,305,193,104,264,160,128,1689,S45a
112,168,56,167,152,-15,152,216,64,128,1400,1272,56,263,207,137,393,256,120,312,192,104,3008,S45a
128,128,0,128,136,8,160,200,40,120,200,80,80,320,240,104,208,104,104,248,144,112,1552,S45a
128,184,56,168,144,-24,152,176,24,120,184,64,104,304,200,120,232,112,112,288,176,128,1640,S45a
120,152,32,153,153,0,183,263,80,144,216,72,128,296,168,112,240,128,112,200,88,120,1640,S45a
144,160,16,167,152,-15,168,112,-56,144,224,80,128,288,160,128,264,136,96,208,112,112,1520,S45a
129,161,32,167,160,-7,160,136,-24,136,200,64,128,296,168,112,200,88,144,224,80,128,1505,S45a
168,544,376,104,232,128,136,264,128,104,432,328,104,752,648,112,288,176,128,280,152,104,2896,S45a
128,136,8,152,128,-24,128,79,-49,113,241,128,112,240,128,112,272,160,128,208,80,112,1416,S45a
120,88,-32,192,160,-32,160,128,-32,136,296,160,112,256,144,112,288,176,104,224,120,104,1544,S45a
136,184,48,168,169,1,167,175,8,128,216,88,112,312,200,104,216,112,136,192,56,112,1576,S45a
127,113,-14,175,143,-32,176,192,16,153,217,64,111,247,136,120,264,144,112,201,89,111,1488,S45a
120,88,-32,151,112,-39,167,112,-55,120,280,160,80,223,143,112,249,137,112,176,64,104,1344,S45a
143,176,33,160,112,-48,143,96,-47,128,264,136,111,224,113,104,256,152,120,200,80,111,1439,S45a
119,144,25,176,136,-40,168,144,-24,128,232,104,120,272,152,112,648,536,96,344,248,104,2024,S45a
104,160,56,144,144,0,135,144,9,128,208,80,96,296,200,104,216,112,128,224,96,112,1504,S45a
112,120,8,168,136,-32,168,168,0,128,184,56,120,280,160,112,248,136,136,232,96,104,1472,S45a
103,88,-15,168,248,80,104,344,240,104,896,792,104,320,216,112,280,168,127,280,153,104,2560,S45a
129,128,-1,168,136,-32,192,176,-16,136,248,112,80,280,200,104,232,128,128,208,80,104,1512,S45a
102,126,24,184,136,-48,160,136,-24,112,336,224,159,248,89,95,216,121,112,279,167,80,1557,S45a
106,120,14,152,80,-72,152,72,-80,104,296,192,136,264,128,112,272,160,88,216,128,128,1448,S45a
104,112,8,144,112,-32,136,80,-56,112,256,144,128,208,80,112,208,96,104,208,104,104,1288,S45a
128,128,0,161,129,-32,128,64,-64,104,216,112,136,222,86,98,210,112,96,224,128,104,1297,S45a
127,135,8,161,113,-48,176,128,-48,80,240,160,136,216,80,120,184,64,104,224,120,104,1344,S45a
120,128,8,128,88,-40,168,88,-80,104,216,112,104,240,136,136,248,112,127,239,112,105,1352,S45a
127,119,-8,129,64,-65,176,97,-79,104,311,207,136,240,104,113,193,80,128,264,136,113,1401,S45a
137,129,-8,137,80,-57,160,96,-64,104,239,135,129,225,96,120,272,152,112,216,104,104,1361,S45a
136,128,-8,144,56,-88,176,120,-56,112,184,72,128,306,178,110,224,114,110,206,96,104,1328,S45a
136,128,-8,144,64,-80,176,105,-71,103,239,136,120,232,112,112,216,104,104,224,120,108,1316,S45a
136,112,-24,168,96,-72,176,120,-56,112,200,88,112,248,136,120,184,64,112,216,104,104,1280,S45a
137,104,-33,168,137,-31,151,111,-40,104,232,128,120,224,104,104,232,128,96,208,112,113,1361,S45a
136,113,-23,167,128,-39,135,56,-79,112,224,112,127,256,129,120,192,72,104,224,120,111,1304,S45a
136,113,-23,159,104,-55,168,72,-96,111,375,264,24,1377,1353,88,176,88,120,256,136,112,2585,S45a
119,96,-23,160,80,-80,184,136,-48,112,208,96,135,312,177,104,168,64,120,272,152,104,1376,S45a
130,105,-25,160,104,-56,143,136,-7,104,184,80,120,352,232,104,192,88,112,336,224,96,1505,S45a
120,112,-8,160,88,-72,175,128,-47,112,232,120,120,272,152,104,232,128,120,224,104,104,1392,S45a
136,128,-8,144,56,-88,184,136,-48,104,192,88,120,280,160,104,232,128,104,192,88,104,1320,S45a
120,112,-8,152,88,-64,167,152,-15,104,176,72,112,304,192,112,208,96,128,224,96,96,1360,S45a
120,88,-32,160,120,-40,159,128,-31,144,192,48,127,336,209,104,160,56,128,232,104,96,1352,S45a
144,112,-32,176,120,-56,176,120,-56,128,936,808,80,280,200,120,248,128,128,264,136,104,2184,S45a
120,112,-8,160,88,-72,152,88,-64,120,272,152,120,272,152,112,272,160,120,248,128,104,1456,S45a
120,104,-16,168,104,-64,176,144,-32,112,240,128,104,264,160,104,184,80,120,240,120,104,1384,S45a
128,105,-23,151,87,-64,153,145,-8,111,191,80,112,272,160,112,200,88,112,216,104,112,1328,S45a
144,112,-32,160,80,-80,185,185,0,103,167,64,112,312,200,121,216,95,104,208,104,120,1400,S45a
144,112,-32,168,112,-56,160,120,-40,112,216,104,128,264,136,112,200,88,128,232,104,121,1377,S45a
128,135,7,152,121,-31,146,120,-26,103,239,136,120,329,209,119,256,137,116,231,115,112,1543,S45a
135,112,-23,167,128,-39,183,144,-39,103,208,105,111,240,129,95,280,185,87,200,113,104,1416,S45a
129,145,16,136,80,-56,175,160,-15,112,216,104,128,304,176,103,232,129,111,224,113,112,1473,S45a
152,144,-8,160,120,-40,176,176,0,112,296,184,120,256,136,112,208,96,120,224,104,120,1544,S45a
144,129,-15,152,95,-57,161,153,-8,112,200,88,128,256,128,104,208,104,128,208,80,128,1377,S45a
128,160,32,167,128,-39,144,152,8,128,208,80,152,264,112,112,192,80,128,280,152,112,1496,S45a
112,120,8,176,144,-32,176,168,-8,136,248,112,120,256,136,112,224,112,112,192,80,104,1456,S45a
136,104,-32,160,120,-40,192,208,16,120,176,56,120,376,256,104,144,40,136,264,128,112,1504,S45a
144,120,-24,177,152,-25,168,160,-8,112,200,88,128,280,152,96,184,88,128,208,80,104,1408,S45a
120,536,416,88,336,248,106,368,262,103,456,353,88,232,144,112,312,200,136,240,104,88,2568,S45a
111,87,-24,152,88,-64,144,160,16,112,217,105,95,271,176,112,448,336,104,673,569,103,2047,S45a
119,112,-7,136,87,-49,160,153,-7,111,240,129,111,288,177,95,200,105,112,248,136,112,1440,S45a
113,112,-1,168,120,-48,159,128,-31,111,216,105,119,272,153,111,160,49,136,247,111,89,1344,S45a
128,152,24,152,104,-48,159,184,25,111,167,56,113,305,192,112,168,56,112,216,104,112,1408,S45a
128,120,-8,176,136,-40,176,96,-80,111,264,153,104,232,128,112,232,120,104,216,112,103,1399,S45a
104,144,40,168,136,-32,175,256,81,112,144,32,128,354,226,102,142,40,136,248,112,87,1511,S45a
121,113,-8,186,152,-34,168,176,8,120,207,87,113,273,160,104,224,120,112,216,104,80,1441,S45a
136,129,-7,168,136,-32,167,152,-15,96,176,80,112,248,136,120,183,63,128,273,145,88,1385,S45a
152,128,-24,179,144,-35,168,184,16,112,184,72,136,1384,1248,112,328,216,104,1136,1032,96,3584,S45a
129,128,-1,128,64,-64,160,128,-32,112,216,104,88,248,160,104,240,136,104,208,104,104,1336,S45a
128,136,8,128,64,-64,176,152,-24,112,200,88,120,232,112,104,216,112,88,208,120,96,1304,S45a
144,136,-8,144,96,-48,152,136,-16,120,216,96,152,256,104,104,200,96,120,224,104,104,1368,S45a
138,138,0,167,127,-40,168,88,-80,120,248,128,144,264,120,128,208,80,112,248,136,104,1425,S45a
127,143,16,168,129,-39,144,144,0,127,199,72,136,273,137,111,239,128,104,257,153,95,1479,S45a
129,129,0,151,104,-47,151,111,-40,128,296,168,152,240,88,96,249,153,111,231,120,129,1489,S45a
152,136,-16,160,129,-31,176,184,8,151,256,105,96,280,184,127,296,169,95,374,279,89,1744,S45a
120,127,7,152,105,-47,167,160,-7,119,200,81,128,256,128,119,176,57,104,240,136,120,1384,S45a
135,104,-31,144,96,-48,176,184,8,112,200,88,112,256,144,104,232,128,104,208,104,112,1392,S45a
136,129,-7,120,64,-56,191,184,-7,120,200,80,120,280,160,104,200,96,96,248,152,112,1417,S45a
136,112,-24,176,136,-40,168,168,0,112,208,96,128,288,160,136,336,200,88,264,176,120,1632,S45a
120,128,8,160,112,-48,160,152,-8,112,208,96,128,272,144,112,312,200,104,184,80,104,1472,S45a
136,104,-32,144,112,-32,168,160,-8,112,184,72,120,296,176,104,256,152,104,384,280,112,1608,S45a
136,104,-32,160,112,-48,160,104,-56,120,224,104,104,272,168,120,224,104,96,240,144,104,1384,S45a
128,120,-8,152,96,-56,152,120,-32,112,200,88,120,272,152,112,184,72,104,216,112,128,1336,S45a
136,144,8,144,72,-72,176,160,-16,128,216,88,128,304,176,120,208,88,112,281,169,111,1496,S45a
152,128,-24,160,97,-63,175,159,-16,128,224,96,136,264,128,112,248,136,112,241,129,135,1496,S45a
128,264,136,104,528,424,128,224,96,112,656,544,88,296,208,120,264,144,128,280,152,112,2624,S45a
135,120,-15,135,72,-63,151,103,-48,128,257,129,127,271,144,120,273,153,119,247,128,105,1448,S45a
136,97,-39,128,72,-56,160,168,8,112,184,72,112,272,160,120,151,31,145,305,160,119,1368,S45a
127,136,9,104,40,-64,176,184,8,112,191,79,129,273,144,103,216,113,112,272,160,104,1416,S45a
143,136,-7,168,113,-55,167,127,-40,120,336,216,152,272,120,112,352,240,104,216,112,112,1664,S45a
136,104,-32,159,128,-31,167,80,-87,119,248,129,136,256,120,112,288,176,88,216,128,112,1432,S45a
168,128,-40,168,112,-56,167,152,-15,120,192,72,112,272,160,104,176,72,112,232,120,112,1376,S45a
143,128,-15,168,128,-40,160,96,-64,144,248,104,136,272,136,120,552,432,104,312,208,112,1848,S45a
144,88,-56,208,136,-72,184,192,8,128,144,16,136,328,192,120,176,56,128,216,88,120,1400,S45a
152,120,-32,160,112,-48,160,128,-32,112,192,80,128,304,176,128,208,80,128,224,96,120,1408,S45a
144,120,-24,176,128,-48,160,104,-56,136,248,112,128,280,152,128,224,96,128,240,112,120,1464,S45a
152,112,-40,160,104,-56,176,120,-56,128,256,128,128,272,144,120,280,160,120,216,96,128,1488,S45a
159,128,-31,184,128,-56,168,136,-32,128,192,64,144,296,152,104,328,224,104,336,232,128,1672,S45a
163,136,-27,184,152,-32,160,168,8,120,256,136,104,280,176,104,240,136,104,448,344,104,1784,S45a
135,120,-15,168,120,-48,136,105,-31,135,311,176,96,193,97,103,159,56,120,257,137,111,1376,S45a
152,129,-23,175,136,-39,135,96,-39,135,264,129,127,231,104,104,177,73,127,192,65,111,1336,S45a
136,111,-25,169,121,-48,135,103,-32,121,249,128,95,288,193,120,176,56,127,232,105,112,1392,S45a
150,95,-55,192,145,-47,168,160,-8,112,168,56,136,288,152,127,152,25,112,240,128,120,1368,S45a
143,80,-63,192,152,-40,175,168,-7,152,176,24,128,376,248,128,216,88,128,288,160,127,1583,S45a
151,136,-15,168,144,-24,143,87,-56,121,257,136,128,232,104,119,152,33,120,232,112,111,1351,S45a
151,135,-16,169,129,-40,160,127,-33,137,201,64,136,280,144,112,152,40,112,280,168,104,1408,S45a
152,160,8,187,152,-35,144,88,-56,128,256,128,104,224,120,136,312,176,88,232,144,104,1528,S45a
152,104,-48,160,200,40,168,216,48,135,128,-7,128,328,200,120,208,88,120,256,136,112,1552,S45a
144,88,-56,168,152,-16,176,192,16,136,144,8,128,312,184,112,136,24,128,232,104,112,1368,S45a
160,104,-56,200,176,-24,159,151,-8,129,209,80,96,280,184,128,320,192,112,208,96,112,1560,S45a
96,457,361,96,128,32,128,1152,1024,96,1048,952,40,432,392,80,112,32,64,240,176,104,3673,S43a
128,96,-32,152,145,-7,88,488,400,104,1104,1000,64,496,432,96,96,0,80,352,272,112,2889,S43a
112,88,-24,120,176,56,80,136,56,88,568,480,56,152,96,120,152,32,56,216,160,88,1576,S43a
96,136,40,64,176,112,56,120,64,80,496,416,32,200,168,112,176,64,47,296,249,95,1695,S43a
64,64,0,88,160,72,72,120,48,88,296,208,82,176,94,120,560,440,56,168,112,104,1648,S43a
119,112,-7,128,144,16,96,136,40,96,896,800,56,160,104,96,167,71,64,184,120,113,1912,S43a
128,112,-16,95,176,81,88,128,40,96,336,240,63,184,121,128,840,712,40,104,64,128,2008,S43a
143,96,-47,119,79,-40,152,192,40,80,305,225,79,248,169,128,184,56,40,264,224,152,1520,S43a
128,88,-40,144,112,-32,136,112,-24,112,504,392,72,200,128,96,136,40,64,336,272,128,1616,S43a
128,112,-16,112,88,-24,160,144,-16,104,552,448,80,224,144,96,120,24,56,160,104,112,1512,S43a
120,96,-24,136,96,-40,136,112,-24,104,264,160,96,192,96,144,255,111,64,241,177,119,1375,S43a
159,112,-47,128,80,-48,144,184,40,96,656,560,80,136,56,88,168,80,64,296,232,112,1744,S43a
112,88,-24,136,104,-32,144,88,-56,104,296,192,88,160,72,96,160,64,87,272,185,72,1240,S43a
112,96,-16,128,88,-40,127,143,16,88,185,97,103,224,121,80,136,56,72,272,200,96,1240,S43a
112,136,24,88,64,-24,120,168,48,72,184,112,88,184,96,96,432,336,64,184,120,79,1431,S43a
88,144,56,112,72,-40,120,160,40,80,176,96,96,200,104,96,152,56,40,224,184,80,1208,S43a
104,112,8,112,80,-32,120,144,24,80,192,112,88,168,80,112,184,72,64,320,256,96,1296,S43a
136,112,-24,104,64,-40,144,168,24,88,184,96,96,184,88,104,152,48,79,200,121,80,1144,S43a
104,96,-8,112,72,-40,128,152,24,88,184,96,72,184,112,72,128,56,56,184,128,96,1096,S43a
104,104,0,104,64,-40,120,136,16,88,192,104,72,152,80,96,152,56,64,176,112,112,1088,S43a
88,80,-8,144,72,-72,160,144,-16,80,528,448,88,136,48,120,168,48,56,344,288,88,1560,S43a
136,120,-16,136,80,-56,144,136,-8,80,208,128,96,192,96,144,168,24,56,216,160,72,1192,S43a
112,120,8,136,88,-48,128,120,-8,64,208,144,88,168,80,80,144,64,88,168,80,96,1112,S43a
96,112,16,120,80,-40,128,144,16,80,192,112,88,168,80,104,144,40,80,184,104,88,1112,S43a
96,104,8,144,112,-32,112,120,8,64,184,120,88,168,80,88,160,72,88,168,80,112,1128,S43a
112,112,0,135,96,-39,112,136,24,64,160,96,104,168,64,96,112,16,80,208,128,96,1088,S43a
120,120,0,128,88,-40,112,136,24,72,184,112,96,152,56,88,152,64,80,232,152,104,1168,S43a
112,80,-32,120,72,-48,120,176,56,64,368,304,72,152,80,80,192,112,55,200,145,88,1328,S43a
112,120,8,120,72,-48,160,224,64,72,176,104,88,152,64,88,184,96,80,152,72,96,1176,S43a
112,104,-8,128,80,-48,128,160,32,47,168,121,63,408,345,103,104,1,72,216,144,80,1320,S43a
88,120,32,128,80,-48,128,128,0,64,176,112,96,136,40,80,136,56,88,192,104,79,1047,S43a
120,96,-24,136,88,-48,112,136,24,56,160,104,72,216,144,96,112,16,80,200,120,72,1080,S43a
88,80,-8,135,96,-39,104,120,16,63,144,81,88,160,72,104,160,56,64,224,160,80,1064,S43a
88,88,0,119,72,-47,112,152,40,64,136,72,120,176,56,64,112,48,80,192,112,80,1008,S43a
112,88,-24,136,88,-48,128,136,8,64,160,96,104,176,72,96,128,32,72,224,152,63,1063,S43a
120,120,0,152,96,-56,120,128,8,55,520,465,72,160,88,104,144,40,64,200,136,96,1464,S43a
104,80,-24,128,88,-40,120,168,48,56,352,296,72,136,64,120,160,40,72,216,144,80,1280,S43a
104,72,-32,144,88,-56,112,128,16,64,160,96,88,232,144,80,192,112,104,200,96,88,1160,S43a
96,127,31,121,73,-48,103,112,9,63,176,113,112,136,24,95,144,49,87,176,89,88,1032,S43a
136,176,40,104,16,-88,152,416,264,96,840,744,48,144,96,88,152,64,64,176,112,88,2008,S43a
72,80,8,151,120,-31,120,160,40,64,152,88,80,216,136,104,112,8,80,240,160,119,1199,S43a
128,64,-64,168,104,-64,136,176,40,72,5191,5119,72,152,80,104,112,8,80,184,104,88,6071,S43a
112,120,8,128,64,-64,120,128,8,56,176,120,104,168,64,128,160,32,80,216,136,64,1096,S43a
104,88,-16,144,104,-40,88,128,40,32,128,96,96,152,56,104,848,744,72,128,56,56,1632,S43a
72,104,32,128,104,-24,72,72,0,64,168,104,112,168,56,104,152,48,56,144,88,88,1000,S43a
80,88,8,144,136,-8,88,96,8,64,152,88,88,144,56,96,144,48,64,184,120,72,1016,S43a
96,104,8,112,64,-48,112,144,32,72,120,48,104,160,56,96,96,0,96,208,112,80,976,S43a
72,80,8,128,73,-55,112,144,32,72,168,96,104,128,24,112,271,159,121,305,184,71,1240,S43a
80,80,0,152,120,-32,96,72,-24,80,176,96,88,168,80,112,128,16,80,224,144,72,1040,S43a
95,88,-7,136,96,-40,88,112,24,56,152,96,112,160,48,80,144,64,88,224,136,112,1088,S43a
80,72,-8,136,96,-40,72,112,40,64,192,128,120,184,64,119,136,17,72,208,136,64,1064,S43a
104,112,8,119,88,-31,103,112,9,64,168,104,88,160,72,87,136,49,56,224,168,111,1111,S43a
104,104,0,159,96,-63,119,112,-7,64,224,160,80,128,48,120,144,24,88,224,136,80,1112,S43a
88,72,-16,136,88,-48,104,136,32,48,144,96,88,160,72,96,144,48,56,184,128,96,1024,S43a
104,80,-24,144,96,-48,88,112,24,48,152,104,96,136,40,112,152,40,72,176,104,80,984,S43a
112,104,-8,144,88,-56,120,144,24,56,144,88,88,136,48,63,128,65,71,183,112,88,1015,S43a
135,96,-39,167,112,-55,135,672,537,48,200,152,80,184,104,96,96,0,72,256,184,64,1680,S43a
96,72,-24,152,88,-64,111,160,49,56,624,568,55,112,57,87,176,89,64,200,136,64,1496,S43a
80,96,16,144,80,-64,120,136,16,56,576,520,56,80,24,96,192,96,80,184,104,80,1424,S43a
72,56,-16,152,104,-48,96,112,16,40,136,96,112,176,64,96,160,64,96,280,184,88,1112,S43a
88,96,8,160,96,-64,120,96,-24,80,200,120,96,104,8,72,184,112,71,208,137,39,1023,S43a
119,176,57,152,88,-64,120,144,24,120,200,80,120,168,48,88,136,48,88,192,104,104,1208,S43a
88,80,-8,136,72,-64,144,144,0,40,192,152,112,208,96,128,152,24,64,200,136,112,1160,S43a
48,960,912,104,128,24,112,24,-88,96,768,672,64,88,24,95,240,145,72,136,64,88,2432,S43a
104,120,16,127,72,-55,112,136,24,72,176,104,120,160,40,152,128,-24,104,208,104,72,1072,S43a
104,56,-48,159,112,-47,120,152,32,64,128,64,120,160,40,128,152,24,128,184,56,112,1056,S43a
104,80,-24,160,104,-56,144,96,-48,88,232,144,104,104,0,128,200,72,104,239,135,97,1152,S43a
104,120,16,176,1128,952,72,120,48,48,208,160,80,152,72,120,160,40,64,184,120,88,2160,S43a
121,129,8,96,72,-24,119,176,57,55,128,73,103,175,72,128,112,-16,80,209,129,71,1072,S43a
119,112,-7,143,80,-63,135,168,33,79,159,80,104,177,73,111,176,65,87,232,145,64,1168,S43a
64,73,9,135,104,-31,103,112,9,55,160,105,96,216,120,96,48,-48,80,320,240,95,1128,S43a
104,168,64,143,96,-47,120,128,8,71,224,153,88,144,56,120,176,56,72,224,152,80,1240,S43a
112,80,-32,175,136,-39,127,144,17,63,168,105,103,231,128,144,152,8,96,224,128,112,1247,S43a
96,120,24,136,80,-56,127,160,33,71,152,81,95,191,96,120,129,9,79,248,169,103,1183,S43a
128,112,-16,152,96,-56,160,192,32,55,368,313,79,168,89,127,240,113,79,136,57,112,1424,S43a
112,96,-16,151,96,-55,128,144,16,64,160,96,112,168,56,160,184,24,88,168,80,96,1112,S43a
64,88,24,144,104,-40,129,81,-48,79,264,185,71,184,113,111,184,73,72,232,160,55,1192,S43a
112,88,-24,152,96,-56,128,136,8,88,336,248,128,280,152,128,560,432,63,160,97,71,1727,S43a
96,96,0,144,88,-56,103,120,17,72,152,80,88,176,88,96,128,32,80,176,96,72,1008,S43a
112,104,-8,144,96,-48,103,112,9,71,168,97,104,200,96,119,168,49,80,216,136,80,1144,S43a
104,80,-24,167,112,-55,112,112,0,79,152,73,104,168,64,96,128,32,87,168,81,88,1008,S43a
119,120,1,192,135,-57,112,97,-15,64,216,152,103,128,25,112,200,88,72,200,128,80,1176,S43a
104,72,-32,175,112,-63,135,128,-7,72,160,88,111,160,49,112,120,8,96,176,80,96,1024,S43a
103,88,-15,160,120,-40,127,104,-23,55,184,129,95,120,25,95,152,57,95,192,97,135,1095,S43a
111,80,-31,175,104,-71,135,120,-15,79,175,96,104,168,64,72,129,57,87,200,113,71,1047,S43a
95,88,-7,159,112,-47,119,88,-31,79,200,121,79,112,33,104,152,48,72,176,104,96,1024,S43a
103,80,-23,151,112,-39,119,144,25,63,128,65,103,160,57,103,120,17,87,176,89,71,991,S43a
103,72,-31,159,120,-39,112,112,0,71,152,81,87,136,49,103,136,33,79,176,97,87,991,S43a
80,72,-8,167,104,-63,111,112,1,63,176,113,95,103,8,120,168,48,80,160,80,72,967,S43a
113,80,-33,176,121,-55,127,135,8,48,320,272,56,81,25,135,192,57,79,144,65,87,1160,S43a
111,88,-23,135,96,-39,119,104,-15,71,168,97,95,168,73,87,128,41,63,184,121,95,1031,S43a
127,112,-15,151,80,-71,167,152,-15,71,168,97,95,224,129,143,224,81,111,216,105,103,1279,S43a
111,104,-7,135,48,-87,167,192,25,71,536,465,55,120,65,71,120,49,79,168,89,87,1375,S43a
111,56,-55,151,104,-47,127,144,17,47,120,73,103,192,89,103,80,-23,104,200,96,111,1007,S43a
111,88,-23,151,112,-39,119,104,-15,55,192,137,79,112,33,119,144,25,79,144,65,79,975,S43a
87,72,-15,151,104,-47,119,120,1,55,184,129,95,144,49,87,136,49,71,176,105,95,1031,S43a
159,88,-71,183,152,-31,135,144,9,71,256,185,87,112,25,119,160,41,79,192,113,87,1191,S43a
143,96,-47,151,104,-47,127,135,8,56,817,761,47,400,353,79,160,81,71,488,417,79,2279,S43a
95,88,-7,135,88,-47,111,88,-23,71,680,609,63,88,25,71,288,217,63,240,177,87,1647,S43a
111,80,-31,143,104,-39,119,144,25,55,1000,945,47,88,41,63,240,177,63,264,201,71,1991,S43a
95,104,9,151,88,-63,127,128,1,55,368,313,79,416,337,103,152,49,55,368,313,119,1743,S43a
80,105,25,143,96,-47,111,88,-23,79,208,129,87,215,128,88,193,105,63,256,193,87,1248,S43a
98,74,-24,144,112,-32,152,97,-55,95,296,201,103,320,217,151,184,33,55,240,185,79,1402,S43a
111,88,-23,135,104,-31,103,96,-7,63,168,105,79,160,81,103,144,41,63,200,137,111,1071,S43a
87,80,-7,143,104,-39,127,88,-39,95,360,265,79,112,33,111,200,89,63,216,153,79,1239,S43a
95,80,-15,143,88,-55,119,120,1,55,144,89,95,144,49,111,136,25,71,168,97,95,975,S43a
71,79,8,136,89,-47,111,104,-7,63,176,113,87,136,49,95,128,33,71,136,65,95,943,S43a
71,80,9,143,120,-23,103,120,17,95,167,72,96,169,73,95,200,105,71,280,209,87,1223,S43a
79,64,-15,135,88,-47,103,104,1,79,136,57,79,144,65,111,136,25,63,135,72,104,911,S43a
103,104,1,119,80,-39,111,96,-15,79,168,89,95,136,41,95,104,9,79,152,73,87,927,S43a
103,88,-15,151,120,-31,95,64,-31,95,176,81,79,144,65,119,112,-7,87,168,81,95,967,S43a
95,64,-31,143,112,-31,103,80,-23,79,176,97,87,120,33,103,160,57,63,136,73,95,943,S43a
95,72,-23,127,112,-15,95,88,-7,71,152,81,95,120,25,103,160,57,71,152,81,87,943,S43a
95,88,-7,119,88,-31,103,88,-15,71,152,81,71,96,25,103,168,65,71,152,81,87,919,S43a
95,88,-7,127,88,-39,103,96,-7,47,144,97,87,128,41,111,160,49,87,216,129,79,999,S43a
87,72,-15,119,88,-31,111,104,-7,55,136,81,87,128,41,111,112,1,71,152,81,95,887,S43a
103,88,-15,151,112,-39,111,79,-32,72,161,89,111,128,17,103,112,9,87,152,65,87,919,S43a
79,104,25,119,72,-47,111,120,9,63,152,89,95,175,80,96,193,97,63,280,217,55,1151,S43a
71,64,-7,119,95,-24,96,105,9,63,144,81,71,127,56,96,113,17,71,160,89,87,895,S43a
63,72,9,135,112,-23,87,72,-15,63,184,121,71,96,25,87,128,41,71,152,81,71,887,S43a
71,72,1,119,88,-31,103,96,-7,63,152,89,79,104,25,71,168,97,79,152,73,79,911,S43a
79,112,33,135,80,-55,111,88,-23,79,183,104,88,96,8,72,169,97,87,152,65,103,983,S43a
80,104,24,120,80,-40,120,128,8,65,200,135,80,152,72,120,144,24,72,176,104,64,1048,S43a
79,80,1,119,88,-31,87,112,25,55,144,89,79,144,65,71,120,49,79,207,128,56,951,S43a
72,88,16,128,88,-40,104,96,-8,64,184,120,72,1529,1457,135,152,17,151,1111,960,96,3344,S43a
95,104,9,111,64,-47,111,159,48,40,112,72,104,513,409,111,128,17,79,200,121,71,1351,S43a
79,64,-15,143,112,-31,95,128,33,63,128,65,87,168,81,95,128,33,87,256,169,63,1047,S43a
71,88,17,119,72,-47,111,135,24,64,145,81,71,128,57,79,136,57,63,151,88,64,919,S43a
79,112,33,111,64,-47,111,136,25,63,160,97,79,151,72,64,129,65,71,176,105,79,1007,S43a
79,96,17,135,104,-31,111,104,-7,55,176,121,87,104,17,87,216,129,63,184,121,95,1079,S43a
87,96,9,127,80,-47,119,136,17,55,168,113,79,88,9,79,175,96,72,137,65,79,959,S43a
87,96,9,111,72,-39,95,120,25,71,135,64,72,200,128,88,48,-40,72,265,193,71,1007,S43a
56,72,16,112,88,-24,112,96,-16,56,601,545,23,256,233,79,88,9,63,184,121,63,1448,S43a
72,65,-7,119,80,-39,87,152,65,39,104,65,95,247,152,96,136,40,72,169,97,79,1032,S43a
71,79,8,120,89,-31,95,103,8,48,153,105,87,144,57,79,120,41,71,256,185,71,1015,S43a
64,89,25,135,88,-47,135,144,9,79,1416,1337,79,144,65,95,264,169,47,224,177,63,2432,S43a
71,120,49,103,48,-55,119,143,24,40,176,136,88,153,65,119,160,41,63,168,105,55,1023,S43a
63,104,41,103,56,-47,119,128,9,63,176,113,103,167,64,88,97,9,71,175,104,56,959,S43a
80,81,1,111,71,-40,112,153,41,39,223,184,128,161,33,199,312,113,71,200,129,79,1280,S43a
88,105,17,111,56,-55,119,167,48,72,265,193,55,224,169,95,135,40,104,193,89,71,1216,S43a
87,111,24,112,73,-39,111,112,1,47,248,201,71,184,113,79,120,41,71,200,129,63,1111,S43a
71,56,-15,151,96,-55,127,120,-7,55,160,105,111,152,41,119,792,673,47,87,40,96,1559,S43a
87,104,17,143,80,-63,135,136,1,87,544,457,95,119,24,80,137,57,63,119,56,80,1319,S43a
104,161,57,127,71,-56,112,88,-24,64,176,112,96,160,64,80,113,33,71,152,81,79,1000,S43a
87,104,17,127,80,-47,103,120,17,71,144,73,111,143,32,96,112,16,104,168,64,80,951,S43a
96,88,-8,136,81,-55,111,112,1,63,160,97,87,136,49,103,128,25,63,151,88,80,936,S43a
95,104,9,111,72,-39,111,104,-7,63,168,105,87,136,49,111,104,-7,71,175,104,80,943,S43a
111,96,-15,119,48,-71,159,168,9,79,592,513,55,72,17,79,199,120,72,152,80,96,1423,S43a
120,104,-16,120,81,-39,79,104,25,71,136,65,95,176,81,103,96,-7,87,168,81,119,984,S43a
63,71,8,144,81,-63,119,111,-8,64,176,112,104,201,97,119,47,-72,88,312,224,112,1111,S43a
80,105,25,143,88,-55,127,95,-32,96,224,128,104,121,17,119,167,48,72,193,121,87,1080,S43a
95,103,8,120,65,-55,119,144,25,79,136,57,95,152,57,95,104,9,79,239,160,104,1047,S43a
135,16,-119,207,136,-71,135,343,208,72,1633,1561,95,176,81,95,143,48,80,153,73,87,2687,S43a
80,96,16,136,88,-48,104,104,0,80,152,72,96,144,48,112,144,32,72,192,120,88,1008,S43a
88,120,32,96,48,-48,120,112,-8,72,160,88,88,128,40,64,128,64,80,240,160,96,1032,S43a
103,127,24,136,88,-48,112,120,8,80,161,81,87,184,97,111,95,-16,80,232,152,72,1079,S43a
88,97,9,119,71,-48,120,112,-8,88,161,73,95,143,48,80,121,41,79,208,129,95,1008,S43a
104,184,80,56,2280,2224,80,104,24,64,880,816,56,136,80,88,104,16,72,184,112,64,3936,S43a
136,112,-24,160,113,-47,127,103,-24,64,1656,1592,96,704,608,128,160,32,80,200,120,64,3112,S43a
88,128,40,128,80,-48,120,144,24,64,169,105,87,151,64,96,168,72,88,176,88,72,1088,S43a
80,144,64,144,104,-40,112,136,24,80,168,88,88,136,48,96,160,64,80,152,72,80,1080,S43a
96,120,24,160,104,-56,120,160,40,72,152,80,88,144,56,88,152,64,72,152,80,88,1072,S43a
88,136,48,152,80,-72,128,144,16,80,169,89,95,143,48,88,144,56,72,160,88,72,1048,S43a
96,144,48,144,96,-48,112,128,16,88,152,64,88,160,72,80,136,56,72,192,120,64,1072,S43a
88,128,40,152,112,-40,104,128,24,72,152,80,88,144,56,96,144,48,80,176,96,80,1064,S43a
96,128,32,152,96,-56,112,160,48,80,112,32,96,184,88,96,144,48,80,200,120,79,1103,S43a
88,120,32,160,104,-56,104,152,48,72,128,56,88,216,128,72,56,-16,88,216,128,96,1088,S43a
88,112,24,152,96,-56,112,128,16,56,136,80,104,136,32,96,136,40,72,176,104,96,1016,S43a
96,96,0,168,112,-56,112,136,24,64,136,72,96,160,64,88,104,16,88,200,112,88,1032,S43a
96,104,8,152,104,-48,104,144,40,56,112,56,88,176,88,72,112,40,80,192,112,88,1032,S43a
88,72,-16,160,120,-40,128,120,-8,64,504,440,88,160,72,96,120,24,80,184,104,64,1344,S43a
88,88,0,144,88,-56,120,192,72,80,136,56,112,240,128,112,144,32,136,248,112,104,1240,S43a
96,136,40,128,72,-56,112,152,40,64,152,88,104,168,64,120,144,24,88,216,128,136,1176,S43a
64,80,16,184,112,-72,136,152,16,80,1168,1088,64,137,73,103,136,33,71,192,121,87,2064,S43a
87,95,8,144,81,-63,119,183,64,112,137,25,151,239,88,120,168,48,104,433,329,127,1463,S43a
87,96,9,199,168,-31,143,71,-72,96,296,200,129,96,-33,144,280,136,120,120,0,112,1239,S43a
119,96,-23,176,112,-64,144,152,8,112,400,288,128,992,864,96,160,64,88,328,240,160,2400,S43a
88,96,8,136,96,-40,120,128,8,64,160,96,88,480,392,120,112,-8,120,208,88,88,1368,S43a
80,104,24,128,80,-48,120,128,8,96,688,592,72,168,96,128,160,32,96,176,80,104,1608,S43a
112,136,24,160,56,-104,184,160,-24,72,304,232,80,144,64,128,192,64,88,160,72,96,1248,S43a
112,120,8,160,88,-72,152,144,-8,72,200,128,112,144,32,120,176,56,112,440,328,32,1344,S43a
104,656,552,136,72,-64,136,176,40,48,168,120,112,208,96,120,1080,960,71,112,41,103,2575,S43a
80,88,8,136,88,-48,128,144,16,64,176,112,120,168,48,128,136,8,72,216,144,104,1120,S43a
88,88,0,152,104,-48,128,120,-8,48,168,120,120,192,72,112,104,-8,128,240,112,80,1096,S43a
104,112,8,120,64,-56,120,144,24,64,160,96,104,136,32,120,176,56,120,184,64,112,1088,S43a
104,120,16,144,88,-56,152,168,16,96,240,144,120,184,64,120,112,-8,104,208,104,80,1200,S43a
112,272,160,152,280,128,104,80,-24,104,1144,1040,64,104,40,96,144,48,80,184,104,80,2288,S43a
96,88,-8,152,96,-56,120,128,8,48,136,88,104,200,96,88,80,-8,96,296,200,112,1136,S43a
104,88,-16,152,104,-48,120,136,16,56,160,104,104,160,56,120,144,24,88,160,72,88,1040,S43a
120,168,48,168,120,-48,144,216,72,72,240,168,88,152,64,120,168,48,80,320,240,96,1480,S43a
119,79,-40,200,152,-48,120,136,16,64,432,368,80,144,64,112,160,48,72,208,136,96,1407,S43a
120,104,-16,160,104,-56,136,144,8,80,424,344,64,120,56,128,160,32,96,184,88,88,1328,S43a
96,80,-16,144,104,-40,136,136,0,72,168,96,96,168,72,136,120,-16,104,208,104,96,1080,S43a
120,96,-24,184,112,-72,120,152,32,88,200,112,64,208,144,104,88,-16,104,224,120,112,1192,S43a
96,104,8,184,120,-64,144,112,-32,88,320,232,128,464,336,96,80,-16,96,288,192,80,1568,S43a
112,136,24,152,104,-48,152,352,200,48,440,392,33,368,335,104,112,8,56,216,160,72,1800,S43a
104,96,-8,152,112,-40,136,144,8,80,160,80,120,248,128,120,112,-8,80,192,112,72,1136,S43a
104,96,-8,144,96,-48,152,152,0,72,192,120,112,144,32,144,288,144,104,176,72,88,1232,S43a
104,88,-16,176,136,-40,120,136,16,88,176,88,120,192,72,136,128,-8,96,200,104,96,1152,S43a
96,88,-8,176,136,-40,112,96,-16,72,224,152,112,192,80,128,136,8,96,223,127,80,1175,S43a
88,80,-8,168,112,-56,136,112,-24,64,376,312,80,96,16,120,696,576,72,128,56,104,1704,S43a
104,104,0,160,96,-64,128,168,40,88,160,72,136,232,96,120,152,32,88,304,216,80,1296,S43a
144,128,-16,128,72,-56,160,848,688,24,216,192,72,128,56,104,248,144,56,152,96,72,1864,S43a
104,88,-16,160,104,-56,136,144,8,80,192,112,112,192,80,96,104,8,88,256,168,88,1168,S43a
88,96,8,136,104,-32,136,136,0,96,184,88,128,184,56,120,160,40,96,176,80,96,1136,S43a
96,80,-16,168,104,-64,136,168,32,80,144,64,88,176,88,128,112,-16,96,232,136,104,1120,S43a
96,80,-16,168,120,-48,120,144,24,56,1256,1200,80,128,48,72,112,40,88,224,136,64,2128,S43a
64,80,16,151,111,-40,120,136,16,81,1073,992,95,144,49,96,176,80,56,175,119,81,1976,S43a
64,88,24,152,112,-40,103,128,25,71,159,88,88,216,128,112,145,33,71,223,152,88,1159,S43a
95,112,17,136,88,-48,104,152,48,72,136,64,103,216,113,103,152,49,63,208,145,80,1144,S43a
87,111,24,144,104,-40,120,137,17,87,160,73,104,184,80,103,136,33,71,176,105,71,1079,S43a
88,129,41,136,88,-48,127,136,9,80,176,96,79,144,65,104,152,48,71,191,120,89,1105,S43a
96,104,8,136,88,-48,120,176,56,72,128,56,96,160,64,120,168,48,72,152,80,88,1064,S43a
88,128,40,168,112,-56,104,168,64,80,128,48,96,176,80,72,136,64,80,144,64,80,1072,S43a
80,136,56,128,88,-40,120,192,72,56,128,72,88,184,96,88,144,56,72,168,96,72,1112,S43a
72,128,56,119,80,-39,112,168,56,79,152,73,96,152,56,80,152,72,72,152,80,80,1064,S43a
80,120,40,135,96,-39,128,176,48,71,160,89,71,136,65,95,152,57,79,152,73,80,1072,S43a
103,136,33,143,96,-47,112,144,32,64,152,88,80,160,80,64,136,72,80,184,104,71,1079,S43a
88,136,48,111,72,-39,104,192,88,72,120,48,80,200,120,39,128,89,83,176,93,72,1096,S43a
72,112,40,135,96,-39,111,128,17,55,152,97,95,120,25,63,151,88,80,161,81,64,984,S43a
80,160,80,136,88,-48,104,152,48,56,152,96,88,96,8,95,184,89,72,152,80,71,1055,S43a
97,161,64,144,96,-48,112,120,8,79,168,89,80,144,64,72,136,64,72,152,80,72,1049,S43a
72,112,40,119,88,-31,80,128,48,56,152,96,80,128,48,72,144,72,88,176,88,80,1008,S43a
72,128,56,128,88,-40,104,144,40,64,168,104,87,128,41,88,184,96,71,144,73,88,1072,S43a
87,136,49,119,88,-31,95,103,8,65,169,104,80,120,40,55,152,97,72,136,64,88,992,S43a
95,136,41,119,88,-31,104,128,24,64,160,96,72,112,40,80,176,96,79,160,81,80,1040,S43a
80,128,48,95,48,-47,112,128,16,64,152,88,88,128,40,80,176,96,80,128,48,80,968,S43a
88,152,64,120,96,-24,87,112,25,72,176,104,88,144,56,80,160,80,80,152,72,72,1064,S43a
80,128,48,127,72,-55,112,144,32,64,136,72,80,144,64,88,160,72,80,168,88,72,1024,S43a
96,160,64,120,64,-56,104,128,24,64,152,88,80,112,32,96,168,72,72,136,64,88,1008,S43a
96,144,48,111,80,-31,104,144,40,39,152,113,72,64,-8,80,216,136,80,128,48,80,1008,S43a
64,112,48,135,96,-39,96,104,8,64,168,104,80,88,8,96,216,120,72,152,80,88,1024,S43a
80,136,56,87,32,-55,144,216,72,31,1000,969,63,136,73,80,168,88,72,152,80,87,1927,S43a
64,105,41,128,88,-40,80,128,48,64,200,136,87,264,177,111,119,8,65,233,168,64,1201,S43a
104,120,16,111,64,-47,120,128,8,80,192,112,104,120,16,96,168,72,80,152,72,71,1015,S43a
103,144,41,144,80,-64,104,104,0,71,184,113,87,120,33,103,192,89,72,136,64,79,1039,S43a
103,136,33,135,88,-47,104,136,32,63,136,73,88,160,72,88,128,40,88,176,88,72,1032,S43a
112,160,48,152,96,-56,112,88,-24,88,184,96,87,120,33,112,152,40,95,168,73,80,1048,S43a
87,120,33,136,88,-48,104,112,8,72,144,72,96,160,64,80,112,32,96,160,64,88,984,S43a
96,136,40,128,72,-56,120,144,24,64,152,88,87,136,49,95,152,57,79,176,97,88,1056,S43a
95,112,17,167,120,-47,111,120,9,71,208,137,79,144,65,80,168,88,63,168,105,79,1119,S43a
80,120,40,152,113,-39,112,120,8,72,264,192,88,272,184,80,240,160,87,160,73,72,1361,S43a
71,144,73,135,72,-63,119,144,25,71,215,144,88,104,16,112,208,96,104,200,96,64,1151,S43a
64,89,25,168,112,-56,111,128,17,64,160,96,96,192,96,63,112,49,83,208,125,72,1073,S43a
79,112,33,135,95,-40,113,145,32,55,192,137,103,184,81,87,159,72,64,192,128,56,1135,S43a
71,96,25,143,96,-47,95,159,64,96,153,57,103,240,137,71,80,9,103,216,113,79,1119,S43a
95,143,48,121,73,-48,120,160,40,87,120,33,95,184,89,103,136,33,87,256,169,55,1127,S43a
79,119,40,128,88,-40,120,129,9,71,176,105,111,240,129,119,263,144,104,153,49,88,1256,S43a
71,104,33,135,104,-31,95,120,25,79,200,121,88,184,96,103,256,153,72,136,64,79,1183,S43a
96,144,48,167,128,-39,119,144,25,87,240,153,87,136,49,95,224,129,55,120,65,119,1255,S43a
120,176,56,160,96,-64,119,120,1,72,232,160,88,160,72,112,192,80,88,168,80,79,1223,S43a
88,152,64,168,104,-64,112,144,32,80,208,128,87,160,73,120,224,104,104,128,24,87,1207,S43a
79,184,105,175,128,-47,136,128,-8,71,256,185,88,128,40,96,256,160,88,104,16,95,1279,S43a
103,111,8,144,81,-63,127,143,16,80,1536,1456,72,401,329,87,111,24,80,232,152,80,2695,S43a
87,160,73,151,112,-39,127,128,1,71,239,168,104,153,49,127,952,825,63,80,17,111,1935,S43a
71,144,73,175,104,-71,152,184,32,96,232,136,111,168,57,127,208,81,111,168,57,88,1296,S43a
71,200,129,151,128,-23,127,64,-63,103,336,233,79,168,89,127,176,49,71,168,97,103,1343,S43a
119,136,17,191,160,-31,127,112,-15,63,1064,1001,79,136,57,95,224,129,87,168,81,95,2095,S43a
87,136,49,127,80,-47,119,144,25,63,192,129,95,144,49,127,216,89,71,192,121,79,1183,S43a
103,120,17,135,80,-55,127,160,33,63,168,105,87,127,40,104,288,184,120,209,89,87,1239,S43a
103,136,33,119,80,-39,135,168,33,71,416,345,32,88,56,95,248,153,71,144,73,71,1351,S43a
103,128,25,127,80,-47,111,136,25,79,328,249,87,120,33,119,192,73,111,168,57,71,1223,S43a
103,128,25,135,88,-47,119,168,49,55,128,73,127,136,9,95,192,97,95,160,65,79,1079,S43a
103,144,41,127,64,-63,151,168,17,95,256,161,103,136,33,119,344,225,71,136,65,103,1351,S43a
95,128,33,159,88,-71,143,144,1,55,208,153,119,312,193,63,264,201,119,168,49,111,1423,S43a
71,120,49,143,88,-55,143,136,-7,79,656,577,87,136,49,79,192,113,71,184,113,71,1583,S43a
95,128,33,143,96,-47,127,168,41,63,152,89,127,168,41,119,168,49,87,208,121,71,1159,S43a
119,128,9,151,96,-55,127,184,57,79,128,49,127,184,57,103,136,33,79,208,129,87,1151,S43a
111,136,25,167,112,-55,143,160,17,71,200,129,119,200,81,119,128,9,111,168,57,79,1183,S43a
103,128,25,159,96,-63,135,176,41,55,128,73,111,192,81,111,136,25,87,240,153,79,1175,S43a
111,160,49,167,112,-55,111,119,8,72,209,137,103,176,73,111,344,233,63,176,113,79,1375,S43a
103,152,49,135,80,-55,135,160,25,63,184,121,119,152,33,119,168,49,87,168,81,95,1159,S43a
79,80,1,129,96,-33,127,136,9,79,168,89,119,184,65,95,128,33,79,176,97,79,1047,S43a
103,88,-15,159,104,-55,127,184,57,79,176,97,95,128,33,143,184,41,79,168,89,103,1135,S43a
95,96,1,151,104,-47,143,152,9,63,176,113,127,200,73,87,144,57,111,216,105,95,1183,S43a
119,160,41,127,88,-39,135,168,33,63,144,81,103,216,113,111,120,9,95,488,393,95,1479,S43a
95,104,9,119,72,-47,119,192,73,55,888,833,15,216,201,103,152,49,63,160,97,103,1887,S43a
87,112,25,127,80,-47,143,168,25,87,256,169,95,328,233,127,128,1,119,224,105,63,1359,S43a
103,119,16,144,80,-64,160,169,9,55,215,160,128,176,48,96,160,64,104,208,104,72,1199,S43a
104,80,-24,160,113,-47,135,175,40,56,169,113,119,184,65,95,160,65,103,168,65,95,1144,S43a
95,112,17,143,96,-47,95,112,17,55,208,153,111,152,41,103,136,33,127,192,65,95,1103,S43a
95,136,41,127,80,-47,159,192,33,71,192,121,119,191,72,96,161,65,111,200,89,95,1247,S43a
127,104,-23,167,120,-47,159,160,1,63,160,97,135,200,65,111,120,9,119,192,73,87,1143,S43a
111,120,9,135,88,-47,135,192,57,79,144,65,111,240,129,119,112,-7,111,240,129,71,1207,S43a
119,112,-7,143,96,-47,143,168,25,71,176,105,103,208,105,111,144,33,111,216,105,95,1215,S43a
71,88,17,175,120,-55,143,136,-7,47,176,129,119,232,113,103,96,-7,127,232,105,95,1175,S43a
103,88,-15,159,104,-55,167,152,-15,55,168,113,119,144,25,151,200,49,103,176,73,127,1159,S43a
112,105,-7,223,136,-87,151,120,-31,87,1480,1393,95,135,40,120,201,81,111,168,57,95,2440,S43a
111,103,-8,152,104,-48,144,136,-8,104,192,88,120,168,48,120,144,24,112,224,112,104,1175,S43a
104,96,-8,144,97,-47,127,120,-7,79,320,241,47,520,473,135,136,1,95,184,89,111,1584,S43a
111,128,17,135,88,-47,119,104,-15,111,280,169,135,192,57,119,128,9,87,224,137,87,1231,S43a
95,120,25,151,96,-55,143,128,-15,87,1176,1089,87,520,433,119,152,33,71,152,81,87,2431,S43a
111,120,9,111,64,-47,151,176,25,79,160,81,103,176,73,143,208,65,111,192,81,87,1183,S43a
119,152,33,135,64,-71,159,200,41,111,216,105,95,199,104,88,129,41,111,176,65,111,1247,S43a
119,120,1,151,80,-71,151,168,17,87,200,113,127,224,97,127,144,17,119,224,105,87,1247,S43a
71,192,121,151,999,848,80,113,33,15,728,713,55,176,121,87,160,73,55,184,129,79,2631,S43a
103,160,57,111,160,49,111,151,40,88,640,552,64,240,176,104,152,48,72,177,105,95,1775,S43a
103,183,80,120,185,65,79,128,49,111,352,241,87,160,73,95,160,65,79,176,97,87,1431,S43a
87,144,57,143,152,9,151,191,40,96,305,209,103,128,25,95,264,169,95,184,89,71,1439,S43a
135,136,1,127,80,-47,151,184,33,71,560,489,71,232,161,111,168,57,79,312,233,119,1791,S43a
103,112,9,151,104,-47,143,160,17,103,1176,1073,55,288,233,103,176,73,119,304,185,135,2455,S43a
87,120,33,143,95,-48,168,208,40,96,257,161,79,239,160,96,136,40,72,249,177,79,1383,S43a
95,120,25,127,80,-47,159,199,40,96,200,104,104,168,64,136,168,32,88,208,120,72,1215,S43a
120,128,8,160,121,-39,159,200,41,95,216,121,95,680,585,119,128,9,95,880,785,79,2432,S43a
119,104,-15,143,96,-47,143,216,73,95,976,881,63,136,73,95,208,113,95,160,65,95,1991,S43a
87,168,81,143,160,17,127,176,49,71,616,545,32,152,120,103,192,89,103,200,97,63,1727,S43a
103,104,1,135,119,-16,136,193,57,87,696,609,79,136,57,95,184,89,79,288,209,79,1799,S43a
71,80,9,159,128,-31,151,184,33,87,160,73,119,280,161,151,223,72,104,401,297,63,1519,S43a
79,88,9,143,152,9,119,192,73,63,536,473,79,280,201,95,168,73,87,184,97,119,1719,S43a
130,202,72,152,112,-40,120,161,41,103,288,185,79,183,104,128,176,48,64,152,88,112,1386,S43a
112,152,40,128,104,-24,112,136,24,80,248,168,128,208,80,104,136,32,72,176,104,104,1264,S43a
120,128,8,112,88,-24,112,128,16,88,168,80,88,184,96,104,120,16,80,168,88,88,1072,S43a
104,120,16,144,112,-32,128,105,-23,87,447,360,80,152,72,120,144,24,80,160,80,104,1344,S43a
104,128,24,128,88,-40,112,136,24,80,144,64,88,176,88,104,128,24,80,160,80,96,1056,S43a
104,128,24,113,80,-33,96,120,24,88,168,80,72,152,80,104,144,40,80,136,56,104,1032,S43a
112,136,24,128,96,-32,96,120,24,64,160,96,80,168,88,120,144,24,64,192,128,80,1096,S43a
80,97,17,119,103,-16,80,104,24,80,160,80,104,152,48,88,136,48,64,128,64,80,960,S43a
72,120,48,96,72,-24,96,120,24,80,152,72,96,168,72,88,144,56,72,160,88,80,1016,S43a
72,128,56,120,88,-32,96,136,40,64,168,104,80,120,40,96,208,112,72,160,88,80,1088,S43a
64,112,48,112,88,-24,96,120,24,80,160,80,80,120,40,96,152,56,72,152,80,72,976,S43a
88,120,32,128,88,-40,88,128,40,64,144,80,72,112,40,112,184,72,72,160,88,56,992,S43a
80,120,40,152,128,-24,104,64,-40,72,264,192,80,144,64,96,168,72,64,152,88,72,1112,S43a
96,88,-8,152,168,16,96,48,-48,72,320,248,104,160,56,112,144,32,80,160,80,72,1160,S43a
120,112,-8,144,112,-32,112,120,8,80,464,384,80,160,80,88,120,32,64,152,88,72,1312,S43a
80,128,48,112,72,-40,104,144,40,64,144,80,80,144,64,72,120,48,72,168,96,72,992,S43a
64,144,80,112,72,-40,104,112,8,64,176,112,88,120,32,104,152,48,72,160,88,56,992,S43a
72,128,56,112,72,-40,88,112,24,64,192,128,72,544,472,96,104,8,96,200,104,72,1424,S43a
104,112,8,160,137,-23,103,87,-16,64,616,552,80,104,24,88,176,88,56,152,96,80,1464,S43a
88,128,40,104,64,-40,104,144,40,48,136,88,88,144,56,88,152,64,72,160,88,56,984,S43a
88,120,32,120,88,-32,96,128,32,48,160,112,72,120,48,104,160,56,72,160,88,88,1024,S43a
88,112,24,120,80,-40,96,136,40,64,136,72,96,152,56,104,136,32,80,168,88,88,1008,S43a
80,112,32,112,80,-32,96,136,40,48,688,640,56,224,168,120,136,16,72,752,680,64,2192,S43a
88,113,25,111,63,-48,104,136,32,72,344,272,80,232,152,72,112,40,72,184,112,56,1240,S43a
87,112,25,112,80,-32,96,112,16,48,192,144,72,128,56,104,184,80,72,136,64,80,1024,S43a
88,112,24,120,72,-48,112,136,24,56,160,104,96,144,48,64,168,104,64,200,136,72,1064,S43a
72,80,8,128,80,-48,104,152,48,48,160,112,96,152,56,80,160,80,80,144,64,72,1000,S43a
72,96,24,160,112,-48,104,120,16,56,208,152,88,112,24,88,184,96,80,128,48,72,1032,S43a
80,96,16,128,88,-40,112,137,25,55,143,88,104,152,48,112,168,56,80,144,64,80,1008,S43a
72,96,24,144,104,-40,96,112,16,56,176,120,88,128,40,104,168,64,64,128,64,72,984,S43a
82,120,38,152,104,-48,112,128,16,80,168,88,96,168,72,80,120,40,72,152,80,72,1032,S43a
88,120,32,152,96,-56,120,144,24,64,176,112,96,144,48,72,136,64,72,168,96,80,1064,S43a
72,104,32,128,80,-48,104,128,24,48,168,120,80,120,40,104,160,56,80,168,88,64,992,S43a
64,80,16,168,120,-48,128,128,0,72,192,120,96,144,48,80,144,64,72,160,88,88,1056,S43a
80,88,8,160,120,-40,104,104,0,48,360,312,64,304,240,88,112,24,64,192,128,72,1352,S43a
104,160,56,112,88,-24,120,144,24,56,312,256,80,176,96,88,128,40,72,176,104,64,1248,S43a
88,80,-8,128,88,-40,104,144,40,48,152,104,80,192,112,104,152,48,80,168,88,72,1048,S43a
88,96,8,160,88,-72,112,120,8,56,1568,1512,64,176,112,96,152,56,72,192,120,80,2472,S43a
72,88,16,135,88,-47,127,120,-7,64,520,456,80,168,88,71,104,33,72,184,112,64,1336,S43a
88,104,16,96,48,-48,120,160,40,56,176,120,96,304,208,88,96,8,88,216,128,80,1184,S43a
96,128,32,96,40,-56,144,192,48,72,608,536,72,176,104,72,104,32,64,176,112,72,1496,S43a
88,112,24,104,56,-48,128,160,32,56,432,376,88,120,32,104,176,72,64,152,88,80,1288,S43a
88,96,8,120,80,-40,104,136,32,80,160,80,96,160,64,80,104,24,80,160,80,88,984,S43a
88,104,16,176,128,-48,120,120,0,56,208,152,96,120,24,72,144,72,72,152,80,80,1056,S43a
88,120,32,136,88,-48,104,136,32,56,176,120,88,128,40,88,144,56,80,152,72,72,1016,S43a
80,104,24,120,80,-40,112,136,24,64,160,96,96,144,48,88,112,24,72,152,80,80,968,S43a
72,80,8,136,112,-24,96,120,24,48,176,128,88,144,56,80,128,48,87,175,88,89,1024,S43a
56,88,32,152,120,-32,112,113,1,71,295,224,96,176,80,88,120,32,80,184,104,64,1160,S43a
80,128,48,152,96,-56,128,120,-8,80,456,376,71,192,121,80,112,32,72,176,104,64,1344,S43a
80,128,48,144,88,-56,112,104,-8,72,320,248,64,160,96,80,144,64,64,168,104,96,1208,S43a
96,120,24,144,80,-64,128,112,-16,72,232,160,88,120,32,88,168,80,80,120,40,80,1032,S43a
96,120,24,144,80,-64,136,128,-8,72,192,120,88,152,64,72,128,56,72,152,80,88,1040,S43a
112,113,1,151,103,-48,152,144,-8,64,200,136,96,144,48,48,160,112,80,128,48,104,1096,S43a
80,104,24,192,112,-80,136,128,-8,56,216,160,80,144,64,72,144,72,64,152,88,80,1080,S43a
104,112,8,152,88,-64,136,160,24,64,552,488,72,128,56,72,168,96,67,128,61,72,1408,S43a
104,112,8,128,64,-64,144,152,8,72,200,128,88,136,48,88,200,112,80,240,160,72,1176,S43a
88,80,-8,168,104,-64,128,144,16,56,208,152,88,104,16,88,184,96,64,128,64,72,1024,S43a
104,112,8,152,104,-48,128,152,24,64,1208,1144,72,136,64,96,232,136,56,208,152,80,2232,S43a
80,72,-8,128,56,-72,136,160,24,47,183,136,104,152,48,104,249,145,72,256,184,88,1216,S43a
88,96,8,176,112,-64,120,128,8,64,255,191,81,153,72,96,176,80,72,152,80,88,1160,S43a
80,120,40,120,72,-48,128,168,40,72,208,136,88,176,88,80,152,72,80,200,120,80,1176,S43a
96,128,32,152,88,-64,136,160,24,72,224,152,96,192,96,88,176,88,80,152,72,96,1216,S43a
96,136,40,144,80,-64,136,160,24,56,200,144,80,136,56,96,248,152,72,176,104,80,1216,S43a
80,144,64,152,120,-32,120,120,0,64,312,248,80,152,72,104,144,40,80,208,128,80,1280,S43a
88,104,16,136,80,-56,128,168,40,56,288,232,88,200,112,136,168,32,88,232,144,72,1312,S43a
88,152,64,160,104,-56,160,152,-8,72,280,208,88,128,40,56,168,112,72,176,104,80,1240,S43a
96,152,56,144,96,-48,152,184,32,80,280,200,96,112,16,64,208,144,80,184,104,56,1272,S43a
104,152,48,120,80,-40,136,168,32,80,232,152,88,136,48,64,176,112,72,152,80,64,1160,S43a
88,192,104,160,112,-48,120,152,32,56,200,144,104,160,56,88,168,80,88,184,96,64,1232,S43a
112,160,48,160,112,-48,128,152,24,64,208,144,112,184,72,88,152,64,88,232,144,64,1264,S43a
80,144,64,168,112,-56,135,160,25,64,215,151,96,176,80,89,137,48,64,200,136,72,1216,S43a
88,160,72,224,176,-48,160,1080,920,80,744,664,96,168,72,88,192,104,64,208,144,64,2792,S43a
96,96,0,168,128,-40,152,120,-32,96,640,544,96,120,24,104,608,504,80,240,160,120,2072,S43a
80,96,16,152,128,-24,136,136,0,72,280,208,104,176,72,104,144,40,104,176,72,80,1216,S43a
104,112,8,168,120,-48,128,152,24,56,176,120,112,152,40,112,160,48,96,160,64,72,1104,S43a
112,144,32,192,144,-48,104,120,16,80,200,120,96,168,72,112,152,40,80,216,136,64,1208,S43a
104,120,16,176,120,-56,120,144,24,88,184,96,88,176,88,128,144,16,72,176,104,72,1136,S43a
104,128,24,160,120,-40,120,144,24,64,168,104,96,200,104,104,112,8,112,208,96,72,1152,S43a
104,104,0,160,120,-40,128,144,16,80,176,96,88,184,96,88,112,24,88,184,96,104,1128,S43a
104,104,0,191,152,-39,112,104,-8,56,215,159,72,153,81,112,136,24,72,200,128,88,1152,S43a
112,96,-16,160,112,-48,128,184,56,56,136,80,104,232,128,112,136,24,96,224,128,112,1232,S43a
109,109,0,125,516,391,141,188,47,156,922,766,125,468,343,157,235,78,141,250,109,141,2829,S42a
125,172,47,93,141,48,109,156,47,141,625,484,125,313,188,125,203,78,109,219,110,109,1938,S42a
110,172,62,110,141,31,125,172,47,140,484,344,141,281,140,125,250,125,110,251,141,125,1876,S42a
93,140,47,110,156,46,110,141,31,109,234,125,141,328,187,94,172,78,110,236,126,94,1501,S42a
124,218,94,78,125,47,125,157,32,109,171,62,172,329,157,140,187,47,109,266,157,110,1563,S42a
110,157,47,109,156,47,109,156,47,141,234,93,157,329,172,125,140,15,141,453,312,141,1766,S42a
125,171,46,110,110,0,125,141,16,140,218,78,156,344,188,109,187,78,126,251,125,124,1546,S42a
110,204,94,94,125,31,125,140,15,125,235,110,156,297,141,109,172,63,140,250,110,125,1548,S42a
94,172,78,109,172,63,140,187,47,125,281,156,157,297,140,126,220,94,125,234,109,109,1672,S42a
125,188,63,109,109,0,125,156,31,110,204,94,156,343,187,110,204,94,140,234,94,110,1548,S42a
109,171,62,110,141,31,125,156,31,94,235,141,157,344,187,141,172,31,125,250,125,110,1579,S42a
94,188,94,94,125,31,109,140,31,126,235,109,156,344,188,125,453,328,125,203,78,125,1813,S42a
109,187,78,94,110,16,140,156,16,141,219,78,156,344,188,140,281,141,140,250,110,126,1673,S42a
140,218,78,125,141,16,141,141,0,156,249,93,157,329,172,125,297,172,125,219,94,109,1703,S42a
94,141,47,93,109,16,141,125,-16,125,250,125,156,297,141,156,234,78,125,235,110,109,1500,S42a
125,188,63,109,109,0,141,156,15,141,235,94,156,281,125,125,219,94,109,250,141,109,1547,S42a
125,188,63,125,109,-16,141,141,0,125,234,109,156,313,157,140,218,78,125,422,297,110,1735,S42a
141,188,47,125,109,-16,141,157,16,109,250,141,156,328,172,109,203,94,140,219,79,109,1563,S42a
125,203,78,125,93,-32,141,157,16,140,234,94,172,297,125,109,172,63,140,234,94,141,1531,S42a
110,204,94,109,78,-31,156,156,0,141,219,78,172,328,156,157,219,62,125,250,125,109,1563,S42a
79,157,78,125,140,15,141,157,16,109,250,141,171,250,79,125,219,94,125,203,78,125,1501,S42a
141,188,47,172,156,-16,141,172,31,141,281,140,157,282,125,125,203,78,140,203,63,125,1610,S42a
109,172,63,140,156,16,156,156,0,156,266,110,172,328,156,125,187,62,141,282,141,93,1640,S42a
110,172,62,156,141,-15,156,156,0,141,250,109,172,328,156,125,187,62,141,235,94,141,1610,S42a
109,203,94,156,141,-15,156,218,62,157,297,140,141,328,187,125,204,79,125,250,125,110,1751,S42a
125,203,78,157,141,-16,125,141,16,156,250,94,172,281,109,140,187,47,141,250,109,141,1594,S42a
93,125,32,187,172,-15,140,125,-15,156,312,156,156,281,125,141,203,62,157,267,110,109,1594,S42a
94,156,62,188,141,-47,156,125,-31,156,266,110,169,325,156,141,219,78,125,235,110,109,1576,S42a
109,171,62,157,125,-32,126,126,0,156,297,141,156,296,140,157,266,109,141,250,109,125,1656,S42a
94,172,78,140,125,-15,140,156,16,141,266,125,203,312,109,125,344,219,141,234,93,110,1719,S42a
109,156,47,156,141,-15,140,109,-31,125,219,94,140,343,203,141,188,47,125,234,109,110,1500,S42a
125,172,47,157,141,-16,125,125,0,156,266,110,156,343,187,125,250,125,126,220,94,125,1642,S42a
125,157,32,140,125,-15,125,140,15,141,297,156,141,266,125,140,203,63,140,234,94,141,1563,S42a
125,140,15,172,156,-16,141,125,-16,125,266,141,141,313,172,125,203,78,140,301,161,110,1614,S42a
125,141,16,171,140,-31,141,94,-47,156,281,125,173,454,281,125,172,47,141,250,109,156,1688,S42a
109,140,31,188,125,-63,141,126,-15,141,250,109,156,328,172,141,188,47,109,249,140,110,1516,S42a
94,141,47,125,125,0,125,110,-15,125,250,125,140,390,250,109,203,94,125,251,126,109,1579,S42a
125,157,32,140,109,-31,125,140,15,126,235,109,156,515,359,110,172,62,126,330,204,109,1767,S42a
94,110,16,187,109,-78,141,125,-16,141,250,109,172,328,156,110,219,109,141,204,63,109,1454,S42a
94,125,31,156,109,-47,141,125,-16,110,282,172,156,296,140,125,376,251,141,156,15,125,1594,S42a
110,141,31,141,109,-32,141,125,-16,141,250,109,157,313,156,125,172,47,125,218,93,125,1453,S42a
109,125,16,187,125,-62,125,109,-16,125,266,141,140,250,110,140,218,78,125,235,110,94,1422,S42a
110,188,78,172,125,-47,125,109,-16,141,266,125,140,266,126,125,187,62,157,250,93,110,1501,S42a
110,125,15,188,125,-63,156,125,-31,156,235,79,156,328,172,157,203,46,157,407,250,93,1641,S42a
109,140,31,157,94,-63,156,156,0,125,204,79,171,360,189,125,156,31,156,234,78,141,1485,S42a
110,141,31,156,125,-31,148,132,-16,141,204,63,156,343,187,141,157,16,156,250,94,125,1477,S42a
109,140,31,156,94,-62,172,140,-32,126,251,125,156,265,109,141,203,62,125,767,642,109,1969,S42a
109,156,47,156,94,-62,156,140,-16,125,250,125,156,516,360,109,313,204,141,219,78,124,1812,S42a
94,156,62,141,125,-16,110,110,0,140,328,188,156,281,125,125,297,172,125,188,63,78,1563,S42a
94,125,31,141,110,-31,141,94,-47,141,312,171,156,344,188,125,188,63,141,203,62,141,1517,S42a
109,140,31,156,125,-31,141,125,-16,156,266,110,187,359,172,173,204,31,156,328,172,125,1672,S42a
109,140,31,141,94,-47,156,156,0,141,281,140,157,329,172,141,219,78,140,312,172,125,1656,S42a
109,141,32,140,109,-31,141,156,15,142,454,312,172,344,172,140,437,297,141,235,94,140,2016,S42a
125,172,47,156,125,-31,125,110,-15,171,781,610,156,312,156,141,203,62,125,250,125,142,2095,S42a
109,156,47,156,125,-31,141,203,62,125,406,281,157,329,172,125,203,78,125,344,219,109,1875,S42a
109,187,78,141,94,-47,156,172,16,109,297,188,156,531,375,110,188,78,141,250,109,141,1860,S42a
109,203,94,172,125,-47,140,125,-15,156,391,235,156,344,188,109,187,78,125,235,110,140,1750,S42a
109,156,47,157,110,-47,156,141,-15,140,468,328,141,344,203,141,281,140,141,235,94,109,1844,S42a
110,172,62,203,172,-31,141,141,0,140,593,453,156,203,47,125,250,125,141,204,63,109,1844,S42a
94,125,31,140,109,-31,141,156,15,125,235,110,140,312,172,125,188,63,141,219,78,141,1485,S42a
125,157,32,125,62,-63,172,172,0,141,297,156,156,375,219,109,172,63,125,250,125,125,1610,S42a
109,172,63,172,94,-78,172,140,-32,141,328,187,157,313,156,125,203,78,156,250,94,109,1609,S42a
125,156,31,156,125,-31,156,141,-15,140,297,157,140,468,328,110,204,94,140,406,266,125,1922,S42a
125,156,31,125,47,-78,203,188,-15,125,265,140,141,344,203,110,219,109,125,250,125,94,1563,S42a
109,141,32,172,109,-63,141,125,-16,125,266,141,156,344,188,109,1094,985,125,265,140,125,2469,S42a
126,173,47,93,31,-62,187,172,-15,140,265,125,141,407,266,109,234,125,125,234,109,110,1626,S42a
94,141,47,172,110,-62,171,156,-15,125,250,125,141,375,234,110,188,78,125,250,125,109,1579,S42a
110,157,47,140,109,-31,156,187,31,141,250,109,141,438,297,125,203,78,125,235,110,110,1689,S42a
125,188,63,203,156,-47,156,406,250,142,438,296,125,250,125,125,375,250,125,235,110,140,2188,S42a
124,218,94,156,141,-15,156,203,47,141,344,203,140,281,141,109,187,78,141,219,78,110,1703,S42a
110,172,62,141,109,-32,157,157,0,172,406,234,125,266,141,140,437,297,125,157,32,125,1829,S42a
125,187,62,125,78,-47,188,203,15,125,297,172,157,344,187,125,250,125,125,234,109,141,1734,S42a
110,172,62,141,157,16,140,171,31,157,392,235,156,297,141,124,234,110,125,312,187,125,1860,S42a
125,282,157,125,110,-15,156,203,47,125,312,187,157,313,156,125,203,78,141,297,156,125,1845,S42a
125,250,125,156,141,-15,172,234,62,141,376,235,140,265,125,125,204,79,140,265,125,110,1845,S42a
125,219,94,140,124,-16,157,188,31,141,407,266,156,562,406,110,141,31,172,391,219,125,2157,S42a
140,234,94,140,109,-31,157,235,78,140,343,203,157,376,219,110,360,250,125,218,93,141,2016,S42a
94,172,78,141,109,-32,141,172,31,141,891,750,141,266,125,125,250,125,109,328,219,109,2297,S42a
141,219,78,219,704,485,172,203,31,125,328,203,141,250,109,125,266,141,109,187,78,125,2282,S42a
110,125,15,125,141,16,125,125,0,125,375,250,125,250,125,125,234,109,125,188,63,110,1548,S42a
94,141,47,140,125,-15,156,125,-31,140,297,157,156,313,157,125,328,203,140,266,126,109,1704,S42a
125,188,63,140,109,-31,141,156,15,125,266,141,140,344,204,141,219,78,156,313,157,140,1735,S42a
125,141,16,140,125,-15,171,156,-15,125,344,219,156,250,94,141,281,140,125,266,141,109,1672,S42a
110,157,47,140,93,-47,141,125,-16,157,360,203,125,672,547,141,219,78,125,313,188,125,2064,S42a
109,141,32,171,125,-46,156,156,0,140,265,125,157,392,235,109,718,609,125,250,125,125,2172,S42a
109,156,47,156,109,-47,141,157,16,125,265,140,156,313,157,140,219,79,140,250,110,140,1609,S42a
125,157,32,125,109,-16,172,172,0,141,203,62,156,359,203,141,250,109,141,235,94,125,1610,S42a
109,125,16,171,125,-46,156,156,0,141,297,156,140,312,172,141,203,62,141,313,172,125,1656,S42a
125,156,31,141,110,-31,141,156,15,141,312,171,141,298,157,125,218,93,141,250,109,125,1625,S42a
125,140,15,173,95,-78,157,172,15,125,266,141,140,297,157,109,281,172,125,250,125,141,1642,S42a
125,141,16,140,109,-31,156,172,16,125,203,78,156,359,203,141,188,47,125,297,172,156,1625,S42a
125,187,62,141,110,-31,172,156,-16,156,313,157,156,266,110,125,281,156,125,312,187,125,1750,S42a
109,156,47,172,109,-63,142,157,15,141,391,250,140,547,407,156,203,47,125,265,140,141,1969,S42a
109,156,47,156,109,-47,156,156,0,141,250,109,141,579,438,125,156,31,156,313,157,109,1828,S42a
125,141,16,140,93,-47,172,141,-31,172,297,125,172,328,156,125,187,62,142,251,109,141,1579,S42a
125,156,31,125,79,-46,140,156,16,140,265,125,141,516,375,125,282,157,125,750,625,78,2282,S42a
110,141,31,141,125,-16,141,110,-31,140,328,188,141,250,109,140,281,141,125,266,141,125,1626,S42a
109,141,32,156,109,-47,156,141,-15,140,312,172,172,329,157,172,250,78,156,250,94,140,1672,S42a
110,141,31,140,94,-46,156,172,16,141,516,375,140,343,203,141,406,265,141,219,78,110,2001,S42a
109,141,32,140,109,-31,156,125,-31,141,297,156,125,343,218,126,188,62,141,250,109,110,1563,S42a
125,141,16,141,78,-63,156,141,-15,140,281,141,156,344,188,140,437,297,141,298,157,140,1860,S42a
109,125,16,156,125,-31,156,109,-47,156,312,156,157,360,203,140,250,110,140,438,298,94,1813,S42a
94,750,656,109,156,47,125,157,32,125,296,171,126,392,266,125,203,78,109,250,141,125,2329,S42a
109,125,16,109,94,-15,125,140,15,141,203,62,141,375,234,125,188,63,110,313,203,109,1547,S42a
93,140,47,141,125,-16,110,125,15,141,219,78,125,359,234,110,235,125,125,282,157,93,1578,S42a
125,188,63,125,93,-32,125,141,16,125,203,78,141,344,203,125,297,172,110,282,172,93,1641,S42a
140,203,63,109,94,-15,125,125,0,125,234,109,141,375,234,125,328,203,110,188,78,110,1657,S42a
109,188,79,109,78,-31,140,140,0,141,204,63,156,343,187,125,204,79,140,234,94,125,1516,S42a
125,218,93,125,94,-31,141,125,-16,125,235,110,125,312,187,125,203,78,141,281,140,94,1562,S42a
141,188,47,125,94,-31,124,109,-15,156,219,63,140,343,203,125,188,63,125,234,109,125,1500,S42a
141,188,47,140,109,-31,110,94,-16,109,234,125,141,282,141,125,234,109,140,250,110,94,1485,S42a
125,110,-15,125,94,-31,140,109,-31,141,203,62,141,313,172,156,218,62,110,219,109,125,1391,S42a
125,187,62,141,110,-31,125,140,15,110,250,140,157,297,140,156,328,172,125,266,141,141,1719,S42a
109,140,31,125,94,-31,141,141,0,109,203,94,156,297,141,140,343,203,125,157,32,140,1515,S42a
109,109,0,140,94,-46,140,140,0,111,267,156,141,235,94,156,218,62,125,235,110,109,1407,S42a
125,156,31,141,94,-47,140,156,16,110,204,94,140,265,125,125,250,125,141,219,78,125,1469,S42a
125,219,94,156,109,-47,157,110,-47,140,250,110,141,266,125,141,203,62,125,226,101,125,1508,S42a
125,125,0,141,109,-32,141,126,-15,125,203,78,157,282,125,125,187,62,141,250,109,110,1392,S42a
93,93,0,141,110,-31,125,109,-16,125,203,78,125,266,141,141,250,109,125,250,125,109,1390,S42a
125,125,0,125,109,-16,173,204,31,125,281,156,172,328,156,110,188,78,140,234,94,110,1579,S42a
110,110,0,125,94,-31,140,140,0,125,266,141,125,297,172,110,219,109,125,234,109,94,1454,S42a
94,141,47,125,78,-47,141,110,-31,140,250,110,156,265,109,125,375,250,110,188,78,110,1517,S42a
109,203,94,125,78,-47,141,94,-47,140,266,126,125,296,171,110,172,62,141,282,141,94,1485,S42a
110,157,47,125,78,-47,125,109,-16,125,282,157,140,312,172,125,360,235,125,156,31,125,1579,S42a
110,141,31,156,109,-47,141,125,-16,110,250,140,110,313,203,109,187,78,125,266,141,94,1485,S42a
125,234,109,141,94,-47,141,172,31,125,281,156,125,313,188,125,266,141,125,281,156,109,1750,S42a
94,203,109,141,63,-78,156,140,-16,125,266,141,125,266,141,125,203,78,125,235,110,109,1485,S42a
94,141,47,156,109,-47,156,125,-31,125,234,109,141,298,157,109,203,94,125,234,109,110,1454,S42a
94,141,47,140,93,-47,141,141,0,109,219,110,157,282,125,109,218,109,125,203,78,110,1407,S42a
125,172,47,125,47,-78,140,125,-15,140,250,110,140,297,157,125,203,78,125,234,109,94,1422,S42a
110,125,15,141,94,-47,125,109,-16,125,235,110,140,312,172,126,266,140,125,360,235,93,1594,S42a
94,125,31,125,63,-62,140,140,0,110,219,109,156,282,126,125,187,62,125,282,157,93,1391,S42a
94,109,15,172,94,-78,125,125,0,109,234,125,141,313,172,110,172,62,141,235,94,93,1375,S42a
110,141,31,172,125,-47,125,125,0,125,266,141,141,297,156,109,187,78,141,235,94,109,1485,S42a
109,140,31,173,94,-79,125,141,16,125,266,141,125,282,157,109,187,78,125,234,109,94,1438,S42a
109,172,63,156,78,-78,156,140,-16,110,219,109,157,297,140,111,189,78,140,219,79,124,1438,S42a
125,140,15,125,78,-47,141,125,-16,125,266,141,156,234,78,142,235,93,141,235,94,124,1437,S42a
109,172,63,172,109,-63,125,94,-31,140,297,157,125,234,109,110,188,78,141,266,125,109,1469,S42a
110,141,31,203,125,-78,141,125,-16,125,266,141,140,265,125,110,172,62,141,297,156,110,1501,S42a
125,156,31,156,94,-62,109,109,0,110,250,140,141,266,125,125,219,94,140,218,78,110,1422,S42a
141,173,32,187,94,-93,125,93,-32,125,266,141,140,250,110,109,219,110,140,219,79,109,1423,S42a
109,141,32,187,109,-78,125,156,31,110,204,94,125,312,187,94,203,109,125,219,94,109,1453,S42a
110,172,62,220,125,-95,126,141,15,110,250,140,125,266,141,125,187,62,126,266,140,110,1517,S42a
94,125,31,173,110,-63,110,125,15,110,219,109,141,313,172,140,843,703,110,219,109,94,2048,S42a
94,110,16,156,125,-31,125,109,-16,110,266,156,141,235,94,125,219,94,125,265,140,94,1423,S42a
110,125,15,157,94,-63,110,110,0,109,234,125,141,250,109,141,188,47,140,250,110,94,1345,S42a
109,125,16,156,78,-78,109,125,16,125,234,109,141,251,110,109,250,141,140,281,141,125,1469,S42a
140,140,0,157,79,-78,140,156,16,109,234,125,157,282,125,125,203,78,125,250,125,110,1454,S42a
125,125,0,172,125,-47,125,141,16,94,234,140,156,235,79,125,250,125,109,296,187,110,1516,S42a
94,109,15,203,126,-77,124,109,-15,125,297,172,125,281,156,125,219,94,140,250,110,141,1532,S42a
93,109,16,203,94,-109,140,140,0,110,235,125,140,265,125,157,204,47,109,265,156,94,1406,S42a
110,125,15,188,94,-94,140,125,-15,110,219,109,141,328,187,125,360,235,125,172,47,109,1532,S42a
110,125,15,204,110,-94,141,156,15,94,204,110,140,265,125,110,219,109,125,219,94,110,1408,S42a
125,141,16,234,109,-125,141,125,-16,94,219,125,141,266,125,140,203,63,140,250,110,156,1469,S42a
110,172,62,188,94,-94,141,141,0,140,266,126,141,281,140,110,203,93,141,235,94,125,1517,S42a
125,156,31,188,110,-78,125,140,15,110,235,125,141,266,125,125,265,140,141,250,109,141,1563,S42a
125,157,32,203,109,-94,141,109,-32,125,266,141,141,251,110,140,218,78,125,297,172,94,1501,S42a
94,94,0,188,94,-94,125,141,16,109,187,78,141,344,203,125,172,47,141,235,94,109,1376,S42a
125,141,16,187,109,-78,141,172,31,125,251,126,140,281,141,141,234,93,125,235,110,109,1532,S42a
109,124,15,188,125,-63,125,141,16,110,235,125,140,249,109,126,204,78,125,234,109,109,1421,S42a
125,141,16,203,125,-78,125,172,47,125,219,94,125,343,218,125,250,125,125,251,126,125,1626,S42a
109,125,16,219,109,-110,141,125,-16,125,250,125,157,219,62,140,297,157,110,203,93,110,1438,S42a
125,109,-16,219,94,-125,156,156,0,125,204,79,140,281,141,125,203,78,125,251,126,109,1407,S42a
109,140,31,188,141,-47,125,109,-16,110,282,172,125,234,109,141,360,219,94,250,156,125,1641,S42a
109,219,110,156,62,-94,141,125,-16,110,250,140,141,297,156,110,156,46,125,235,110,109,1453,S42a
109,125,16,172,110,-62,124,109,-15,125,281,156,125,250,125,110,188,78,109,250,141,94,1407,S42a
109,141,32,156,109,-47,125,109,-16,125,266,141,140,312,172,110,156,46,126,266,140,125,1484,S42a
109,156,47,203,110,-93,140,109,-31,109,250,141,141,266,125,125,218,93,125,235,110,109,1453,S42a
109,125,16,203,109,-94,141,125,-16,94,250,156,125,266,141,109,265,156,125,250,125,141,1531,S42a
156,93,-63,235,157,-78,156,187,31,109,203,94,141,297,156,141,203,62,125,235,110,109,1484,S42a
109,109,0,187,94,-93,140,109,-31,109,266,157,140,250,110,140,297,157,125,218,93,94,1437,S42a
125,172,47,156,62,-94,141,125,-16,141,266,125,141,281,140,110,282,172,125,250,125,109,1547,S42a
109,156,47,172,94,-78,140,125,-15,125,250,125,141,328,187,110,188,78,125,265,140,125,1531,S42a
109,125,16,156,94,-62,125,140,15,110,361,251,140,297,157,124,203,79,125,312,187,78,1610,S42a
94,94,0,234,109,-125,141,156,15,110,235,125,156,328,172,125,250,125,141,266,125,109,1547,S42a
109,109,0,188,94,-94,156,125,-31,110,235,125,140,281,141,109,188,79,140,265,125,110,1407,S42a
125,109,-16,219,125,-94,141,141,0,125,265,140,141,266,125,125,344,219,142,267,125,109,1626,S42a
125,156,31,141,47,-94,156,156,0,94,251,157,125,312,187,125,188,63,140,234,94,94,1438,S42a
125,141,16,187,78,-109,141,141,0,109,234,125,141,328,187,125,219,94,141,219,78,125,1485,S42a
125,156,31,203,94,-109,156,125,-31,125,235,110,140,359,219,109,187,78,157,235,78,141,1532,S42a
109,109,0,219,110,-109,140,125,-15,125,250,125,156,281,125,109,187,78,145,255,110,140,1457,S42a
125,219,94,187,172,-15,109,172,63,125,250,125,125,296,171,125,203,78,110,235,125,109,1656,S42a
125,172,47,172,93,-79,126,126,0,125,249,124,141,235,94,141,250,109,140,234,94,157,1516,S42a
110,125,15,157,63,-94,156,172,16,125,234,109,125,313,188,125,203,78,140,250,110,109,1469,S42a
125,141,16,188,78,-110,141,141,0,109,297,188,128,253,125,125,219,94,156,297,141,109,1535,S42a
94,141,47,187,93,-94,141,157,16,125,219,94,140,312,172,109,188,79,140,281,141,109,1500,S42a
141,172,31,172,94,-78,125,125,0,140,250,110,140,312,172,141,234,93,110,297,187,125,1609,S42a
109,187,78,172,78,-94,157,125,-32,125,313,188,156,266,110,156,375,219,140,265,125,94,1703,S42a
140,156,16,156,62,-94,141,157,16,125,250,125,156,265,109,125,297,172,110,281,171,110,1578,S42a
93,125,32,156,78,-78,156,140,-16,125,297,172,141,250,109,125,266,141,156,265,109,110,1531,S42a
126,188,62,141,78,-63,125,125,0,125,281,156,141,360,219,109,344,235,125,296,171,110,1782,S42a
140,156,16,203,94,-109,140,109,-31,125,281,156,141,281,140,125,360,235,140,203,63,114,1598,S42a
78,125,47,187,172,-15,140,156,16,125,313,188,156,328,172,110,578,468,110,266,156,78,2016,S42a
125,140,15,157,94,-63,125,110,-15,125,296,171,125,297,172,110,203,93,125,235,110,94,1469,S42a
110,172,62,125,47,-78,140,140,0,110,266,156,141,297,156,141,314,173,109,218,109,110,1564,S42a
125,187,62,157,79,-78,124,140,16,125,235,110,140,312,172,134,259,125,125,406,281,110,1728,S42a
110,110,0,140,94,-46,94,125,31,141,235,94,140,437,297,125,219,94,140,250,110,125,1595,S42a
172,188,16,156,109,-47,125,125,0,125,235,110,140,297,157,140,265,125,125,297,172,94,1610,S42a
126,173,47,156,78,-78,125,125,0,141,250,109,141,328,187,126,235,109,125,250,125,109,1548,S42a
125,156,31,172,94,-78,140,125,-15,125,218,93,141,329,188,125,188,63,140,250,110,109,1469,S42a
110,141,31,172,94,-78,125,125,0,140,484,344,141,344,203,109,218,109,125,266,141,94,1766,S42a
125,125,0,156,78,-78,140,140,0,126,219,93,156,344,188,125,219,94,125,265,140,125,1515,S42a
125,172,47,109,62,-47,156,125,-31,125,235,110,125,328,203,94,250,156,94,187,93,94,1453,S42a
109,140,31,126,79,-47,140,156,16,125,250,125,125,1891,1766,93,313,220,109,218,109,110,3157,S42a
94,94,0,125,109,-16,110,110,0,125,281,156,140,375,235,125,157,32,94,234,140,125,1485,S42a
94,110,16,140,109,-31,109,141,32,109,218,109,125,360,235,125,172,47,156,250,94,109,1469,S42a
109,172,63,141,94,-47,125,156,31,125,156,31,125,328,203,125,204,79,140,234,94,109,1453,S42a
125,188,63,141,94,-47,141,156,15,125,188,63,125,344,219,109,171,62,125,235,110,125,1501,S42a
110,157,47,141,94,-47,125,156,31,110,172,62,141,313,172,140,250,110,140,234,94,109,1485,S42a
94,141,47,141,94,-47,125,140,15,110,219,109,141,328,187,125,313,188,125,281,156,125,1641,S42a
109,125,16,125,47,-78,140,156,16,125,219,94,141,344,203,125,313,188,94,250,156,125,1579,S42a
125,141,16,156,109,-47,125,110,-15,109,218,109,126,298,172,125,250,125,94,219,125,93,1438,S42a
125,172,47,110,94,-16,125,125,0,109,234,125,126,314,188,125,218,93,125,266,141,125,1548,S42a
125,172,47,125,63,-62,140,156,16,94,234,140,126,314,188,109,281,172,109,234,125,125,1579,S42a
93,140,47,156,109,-47,126,126,0,109,250,141,141,332,191,125,218,93,125,235,110,125,1535,S42a
109,109,0,141,94,-47,125,141,16,109,219,110,140,312,172,110,219,109,109,250,141,109,1453,S42a
109,109,0,125,78,-47,141,157,16,109,204,95,140,312,172,141,235,94,125,250,125,93,1438,S42a
125,171,46,157,110,-47,125,140,15,110,204,94,125,344,219,109,203,94,125,281,156,125,1578,S42a
110,125,15,172,110,-62,125,109,-16,110,235,125,141,313,172,140,250,110,125,234,109,141,1517,S42a
125,156,31,125,94,-31,141,156,15,110,203,93,173,376,203,125,1219,1094,125,515,390,110,2829,S42a
94,125,31,141,94,-47,125,125,0,109,203,94,141,328,187,125,625,500,110,219,109,110,1829,S42a
125,141,16,140,78,-62,141,125,-16,109,235,126,156,344,188,140,312,172,141,250,109,125,1610,S42a
109,125,16,109,62,-47,125,141,16,126,219,93,141,360,219,140,500,360,109,203,94,140,1750,S42a
125,109,-16,126,79,-47,125,125,0,109,219,110,140,359,219,109,219,110,141,266,125,125,1501,S42a
109,109,0,141,94,-47,140,156,16,109,234,125,141,329,188,125,250,125,125,281,156,110,1563,S42a
110,125,15,141,78,-63,141,141,0,109,234,125,141,297,156,126,266,140,110,266,156,109,1516,S42a
124,187,63,109,63,-46,156,171,15,94,219,125,141,313,172,141,250,109,94,235,141,109,1547,S42a
110,141,31,125,78,-47,156,141,-15,109,234,125,110,313,203,125,235,110,109,234,125,125,1501,S42a
125,156,31,125,63,-62,156,156,0,125,344,219,141,344,203,125,203,78,125,266,141,125,1657,S42a
110,110,0,140,78,-62,140,156,16,109,219,110,125,313,188,140,234,94,125,250,125,125,1485,S42a
110,156,46,141,94,-47,125,156,31,110,204,94,125,312,187,109,297,188,125,234,109,110,1563,S42a
110,141,31,156,78,-78,141,156,15,94,219,125,141,266,125,125,250,125,110,266,156,94,1470,S42a
109,125,16,125,62,-63,141,172,31,94,312,218,141,360,219,109,219,110,125,234,109,109,1593,S42a
125,141,16,125,63,-62,156,187,31,109,203,94,141,313,172,125,218,93,110,250,140,110,1485,S42a
125,125,0,141,94,-47,125,156,31,110,188,78,140,328,188,125,203,78,125,266,141,109,1469,S42a
125,125,0,156,94,-62,125,156,31,109,219,110,140,359,219,110,313,203,140,250,110,94,1610,S42a
109,141,32,125,46,-79,172,172,0,110,203,93,126,298,172,140,203,63,141,250,109,110,1423,S42a
109,125,16,140,93,-47,141,172,31,110,235,125,141,360,219,140,312,172,125,235,110,109,1641,S42a
109,172,63,140,93,-47,125,141,16,109,282,173,125,297,172,125,218,93,141,282,141,109,1594,S42a
125,141,16,140,78,-62,141,172,31,109,187,78,141,360,219,140,328,188,109,266,157,109,1641,S42a
110,141,31,125,62,-63,141,188,47,125,281,156,125,453,328,125,235,110,125,250,125,109,1719,S42a
109,141,32,109,62,-47,141,156,15,125,266,141,125,344,219,141,422,281,125,235,110,109,1735,S42a
110,141,31,141,62,-79,157,172,15,110,266,156,125,360,235,109,266,157,125,281,156,125,1673,S42a
125,156,31,125,47,-78,141,187,46,94,188,94,156,328,172,125,266,141,109,218,109,110,1500,S42a
125,172,47,140,62,-78,156,172,16,109,203,94,188,375,187,125,531,406,125,329,204,109,1953,S42a
109,125,16,125,78,-47,125,172,47,93,171,78,157,329,172,125,218,93,125,220,95,109,1422,S42a
109,125,16,156,109,-47,125,172,47,109,203,94,141,328,187,110,235,125,125,250,125,110,1532,S42a
109,156,47,156,78,-78,157,172,15,94,188,94,140,328,188,125,516,391,141,266,125,94,1798,S42a
109,125,16,203,109,-94,156,141,-15,94,234,140,141,313,172,110,266,156,125,266,141,78,1532,S42a
110,125,15,141,78,-63,141,157,16,109,218,109,125,297,172,126,282,156,109,203,94,125,1485,S42a
125,156,31,109,62,-47,126,141,15,125,235,110,125,328,203,110,266,156,109,234,125,110,1532,S42a
109,125,16,172,93,-79,126,126,0,109,265,156,125,313,188,110,313,203,94,234,140,110,1579,S42a
110,156,46,172,110,-62,109,125,16,109,437,328,157,282,125,125,360,235,125,234,109,78,1782,S42a
125,156,31,141,78,-63,141,141,0,94,234,140,141,298,157,109,343,234,110,204,94,125,1579,S42a
109,156,47,156,62,-94,157,157,0,109,218,109,126,313,187,141,328,187,110,219,109,125,1578,S42a
94,141,47,140,93,-47,125,125,0,94,220,126,125,297,172,109,343,234,141,516,375,109,1844,S42a
110,141,31,172,94,-78,125,125,0,109,250,141,109,250,141,109,328,219,125,203,78,125,1516,S42a
109,172,63,188,109,-79,125,125,0,94,219,125,141,266,125,140,312,172,125,203,78,110,1516,S42a
93,125,32,187,125,-62,125,125,0,78,250,172,140,297,157,125,265,140,125,250,125,141,1578,S42a
94,141,47,172,109,-63,110,125,15,110,235,125,140,296,156,125,719,594,125,313,188,110,2048,S42a
140,156,16,172,78,-94,156,140,-16,110,219,109,172,282,110,125,312,187,110,219,109,141,1547,S42a
94,140,46,157,125,-32,125,141,16,94,235,141,141,312,171,125,329,204,125,296,171,110,1688,S42a
93,156,63,156,109,-47,110,142,32,109,281,172,141,375,234,140,297,157,140,234,94,125,1719,S42a
110,157,47,156,94,-62,125,140,15,110,250,140,141,313,172,140,344,204,125,203,78,125,1626,S42a
110,172,62,235,125,-110,157,188,31,109,234,125,125,313,188,125,266,141,109,266,157,140,1704,S42a
110,172,62,156,94,-62,156,172,16,109,234,125,125,282,157,125,234,109,94,219,125,141,1548,S42a
125,391,266,125,172,47,125,156,31,125,359,234,141,250,109,125,688,563,125,391,266,125,2532,S42a
125,172,47,141,78,-63,157,172,15,125,454,329,125,343,218,141,235,94,140,250,110,125,1829,S42a
109,141,32,172,109,-63,141,156,15,110,250,140,141,313,172,126,235,109,141,266,125,125,1595,S42a
109,172,63,156,93,-63,141,141,0,125,297,172,156,453,297,141,344,203,125,250,125,125,1875,S42a
141,203,62,141,79,-62,156,156,0,125,1313,1188,141,313,172,140,437,297,125,219,94,109,2829,S42a
125,156,31,125,78,-47,125,141,16,109,656,547,125,438,313,125,250,125,125,281,156,125,2125,S42a
110,172,62,109,63,-46,156,171,15,125,282,157,125,390,265,141,266,125,125,281,156,110,1735,S42a
125,203,78,126,63,-63,156,141,-15,125,281,156,156,344,188,141,281,140,125,203,78,125,1641,S42a
125,172,47,141,78,-63,141,125,-16,141,579,438,125,703,578,109,390,281,110,204,94,125,2376,S42a
109,156,47,78,47,-31,125,141,16,109,218,109,141,360,219,125,265,140,110,282,172,125,1594,S42a
94,172,78,110,63,-47,125,156,31,109,266,157,125,375,250,171,297,126,156,266,110,109,1704,S42a
109,156,47,109,47,-62,140,140,0,125,219,94,125,360,235,93,234,141,141,219,78,109,1484,S42a
125,172,47,172,63,-109,156,156,0,125,250,125,156,344,188,140,516,376,125,265,140,125,1891,S42a
109,156,47,109,47,-62,140,140,0,125,360,235,141,297,156,141,266,125,125,328,203,125,1719,S42a
93,125,32,156,93,-63,141,141,0,109,281,172,125,313,188,140,297,157,109,266,157,109,1625,S42a
125,172,47,110,47,-63,141,156,15,110,250,140,125,396,271,110,391,281,141,250,109,109,1771,S42a
93,109,16,109,62,-47,141,172,31,110,188,78,156,312,156,157,313,156,141,266,125,109,1531,S42a
109,156,47,94,32,-62,172,172,0,109,203,94,203,516,313,125,484,359,125,266,141,140,1969,S42a
109,125,16,141,63,-78,156,141,-15,125,234,109,141,438,297,140,468,328,157,297,140,157,1923,S42a
125,140,15,125,63,-62,156,187,31,125,313,188,156,437,281,110,1204,1094,125,297,172,109,2750,S42a
125,156,31,157,78,-79,157,173,16,109,328,219,141,328,187,141,360,219,141,250,109,109,1782,S42a
110,157,47,109,62,-47,141,188,47,125,328,203,125,875,750,110,454,344,125,265,140,125,2454,S42a
125,141,16,140,93,-47,156,188,32,140,359,219,141,391,250,141,1000,859,125,187,62,125,2484,S42a
125,172,47,109,47,-62,140,156,16,141,250,109,157,375,218,141,579,438,140,250,110,109,1938,S42a
125,171,46,125,63,-62,156,156,0,141,281,140,157,392,235,109,328,219,140,234,94,141,1766,S42a
126,172,46,156,47,-109,188,188,0,125,250,125,125,344,219,141,281,140,141,235,94,140,1657,S42a
125,141,16,140,94,-46,140,140,0,141,266,125,140,359,219,110,250,140,126,282,156,109,1641,S42a
125,406,281,125,157,32,140,172,32,187,312,125,141,376,235,125,265,140,125,250,125,125,2063,S42a
94,156,62,157,125,-32,172,219,47,141,360,219,171,343,172,141,328,187,126,235,109,125,1891,S42a
125,156,31,125,79,-46,140,171,31,125,360,235,156,312,156,141,345,204,140,281,141,125,1829,S42a
125,156,31,172,93,-79,141,126,-15,125,328,203,141,375,234,156,344,188,141,219,78,140,1781,S42a
141,188,47,109,47,-62,141,156,15,110,250,140,141,360,219,125,250,125,125,344,219,109,1704,S42a
125,157,32,109,62,-47,156,156,0,125,235,110,140,375,235,110,266,156,141,219,78,125,1595,S42a
125,188,63,93,15,-78,172,188,16,125,218,93,157,360,203,125,313,188,125,203,78,125,1610,S42a
109,172,63,140,62,-78,156,156,0,125,297,172,126,282,156,141,313,172,125,203,78,125,1610,S42a
156,172,16,109,62,-47,141,172,31,125,454,329,125,984,859,141,250,109,110,235,125,125,2454,S42a
93,109,16,156,125,-31,110,110,0,125,438,313,125,218,93,141,344,203,125,422,297,94,1860,S42a
110,125,15,141,94,-47,110,110,0,140,234,94,141,266,125,140,249,109,110,204,94,110,1392,S42a
109,141,32,140,78,-62,156,156,0,125,281,156,156,391,235,109,172,63,125,219,94,125,1563,S42a
125,172,47,110,63,-47,140,156,16,125,437,312,125,266,141,125,234,109,125,204,79,140,1672,S42a
93,109,16,141,93,-48,126,126,0,125,218,93,142,282,140,141,469,328,125,188,63,156,1641,S42a
125,93,-32,141,110,-31,94,125,31,125,390,265,125,344,219,125,141,16,140,281,141,125,1609,S42a
125,141,16,141,94,-47,109,140,31,110,219,109,156,281,125,141,219,78,141,266,125,125,1485,S42a
125,156,31,125,78,-47,125,157,32,156,234,78,172,391,219,109,171,62,157,219,62,125,1531,S42a
140,156,16,125,62,-63,125,141,16,125,203,78,141,313,172,125,234,109,125,219,94,125,1453,S42a
110,172,62,141,94,-47,109,109,0,110,250,140,141,266,125,125,219,94,140,218,78,110,1438,S42a
109,172,63,171,109,-62,125,140,15,110,219,109,134,275,141,141,234,93,110,219,109,125,1493,S42a
140,156,16,156,78,-78,125,125,0,125,219,94,125,344,219,125,187,62,125,234,109,125,1468,S42a
125,171,46,141,94,-47,110,125,15,110,250,140,125,267,142,125,234,109,125,234,109,125,1500,S42a
109,140,31,141,78,-63,110,125,15,110,250,140,141,282,141,125,235,110,125,281,156,109,1500,S42a
109,156,47,110,63,-47,125,156,31,94,234,140,141,329,188,125,203,78,110,297,187,125,1563,S42a
125,156,31,172,125,-47,109,141,32,125,234,109,125,313,188,125,203,78,125,250,125,110,1532,S42a
109,140,31,141,79,-62,109,125,16,125,312,187,141,266,125,109,281,172,125,235,110,125,1563,S42a
109,156,47,125,78,-47,110,110,0,125,281,156,156,297,141,141,250,109,141,266,125,110,1548,S42a
109,140,31,172,94,-78,141,156,15,125,672,547,156,250,94,126,204,78,125,250,125,125,1891,S42a
140,156,16,125,62,-63,141,157,16,109,203,94,172,297,125,125,235,110,125,281,156,109,1500,S42a
110,157,47,125,78,-47,141,141,0,109,250,141,172,281,109,125,266,141,109,218,109,125,1516,S42a
126,188,62,157,78,-79,125,141,16,109,250,141,156,313,157,140,219,79,125,250,125,125,1564,S42a
109,156,47,156,94,-62,125,93,-32,94,235,141,140,297,157,125,219,94,141,266,125,125,1485,S42a
125,157,32,109,62,-47,125,141,16,109,234,125,125,281,156,125,563,438,125,234,109,110,1782,S42a
125,157,32,125,77,-48,126,141,15,110,250,140,141,344,203,125,281,156,110,250,140,110,1610,S42a
141,187,46,94,47,-47,125,141,16,109,234,125,125,297,172,125,250,125,141,219,78,109,1484,S42a
109,141,32,125,78,-47,140,140,0,110,250,140,141,297,156,125,235,110,156,250,94,109,1500,S42a
110,157,47,125,62,-63,141,156,15,94,235,141,140,328,188,109,203,94,125,234,109,94,1469,S42a
109,156,47,109,47,-62,156,172,16,109,234,125,125,313,188,125,250,125,125,250,125,125,1547,S42a
125,156,31,110,79,-31,140,156,16,125,281,156,125,328,203,94,391,297,109,219,110,109,1719,S42a
125,172,47,125,78,-47,110,125,15,126,267,141,156,312,156,141,266,125,109,219,110,93,1532,S42a
125,172,47,125,62,-63,125,141,16,109,219,110,125,328,203,156,234,78,141,235,94,141,1532,S42a
109,141,32,156,93,-63,125,125,0,110,282,172,156,282,126,109,250,141,109,234,125,125,1532,S42a
110,172,62,157,63,-94,125,156,31,109,235,126,203,359,156,125,235,110,140,203,63,125,1548,S42a
125,140,15,142,79,-63,125,156,31,110,235,125,125,281,156,125,281,156,110,172,62,110,1454,S42a
141,188,47,141,78,-63,141,141,0,109,313,204,140,265,125,125,219,94,125,281,156,125,1610,S42a
125,156,31,141,94,-47,141,141,0,109,297,188,140,281,141,125,266,141,125,234,109,110,1579,S42a
125,140,15,110,78,-32,125,141,16,125,328,203,141,328,187,110,235,125,125,234,109,110,1594,S42a
125,156,31,156,109,-47,125,141,16,109,344,235,140,265,125,126,376,250,125,313,188,125,1829,S42a
110,157,47,124,62,-62,141,141,0,125,359,234,141,282,141,94,266,172,125,250,125,124,1641,S42a
109,203,94,78,31,-47,157,172,15,110,360,250,110,297,187,125,234,109,110,250,140,125,1672,S42a
110,157,47,140,78,-62,141,172,31,125,406,281,125,313,188,125,234,109,125,235,110,141,1736,S42a
109,141,32,140,77,-63,142,188,46,110,407,297,125,422,297,109,234,125,125,234,109,110,1813,S42a
109,422,313,125,140,15,141,156,15,125,282,157,156,282,126,109,390,281,110,328,218,94,2094,S42a
110,172,62,141,94,-47,140,156,16,94,376,282,140,250,110,109,265,156,125,219,94,125,1657,S42a
125,188,63,93,31,-62,156,187,31,110,314,204,140,328,188,125,328,203,125,250,125,125,1751,S42a
110,188,78,110,32,-78,156,359,203,125,313,188,125,765,640,110,157,47,140,281,141,110,2205,S42a
109,140,31,110,63,-47,141,172,31,109,265,156,141,266,125,125,234,109,110,267,157,93,1500,S42a
125,188,63,125,93,-32,141,157,16,109,359,250,125,266,141,109,235,126,125,281,156,94,1673,S42a
109,187,78,141,157,16,109,234,125,109,343,234,126,251,125,125,266,141,109,250,141,94,1782,S42a
63,141,78,125,93,-32,125,157,32,125,453,328,62,1360,1298,93,531,438,109,187,78,110,3032,S42a
110,125,15,125,94,-31,109,156,47,94,313,219,140,297,157,109,234,125,125,281,156,94,1594,S42a
110,172,62,125,31,-94,172,219,47,156,360,204,140,312,172,114,208,94,140,250,110,109,1661,S42a
125,156,31,125,78,-47,141,172,31,125,328,203,141,282,141,125,219,94,140,265,125,125,1625,S42a
109,172,63,156,109,-47,141,203,62,125,297,172,141,313,172,109,250,141,141,250,109,94,1688,S42a
109,140,31,141,94,-47,141,172,31,110,344,234,172,344,172,125,250,125,125,235,110,109,1688,S42a
94,188,94,140,78,-62,140,187,47,110,328,218,141,391,250,125,282,157,109,219,110,109,1782,S42a
109,125,16,140,156,16,141,156,15,125,860,735,140,156,16,140,282,142,125,234,109,109,2078,S42a
109,125,16,125,78,-47,140,187,47,94,282,188,140,343,203,126,204,78,110,266,156,109,1594,S42a
94,125,31,141,110,-31,109,140,31,110,267,157,140,281,141,125,266,141,125,234,109,109,1532,S42a
109,156,47,141,94,-47,125,172,47,125,735,610,140,312,172,126,235,109,109,281,172,110,2095,S42a
110,157,47,125,62,-63,156,250,94,110,282,172,140,344,204,125,250,125,109,250,141,140,1735,S42a
125,140,15,141,78,-63,125,188,63,110,235,125,156,265,109,125,219,94,156,281,125,125,1531,S42a
109,140,31,157,95,-62,125,172,47,109,218,109,141,282,141,125,218,93,141,235,94,125,1485,S42a
141,188,47,141,62,-79,142,188,46,110,219,109,156,594,438,141,375,234,140,312,172,125,2063,S42a
125,172,47,156,93,-63,125,157,32,109,203,94,156,320,164,156,234,78,141,234,93,141,1554,S42a
141,188,47,156,78,-78,141,172,31,125,235,110,156,281,125,125,219,94,140,218,78,125,1516,S42a
141,172,31,141,63,-78,141,172,31,125,578,453,141,328,187,125,188,63,141,281,140,125,1907,S42a
125,140,15,172,94,-78,141,172,31,125,266,141,171,312,141,141,250,109,156,328,172,125,1687,S42a
141,188,47,140,62,-78,141,203,62,141,234,93,141,313,172,141,234,93,157,235,78,125,1594,S42a
125,172,47,172,78,-94,125,140,15,141,250,109,157,313,156,141,204,63,125,250,125,125,1532,S42a
141,156,15,157,78,-79,125,141,16,141,234,93,157,313,156,141,266,125,125,235,110,140,1563,S42a
141,172,31,156,109,-47,141,203,62,125,266,141,157,297,140,157,250,93,125,282,157,125,1704,S42a
125,203,78,172,110,-62,141,156,15,125,282,157,172,297,125,140,281,141,140,250,110,125,1704,S42a
157,173,16,187,78,-109,140,156,16,141,281,140,157,281,124,141,266,125,125,266,141,140,1641,S42a
158,173,15,204,79,-125,156,156,0,156,422,266,156,312,156,156,250,94,141,266,125,125,1783,S42a
157,188,31,172,62,-110,141,172,31,141,328,187,141,282,141,140,328,188,125,265,140,141,1766,S42a
109,125,16,203,94,-109,125,140,15,141,235,94,172,297,125,156,235,79,125,234,109,125,1485,S42a
141,172,31,172,78,-94,141,172,31,141,250,109,156,407,251,156,734,578,141,250,109,141,2204,S42a
140,187,47,172,79,-93,140,171,31,141,266,125,156,313,157,124,281,157,141,313,172,109,1719,S42a
125,188,63,203,93,-110,141,172,31,141,235,94,172,297,125,156,265,109,125,219,94,125,1594,S42a
125,156,31,203,78,-125,125,141,16,156,328,172,172,923,751,125,531,406,125,250,125,125,2532,S42a
125,141,16,203,93,-110,126,141,15,157,282,125,156,297,141,156,312,156,125,266,141,140,1672,S42a
141,172,31,204,79,-125,156,172,16,140,687,547,172,281,109,141,297,156,172,563,391,156,2407,S42a
141,157,16,187,62,-125,141,156,15,141,250,109,157,297,140,141,281,140,142,267,125,140,1610,S42a
141,203,62,172,63,-109,156,172,16,140,984,844,125,391,266,156,282,126,140,265,125,125,2485,S42a
126,126,0,187,187,0,156,141,-15,172,359,187,172,266,94,156,281,125,125,266,141,125,1751,S42a
99,235,136,123,104,-19,159,128,-31,112,1016,904,64,296,232,111,1952,1841,104,400,296,87,4218,S41a
120,1104,984,55,37,-18,123,195,72,96,1063,967,65,177,112,128,544,416,80,304,224,88,3512,S41a
80,136,56,80,81,1,127,127,0,88,328,240,88,136,48,88,408,320,79,232,153,104,1552,S41a
104,735,631,113,113,0,111,183,72,105,409,304,103,183,80,112,384,272,89,273,184,105,2385,S41a
80,136,56,112,152,40,104,194,90,118,215,97,79,495,416,120,72,-48,88,312,224,128,1704,S41a
88,112,24,114,88,-26,80,145,65,127,327,200,104,120,16,144,256,112,96,232,136,121,1401,S41a
88,152,64,153,153,0,63,95,32,168,225,57,103,184,81,127,287,160,73,192,119,96,1384,S41a
104,136,32,128,104,-24,104,160,56,113,217,104,103,207,104,112,169,57,95,207,112,112,1312,S41a
112,137,25,152,152,0,63,127,64,129,184,55,80,225,145,111,152,41,87,192,105,120,1289,S41a
88,120,32,128,97,-31,96,136,40,128,176,48,103,192,89,128,159,31,88,153,65,103,1136,S41a
80,120,40,103,80,-23,55,136,81,127,192,65,78,192,114,136,136,0,79,151,72,136,1143,S41a
81,168,87,63,32,-31,120,184,64,112,1127,1015,80,216,136,177,193,16,64,176,112,112,2208,S41a
72,152,80,120,320,200,56,136,80,96,160,64,88,192,104,104,160,56,80,168,88,112,1400,S41a
80,168,88,128,191,63,73,169,96,104,176,72,80,152,72,128,168,40,80,184,104,96,1304,S41a
104,160,56,104,216,112,80,160,80,96,192,96,72,120,48,136,208,72,72,176,104,112,1344,S41a
80,128,48,80,160,80,56,136,80,104,168,64,80,160,80,136,184,48,80,176,96,96,1208,S41a
104,184,80,80,216,136,72,152,80,128,184,56,96,160,64,128,192,64,80,176,96,96,1360,S41a
63,143,80,120,128,8,80,160,80,104,160,56,80,159,79,129,169,40,72,208,136,105,1232,S41a
104,144,40,152,153,1,55,127,72,128,184,56,104,159,55,145,241,96,88,176,88,112,1296,S41a
80,192,112,104,105,1,71,199,128,128,161,33,103,207,104,104,128,24,88,145,57,127,1264,S41a
80,145,65,95,175,80,72,128,56,152,176,24,104,168,64,136,160,24,88,185,97,135,1272,S41a
88,153,65,119,183,64,80,184,104,112,144,32,104,200,96,136,161,25,79,167,88,128,1320,S41a
88,121,33,127,160,33,55,135,80,112,145,33,95,199,104,122,122,0,78,166,88,97,1145,S41a
103,135,32,113,128,15,97,168,71,120,225,105,88,168,80,143,175,32,89,177,88,103,1279,S41a
81,129,48,104,161,57,88,168,80,152,408,256,87,143,56,128,177,49,79,216,137,112,1514,S41a
111,136,25,104,152,48,80,143,63,152,161,9,104,176,72,152,232,80,88,144,56,120,1264,S41a
88,144,56,95,152,57,80,159,79,153,209,56,71,152,81,136,1432,1296,79,368,289,79,2695,S41a
72,136,64,135,120,-15,95,191,96,144,129,-15,96,192,96,152,152,0,104,168,64,104,1192,S41a
80,104,24,136,136,0,104,184,80,104,464,360,95,191,96,136,128,-8,72,264,192,128,1599,S41a
96,145,49,122,122,0,78,182,104,128,616,488,80,839,759,129,219,90,62,294,232,136,2553,S41a
88,136,48,112,128,16,96,152,56,152,176,24,88,152,64,128,232,104,80,168,88,128,1272,S41a
120,176,56,104,104,0,80,184,104,120,264,144,55,288,233,104,216,112,88,161,73,111,1504,S41a
112,288,176,128,208,80,96,152,56,104,472,368,80,184,104,112,904,792,80,176,96,80,2464,S41a
112,144,32,96,168,72,88,152,64,160,176,16,106,184,78,136,168,32,88,168,80,120,1280,S41a
112,144,32,104,152,48,80,160,80,104,184,80,104,200,96,112,184,72,96,160,64,129,1313,S41a
104,128,24,104,152,48,80,136,56,152,448,296,88,184,96,112,168,56,80,160,80,104,1480,S41a
104,152,48,96,129,33,79,159,80,128,152,24,96,192,96,160,161,1,87,167,80,112,1224,S41a
96,176,80,129,129,0,95,183,88,152,184,32,96,176,80,119,177,58,87,175,88,88,1288,S41a
114,169,55,96,128,32,56,168,112,128,520,392,72,184,112,88,192,104,80,137,57,127,1625,S41a
96,137,41,87,143,56,80,144,64,136,328,192,80,169,89,152,175,23,80,160,80,104,1360,S41a
80,137,57,103,159,56,88,153,65,127,160,33,87,191,104,153,153,0,79,135,56,129,1217,S41a
104,128,24,111,159,48,64,129,65,152,153,1,78,198,120,145,169,24,80,152,72,127,1215,S41a
111,311,200,104,184,80,88,192,104,120,152,32,96,185,89,128,152,24,80,167,87,128,1471,S41a
128,128,0,96,144,48,79,168,89,127,144,17,88,200,112,152,160,8,87,143,56,120,1207,S41a
104,152,48,103,152,49,80,143,63,161,176,15,104,193,89,152,176,24,80,143,63,128,1263,S41a
96,160,64,136,137,1,79,159,80,152,216,64,104,160,56,112,159,47,89,145,56,120,1256,S41a
88,120,32,136,136,0,79,160,81,160,160,0,104,184,80,136,168,32,88,168,80,104,1200,S41a
95,143,48,81,169,88,88,176,88,168,192,24,112,216,104,160,160,0,88,152,64,128,1336,S41a
152,184,32,112,136,24,80,184,104,128,504,376,104,320,216,224,248,24,96,136,40,112,1824,S41a
105,153,48,128,128,0,88,128,40,176,177,1,103,191,88,160,176,16,104,216,112,152,1321,S41a
104,160,56,95,80,-15,88,152,64,136,192,56,72,192,120,128,144,16,80,152,72,111,1183,S41a
88,120,32,124,88,-36,80,168,88,144,161,17,95,199,104,112,168,56,80,160,80,128,1192,S41a
80,144,64,112,113,1,79,159,80,144,160,16,104,200,96,160,176,16,88,152,64,128,1232,S41a
105,152,47,80,136,56,104,176,72,160,1066,906,78,126,48,152,256,104,88,192,104,129,2233,S41a
104,128,24,88,120,32,80,136,56,152,553,401,79,167,88,128,640,512,72,128,56,96,1968,S41a
80,129,49,79,120,41,79,152,73,143,191,48,112,216,104,128,160,32,73,152,79,136,1256,S41a
96,112,16,103,640,537,79,136,57,135,192,57,95,167,72,152,177,25,79,176,97,128,1728,S41a
144,144,0,79,136,57,79,136,57,160,215,55,80,233,153,160,161,1,86,143,57,128,1296,S41a
137,136,-1,111,215,104,18,144,126,144,512,368,105,177,72,159,224,65,79,167,88,121,1696,S41a
127,144,17,97,97,0,78,159,81,136,191,55,113,193,80,112,191,79,73,113,40,128,1216,S41a
112,168,56,79,136,57,80,160,80,136,384,248,88,184,96,128,184,56,88,128,40,136,1480,S41a
128,128,0,96,152,56,79,144,65,144,208,64,95,200,105,160,215,55,73,145,72,112,1304,S41a
104,160,56,80,168,88,80,144,64,128,240,112,128,168,40,160,360,200,80,376,296,112,1728,S41a
120,184,64,80,160,80,64,120,56,128,568,440,104,160,56,128,280,152,96,224,128,120,1816,S41a
112,136,24,137,137,0,71,127,56,160,192,32,80,192,112,128,160,32,80,144,64,128,1216,S41a
128,160,32,72,128,56,80,152,72,144,176,32,96,216,120,176,176,0,80,168,88,161,1337,S41a
136,160,24,88,128,40,88,168,80,144,592,448,104,168,64,112,168,56,96,200,104,128,1712,S41a
112,128,16,96,184,88,80,192,112,136,137,1,111,231,120,152,153,1,87,159,72,145,1329,S41a
120,136,16,88,160,72,88,168,80,128,600,472,96,168,72,112,168,56,80,168,88,104,1672,S41a
128,144,16,96,136,40,88,152,64,185,185,0,87,223,136,144,192,48,104,144,40,169,1345,S41a
129,129,0,95,223,128,64,136,72,152,184,32,88,680,592,168,376,208,96,128,32,104,1960,S41a
136,168,32,64,160,96,80,144,64,128,160,32,104,280,176,168,152,-16,88,144,56,128,1336,S41a
146,146,0,77,189,112,72,160,88,168,201,33,79,399,320,129,130,1,86,150,64,128,1503,S41a
103,135,32,72,193,121,63,127,64,152,201,49,79,216,137,127,160,33,79,151,72,137,1320,S41a
104,136,32,80,185,105,72,144,72,168,169,1,102,207,105,167,200,33,87,143,56,120,1304,S41a
119,160,41,79,208,129,80,176,96,159,248,89,103,160,57,151,216,65,64,144,80,135,1447,S41a
104,120,16,79,208,129,71,152,81,119,151,32,105,209,104,183,184,1,80,136,56,127,1287,S41a
112,176,64,80,200,120,71,136,65,176,176,0,80,232,152,160,264,104,88,144,56,176,1504,S41a
103,128,25,72,200,128,79,143,64,153,337,184,111,215,104,105,145,40,72,152,80,136,1456,S41a
80,136,56,80,208,128,64,128,64,176,216,40,104,152,48,136,208,72,71,304,233,119,1471,S41a
79,136,57,79,176,97,72,136,64,136,168,32,96,216,120,144,224,80,96,208,112,143,1407,S41a
104,136,32,72,216,144,48,120,72,128,184,56,104,184,80,128,200,72,80,136,56,144,1320,S41a
104,152,48,64,1160,1096,80,120,40,159,192,33,112,176,64,160,160,0,88,120,32,128,2208,S41a
80,136,56,72,207,135,57,121,64,160,208,48,80,168,88,144,200,56,88,128,40,128,1296,S41a
112,144,32,79,208,129,56,160,104,104,408,304,104,152,48,136,240,104,88,120,32,136,1568,S41a
128,176,48,64,216,152,72,152,80,152,520,368,88,144,56,128,808,680,80,120,40,120,2256,S41a
104,224,120,48,192,144,80,152,72,184,224,40,96,200,104,136,177,41,87,175,88,112,1456,S41a
137,136,-1,64,216,152,80,1000,920,113,152,39,104,233,129,127,167,40,88,169,81,117,2190,S41a
80,128,48,80,209,129,79,103,24,185,185,0,87,887,800,120,177,57,79,471,392,112,2272,S41a
112,137,25,71,216,145,23,80,57,143,391,248,113,193,80,104,152,48,79,128,49,127,1424,S41a
79,128,49,79,232,153,40,104,64,152,311,159,112,184,72,128,169,41,103,136,33,112,1376,S41a
79,136,57,79,191,112,65,137,72,119,536,417,88,127,39,161,200,39,80,169,89,128,1624,S41a
96,128,32,88,200,112,56,136,80,128,168,40,112,200,88,152,200,48,80,136,56,128,1296,S41a
128,184,56,80,207,127,57,377,320,152,504,352,128,160,32,136,208,72,80,184,104,144,1968,S41a
121,120,-1,72,192,120,64,192,128,120,528,408,96,120,24,128,208,80,72,200,128,128,1688,S41a
96,152,56,72,183,111,49,129,80,144,752,608,96,152,56,120,264,144,80,152,72,104,1888,S41a
120,136,16,80,232,152,31,264,233,128,432,304,96,128,32,152,216,64,88,168,80,112,1688,S41a
128,128,0,80,192,112,72,144,72,128,152,24,112,216,104,160,184,24,80,144,64,144,1304,S41a
88,152,64,80,184,104,64,104,40,152,208,56,112,152,40,120,232,112,88,128,40,104,1264,S41a
127,135,8,88,200,112,56,184,128,104,152,48,104,440,336,104,120,16,88,152,64,136,1519,S41a
112,176,64,56,592,536,112,528,416,104,176,72,104,184,80,120,192,72,80,120,40,128,2096,S41a
104,184,80,56,160,104,56,168,112,129,130,1,102,195,93,171,1554,1383,81,113,32,104,2608,S41a
104,160,56,72,192,120,56,104,48,161,161,0,103,199,96,112,208,96,88,144,56,120,1288,S41a
160,184,24,64,192,128,72,153,81,151,783,632,80,136,56,80,600,520,88,129,41,119,2296,S41a
87,128,41,79,176,97,63,111,48,169,169,0,103,183,80,169,232,63,80,144,64,128,1271,S41a
112,401,289,79,167,88,89,128,39,136,216,80,96,248,152,112,312,200,64,264,200,112,1848,S41a
112,240,128,128,80,-48,136,272,136,120,1272,1152,103,120,17,144,415,271,73,289,216,96,2784,S41a
80,208,128,112,113,1,87,119,32,112,648,536,72,168,96,112,288,176,72,272,200,119,1935,S41a
80,160,80,79,48,-31,88,144,56,160,224,64,80,192,112,128,176,48,88,200,112,104,1248,S41a
120,120,0,128,129,1,79,135,56,160,192,32,88,176,88,120,272,152,80,192,112,104,1320,S41a
129,128,-1,128,128,0,80,136,56,128,184,56,104,176,72,152,344,192,88,176,88,128,1400,S41a
105,137,32,80,81,1,71,127,56,128,192,64,96,200,104,120,488,368,104,264,160,64,1553,S41a
80,112,32,95,80,-15,96,128,32,152,192,40,112,168,56,120,256,136,88,168,80,103,1207,S41a
112,144,32,96,97,1,79,127,48,152,184,32,96,200,104,136,168,32,64,168,104,128,1216,S41a
121,121,0,111,87,-24,104,136,32,136,584,448,80,120,40,168,296,128,80,208,128,96,1648,S41a
113,112,-1,144,112,-32,120,145,25,151,191,40,104,152,48,120,152,32,88,128,40,104,1096,S41a
97,96,-1,112,88,-24,96,184,88,128,448,320,88,144,56,96,328,232,80,184,104,105,1577,S41a
105,104,-1,108,72,-36,96,144,48,136,152,16,112,168,56,152,249,97,55,152,97,103,1144,S41a
113,113,0,104,95,-9,72,136,64,144,560,416,89,128,39,136,224,88,80,153,73,103,1512,S41a
96,96,0,111,80,-31,95,135,40,152,232,80,105,184,79,128,440,312,80,169,89,127,1463,S41a
128,128,0,72,72,0,79,135,56,144,177,33,112,159,47,145,184,39,105,161,56,103,1119,S41a
128,161,33,100,64,-36,111,144,33,151,168,17,111,184,73,143,168,25,79,160,81,103,1152,S41a
80,113,33,112,80,-32,88,144,56,168,168,0,103,208,105,103,136,33,79,135,56,129,1113,S41a
104,128,24,87,80,-7,72,247,175,153,153,0,64,464,400,128,128,0,63,143,80,136,1479,S41a
103,144,41,111,88,-23,87,119,32,161,168,7,113,192,79,105,193,88,64,128,64,112,1144,S41a
112,152,40,96,64,-32,104,136,32,152,184,32,104,160,56,184,184,0,80,192,112,136,1208,S41a
112,264,152,128,216,88,80,168,88,143,224,81,48,112,64,103,160,57,80,184,104,128,1456,S41a
80,128,48,95,80,-15,96,136,40,144,192,48,112,168,56,120,208,88,64,128,64,96,1136,S41a
112,168,56,104,64,-40,104,176,72,128,176,48,87,168,81,136,200,64,80,136,56,88,1176,S41a
128,128,0,127,104,-23,80,136,56,128,192,64,88,144,56,144,224,80,64,120,56,104,1152,S41a
136,176,40,108,72,-36,112,152,40,152,216,64,112,176,64,104,160,56,96,120,24,105,1177,S41a
104,664,560,136,104,-32,72,128,56,169,169,0,79,143,64,136,144,8,80,144,64,112,1608,S41a
112,144,32,88,56,-32,104,184,80,112,272,160,120,160,40,152,528,376,88,152,64,112,1608,S41a
97,97,0,127,103,-24,88,320,232,159,360,201,80,168,88,112,152,40,80,144,64,112,1456,S41a
64,112,48,124,89,-35,87,143,56,144,176,32,88,128,40,112,168,56,80,168,88,128,1112,S41a
103,136,33,87,55,-32,96,152,56,136,184,48,96,177,81,156,189,33,74,118,44,108,1119,S41a
87,119,32,120,89,-31,79,135,56,136,176,40,104,136,32,128,184,56,88,176,88,120,1135,S41a
120,176,56,80,81,1,55,135,80,128,240,112,80,712,632,160,608,448,80,104,24,120,2176,S41a
95,135,40,112,81,-31,1119,488,-631,135,175,40,88,193,105,87,127,40,80,152,72,104,1455,S41a
87,128,41,119,87,-32,80,137,57,127,184,57,87,192,105,104,303,199,73,129,56,112,1272,S41a
80,135,55,97,81,-16,72,128,56,121,225,104,96,249,153,23,304,281,88,137,49,120,1379,S41a
105,144,39,104,105,1,64,119,55,112,169,57,104,136,32,105,161,56,80,160,80,104,1098,S41a
80,144,64,104,64,-40,104,177,73,112,224,112,56,96,40,88,240,152,56,161,105,88,1194,S41a
80,120,40,128,129,1,55,111,56,104,161,57,79,128,49,96,152,56,88,176,88,120,1097,S41a
112,161,49,72,47,-25,104,168,64,137,225,88,80,160,80,168,201,33,87,144,57,103,1209,S41a
120,144,24,129,129,0,55,87,32,136,505,369,47,144,97,128,153,25,88,120,32,104,1386,S41a
103,136,33,128,129,1,63,143,80,128,321,193,71,296,225,112,112,0,88,240,152,88,1465,S41a
104,472,368,148,113,-35,103,144,41,152,584,432,35,328,293,121,954,833,79,103,24,104,2802,S41a
120,136,16,88,56,-32,96,121,25,151,192,41,103,176,73,136,176,40,80,216,136,136,1209,S41a
80,119,39,129,129,0,56,104,48,168,200,32,88,144,56,160,224,64,88,217,129,143,1280,S41a
136,168,32,115,81,-34,88,144,56,135,208,73,80,120,40,128,392,264,80,104,24,104,1321,S41a
128,176,48,136,136,0,79,128,49,112,560,448,72,112,40,136,176,40,80,136,56,104,1528,S41a
120,144,24,135,104,-31,96,152,56,128,216,88,88,136,48,136,273,137,103,152,49,95,1272,S41a
112,144,32,120,105,-15,71,87,16,161,416,255,97,145,48,112,416,304,89,88,-1,112,1513,S41a
104,136,32,110,80,-30,80,145,65,151,207,56,81,137,56,120,184,64,80,120,40,112,1121,S41a
112,144,32,120,88,-32,80,112,32,144,464,320,81,112,31,104,192,88,104,128,24,104,1344,S41a
112,168,56,127,112,-15,88,144,56,152,240,88,80,128,48,128,168,40,80,112,32,104,1176,S41a
128,184,56,135,120,-15,88,144,56,136,232,96,96,137,41,127,184,57,87,128,41,87,1216,S41a
136,200,64,119,104,-15,96,128,32,160,584,424,80,112,32,128,256,128,80,192,112,80,1656,S41a
88,145,57,119,87,-32,96,121,25,143,231,88,104,112,8,128,216,88,80,120,40,120,1152,S41a
88,120,32,128,129,1,54,87,33,160,288,128,104,184,80,120,121,1,71,104,33,127,1160,S41a
103,159,56,136,137,1,103,144,41,151,208,57,88,104,16,152,255,103,66,65,-1,112,1184,S41a
88,136,48,128,96,-32,88,112,24,176,408,232,88,128,40,128,184,56,87,72,-15,72,1208,S41a
80,128,48,129,129,0,55,111,56,144,184,40,104,136,32,152,192,40,88,112,24,112,1104,S41a
129,145,16,129,129,0,47,103,56,136,256,120,97,121,24,119,200,81,88,111,23,113,1178,S41a
71,128,57,111,95,-16,89,121,32,144,176,32,112,128,16,143,183,40,97,137,40,112,1080,S41a
120,152,32,128,128,0,56,80,24,176,272,96,96,152,56,104,232,128,80,120,40,128,1264,S41a
80,136,56,112,104,-8,64,80,16,160,368,208,80,128,48,104,144,40,80,112,32,136,1208,S41a
88,152,64,119,104,-15,72,104,32,152,209,57,87,111,24,144,729,585,79,120,41,104,1633,S41a
104,152,48,95,56,-39,111,136,25,175,192,17,104,144,40,143,176,33,88,144,56,103,1103,S41a
128,176,48,79,64,-15,88,168,80,160,312,152,96,152,56,112,160,48,88,168,80,144,1344,S41a
104,144,40,96,48,-48,88,184,96,144,415,271,81,161,80,168,496,328,81,80,-1,136,1664,S41a
72,129,57,119,88,-31,71,111,40,153,184,31,104,120,16,145,200,55,80,121,41,127,1080,S41a
87,112,25,112,824,712,32,56,24,192,1328,1136,80,152,72,128,280,152,72,112,40,152,3016,S41a
128,128,0,112,80,-32,88,192,104,128,576,448,96,120,24,128,352,224,88,144,56,104,1696,S41a
128,152,24,80,224,144,49,48,-1,152,248,96,112,144,32,120,240,120,80,120,40,144,1320,S41a
96,152,56,88,200,112,57,56,-1,168,352,184,80,208,128,113,113,0,79,119,40,120,1320,S41a
104,160,56,80,208,128,56,88,32,176,248,72,96,120,24,168,249,81,104,104,0,127,1304,S41a
104,152,48,73,569,496,63,136,73,135,280,145,80,144,64,159,200,41,63,144,81,127,1752,S41a
112,152,40,79,208,129,39,96,57,112,616,504,87,120,33,120,920,800,105,104,-1,103,2319,S41a
112,167,55,80,177,97,72,72,0,152,600,448,80,104,24,120,296,176,72,104,32,104,1624,S41a
112,144,32,80,208,128,40,95,55,113,201,88,112,168,56,120,279,159,81,137,56,112,1344,S41a
103,168,65,80,200,120,48,64,16,160,216,56,121,121,0,135,239,104,88,128,40,128,1264,S41a
112,168,56,56,184,128,48,104,56,144,176,32,112,160,48,144,232,88,80,112,32,128,1264,S41a
128,200,72,73,512,439,56,120,64,136,168,32,96,201,105,103,207,104,80,160,80,104,1672,S41a
104,176,72,56,184,128,48,128,80,128,184,56,104,152,48,152,232,80,80,160,80,112,1328,S41a
160,263,103,57,497,440,112,352,240,113,456,343,88,120,32,128,184,56,72,112,40,128,2112,S41a
128,168,40,80,185,105,55,95,40,169,169,0,87,199,112,136,192,56,88,128,40,128,1264,S41a
79,135,56,64,184,120,64,96,32,152,184,32,88,136,48,145,352,207,88,120,32,128,1335,S41a
119,175,56,64,193,129,63,120,57,144,159,15,96,144,48,160,209,49,79,119,40,128,1247,S41a
135,216,81,47,200,153,47,136,89,151,240,89,87,120,33,151,568,417,111,152,41,127,1759,S41a
80,168,88,80,208,128,55,80,25,159,207,48,112,136,24,161,337,176,79,120,41,127,1383,S41a
128,128,0,72,192,120,56,88,32,151,192,41,103,184,81,160,216,56,87,127,40,137,1264,S41a
104,152,48,63,176,113,56,88,32,160,280,120,95,80,-15,120,248,128,47,136,89,152,1312,S41a
128,168,40,80,192,112,55,96,41,176,344,168,112,136,24,152,272,120,80,152,72,128,1488,S41a
112,160,48,64,168,104,72,104,32,160,216,56,104,136,32,119,320,201,80,160,80,120,1384,S41a
136,136,0,72,200,128,48,72,24,160,200,40,104,184,80,144,344,200,80,136,56,128,1400,S41a
153,152,-1,80,200,120,48,88,40,176,712,536,104,144,40,128,200,72,88,152,64,152,1800,S41a
112,128,16,64,168,104,56,120,64,136,192,56,80,160,80,136,216,80,80,136,56,128,1248,S41a
112,168,56,80,232,152,40,192,152,144,176,32,104,224,120,168,176,8,88,144,56,128,1440,S41a
153,152,-1,56,184,128,81,80,-1,176,688,512,72,96,24,152,216,64,80,160,80,120,1696,S41a
112,152,40,80,472,392,103,184,81,152,544,392,80,112,32,136,192,56,88,152,64,127,1935,S41a
120,152,32,80,544,464,71,112,41,152,640,488,89,88,-1,208,1624,1416,80,168,88,112,3440,S41a
113,112,-1,80,176,96,80,120,40,128,160,32,96,208,112,152,224,72,88,168,80,96,1264,S41a
145,144,-1,72,416,344,80,120,40,152,193,41,95,127,32,112,224,112,80,112,32,153,1489,S41a
88,673,585,71,183,112,64,89,25,176,176,0,102,143,41,103,215,112,90,144,54,146,1769,S41a
128,200,72,24,368,344,73,128,55,176,240,64,105,169,64,110,224,114,71,168,97,103,1600,S41a
120,136,16,112,168,56,41,121,80,128,544,416,88,152,64,128,231,103,73,233,160,112,1697,S41a
110,158,48,88,48,-40,120,160,40,143,624,481,89,167,78,113,585,472,120,144,24,120,2006,S41a
96,112,16,113,113,0,79,120,41,119,176,57,103,215,112,136,168,32,80,152,72,96,1152,S41a
104,152,48,96,97,1,70,102,32,145,225,80,72,144,72,128,168,40,96,176,80,88,1152,S41a
112,144,32,97,97,0,71,103,32,128,176,48,105,184,79,137,137,0,87,143,56,104,1088,S41a
120,144,24,96,72,-24,96,112,16,112,168,56,104,177,73,111,167,56,96,152,56,96,1088,S41a
129,128,-1,104,80,-24,88,128,40,112,193,81,87,183,96,112,145,33,103,151,48,137,1145,S41a
112,136,24,128,129,1,47,87,40,128,153,25,103,216,113,103,184,81,87,168,81,111,1184,S41a
88,120,32,120,112,-8,72,128,56,112,192,80,88,168,80,120,161,41,79,136,57,111,1128,S41a
88,128,40,112,113,1,79,104,25,135,191,56,105,152,47,111,191,80,89,153,64,103,1135,S41a
96,135,39,105,106,1,78,119,41,128,144,16,103,207,104,128,128,0,90,161,71,102,1102,S41a
88,120,32,120,88,-32,87,144,57,111,172,61,91,155,64,112,176,64,88,120,32,121,1096,S41a
96,105,9,111,95,-16,81,145,64,128,168,40,87,199,112,113,184,71,80,136,56,120,1152,S41a
113,153,40,111,79,-32,89,137,48,127,160,33,87,224,137,120,176,56,88,120,32,120,1169,S41a
103,144,41,119,104,-15,72,120,48,136,184,48,80,232,152,88,160,72,80,144,64,120,1208,S41a
79,112,33,112,88,-24,80,136,56,120,160,40,96,160,64,136,167,31,89,137,48,104,1064,S41a
88,120,32,80,136,56,80,136,56,160,161,1,95,183,88,128,144,16,88,168,80,104,1152,S41a
71,120,49,128,129,1,62,119,57,135,176,41,104,128,24,128,200,72,80,136,56,128,1136,S41a
104,168,64,103,88,-15,80,136,56,128,152,24,96,168,72,105,160,55,88,144,56,144,1160,S41a
128,168,40,120,121,1,55,111,56,128,208,80,72,112,40,135,192,57,80,136,56,112,1160,S41a
88,136,48,136,104,-32,88,144,56,104,496,392,88,120,32,88,192,104,80,144,64,96,1432,S41a
96,128,32,96,64,-32,88,144,56,112,168,56,104,152,48,104,192,88,104,112,8,112,1072,S41a
112,160,48,112,112,0,80,120,40,127,176,49,104,168,64,128,168,40,80,144,64,104,1152,S41a
112,152,40,112,80,-32,88,120,32,128,159,31,105,137,32,128,184,56,88,160,72,112,1104,S41a
95,159,64,87,73,-14,71,127,56,136,176,40,72,152,80,112,176,64,80,136,56,104,1103,S41a
112,176,64,128,304,176,88,721,633,87,575,488,104,201,97,103,239,136,96,144,48,96,2456,S41a
104,168,64,31,0,-31,112,168,56,128,144,16,96,209,113,111,151,40,88,120,32,96,1056,S41a
95,176,81,119,120,1,87,160,73,127,624,497,79,103,24,80,225,145,79,159,80,96,1663,S41a
104,144,40,128,96,-32,80,113,33,119,167,48,89,160,71,88,169,81,79,144,65,95,1088,S41a
119,143,24,136,105,-31,95,136,41,135,176,41,104,464,360,112,127,15,104,481,377,144,1776,S41a
104,168,64,127,112,-15,79,119,40,144,193,49,79,159,80,105,161,56,88,144,56,96,1152,S41a
96,152,56,120,79,-41,104,137,33,127,287,160,81,153,72,112,192,80,88,152,64,104,1256,S41a
112,183,71,113,81,-32,88,152,64,112,152,40,104,640,536,104,120,16,80,112,32,104,1544,S41a
103,136,33,95,72,-23,80,160,80,128,152,24,96,224,128,88,152,64,104,136,32,111,1143,S41a
96,136,40,119,104,-15,56,80,24,144,152,8,104,176,72,96,151,55,90,145,55,120,1064,S41a
112,160,48,80,576,496,65,64,-1,160,161,1,103,159,56,88,200,112,104,160,56,96,1576,S41a
104,120,16,130,104,-26,79,135,56,137,153,16,104,232,128,104,128,24,80,128,48,104,1104,S41a
80,104,24,128,160,32,80,168,88,120,160,40,88,440,352,48,112,64,72,240,168,72,1456,S41a
96,160,64,112,88,-24,80,160,80,104,568,464,88,168,80,104,224,120,72,152,80,104,1624,S41a
80,136,56,111,96,-15,96,152,56,112,168,56,104,216,112,104,512,408,104,217,113,103,1600,S41a
80,160,80,95,80,-15,72,136,64,137,224,87,104,128,24,136,240,104,88,192,104,104,1264,S41a
104,152,48,136,112,-24,80,144,64,136,464,328,80,152,72,104,168,64,88,152,64,104,1448,S41a
112,112,0,103,144,41,79,111,32,112,201,89,96,127,31,128,232,104,104,153,49,103,1183,S41a
112,184,72,120,104,-16,80,112,32,128,176,48,104,168,64,112,193,81,79,159,80,112,1208,S41a
95,160,65,152,152,0,47,119,72,128,161,33,87,167,80,104,193,89,79,119,40,112,1183,S41a
104,144,40,120,88,-32,88,136,48,152,152,0,80,200,120,119,184,65,87,136,49,103,1143,S41a
71,432,361,136,128,-8,56,72,16,184,184,0,103,167,64,96,225,129,80,136,56,79,1423,S41a
111,503,392,112,73,-39,103,152,49,128,167,39,105,152,47,80,185,105,71,152,81,111,1495,S41a
129,153,24,103,80,-23,96,96,0,152,200,48,104,128,24,127,208,81,79,151,72,113,1129,S41a
120,136,16,80,207,127,81,321,240,104,360,256,96,128,32,128,207,79,81,137,56,104,1600,S41a
88,152,64,119,96,-23,88,120,32,128,160,32,104,152,48,128,232,104,80,136,56,104,1152,S41a
72,143,71,144,129,-15,96,176,80,136,168,32,80,160,80,112,176,64,80,144,64,104,1200,S41a
88,408,320,71,200,129,80,208,128,136,1080,944,128,168,40,56,232,176,80,128,48,88,2512,S41a
96,152,56,80,208,128,80,136,56,112,296,184,33,72,39,80,208,128,88,136,48,96,1304,S41a
96,136,40,80,184,104,88,112,24,120,176,56,113,112,-1,152,256,104,72,128,56,104,1208,S41a
88,144,56,88,200,112,56,88,32,119,400,281,128,240,112,104,160,56,88,216,128,104,1552,S41a
112,168,56,80,184,104,80,112,32,128,168,40,112,201,89,111,183,72,72,152,80,128,1296,S41a
80,112,32,80,185,105,79,111,32,112,312,200,128,256,128,120,336,216,104,129,25,95,1536,S41a
120,184,64,80,201,121,63,95,32,128,216,88,112,168,56,128,192,64,88,168,80,96,1320,S41a
79,135,56,80,625,545,79,127,48,128,153,25,103,183,80,120,177,57,87,151,64,105,1656,S41a
103,159,56,80,193,113,55,87,32,104,193,89,87,183,96,112,225,113,79,136,57,103,1279,S41a
104,160,56,88,240,152,57,129,72,112,263,151,56,129,73,135,287,152,73,184,111,129,1521,S41a
80,136,56,79,192,113,88,128,40,135,200,65,127,144,17,127,216,89,79,128,49,111,1255,S41a
104,144,40,63,184,121,63,127,64,96,185,89,112,144,32,104,216,112,88,128,40,104,1232,S41a
80,184,104,80,208,128,48,112,64,103,184,81,112,160,48,112,240,128,80,136,56,95,1319,S41a
72,168,96,56,208,152,53,71,18,128,193,65,96,96,0,135,216,81,72,136,64,96,1184,S41a
112,144,32,72,160,88,80,120,40,144,184,40,112,152,40,112,191,79,81,137,56,104,1192,S41a
80,120,40,80,192,112,80,136,56,112,1160,1048,96,128,32,104,184,80,80,160,80,96,2176,S41a
104,104,0,80,200,120,64,96,32,136,312,176,112,112,0,96,328,232,72,264,192,96,1512,S41a
128,176,48,80,288,208,80,128,48,120,224,104,80,112,32,112,200,88,72,128,56,112,1368,S41a
104,144,40,80,184,104,64,88,24,144,208,64,104,136,32,136,224,88,80,128,48,104,1216,S41a
136,184,48,104,216,112,56,96,40,152,280,128,112,128,16,128,264,136,88,144,56,104,1416,S41a
72,152,80,80,184,104,64,97,33,152,200,48,111,199,88,112,528,416,88,273,185,111,1744,S41a
104,152,48,81,208,127,48,72,24,152,208,56,88,128,40,136,440,304,89,240,151,95,1543,S41a
80,152,72,71,183,112,64,97,33,151,215,64,112,137,25,127,208,81,87,167,80,89,1248,S41a
113,169,56,80,184,104,72,111,39,128,192,64,121,153,32,127,215,88,88,169,81,95,1288,S41a
119,175,56,80,217,137,55,128,73,128,184,56,104,176,72,128,168,40,80,168,88,128,1344,S41a
79,152,73,72,176,104,79,112,33,120,183,63,112,329,217,80,280,200,80,224,144,103,1559,S41a
79,111,32,73,201,128,48,95,47,129,209,80,95,176,81,112,192,80,80,184,104,95,1263,S41a
105,161,56,80,183,103,65,97,32,128,264,136,152,208,56,128,703,575,80,129,49,112,1857,S41a
88,160,72,40,440,400,56,952,896,176,352,176,104,152,48,96,208,112,72,168,96,88,2520,S41a
144,183,39,81,185,104,80,104,24,144,184,40,88,136,48,160,504,344,88,168,80,112,1576,S41a
88,168,80,80,184,104,72,104,32,120,184,64,112,192,80,144,368,224,56,280,224,144,1624,S41a
112,160,48,72,184,112,80,104,24,144,184,40,104,136,32,152,216,64,64,216,152,112,1312,S41a
112,168,56,64,176,112,56,96,40,144,168,24,104,160,56,144,208,64,80,256,176,104,1336,S41a
80,120,40,80,184,104,56,88,32,152,176,24,96,232,136,152,184,32,80,336,256,104,1424,S41a
97,145,48,64,168,104,56,81,25,127,200,73,120,120,0,111,263,152,88,176,88,128,1281,S41a
104,136,32,80,208,128,56,112,56,128,232,104,112,329,217,111,191,80,88,144,56,136,1488,S41a
104,152,48,64,192,128,48,88,40,128,192,64,80,113,33,127,551,424,88,176,88,112,1576,S41a
119,159,40,80,201,121,39,95,56,104,376,272,96,456,360,129,129,0,79,175,96,129,1720,S41a
80,136,56,80,185,105,72,88,16,143,200,57,104,104,0,151,256,105,63,167,104,104,1240,S41a
128,257,129,47,184,137,39,80,41,152,184,32,95,151,56,152,233,81,79,208,129,103,1400,S41a
112,160,48,80,192,112,72,96,24,143,920,777,96,176,80,120,200,80,72,152,80,128,2024,S41a
96,224,128,80,200,120,80,79,-1,153,193,40,104,168,64,152,208,56,80,224,144,120,1416,S41a
104,128,24,79,184,105,64,104,40,128,160,32,104,184,80,136,176,40,80,184,104,128,1248,S41a
88,160,72,72,184,112,64,96,32,135,159,24,105,177,72,136,192,56,80,160,80,137,1265,S41a
112,192,80,72,176,104,72,120,48,144,200,56,104,136,32,152,399,247,72,128,56,104,1455,S41a
96,176,80,80,208,128,56,96,40,152,216,64,104,160,56,104,280,176,80,192,112,104,1432,S41a
88,168,80,72,168,96,72,96,24,128,256,128,80,128,48,128,240,112,80,168,88,112,1336,S41a
128,216,88,80,160,80,80,96,16,152,217,65,87,119,32,120,232,112,72,168,96,104,1312,S41a
112,193,81,79,207,128,48,80,32,128,192,64,104,184,80,152,640,488,80,128,48,104,1728,S41a
104,169,65,79,183,104,64,72,8,128,240,112,88,129,41,127,239,112,80,176,96,96,1304,S41a
125,157,32,137,64,-73,160,217,57,119,759,640,113,176,63,128,337,209,87,216,129,95,2021,S41a
88,152,64,80,80,0,80,120,40,184,184,0,104,184,80,143,192,49,87,167,80,105,1184,S41a
119,136,17,111,88,-23,87,104,17,159,184,25,112,160,48,128,208,80,96,128,32,95,1103,S41a
128,152,24,88,56,-32,80,128,48,152,153,1,102,159,57,128,208,80,80,128,48,120,1104,S41a
127,168,41,119,104,-15,89,89,0,150,591,441,96,128,32,127,208,81,72,152,80,80,1520,S41a
128,168,40,72,48,-24,104,136,32,136,200,64,87,128,41,128,216,88,72,160,88,128,1184,S41a
128,208,80,55,33,-22,127,175,48,160,176,16,88,184,96,128,168,40,80,120,40,152,1216,S41a
152,152,0,107,72,-35,88,112,24,136,184,48,88,120,32,128,224,96,80,120,40,128,1112,S41a
152,152,0,120,121,1,79,111,32,128,656,528,88,104,16,128,232,104,72,112,40,112,1600,S41a
104,128,24,112,80,-32,72,96,24,152,160,8,96,112,16,136,192,56,88,129,41,134,1031,S41a
112,144,32,112,80,-32,80,104,24,144,168,24,104,104,0,152,200,48,80,120,40,88,1008,S41a
128,144,16,112,80,-32,88,112,24,152,168,16,113,113,0,119,207,88,88,136,48,136,1096,S41a
112,168,56,136,104,-32,88,120,32,137,584,447,96,152,56,103,176,73,80,144,64,112,1560,S41a
96,112,16,120,72,-48,105,104,-1,152,232,80,104,120,16,104,225,121,79,135,56,112,1112,S41a
137,137,0,127,95,-32,88,104,16,136,528,392,88,112,24,136,216,80,72,144,72,104,1440,S41a
153,152,-1,96,56,-40,96,112,16,152,184,32,98,97,-1,135,223,88,72,112,40,128,1064,S41a
142,158,16,113,81,-32,88,129,41,135,168,33,103,135,32,120,200,80,80,128,48,120,1119,S41a
145,145,0,103,63,-40,96,128,32,136,169,33,103,135,32,104,208,104,80,120,40,129,1097,S41a
137,137,0,143,119,-24,72,88,16,128,192,64,96,112,16,120,200,80,80,105,25,127,1080,S41a
122,121,-1,115,80,-35,87,120,33,136,168,32,112,112,0,119,183,64,80,128,48,120,1032,S41a
128,153,25,112,79,-33,88,121,33,144,168,24,103,135,32,104,185,81,71,112,41,111,1064,S41a
127,152,25,116,79,-37,97,128,31,136,200,64,131,169,38,102,207,105,64,104,40,153,1192,S41a
103,136,33,111,80,-31,103,103,0,151,184,33,104,104,0,128,208,80,81,113,32,127,1055,S41a
128,160,32,103,47,-56,89,121,32,152,200,48,103,136,33,119,200,81,63,120,57,128,1112,S41a
136,175,39,128,105,-23,88,120,32,135,200,65,104,120,16,112,216,104,72,96,24,127,1159,S41a
128,168,40,160,127,-33,113,113,0,112,648,536,80,112,32,96,184,88,72,152,80,128,1632,S41a
112,136,24,120,88,-32,96,112,16,160,192,32,104,104,0,136,216,80,80,104,24,128,1080,S41a
120,136,16,112,72,-40,88,96,8,152,184,32,103,136,33,112,176,64,80,112,32,120,1032,S41a
152,152,0,105,72,-33,96,152,56,152,208,56,96,144,48,104,672,568,88,112,24,128,1640,S41a
128,136,8,119,104,-15,88,88,0,152,176,24,104,104,0,104,224,120,80,432,352,104,1368,S41a
145,144,-1,128,80,-48,96,120,24,152,184,32,104,136,32,120,192,72,64,408,344,136,1400,S41a
136,160,24,120,88,-32,104,104,0,160,192,32,80,168,88,128,192,64,93,168,75,136,1208,S41a
128,152,24,112,80,-32,112,112,0,136,176,40,104,104,0,96,240,144,72,152,80,144,1160,S41a
127,168,41,105,105,0,79,87,8,168,240,72,96,128,32,112,456,344,80,136,56,128,1448,S41a
128,176,48,112,64,-48,104,136,32,160,392,232,88,160,72,96,152,56,72,144,72,128,1352,S41a
104,144,40,112,88,-24,97,97,0,176,176,0,103,119,16,104,272,168,96,168,72,128,1192,S41a
104,161,57,127,128,1,40,72,32,119,184,65,103,111,8,112,209,97,71,152,81,136,1153,S41a
104,168,64,128,104,-24,97,97,0,135,191,56,88,120,32,120,225,105,71,112,41,112,1129,S41a
111,135,24,137,577,440,79,120,41,127,183,56,113,113,0,128,711,583,81,113,32,103,2055,S41a
119,160,41,120,56,-64,120,159,39,177,177,0,111,144,33,120,232,112,80,112,32,95,1135,S41a
136,168,32,143,104,-39,87,96,9,160,176,16,96,160,64,112,192,80,72,111,39,129,1136,S41a
96,128,32,135,96,-39,96,128,32,152,152,0,104,136,32,112,176,64,80,136,56,128,1080,S41a
104,127,23,129,440,311,81,137,56,152,568,416,80,136,56,56,192,136,80,136,56,112,1848,S41a
88,137,49,119,79,-40,120,152,32,160,161,1,95,159,64,128,312,184,80,128,48,104,1232,S41a
120,152,32,112,64,-48,120,144,24,144,224,80,113,112,-1,128,344,216,80,192,112,104,1336,S41a
96,224,128,72,40,-32,113,192,79,152,800,648,80,112,32,80,216,136,72,136,64,136,1856,S41a
144,144,0,104,64,-40,96,136,40,136,176,40,104,192,88,104,184,80,79,95,16,137,1128,S41a
128,176,48,88,40,-48,112,136,24,168,256,88,104,144,40,128,440,312,104,160,56,160,1512,S41a
72,152,80,128,96,-32,80,88,8,176,192,16,104,128,24,120,176,56,80,112,32,144,1088,S41a
144,184,40,128,104,-24,97,96,-1,160,216,56,80,152,72,112,192,80,72,129,57,144,1217,S41a
104,184,80,87,72,-15,80,112,32,176,216,40,88,113,25,119,207,88,64,105,41,128,1137,S41a
95,175,80,104,65,-39,95,127,32,160,176,16,112,169,57,127,256,129,79,136,57,127,1231,S41a
87,151,64,72,176,104,73,72,-1,144,195,51,141,509,368,112,241,129,79,152,73,128,1624,S41a
104,152,48,80,184,104,72,87,15,153,1329,1176,103,616,513,87,120,33,71,128,57,112,2728,S41a
88,121,33,79,176,97,64,72,8,184,184,0,95,144,49,119,200,81,80,112,32,136,1145,S41a
153,152,-1,88,184,96,64,80,16,152,208,56,79,400,321,64,96,32,80,184,104,144,1448,S41a
120,152,32,80,184,104,73,72,-1,152,184,32,129,128,-1,144,200,56,72,88,16,152,1160,S41a
128,160,32,88,192,104,64,96,32,152,344,192,104,152,48,96,264,168,72,112,40,104,1424,S41a
96,168,72,80,168,88,80,152,72,95,536,441,96,136,40,104,208,104,80,120,40,136,1624,S41a
120,152,32,72,176,104,48,64,16,160,200,40,96,144,48,128,296,168,72,137,65,111,1280,S41a
128,152,24,87,176,89,64,104,40,152,176,24,120,176,56,128,312,184,80,128,48,128,1352,S41a
120,144,24,80,192,112,64,80,16,160,176,16,104,136,32,144,240,96,72,96,24,136,1200,S41a
96,151,55,73,169,96,80,80,0,152,184,32,112,128,16,136,240,104,80,104,24,137,1193,S41a
104,152,48,72,176,104,89,88,-1,176,177,1,103,120,17,135,271,136,72,312,240,128,1424,S41a
128,184,56,80,176,96,65,64,-1,160,200,40,127,144,17,129,240,111,88,128,40,104,1240,S41a
88,112,24,80,184,104,81,80,-1,152,184,32,89,128,39,80,240,160,80,137,57,144,1209,S41a
104,152,48,80,185,105,80,79,-1,160,192,32,88,145,57,151,200,49,80,119,39,153,1225,S41a
111,144,33,79,207,128,40,72,32,152,193,41,112,175,63,128,337,209,94,127,33,129,1384,S41a
103,184,81,79,184,105,79,104,25,151,223,72,97,209,112,95,272,177,56,128,72,111,1415,S41a
103,160,57,80,176,96,72,95,23,161,305,144,88,120,32,104,304,200,71,120,49,112,1392,S41a
151,175,24,81,225,144,63,144,81,152,192,40,88,152,64,104,375,271,73,129,56,128,1520,S41a
128,184,56,80,200,120,40,72,32,152,192,40,112,136,24,136,992,856,88,200,112,136,2112,S41a
96,160,64,88,192,104,57,56,-1,152,199,47,106,105,-1,135,224,89,80,112,32,136,1184,S41a
120,176,56,72,176,104,48,80,32,160,192,32,112,128,16,160,240,80,80,112,32,136,1240,S41a
112,152,40,88,168,80,80,105,25,175,176,1,87,127,40,152,192,40,72,120,48,144,1184,S41a
136,160,24,80,168,88,81,80,-1,168,208,40,104,104,0,152,248,96,80,104,24,136,1208,S41a
144,168,24,88,216,128,81,80,-1,144,704,560,97,96,-1,136,584,448,88,127,39,137,2112,S41a
132,130,-2,85,173,88,65,128,63,144,169,25,87,143,56,155,352,197,88,128,40,113,1336,S41a
134,173,39,88,185,97,89,88,-1,168,344,176,88,128,40,127,223,96,81,129,48,120,1390,S41a
120,177,57,79,175,96,79,79,0,177,193,16,104,128,24,136,216,80,72,135,63,145,1248,S41a
137,169,32,72,1288,1216,80,104,24,168,192,24,96,136,40,152,408,256,88,137,49,127,2561,S41a
111,159,48,80,184,104,81,80,-1,184,185,1,95,175,80,128,184,56,80,104,24,152,1223,S41a
128,144,16,88,184,96,80,112,32,168,224,56,112,144,32,160,232,72,88,112,24,160,1312,S41a
132,196,64,168,176,8,121,176,55,136,296,160,104,361,257,151,335,184,72,313,241,103,1956,S39a
88,160,72,88,56,-32,119,152,33,96,320,224,80,359,279,113,272,159,72,249,177,95,1663,S39a
95,175,80,104,65,-39,135,167,32,96,1520,1424,80,353,273,111,272,161,80,248,168,120,2920,S39a
95,360,265,159,112,-47,128,160,32,103,2408,2305,64,271,207,112,440,328,57,264,207,88,4103,S39a
79,175,96,120,105,-15,112,152,40,87,312,225,64,368,304,103,248,145,64,272,208,88,1720,S39a
63,176,113,127,88,-39,128,184,56,95,320,225,72,360,288,104,240,136,79,208,129,88,1664,S39a
79,207,128,140,113,-27,119,152,33,104,384,280,80,528,448,88,152,64,71,224,153,95,1855,S39a
104,232,128,95,56,-39,120,224,104,103,256,153,63,464,401,103,200,97,79,159,80,96,1687,S39a
80,152,72,119,96,-23,120,144,24,96,336,240,79,432,353,112,192,80,72,232,160,80,1664,S39a
57,193,136,103,80,-23,128,160,32,79,280,201,56,344,288,112,232,120,87,239,152,113,1641,S39a
113,193,80,135,144,9,104,136,32,95,448,353,47,376,329,88,168,80,48,255,207,65,1785,S39a
63,200,137,119,112,-7,112,152,40,88,344,256,63,736,673,72,120,48,80,359,279,80,2103,S39a
88,200,112,120,88,-32,120,152,32,104,287,183,81,473,392,104,208,104,80,272,192,120,1800,S39a
96,256,160,95,88,-7,96,144,48,87,320,233,80,368,288,56,1400,1344,72,744,672,71,3391,S39a
40,192,152,63,32,-31,96,144,48,64,288,224,80,336,256,88,280,192,64,199,135,57,1528,S39a
80,208,128,119,111,-8,89,129,40,104,336,232,80,368,288,88,360,272,80,192,112,104,1808,S39a
56,120,64,119,112,-7,120,136,16,96,320,224,80,328,248,104,256,152,56,319,263,80,1671,S39a
80,128,48,104,64,-40,120,136,16,88,336,248,104,328,224,103,367,264,89,225,136,80,1664,S39a
79,176,97,136,104,-32,128,144,16,88,319,231,89,385,296,95,216,121,64,248,184,96,1688,S39a
88,128,40,192,160,-32,104,240,136,88,848,760,64,336,272,79,232,153,64,200,136,80,2224,S39a
40,168,128,112,72,-40,120,136,16,88,312,224,56,408,352,112,272,160,80,256,176,104,1728,S39a
80,192,112,88,40,-48,128,136,8,88,399,311,57,225,168,128,496,368,64,168,104,64,1720,S39a
72,208,136,112,87,-25,129,153,24,88,608,520,64,368,304,72,335,263,65,177,112,96,2032,S39a
64,192,128,109,72,-37,112,144,32,103,328,225,64,336,272,112,439,327,64,241,177,56,1808,S39a
56,224,168,144,80,-64,136,208,72,96,832,736,80,328,248,72,232,160,64,472,408,88,2464,S39a
48,328,280,160,248,88,96,152,56,80,456,376,80,256,176,104,296,192,64,240,176,88,2064,S39a
80,192,112,109,72,-37,96,160,64,88,248,160,64,480,416,104,144,40,96,248,152,96,1640,S39a
80,192,112,87,64,-23,120,184,64,96,272,176,64,448,384,80,232,152,64,176,112,72,1640,S39a
88,216,128,96,64,-32,136,168,32,88,336,248,80,416,336,80,232,152,80,160,80,104,1696,S39a
80,208,128,96,40,-56,136,184,48,96,224,128,64,416,352,104,184,80,80,208,128,104,1568,S39a
60,140,80,129,72,-57,97,129,32,88,344,256,80,280,200,88,328,240,64,200,136,88,1581,S39a
88,200,112,100,64,-36,120,184,64,112,280,168,72,320,248,104,280,176,80,360,280,80,1768,S39a
81,177,96,112,104,-8,104,184,80,112,272,160,72,600,528,88,128,40,80,287,207,89,1841,S39a
88,232,144,55,23,-32,129,193,64,88,328,240,80,232,152,112,496,384,80,240,160,80,1824,S39a
103,231,128,80,32,-48,128,184,56,112,296,184,80,504,424,71,344,273,47,272,225,80,1943,S39a
96,224,128,104,55,-49,129,233,104,88,280,192,88,384,296,112,232,120,80,184,104,88,1680,S39a
80,304,224,136,112,-24,128,152,24,80,280,200,80,288,208,104,312,208,72,232,160,88,1768,S39a
96,200,104,104,80,-24,120,160,40,104,504,400,72,448,376,80,248,168,80,288,208,72,2000,S39a
96,184,88,120,80,-40,120,176,56,72,448,376,80,376,296,88,304,216,48,152,104,80,1800,S39a
72,200,128,112,64,-48,112,144,32,80,472,392,56,736,680,112,400,288,64,192,128,64,2272,S39a
96,192,96,160,120,-40,113,112,-1,104,496,392,88,280,192,112,424,312,64,232,168,120,1976,S39a
88,232,144,144,88,-56,120,152,32,80,312,232,80,328,248,96,256,160,64,264,200,64,1696,S39a
112,224,112,144,104,-40,128,136,8,88,336,248,64,608,544,104,367,263,81,289,208,64,2128,S39a
81,201,120,120,15,-105,153,201,48,80,320,240,80,880,800,96,528,432,64,192,128,56,2393,S39a
80,240,160,144,120,-24,104,208,104,72,208,136,64,432,368,104,192,88,80,192,112,56,1648,S39a
56,200,144,120,96,-24,104,144,40,80,337,257,71,399,328,72,304,232,72,200,128,40,1720,S39a
80,192,112,136,96,-40,120,152,32,80,704,624,72,280,208,128,296,168,80,168,88,79,1967,S39a
80,240,160,136,104,-32,112,127,15,97,409,312,64,328,264,96,248,152,64,208,144,56,1720,S39a
89,264,175,176,145,-31,128,152,24,104,392,288,72,376,304,88,376,288,72,183,111,113,2001,S39a
88,208,120,112,104,-8,104,136,32,88,320,232,56,328,272,96,264,168,56,168,112,80,1608,S39a
104,240,136,136,128,-8,120,192,72,103,320,217,64,344,280,104,328,224,64,584,520,112,2248,S39a
56,112,56,144,136,-8,136,176,40,64,496,432,64,968,904,136,296,160,80,288,208,56,2528,S39a
64,408,344,96,400,304,72,144,72,88,528,440,88,320,232,88,416,328,72,384,312,72,2672,S39a
80,208,128,104,152,48,104,208,104,88,736,648,80,384,304,72,240,168,96,272,176,88,2288,S39a
80,144,64,127,104,-23,112,128,16,72,1584,1512,72,168,96,104,392,288,88,328,240,40,2888,S39a
88,192,104,120,112,-8,120,128,8,104,352,248,80,289,209,103,351,248,64,184,120,88,1696,S39a
80,160,80,120,112,-8,120,128,8,88,328,240,88,344,256,80,288,208,80,200,120,64,1624,S39a
88,264,176,168,1440,1272,72,104,32,72,248,176,88,264,176,96,296,200,80,144,64,88,2848,S39a
80,240,160,104,80,-24,128,152,24,96,256,160,72,320,248,88,264,176,80,264,184,96,1672,S39a
64,216,152,128,129,1,111,143,32,72,232,160,80,248,168,104,264,160,80,208,128,88,1528,S39a
72,184,112,120,88,-32,104,136,32,80,336,256,72,280,208,88,352,264,64,232,168,104,1712,S39a
80,208,128,112,80,-32,104,120,16,88,328,240,64,296,232,104,304,200,56,336,280,80,1752,S39a
56,200,144,160,136,-24,112,153,41,87,351,264,64,320,256,120,296,176,80,184,104,80,1720,S39a
88,192,104,160,153,-7,95,103,8,80,368,288,72,329,257,87,264,177,71,199,128,80,1688,S39a
88,224,136,112,88,-24,112,184,72,104,296,192,72,400,328,104,256,152,80,184,104,72,1704,S39a
104,192,88,128,96,-32,120,160,40,80,288,208,72,400,328,104,384,280,64,288,224,80,1888,S39a
96,184,88,136,88,-48,120,160,40,96,344,248,64,328,264,88,345,257,71,192,121,71,1712,S39a
72,208,136,120,88,-32,120,152,32,96,280,184,56,376,320,104,249,145,79,175,96,88,1616,S39a
95,223,128,151,137,-14,111,135,24,104,337,233,79,479,400,104,496,392,80,256,176,64,2127,S39a
88,200,112,122,88,-34,136,152,16,104,361,257,63,391,328,56,305,249,87,271,184,72,1840,S39a
80,161,81,135,95,-40,112,144,32,80,329,249,55,319,264,97,296,199,64,224,160,88,1656,S39a
119,199,80,144,104,-40,136,144,8,104,296,192,48,296,248,80,280,200,56,217,161,79,1615,S39a
103,207,104,152,112,-40,104,168,64,120,329,209,71,943,872,104,424,320,64,216,152,104,2503,S39a
112,192,80,128,88,-40,136,128,-8,96,360,264,64,288,224,80,321,241,79,175,96,80,1632,S39a
103,256,153,127,87,-40,136,176,40,112,312,200,104,321,217,127,559,432,64,193,129,103,2007,S39a
95,255,160,104,72,-32,136,200,64,112,320,208,56,264,208,96,424,328,56,208,152,80,1823,S39a
64,192,128,113,80,-33,112,144,32,80,272,192,64,360,296,112,273,161,71,183,112,80,1584,S39a
80,169,89,94,80,-14,127,159,32,72,344,272,80,313,233,111,384,273,79,208,129,87,1744,S39a
121,224,103,96,48,-48,153,193,40,103,311,208,80,265,185,119,463,344,104,225,121,79,1808,S39a
80,224,144,136,105,-31,111,152,41,87,312,225,79,359,280,128,304,176,72,161,89,111,1728,S39a
96,185,89,151,111,-40,120,152,32,104,337,233,63,1015,952,88,265,177,63,247,184,56,2368,S39a
71,160,89,183,120,-63,127,143,16,88,328,240,64,225,161,103,464,361,72,143,71,89,1672,S39a
103,176,73,128,104,-24,120,137,17,95,327,232,80,344,264,112,1008,896,96,224,128,105,2425,S39a
56,113,57,127,112,-15,79,119,40,81,281,200,95,279,184,104,384,280,80,121,41,87,1496,S39a
57,128,71,120,113,-7,104,144,40,80,383,303,56,448,392,64,216,152,88,185,97,80,1697,S39a
87,175,88,128,121,-7,112,120,8,111,335,224,80,281,201,80,304,224,87,191,104,97,1624,S39a
34,200,166,135,1248,1113,119,207,88,80,513,433,87,191,104,120,369,249,71,192,121,79,2999,S39a
32,217,185,120,152,32,111,104,-7,79,800,721,63,192,129,112,800,688,103,296,193,95,2656,S39a
96,152,56,136,136,0,119,111,-8,113,638,525,99,139,40,104,375,271,109,248,139,72,1871,S39a
82,192,110,159,175,16,121,137,16,103,352,249,81,288,207,104,1024,920,72,200,128,87,2455,S39a
96,177,81,119,95,-24,121,169,48,79,312,233,56,327,271,96,321,225,79,144,65,103,1648,S39a
96,184,88,127,104,-23,119,127,8,112,345,233,79,264,185,95,367,272,72,169,97,87,1647,S39a
111,215,104,177,480,303,96,88,-8,121,872,751,80,328,248,104,432,328,64,248,184,56,2719,S39a
80,152,72,152,264,112,104,232,128,105,305,200,55,944,889,103,256,153,72,176,104,71,2400,S39a
55,119,64,104,153,49,127,111,-16,73,329,256,95,264,169,128,1360,1232,88,176,88,88,2600,S39a
80,303,223,120,113,-7,112,160,48,104,1256,1152,64,335,271,89,337,248,72,232,160,64,2800,S39a
120,232,112,128,129,1,103,127,24,96,407,311,81,281,200,119,376,257,80,128,48,96,1776,S39a
88,280,192,87,191,104,113,137,24,95,352,257,88,368,280,71,328,257,80,176,96,96,1928,S39a
96,208,112,104,112,8,120,144,24,112,400,288,104,304,200,112,320,208,80,160,80,80,1728,S39a
79,120,41,127,120,-7,112,112,0,103,375,272,88,352,264,113,384,271,64,320,256,73,1856,S39a
64,128,64,112,105,-7,112,120,8,80,432,352,79,528,449,88,120,32,72,351,279,81,1865,S39a
72,128,56,104,80,-24,128,144,16,80,528,448,80,320,240,80,280,200,56,176,120,88,1744,S39a
72,128,56,119,112,-7,127,136,9,88,840,752,80,600,520,96,152,56,80,224,144,23,2215,S39a
80,471,391,129,400,271,105,169,64,120,864,744,111,512,401,128,440,312,96,416,320,120,3392,S39a
88,120,32,104,216,112,88,136,48,112,240,128,104,336,232,104,256,152,88,288,200,112,1704,S39a
96,144,48,143,112,-31,112,168,56,104,336,232,95,264,169,128,352,224,80,240,160,112,1728,S39a
104,160,56,143,128,-15,119,136,17,112,432,320,72,296,224,104,367,263,81,233,152,104,1856,S39a
104,160,56,144,144,0,135,128,-7,104,928,824,64,304,240,128,360,232,72,552,480,103,2679,S39a
72,128,56,128,103,-25,128,121,-7,88,616,528,96,272,176,136,400,264,87,296,209,72,2008,S39a
104,136,32,144,112,-32,128,152,24,120,368,248,80,328,248,104,304,200,80,248,168,80,1728,S39a
96,136,40,160,136,-24,136,152,16,144,328,184,104,320,216,120,368,248,88,216,128,104,1760,S39a
72,152,80,152,120,-32,128,168,40,112,416,304,96,295,199,112,330,218,86,367,281,103,1951,S39a
96,184,88,112,79,-33,129,137,8,120,401,281,87,223,136,112,496,384,79,320,241,104,1944,S39a
81,177,96,127,88,-39,136,152,16,136,360,224,96,272,176,128,328,200,104,280,176,136,1793,S39a
95,151,56,128,88,-40,137,169,32,88,296,208,112,312,200,120,320,200,88,240,152,104,1680,S39a
104,200,96,152,112,-40,144,184,40,105,288,183,103,256,153,120,328,208,104,232,128,104,1704,S39a
112,184,72,136,104,-32,136,168,32,96,359,263,97,225,128,103,343,240,81,273,192,136,1792,S39a
56,103,47,160,129,-31,128,192,64,112,256,144,104,248,144,112,320,208,88,264,176,96,1608,S39a
80,192,112,104,64,-40,144,208,64,96,311,215,81,249,168,104,423,319,81,265,184,104,1816,S39a
112,216,104,136,112,-24,128,160,32,88,312,224,88,248,160,120,328,208,120,256,136,88,1720,S39a
104,184,80,135,120,-15,128,176,48,104,376,272,88,256,168,112,512,400,80,192,112,128,1944,S39a
88,168,80,160,112,-48,152,184,32,128,328,200,104,264,160,104,584,480,80,232,152,96,1968,S39a
104,184,80,144,104,-40,144,192,48,88,776,688,104,336,232,112,608,496,80,280,200,104,2584,S39a
96,184,88,160,128,-32,160,167,7,129,353,224,80,264,184,120,424,304,96,208,112,96,1824,S39a
80,128,48,138,104,-34,136,184,48,104,288,184,120,248,128,136,1584,1448,112,288,176,96,2920,S39a
104,144,40,127,104,-23,128,152,24,112,632,520,96,288,192,128,288,160,88,264,176,128,2000,S39a
80,2024,1944,104,128,24,152,232,80,112,728,616,120,256,136,144,256,112,104,264,160,104,3992,S39a
88,144,56,120,80,-40,144,176,32,96,248,152,104,312,208,128,304,176,88,224,136,104,1592,S39a
64,184,120,72,32,-40,144,247,103,89,201,112,96,296,200,128,312,184,104,224,120,96,1592,S39a
80,128,48,160,136,-24,128,136,8,96,408,312,96,224,128,104,328,224,88,248,160,104,1712,S39a
88,184,96,128,72,-56,160,136,-24,120,328,208,112,160,48,112,328,216,112,256,144,104,1568,S39a
104,192,88,160,112,-48,168,160,-8,136,352,216,136,208,72,136,320,184,80,208,128,120,1672,S39a
128,208,80,152,112,-40,177,176,-1,128,528,400,104,360,256,128,900,772,108,1084,976,88,3456,S39a
80,144,64,144,96,-48,127,160,33,112,240,128,104,248,144,136,344,208,96,288,192,104,1624,S39a
120,200,80,162,128,-34,152,200,48,128,408,280,112,488,376,136,776,640,96,256,160,136,2592,S39a
104,256,152,112,80,-32,144,232,88,112,280,168,104,504,400,112,224,112,88,344,256,120,2040,S39a
137,201,64,144,136,-8,128,176,48,128,296,168,104,480,376,144,232,88,104,528,424,120,2169,S39a
112,200,88,136,96,-40,128,240,112,120,240,120,88,344,256,112,632,520,112,504,392,88,2344,S39a
112,192,80,147,112,-35,128,144,16,112,320,208,112,272,160,136,368,232,104,264,160,128,1800,S39a
80,136,56,176,104,-72,152,184,32,136,296,160,112,504,392,120,184,64,88,320,232,104,1832,S39a
88,192,104,168,120,-48,160,192,32,128,392,264,152,232,80,136,480,344,104,280,176,88,1976,S39a
120,240,120,168,104,-64,160,192,32,104,256,152,112,288,176,71,408,337,96,888,792,96,2472,S39a
88,168,80,168,120,-48,136,176,40,128,304,176,96,344,248,120,360,240,96,232,136,96,1800,S39a
104,168,64,168,120,-48,160,168,8,136,264,128,104,400,296,112,248,136,96,712,616,96,2176,S39a
104,216,112,199,184,-15,136,160,24,144,312,168,120,320,200,144,312,168,96,272,176,96,1872,S39a
80,232,152,136,80,-56,152,176,24,128,304,176,112,312,200,128,288,160,96,208,112,136,1736,S39a
128,280,152,184,128,-56,144,152,8,128,280,152,112,328,216,128,280,152,120,488,368,104,2040,S39a
104,224,120,152,104,-48,144,208,64,128,1032,904,120,296,176,104,648,544,112,208,96,72,2792,S39a
88,192,104,152,104,-48,136,192,56,136,240,104,96,312,216,128,243,115,101,221,120,104,1608,S39a
71,192,121,168,120,-48,151,200,49,127,264,137,120,384,264,128,280,152,112,224,112,104,1768,S39a
81,208,127,168,136,-32,120,184,64,120,264,144,104,280,176,128,672,544,120,344,224,88,2176,S39a
88,192,104,161,104,-57,136,160,24,104,328,224,96,240,144,128,400,272,120,264,144,136,1824,S39a
80,272,192,108,72,-36,144,216,72,112,264,152,128,248,120,136,312,176,112,224,112,120,1728,S39a
120,272,152,184,568,384,96,136,40,112,784,672,144,232,88,136,704,568,104,296,192,96,3088,S39a
80,176,96,144,104,-40,136,144,8,120,296,176,112,296,184,80,728,648,80,304,224,104,2152,S39a
104,232,128,176,144,-32,136,216,80,128,256,128,128,280,152,136,336,200,152,288,136,96,1848,S39a
112,248,136,136,96,-40,152,184,32,128,312,184,104,239,135,137,321,184,103,240,137,104,1744,S39a
104,264,160,168,128,-40,152,168,16,120,328,208,104,280,176,128,400,272,80,208,128,128,1904,S39a
112,224,112,168,112,-56,168,184,16,152,352,200,88,240,152,152,304,152,104,192,88,104,1712,S39a
88,288,200,128,88,-40,136,152,16,120,303,183,89,297,208,127,296,169,88,232,144,112,1768,S39a
88,208,120,152,104,-48,143,184,41,120,272,152,104,224,120,128,328,200,88,223,135,161,1704,S39a
120,224,104,144,88,-56,168,200,32,152,344,192,112,264,152,128,376,248,72,200,128,72,1768,S39a
152,248,96,104,56,-48,161,161,0,111,831,720,112,168,56,136,360,224,96,192,96,128,2144,S39a
104,272,168,160,104,-56,168,184,16,152,304,152,128,224,96,144,696,552,88,176,88,128,2088,S39a
80,224,144,160,96,-64,176,169,-7,151,391,240,112,168,56,152,864,712,144,792,648,112,2816,S39a
104,264,160,144,136,-8,136,168,32,113,312,199,120,272,152,120,336,216,104,248,144,104,1840,S39a
120,256,136,128,80,-48,177,176,-1,104,368,264,120,256,136,120,608,488,88,232,144,104,2080,S39a
104,288,184,144,120,-24,128,416,288,136,224,88,96,464,368,112,672,560,80,248,168,88,2520,S39a
136,256,120,144,80,-64,152,232,80,152,272,120,104,256,152,144,432,288,112,256,144,120,1904,S39a
112,456,344,152,104,-48,160,200,40,184,344,160,112,248,136,128,464,336,104,216,112,104,2136,S39a
104,288,184,152,112,-40,152,232,80,104,384,280,112,336,224,128,368,240,128,209,81,119,2048,S39a
128,296,168,168,128,-40,160,224,64,168,296,128,112,232,120,152,432,280,96,200,104,112,1920,S39a
88,288,200,160,112,-48,184,240,56,128,304,176,120,232,112,128,968,840,104,240,136,88,2472,S39a
72,192,120,144,96,-48,144,176,32,136,216,80,112,248,136,120,272,152,104,256,152,112,1568,S39a
128,240,112,160,128,-32,144,160,16,144,464,320,104,168,64,144,376,232,104,280,176,80,1896,S39a
112,264,152,160,96,-64,160,208,48,152,312,160,120,248,128,128,336,208,144,248,104,120,1832,S39a
120,272,152,208,152,-56,151,136,-15,136,272,136,128,272,144,64,312,248,88,272,184,128,1816,S39a
128,288,160,159,104,-55,160,224,64,136,232,96,104,401,297,127,979,852,100,228,128,88,2544,S39a
112,248,136,160,104,-56,144,176,32,136,272,136,113,225,112,143,375,232,120,184,64,128,1712,S39a
88,241,153,159,111,-48,152,208,56,112,312,200,112,336,224,136,344,208,120,232,112,104,1888,S39a
104,264,160,176,104,-72,176,232,56,144,320,176,112,192,80,120,377,257,103,215,112,104,1808,S39a
96,281,185,199,127,-72,176,232,56,144,288,144,120,280,160,144,344,200,88,265,177,103,1920,S39a
96,224,128,168,104,-64,152,192,40,112,320,208,112,240,128,128,440,312,104,225,121,127,1872,S39a
104,352,248,208,160,-48,168,248,80,152,256,104,120,248,128,144,368,224,104,248,144,144,2024,S39a
136,320,184,232,144,-88,144,200,56,144,512,368,104,425,321,127,1120,993,103,175,72,112,3008,S39a
112,369,257,199,144,-55,159,239,80,152,304,152,104,392,288,153,288,135,104,225,121,135,2096,S39a
88,416,328,144,89,-55,159,207,48,128,296,168,136,241,105,127,495,368,80,312,232,88,2144,S39a
112,216,104,168,160,-8,144,232,88,128,256,128,128,368,240,128,272,144,128,281,153,95,1880,S39a
112,272,160,160,128,-32,160,176,16,128,280,152,128,184,56,128,376,248,104,361,257,111,1888,S39a
112,272,160,184,112,-72,152,249,97,135,240,105,151,223,72,152,432,280,96,328,232,104,1960,S39a
88,240,152,208,128,-80,152,208,56,120,960,840,105,184,79,136,665,529,95,320,225,111,2816,S39a
104,288,184,200,104,-96,160,192,32,129,296,167,80,241,161,127,384,257,111,352,241,119,1976,S39a
111,247,136,184,136,-48,152,184,32,128,280,152,112,216,104,136,449,313,95,183,88,80,1775,S39a
127,271,144,208,160,-48,161,161,0,151,335,184,128,233,105,111,679,568,112,257,145,103,2199,S39a
88,225,137,167,159,-8,176,184,8,121,688,567,96,256,160,128,616,488,96,304,208,88,2520,S39a
95,208,113,159,103,-56,144,152,8,128,321,193,110,232,122,119,415,296,120,208,88,88,1727,S39a
103,223,120,184,112,-72,168,208,40,152,384,232,112,280,168,112,561,449,79,368,289,87,2223,S39a
151,184,33,136,136,0,143,175,32,128,248,120,144,233,89,143,751,608,128,184,56,136,2047,S39a
103,296,193,183,127,-56,160,200,40,136,289,153,119,264,145,151,399,248,136,361,225,111,2047,S39a
111,208,97,183,128,-55,144,232,88,127,256,129,103,287,184,128,433,305,119,367,248,113,2024,S39a
104,216,112,168,104,-64,152,184,32,136,201,65,127,304,177,95,263,168,120,641,521,127,2040,S39a
103,159,56,152,113,-39,119,264,145,127,183,56,120,433,313,103,559,456,112,249,137,103,2063,S39a
87,191,104,176,113,-63,151,111,-40,120,360,240,104,416,312,72,616,544,136,569,433,103,2479,S39a
88,176,88,152,248,96,128,208,80,104,824,720,80,424,344,104,144,40,96,352,256,103,2479,S39a
112,144,32,144,88,-56,143,136,-7,112,832,720,88,272,184,112,439,327,121,361,240,112,2384,S39a
89,177,88,128,88,-40,135,119,-16,121,705,584,72,255,183,129,401,272,80,352,272,104,2201,S39a
111,151,40,136,104,-32,143,128,-15,120,688,568,96,320,224,128,360,232,80,320,240,128,2199,S39a
88,176,88,128,88,-40,129,136,7,120,256,136,104,312,208,128,440,312,104,216,112,104,1728,S39a
96,160,64,127,87,-40,136,121,-15,96,632,536,80,248,168,103,352,249,80,255,175,113,1968,S39a
97,176,79,129,73,-56,136,152,16,104,320,216,104,248,144,120,328,208,88,216,128,96,1609,S39a
88,176,88,160,128,-32,127,112,-15,96,408,312,64,256,192,104,360,256,80,296,216,80,1816,S39a
80,168,88,136,80,-56,143,136,-7,96,344,248,80,256,176,112,336,224,96,296,200,72,1688,S39a
72,176,104,159,96,-63,160,144,-16,120,360,240,104,215,111,105,353,248,104,248,144,96,1688,S39a
79,216,137,128,80,-48,128,104,-24,104,768,664,80,296,216,96,376,280,80,224,144,80,2144,S39a
72,304,232,160,120,-40,144,160,16,128,344,216,96,248,152,112,432,320,72,320,248,80,2008,S39a
128,160,32,120,64,-56,136,152,16,112,608,496,88,288,200,96,432,336,104,288,184,80,2072,S39a
112,256,144,160,128,-32,144,152,8,120,336,216,104,288,184,128,352,224,88,328,240,80,1920,S39a
104,192,88,152,112,-40,128,144,16,120,280,160,96,280,184,128,336,208,112,304,192,120,1768,S39a
88,224,136,152,120,-32,128,136,8,112,312,200,112,264,152,112,409,297,87,319,232,128,1912,S39a
120,160,40,152,112,-40,144,168,24,128,888,760,104,256,152,104,408,304,104,304,200,88,2384,S39a
96,208,112,144,88,-56,129,128,-1,112,688,576,120,512,392,160,392,232,88,232,144,80,2328,S39a
104,200,96,144,64,-80,159,144,-15,104,336,232,104,208,104,128,344,216,104,216,112,72,1584,S39a
96,160,64,160,96,-64,152,120,-32,112,288,176,96,232,136,112,368,256,96,224,128,88,1576,S39a
80,232,152,136,88,-48,152,160,8,128,280,152,104,256,152,112,304,192,88,184,96,80,1584,S39a
88,224,136,144,80,-64,152,144,-8,88,320,232,112,240,128,128,360,232,80,160,80,96,1624,S39a
88,216,128,144,56,-88,160,136,-24,104,344,240,104,144,40,64,1544,1480,104,264,160,80,2784,S39a
63,136,73,144,80,-64,128,120,-8,111,296,185,112,232,120,144,280,136,112,264,152,64,1472,S39a
112,176,64,136,79,-57,128,137,9,120,383,263,105,353,248,128,288,160,96,240,144,80,1736,S39a
88,160,72,160,120,-40,120,152,32,112,304,192,112,240,128,112,360,248,88,192,104,72,1600,S39a
120,200,80,144,112,-32,153,184,31,104,408,304,112,144,32,128,385,257,103,343,240,112,1888,S39a
56,128,72,136,104,-32,128,184,56,104,255,151,113,297,184,128,280,152,96,216,120,88,1552,S39a
96,200,104,160,104,-56,144,176,32,104,520,416,112,440,328,152,608,456,112,304,192,104,2456,S39a
113,176,63,136,72,-64,152,144,-8,104,296,192,128,208,80,128,328,200,104,280,176,88,1592,S39a
96,168,72,144,88,-56,137,137,0,127,271,144,128,216,88,128,336,208,128,256,128,112,1584,S39a
88,184,96,200,120,-80,144,160,16,112,280,168,104,312,208,120,224,104,128,257,129,103,1640,S39a
120,176,56,176,104,-72,144,160,16,128,280,152,112,288,176,120,288,168,104,240,136,104,1640,S39a
96,248,152,224,104,-120,136,144,8,104,289,185,103,311,208,136,272,136,104,256,152,88,1712,S39a
95,216,121,136,32,-104,152,176,24,128,232,104,120,232,112,112,288,176,88,240,152,152,1568,S39a
96,224,128,200,152,-48,144,104,-40,144,457,313,143,191,48,128,368,240,104,672,568,120,2288,S39a
104,192,88,144,88,-56,137,137,0,103,311,208,112,288,176,112,248,136,112,280,168,80,1624,S39a
111,167,56,168,80,-88,152,144,-8,136,240,104,136,312,176,104,176,72,112,280,168,88,1487,S39a
104,128,24,152,80,-72,136,160,24,128,232,104,112,312,200,128,240,112,104,240,136,144,1536,S39a
104,136,32,160,96,-64,144,232,88,136,224,88,120,336,216,136,408,272,88,280,192,112,1824,S39a
80,184,104,152,80,-72,136,152,16,128,304,176,112,320,208,112,329,217,103,759,656,104,2232,S39a
81,161,80,184,104,-80,144,104,-40,104,296,192,104,312,208,96,736,640,104,296,192,96,2105,S39a
72,176,104,112,32,-80,136,192,56,104,216,112,112,384,272,128,464,336,96,456,360,120,2040,S39a
112,152,40,152,88,-64,144,113,-31,127,303,176,104,432,328,104,256,152,88,200,112,104,1648,S39a
104,168,64,192,104,-88,128,136,8,128,280,152,112,272,160,136,424,288,104,352,248,104,1840,S39a
105,184,79,176,80,-96,152,168,16,112,248,136,104,304,200,104,328,224,112,240,128,88,1640,S39a
112,144,32,209,104,-105,143,136,-7,144,297,153,95,304,209,127,247,120,96,296,200,88,1616,S39a
128,192,64,192,56,-136,176,184,8,128,880,752,121,264,143,104,337,233,79,239,160,88,2240,S39a
120,208,88,224,64,-160,208,176,-32,104,288,184,128,240,112,96,321,225,95,528,433,103,1928,S39a
136,240,104,192,72,-120,184,169,-15,143,303,160,128,344,216,136,216,80,136,224,88,112,1680,S39a
144,232,88,240,128,-112,184,128,-56,136,344,208,136,496,360,145,224,79,112,360,248,104,2016,S39a
104,248,144,256,128,-128,160,960,800,136,288,152,136,305,169,127,359,232,120,273,153,127,2688,S39a
88,176,88,184,72,-112,168,144,-24,120,297,177,127,287,160,144,632,488,128,193,65,95,1896,S39a
103,207,104,200,56,-144,194,160,-34,104,361,257,95,767,672,120,329,209,103,319,216,104,2303,S39a
120,160,40,184,81,-103,158,151,-7,136,280,144,112,376,264,128,208,80,112,248,136,104,1608,S39a
152,232,80,200,79,-121,152,121,-31,103,751,648,144,392,248,104,225,121,127,296,169,87,2183,S39a
111,223,112,192,64,-128,160,193,33,103,303,200,112,369,257,95,320,225,111,423,312,80,1975,S39a
103,239,136,152,40,-112,184,240,56,136,265,129,111,295,184,128,265,137,103,240,137,87,1671,S39a
72,225,153,175,55,-120,163,152,-11,112,833,721,135,760,625,135,104,-31,111,279,168,104,2512,S39a
96,201,105,175,72,-103,135,111,-24,113,281,168,103,311,208,112,224,112,88,217,129,87,1504,S39a
127,168,41,135,32,-103,183,160,-23,111,240,129,104,216,112,111,240,129,111,184,73,127,1367,S39a
127,184,57,199,120,-79,183,176,-7,159,240,81,96,423,327,112,160,48,112,248,136,160,1711,S39a
120,159,39,168,89,-79,135,151,16,121,272,151,104,392,288,144,209,65,103,231,128,96,1599,S39a
152,224,72,224,79,-145,209,153,-56,127,367,240,112,288,176,112,193,81,103,264,161,127,1695,S39a
119,232,113,199,96,-103,167,152,-15,95,287,192,130,263,133,152,225,73,129,209,80,95,1559,S39a
88,249,161,191,120,-71,175,120,-55,127,351,224,112,361,249,111,200,89,104,232,128,71,1704,S39a
119,216,97,215,88,-127,160,168,8,103,288,185,143,384,241,135,240,105,95,352,257,87,1823,S39a
64,144,80,208,153,-55,143,176,33,135,296,161,119,280,161,103,280,177,104,192,88,79,1600,S39a
129,233,104,183,71,-112,168,161,-7,95,327,232,105,337,232,128,232,104,95,224,129,103,1688,S39a
128,256,128,199,144,-55,183,168,-15,143,328,185,112,296,184,95,344,249,112,304,192,103,1943,S39a
128,216,88,151,88,-63,167,160,-7,119,304,185,95,280,185,103,328,225,103,232,129,104,1712,S39a
105,273,168,159,88,-71,152,184,32,135,280,145,127,319,192,120,225,105,79,240,161,79,1688,S39a
127,192,65,183,112,-71,154,128,-26,151,304,153,104,264,160,104,407,303,113,249,136,88,1744,S39a
120,168,48,151,80,-71,160,183,23,112,513,401,127,296,169,112,304,192,103,360,257,71,1975,S39a
119,224,105,168,88,-80,167,184,17,111,320,209,104,239,135,120,377,257,96,224,128,103,1759,S39a
129,185,56,144,56,-88,144,152,8,88,776,688,103,224,121,128,360,232,128,248,120,103,2104,S39a
128,209,81,167,72,-95,144,223,79,104,217,113,88,336,248,95,280,185,71,223,152,137,1697,S39a
152,288,136,184,64,-120,192,144,-48,128,352,224,104,208,104,112,384,272,112,224,112,103,1767,S39a
128,240,112,151,64,-87,152,200,48,128,208,80,136,320,184,120,272,152,104,384,280,71,1759,S39a
136,184,48,183,120,-63,151,144,-7,136,624,488,79,192,113,112,391,279,120,225,105,104,1984,S39a
103,208,105,192,88,-104,183,176,-7,95,272,177,120,280,160,120,440,320,104,304,200,80,1848,S39a
81,185,104,160,103,-57,145,161,16,104,280,176,111,496,385,112,231,119,121,233,112,96,1785,S39a
120,232,112,143,64,-79,160,184,24,104,248,144,112,240,128,111,432,321,103,208,105,72,1680,S39a
80,208,128,168,88,-80,136,160,24,128,336,208,104,280,176,112,455,343,104,241,137,80,1848,S39a
96,200,104,152,88,-64,167,183,16,88,241,153,120,272,152,136,280,144,112,248,136,112,1624,S39a
88,216,128,160,48,-112,192,200,8,104,312,208,112,240,128,104,352,248,112,336,224,128,1832,S39a
127,816,689,120,72,-48,162,128,-34,128,600,472,96,232,136,128,360,232,80,264,184,104,2576,S39a
136,184,48,151,96,-55,135,176,41,128,264,136,103,280,177,112,328,216,104,224,120,64,1616,S39a
87,168,81,167,64,-103,160,167,7,105,625,520,120,248,128,103,528,425,87,361,274,63,2224,S39a
80,200,120,152,80,-72,144,176,32,119,232,113,120,304,184,104,264,160,112,224,112,95,1575,S39a
112,272,160,152,64,-88,159,136,-23,72,840,768,88,216,128,119,464,345,112,312,200,96,2400,S39a
96,200,104,128,48,-80,161,128,-33,72,672,600,88,224,136,88,344,256,80,232,152,64,1912,S39a
88,176,88,143,104,-39,151,136,-15,96,416,320,136,232,96,104,648,544,96,272,176,48,2032,S39a
72,232,160,160,72,-88,160,192,32,72,736,664,72,296,224,112,351,239,96,273,177,63,2215,S39a
144,2071,1927,137,145,8,120,248,128,128,208,80,128,280,152,120,272,152,104,200,96,96,3520,S39a
96,152,56,167,112,-55,119,112,-7,112,336,224,88,280,192,128,328,200,104,192,88,96,1608,S39a
104,152,48,143,104,-39,112,144,32,88,424,336,64,584,520,96,600,504,96,200,104,25,2233,S39a
105,888,783,152,112,-40,136,160,24,136,296,160,104,256,152,104,360,256,88,304,216,88,2464,S39a
134,166,32,168,111,-57,129,161,32,128,592,464,120,320,200,128,296,168,80,273,193,87,2006,S39a
152,176,24,184,136,-48,128,120,-8,120,1272,1152,112,912,800,146,160,14,112,368,256,152,3296,S39a
128,144,16,112,48,-64,160,176,16,128,280,152,104,280,176,136,272,136,104,264,160,104,1568,S39a
104,152,48,136,64,-72,152,160,8,96,248,152,104,296,192,128,280,152,80,256,176,80,1536,S39a
80,144,64,128,56,-72,151,136,-15,128,264,136,96,288,192,120,272,152,80,240,160,104,1504,S39a
96,144,48,144,72,-72,144,112,-32,136,288,152,96,272,176,104,256,152,96,256,160,128,1528,S39a
104,152,48,128,64,-64,144,152,8,112,256,144,104,312,208,128,256,128,88,296,208,104,1592,S39a
120,176,56,128,64,-64,160,168,8,120,336,216,104,232,128,120,896,776,104,192,88,104,2168,S39a
96,200,104,144,48,-96,160,168,8,112,256,144,128,256,128,104,304,200,104,280,176,128,1640,S39a
136,208,72,144,72,-72,144,152,8,112,416,304,112,264,152,112,497,385,87,279,192,120,2008,S39a
87,215,128,128,40,-88,184,216,32,128,271,143,89,257,168,120,383,263,97,216,119,81,1679,S39a
145,201,56,192,96,-96,136,160,24,152,328,176,88,256,168,104,304,200,112,240,128,104,1689,S39a
120,160,40,152,72,-80,151,144,-7,112,296,184,112,248,136,128,624,496,96,232,136,104,1880,S39a
136,224,88,120,48,-72,152,168,16,97,336,239,104,280,176,128,320,192,96,232,136,104,1712,S39a
112,192,80,120,40,-80,153,152,-1,136,288,152,104,312,208,120,248,128,88,272,184,80,1584,S39a
80,152,72,152,72,-80,168,160,-8,96,312,216,120,272,152,152,288,136,104,232,128,72,1560,S39a
120,200,80,112,40,-72,159,144,-15,120,352,232,112,368,256,128,256,128,80,248,168,80,1688,S39a
88,184,96,136,72,-64,144,160,16,112,296,184,104,233,129,119,303,184,64,328,264,112,1688,S39a
96,200,104,120,64,-56,152,168,16,96,456,360,88,168,80,112,472,360,88,272,184,120,1920,S39a
88,304,216,120,128,8,104,160,56,152,400,248,96,256,160,96,344,248,80,264,184,80,1936,S39a
96,200,104,112,64,-48,160,152,-8,96,304,208,104,280,176,104,280,176,104,272,168,80,1632,S39a
104,200,96,88,48,-40,136,152,16,112,264,152,112,288,176,104,280,176,88,200,112,88,1520,S39a
128,360,232,136,72,-64,152,160,8,80,808,728,128,272,144,168,208,40,104,256,152,104,2240,S39a
128,184,56,144,64,-80,144,160,16,120,399,279,98,785,687,152,320,168,88,320,232,104,2336,S39a
120,200,80,120,32,-88,168,176,8,120,312,192,104,264,160,104,264,160,104,248,144,96,1592,S39a
128,208,80,136,48,-88,152,144,-8,96,696,600,87,200,113,136,336,200,104,224,120,88,1944,S39a
104,200,96,136,64,-72,136,128,-8,88,361,273,111,464,353,103,255,152,80,280,200,104,1856,S39a
128,224,96,152,80,-72,144,120,-24,128,304,176,112,272,160,104,328,224,72,200,128,80,1608,S39a
111,191,80,112,56,-56,136,216,80,128,216,88,104,304,200,96,280,184,96,208,112,136,1607,S39a
104,216,112,136,56,-80,160,176,16,112,280,168,112,368,256,88,216,128,88,240,152,80,1632,S39a
88,216,128,152,112,-40,168,144,-24,112,352,240,96,281,185,119,279,160,96,296,200,104,1784,S39a
104,208,104,136,80,-56,144,200,56,128,280,152,112,256,144,128,352,224,104,193,89,127,1696,S39a
128,208,80,120,48,-72,160,224,64,104,248,144,96,232,136,104,336,232,104,241,137,87,1624,S39a
97,240,143,192,48,-144,168,232,64,112,280,168,112,312,200,80,288,208,80,216,136,104,1720,S39a
112,240,128,152,104,-48,136,160,24,112,296,184,112,353,241,127,335,208,120,281,161,103,1872,S39a
112,248,136,216,225,9,127,87,-40,128,304,176,88,568,480,104,336,232,97,225,128,79,2072,S39a
112,216,104,80,32,-48,160,224,64,128,232,104,96,248,152,128,328,200,112,256,144,64,1600,S39a
104,232,128,152,96,-56,144,176,32,128,256,128,112,304,192,104,256,152,88,368,280,112,1800,S39a
119,255,136,120,80,-40,144,175,31,113,297,184,104,264,160,112,273,161,87,215,128,96,1655,S39a
87,247,160,136,96,-40,176,208,32,120,360,240,112,264,152,104,440,336,96,249,153,87,1951,S39a
88,248,160,88,48,-40,145,176,31,104,320,216,88,256,168,120,280,160,88,656,568,128,2112,S39a
119,272,153,159,111,-48,143,128,-15,120,336,216,104,280,176,112,321,209,103,255,152,72,1775,S39a
128,265,137,119,63,-56,144,192,48,120,272,152,104,385,281,103,239,136,88,496,408,120,2032,S39a
112,192,80,160,136,-24,120,112,-8,112,288,176,104,272,168,96,296,200,128,200,72,96,1592,S39a
112,321,209,162,127,-35,136,168,32,88,473,385,111,271,160,80,249,169,103,303,200,96,2008,S39a
87,344,257,119,71,-48,176,184,8,136,296,160,88,320,232,88,256,168,96,264,168,112,1847,S39a
88,208,120,128,64,-64,152,160,8,104,288,184,88,288,200,80,264,184,104,184,80,80,1536,S39a
136,241,105,95,63,-32,144,200,56,144,248,104,88,345,257,112,288,176,79,191,112,80,1656,S39a
104,200,96,120,49,-71,151,184,33,135,240,105,111,272,161,127,296,169,79,336,257,111,1688,S39a
112,168,56,136,88,-48,145,145,0,119,343,224,80,265,185,87,607,520,88,256,168,88,1960,S39a
104,216,112,136,80,-56,168,153,-15,103,263,160,96,233,137,111,271,160,104,248,144,96,1560,S39a
120,192,72,136,56,-80,160,193,33,135,222,87,105,346,241,103,191,88,120,273,153,127,1600,S39a
128,240,112,112,32,-80,200,169,-31,127,288,161,79,256,177,111,831,720,104,232,128,88,2136,S39a
88,209,121,119,64,-55,151,200,49,71,351,280,80,1456,1376,112,832,720,104,320,216,80,3512,S39a
95,136,41,135,80,-55,128,1072,944,87,879,792,72,528,456,129,129,0,103,632,529,104,3560,S39a
105,186,81,143,87,-56,128,161,33,127,247,120,120,360,240,104,233,129,128,216,88,103,1593,S39a
96,272,176,112,64,-48,137,168,31,120,217,97,103,296,193,103,240,137,79,231,152,104,1592,S39a
112,216,104,112,57,-55,152,159,7,80,952,872,114,408,294,104,368,264,104,305,201,87,2552,S39a
87,144,57,135,80,-55,135,128,-7,79,240,161,119,248,129,103,232,129,103,255,152,80,1407,S39a
120,176,56,136,89,-47,135,144,9,119,272,153,95,367,272,104,257,153,103,216,113,119,1640,S39a
111,184,73,111,55,-56,144,177,33,119,248,129,55,912,857,131,880,749,80,279,199,80,2815,S39a
104,177,73,111,55,-56,137,144,7,104,272,168,104,313,209,119,239,120,104,209,105,87,1496,S39a
152,200,48,103,15,-88,176,161,-15,103,304,201,111,312,201,103,400,297,111,240,129,79,1711,S39a
112,176,64,151,80,-71,175,128,-47,128,311,183,104,265,161,112,304,192,95,208,113,103,1575,S39a
111,208,97,103,56,-47,175,183,8,96,289,193,119,296,177,87,256,169,103,272,169,71,1631,S39a
128,176,48,135,56,-79,151,136,-15,111,320,209,95,344,249,87,248,161,103,240,137,112,1632,S39a
93,154,61,139,120,-19,127,159,32,125,645,520,111,361,250,111,335,224,79,248,169,64,2086,S39a
104,200,96,136,64,-72,167,152,-15,143,296,153,103,439,336,105,177,72,79,288,209,95,1711,S39a
103,160,57,143,88,-55,128,160,32,111,568,457,127,256,129,96,256,160,120,296,176,95,1879,S39a
112,151,39,136,81,-55,159,184,25,103,456,353,103,320,217,104,239,135,88,201,113,103,1735,S39a
87,136,49,96,31,-65,161,177,16,80,288,208,103,264,161,104,327,223,113,217,104,95,1535,S39a
96,200,104,120,56,-64,159,192,33,88,295,207,88,817,729,95,271,176,104,233,129,72,2136,S39a
96,136,40,144,80,-64,144,152,8,120,304,184,135,280,145,104,296,192,103,240,137,63,1551,S39a
63,144,81,88,32,-56,144,152,8,71,728,657,120,264,144,103,320,217,96,214,118,98,1952,S39a
95,184,89,112,34,-78,149,134,-15,104,503,399,121,257,136,79,624,545,87,207,120,65,2008,S39a
72,184,112,119,32,-87,152,168,16,87,576,489,104,200,96,72,328,256,95,248,153,80,1816,S39a
72,247,175,136,105,-31,135,120,-15,104,384,280,103,256,153,128,264,136,104,224,120,80,1680,S39a
104,144,40,136,64,-72,143,128,-15,104,360,256,127,264,137,112,312,200,112,256,144,80,1608,S39a
88,184,96,120,232,112,88,144,56,96,280,184,120,232,112,112,432,320,96,320,224,87,1911,S39a
79,216,137,96,223,127,81,185,104,136,328,192,80,336,256,119,352,233,103,288,185,80,2008,S39a
38,184,146,144,120,-24,120,152,32,88,303,215,113,288,175,105,601,496,80,216,136,80,1944,S39a
104,192,88,144,176,32,128,144,16,112,584,472,128,248,120,112,352,240,136,360,224,160,2216,S39a
128,184,56,144,104,-40,135,111,-24,105,993,888,120,224,104,103,320,217,79,336,257,88,2360,S39a
128,136,8,120,720,600,96,455,359,145,145,0,135,304,169,112,288,176,95,176,81,152,2376,S39a
87,160,73,128,96,-32,144,176,32,88,544,456,112,1120,1008,128,160,32,112,296,184,104,2656,S39a
136,152,16,136,80,-56,145,144,-1,112,448,336,104,256,152,88,568,480,112,456,344,128,2232,S39a
110,142,32,112,200,88,104,152,48,128,280,152,96,288,192,104,312,208,104,256,152,48,1678,S36a
128,159,31,104,201,97,104,176,72,120,232,112,104,272,168,104,288,184,80,288,208,104,1720,S36a
112,185,73,79,176,97,87,167,80,112,217,105,88,215,127,128,480,352,88,249,161,103,1792,S36a
111,160,49,96,168,72,87,168,81,103,175,72,88,273,185,103,303,200,81,257,176,103,1607,S36a
112,192,80,88,184,96,96,177,81,111,271,160,88,273,185,104,352,248,88,312,224,96,1857,S36a
120,176,56,80,176,96,88,168,80,128,216,88,80,280,200,104,304,200,79,336,257,112,1768,S36a
112,120,8,104,200,96,80,184,104,104,184,80,72,343,271,105,257,152,88,488,400,128,1904,S36a
96,120,24,104,248,144,80,160,80,112,224,112,80,272,192,112,288,176,104,288,184,112,1712,S36a
128,152,24,96,176,80,88,152,64,128,208,80,112,312,200,96,288,192,80,280,200,104,1672,S36a
120,176,56,88,176,88,80,169,89,111,175,64,88,297,209,103,439,336,96,272,176,112,1816,S36a
112,176,64,104,208,104,80,160,80,104,233,129,79,327,248,88,321,233,79,207,128,80,1712,S36a
128,209,81,79,199,120,80,161,81,103,807,704,73,273,200,95,263,168,89,280,191,88,2280,S36a
119,167,48,96,184,88,81,169,88,103,152,49,96,263,167,113,240,127,88,265,177,79,1519,S36a
128,160,32,88,168,80,79,160,81,104,152,48,79,272,193,119,248,129,80,232,152,103,1495,S36a
128,224,96,104,200,96,48,184,136,112,215,103,81,289,208,104,296,192,79,256,177,96,1760,S36a
112,160,48,104,216,112,128,303,175,105,793,688,80,355,275,109,549,440,128,288,160,112,2776,S36a
112,152,40,88,168,80,96,184,88,112,200,88,80,256,176,104,272,168,80,280,200,96,1608,S36a
120,152,32,104,192,88,96,176,80,112,208,96,96,279,183,89,249,160,88,264,176,104,1624,S36a
112,192,80,80,168,88,88,168,80,112,200,88,112,264,152,88,256,168,80,248,168,120,1616,S36a
120,192,72,80,184,104,96,192,96,112,208,96,104,232,128,88,304,216,88,240,152,104,1656,S36a
128,160,32,88,192,104,80,152,72,104,160,56,80,336,256,96,359,263,105,281,176,104,1744,S36a
112,168,56,88,161,73,87,175,88,112,208,96,88,296,208,112,287,175,104,264,160,128,1687,S36a
129,128,-1,104,184,80,80,136,56,96,208,112,80,264,184,112,383,271,97,210,113,111,1624,S36a
128,168,40,104,176,72,88,169,81,103,183,80,104,256,152,96,280,184,104,240,136,112,1584,S36a
136,136,0,103,199,96,80,152,72,104,201,97,87,264,177,112,263,151,80,216,136,104,1535,S36a
128,160,32,105,177,72,87,191,104,113,153,40,103,336,233,111,216,105,104,216,112,95,1544,S36a
112,145,33,96,200,104,80,136,56,104,192,88,95,320,225,103,240,137,79,216,137,104,1553,S36a
152,209,57,104,192,88,95,176,81,120,216,96,96,272,176,127,288,161,88,208,120,120,1681,S36a
136,176,40,88,168,80,80,184,104,104,176,72,80,288,208,112,320,208,104,232,128,128,1672,S36a
144,151,7,89,209,120,80,160,80,104,208,104,112,240,128,128,296,168,88,232,144,104,1600,S36a
120,152,32,88,192,104,80,184,104,104,216,112,88,263,175,129,297,168,95,216,121,112,1632,S36a
128,152,24,88,176,88,80,144,64,112,215,103,89,289,200,120,496,376,104,296,192,128,1896,S36a
112,128,16,104,200,96,88,168,80,128,208,80,88,264,176,120,256,136,88,232,144,104,1560,S36a
120,152,32,88,168,80,88,168,80,104,184,80,80,264,184,120,296,176,104,232,128,112,1576,S36a
112,168,56,104,208,104,80,160,80,88,184,96,104,304,200,136,272,136,104,232,128,152,1680,S36a
112,176,64,88,184,96,88,176,88,104,176,72,96,272,176,104,264,160,104,272,168,128,1648,S36a
113,112,-1,104,232,128,80,120,40,104,200,96,88,280,192,104,288,184,80,224,144,112,1568,S36a
128,160,32,96,200,104,72,136,64,136,288,152,96,224,128,112,312,200,104,232,128,112,1664,S36a
128,135,7,89,193,104,72,160,88,112,201,89,71,255,184,104,280,176,80,232,152,112,1568,S36a
104,168,64,105,209,104,79,135,56,112,208,96,112,224,112,120,296,176,89,217,128,87,1544,S36a
119,199,80,88,193,105,79,184,105,87,223,136,80,304,224,112,289,177,87,240,153,95,1727,S36a
128,137,9,112,192,80,103,160,57,111,200,89,87,335,248,113,249,136,87,215,128,113,1601,S36a
121,177,56,95,359,264,104,193,89,104,216,112,83,286,203,112,298,186,79,240,161,112,1881,S36a
135,168,33,112,240,128,79,136,57,88,239,151,105,241,136,104,288,184,88,240,152,111,1663,S36a
136,216,80,88,176,88,88,168,80,96,184,88,104,240,136,112,312,200,80,208,128,104,1608,S36a
144,144,0,96,200,104,80,144,64,104,224,120,104,232,128,112,296,184,96,248,152,112,1600,S36a
121,161,40,103,200,97,88,152,64,128,208,80,112,312,200,104,256,152,96,232,136,104,1625,S36a
120,184,64,88,200,112,88,168,80,120,280,160,80,232,152,128,304,176,104,240,136,112,1720,S36a
120,176,56,88,200,112,80,168,88,104,528,424,104,367,263,121,265,144,96,224,128,88,2016,S36a
113,145,32,104,192,88,96,128,32,104,256,152,72,232,160,128,289,161,103,231,128,112,1585,S36a
128,184,56,88,192,104,80,160,80,112,256,144,89,264,175,96,328,232,88,240,152,96,1720,S36a
96,136,40,88,200,112,80,160,80,88,184,96,128,280,152,104,224,120,80,217,137,47,1448,S36a
112,144,32,104,176,72,88,169,81,71,176,105,87,263,176,104,296,192,88,240,152,88,1552,S36a
104,160,56,88,192,104,88,144,56,96,320,224,64,249,185,111,311,200,104,232,128,104,1712,S36a
127,135,8,88,176,88,96,161,65,111,264,153,103,231,128,120,513,393,95,232,137,127,1839,S36a
127,152,25,103,208,105,87,136,49,103,199,96,88,241,153,119,280,161,87,240,153,104,1560,S36a
127,168,41,104,208,104,64,144,80,104,192,88,104,272,168,95,280,185,87,224,137,95,1583,S36a
111,152,41,104,192,88,87,128,41,103,216,113,80,280,200,111,312,201,87,240,153,103,1623,S36a
128,176,48,88,176,88,104,176,72,111,224,113,104,248,144,112,336,224,104,280,176,128,1744,S36a
112,144,32,104,216,112,88,168,80,111,256,145,104,272,168,112,272,160,95,232,137,103,1663,S36a
104,160,56,96,184,88,104,176,72,112,208,96,112,264,152,104,296,192,112,256,144,112,1656,S36a
120,160,40,104,216,112,104,168,64,112,200,88,112,336,224,104,360,256,96,248,152,120,1808,S36a
104,136,32,96,200,104,80,160,80,104,176,72,104,288,184,104,280,176,88,224,136,104,1568,S36a
103,152,49,96,200,104,80,136,56,104,200,96,104,280,176,112,336,224,96,328,232,112,1744,S36a
112,144,32,88,192,104,72,136,64,112,232,120,104,272,168,112,272,160,96,208,112,104,1560,S36a
112,144,32,104,216,112,72,128,56,128,192,64,112,288,176,112,272,160,104,224,120,136,1600,S36a
112,144,32,88,176,88,80,160,80,96,216,120,104,256,152,112,304,192,88,200,112,120,1576,S36a
128,176,48,104,200,96,80,160,80,120,201,81,103,263,160,120,328,208,104,184,80,104,1616,S36a
128,176,48,104,185,81,87,152,65,103,199,96,104,248,144,120,289,169,103,256,153,95,1600,S36a
128,159,31,105,192,87,88,152,64,120,201,81,79,256,177,127,304,177,103,216,113,151,1631,S36a
129,242,113,111,511,400,48,665,617,135,736,601,79,256,177,104,312,208,95,248,153,95,3065,S36a
104,160,56,103,184,81,95,184,89,96,208,112,71,352,281,151,463,312,113,241,128,104,1896,S36a
112,152,40,103,192,89,103,159,56,121,313,192,104,256,152,112,368,256,103,256,153,104,1800,S36a
104,160,56,103,184,81,96,208,112,104,232,128,88,328,240,112,312,200,104,704,600,112,2240,S36a
104,136,32,104,200,96,88,144,56,96,192,96,103,296,193,112,320,208,104,256,152,104,1648,S36a
128,184,56,80,176,96,88,192,104,112,192,80,88,400,312,120,296,176,96,240,144,112,1792,S36a
144,232,88,104,216,112,88,168,80,112,288,176,88,312,224,112,296,184,112,328,216,96,1936,S36a
120,176,56,112,216,104,80,160,80,120,200,80,96,304,208,120,400,280,104,256,152,112,1824,S36a
104,152,48,104,192,88,80,192,112,104,184,80,80,304,224,104,304,200,88,240,152,96,1664,S36a
104,143,39,113,225,112,104,160,56,104,272,168,104,240,136,104,328,224,104,240,136,112,1720,S36a
120,160,40,88,184,96,80,160,80,112,208,96,96,336,240,104,360,256,112,480,368,128,2016,S36a
128,160,32,96,192,96,96,145,49,87,215,128,104,288,184,112,272,160,104,224,120,128,1624,S36a
135,200,65,87,183,96,80,184,104,120,232,112,104,297,193,135,247,112,104,208,104,104,1655,S36a
136,184,48,104,233,129,111,168,57,103,296,193,96,495,399,120,849,729,103,256,153,103,2584,S36a
127,160,33,95,200,105,80,184,104,152,360,208,127,599,472,113,409,296,88,224,136,120,2256,S36a
120,184,64,104,216,112,104,176,72,104,224,120,88,248,160,119,288,169,104,216,112,103,1655,S36a
119,184,65,112,216,104,96,152,56,104,248,144,88,272,184,136,336,200,104,264,160,128,1800,S36a
128,176,48,88,200,112,104,176,72,104,208,104,112,280,168,120,288,168,104,264,160,104,1696,S36a
120,176,56,104,208,104,88,184,96,104,200,96,96,296,200,112,296,184,104,216,112,128,1704,S36a
128,184,56,96,208,112,104,216,112,120,264,144,104,256,152,112,344,232,104,243,139,108,1823,S36a
120,152,32,120,208,88,88,168,80,128,208,80,104,304,200,128,360,232,88,288,200,128,1816,S36a
112,144,32,104,184,80,88,144,56,112,208,96,104,280,176,152,504,352,104,1080,976,104,2648,S36a
120,152,32,104,200,96,64,168,104,80,360,280,80,256,176,104,328,224,96,264,168,104,1832,S36a
121,128,7,104,184,80,96,176,80,96,200,104,88,264,176,104,264,160,88,256,168,104,1576,S36a
128,184,56,80,184,104,104,208,104,152,231,79,105,369,264,104,218,114,110,247,137,112,1753,S36a
128,161,33,87,184,97,87,159,72,128,192,64,136,312,176,120,369,249,103,288,185,111,1776,S36a
128,144,16,104,195,91,94,173,79,104,176,72,104,280,176,120,321,201,103,208,105,103,1600,S36a
111,151,40,80,177,97,88,167,79,112,176,64,105,256,151,120,296,176,89,209,120,112,1544,S36a
129,176,47,96,201,105,79,168,89,127,224,97,87,264,177,112,288,176,103,200,97,111,1632,S36a
120,168,48,96,192,96,96,184,88,112,176,64,104,328,224,127,488,361,80,256,176,103,1895,S36a
136,176,40,104,192,88,96,152,56,104,224,120,88,272,184,112,312,200,96,240,144,96,1664,S36a
126,165,39,113,209,96,136,192,56,112,192,80,120,280,160,120,232,112,104,240,136,112,1622,S36a
136,168,32,104,184,80,96,136,40,128,184,56,121,263,142,113,225,112,80,264,184,120,1544,S36a
128,184,56,80,176,96,72,152,80,128,184,56,104,288,184,120,391,271,81,249,168,112,1736,S36a
112,144,32,80,168,88,88,168,80,104,168,64,96,272,176,128,240,112,96,232,136,104,1496,S36a
112,152,40,88,176,88,80,160,80,112,192,80,104,280,176,112,240,128,88,200,112,112,1512,S36a
112,160,48,88,168,80,80,160,80,128,176,48,104,296,192,120,248,128,96,240,144,112,1560,S36a
129,128,-1,104,184,80,80,136,56,120,176,56,88,296,208,120,288,168,104,216,112,112,1536,S36a
112,152,40,88,168,80,88,144,56,136,216,80,88,304,216,120,249,129,95,223,128,120,1576,S36a
120,152,32,88,168,80,104,209,105,103,143,40,104,296,192,128,224,96,80,232,152,96,1520,S36a
128,127,-1,96,184,88,88,144,56,104,217,113,103,287,184,104,280,176,104,241,137,111,1591,S36a
111,168,57,87,208,121,80,175,95,129,240,111,104,257,153,111,279,168,97,217,120,103,1647,S36a
119,160,41,95,192,97,104,152,48,103,496,393,103,288,185,112,264,152,95,279,184,113,1944,S36a
112,120,8,104,192,88,104,152,48,120,168,48,127,288,161,112,216,104,104,248,144,96,1480,S36a
128,128,0,104,184,80,96,176,80,111,192,81,96,312,216,128,264,136,96,216,120,96,1568,S36a
104,184,80,72,168,96,80,152,72,112,168,56,88,288,200,112,272,160,104,240,136,104,1576,S36a
104,136,32,96,168,72,80,144,64,96,192,96,88,272,184,112,383,271,105,225,120,112,1632,S36a
120,152,32,95,184,89,104,144,40,104,208,104,112,288,176,96,288,192,88,216,128,80,1560,S36a
112,144,32,80,159,79,89,169,80,88,152,64,112,264,152,120,272,152,104,216,112,112,1488,S36a
128,144,16,112,192,80,104,160,56,120,192,72,104,304,200,112,296,184,104,255,151,105,1648,S36a
80,136,56,88,192,104,72,104,32,56,432,376,56,328,272,80,281,201,79,264,185,71,1808,S36a
80,177,97,111,200,89,87,144,57,71,640,569,55,520,465,103,280,177,104,311,207,96,2368,S36a
95,136,41,103,176,73,80,176,96,80,216,136,64,312,248,87,336,249,71,256,185,80,1688,S36a
96,120,24,72,168,96,88,152,64,88,272,184,96,280,184,96,312,216,80,216,136,96,1616,S36a
104,144,40,96,184,88,88,168,80,104,184,80,80,280,200,112,272,160,96,224,128,96,1552,S36a
96,152,56,80,184,104,80,160,80,96,160,64,104,312,208,112,920,808,88,720,632,104,2712,S36a
112,152,40,96,200,104,80,192,112,104,200,96,80,312,232,112,248,136,96,296,200,96,1696,S36a
112,128,16,96,200,104,80,160,80,112,224,112,80,336,256,96,280,184,112,232,120,104,1664,S36a
104,144,40,80,168,88,104,160,56,112,200,88,112,312,200,96,328,232,104,232,128,128,1672,S36a
104,120,16,104,184,80,88,168,80,96,208,112,88,312,224,112,272,160,104,192,88,96,1552,S36a
120,160,40,88,192,104,88,176,88,104,208,104,80,304,224,104,304,200,96,224,128,88,1656,S36a
121,121,0,103,208,105,79,127,48,112,240,128,88,273,185,119,343,224,89,256,167,128,1696,S36a
112,153,41,103,184,81,71,143,72,96,209,113,87,366,279,122,297,175,104,241,137,112,1705,S36a
129,153,24,95,184,89,104,159,55,121,321,200,79,351,272,104,473,369,111,311,200,104,2056,S36a
111,184,73,87,184,97,71,184,113,95,359,264,81,528,447,104,273,169,87,368,281,103,2183,S36a
111,152,41,87,192,105,64,176,112,104,528,424,80,399,319,121,233,112,104,328,224,80,2088,S36a
112,152,40,104,216,112,80,184,104,104,216,112,80,600,520,128,208,80,80,1112,1032,136,2824,S36a
112,168,56,80,592,512,64,576,512,64,288,224,88,392,304,112,208,96,112,344,232,112,2680,S36a
96,128,32,104,184,80,80,176,96,104,200,96,80,320,240,96,232,136,104,264,160,88,1592,S36a
104,168,64,88,200,112,88,192,104,112,368,256,72,496,424,136,264,128,111,248,137,136,2072,S36a
104,136,32,104,208,104,96,168,72,112,240,128,88,296,208,104,280,176,104,256,152,104,1688,S36a
128,160,32,96,200,104,104,176,72,120,200,80,88,336,248,112,240,128,104,272,168,32,1616,S36a
120,160,40,104,184,80,80,136,56,112,216,104,96,288,192,112,312,200,112,312,200,112,1720,S36a
128,169,41,95,183,88,88,168,80,96,201,105,103,295,192,104,552,448,104,288,184,112,1968,S36a
104,168,64,80,192,112,88,145,57,103,240,137,87,312,225,143,335,192,104,360,256,128,1880,S36a
112,152,40,97,201,104,71,152,81,111,208,97,103,311,208,104,281,177,103,239,136,112,1656,S36a
95,160,65,87,199,112,80,153,73,103,248,145,88,312,224,95,320,225,88,367,279,104,1863,S36a
113,153,40,104,184,80,96,184,88,96,272,176,79,303,224,113,337,224,79,240,161,103,1776,S36a
103,151,48,89,200,111,88,161,73,96,248,152,88,264,176,128,280,152,112,232,120,104,1640,S36a
120,176,56,104,200,96,88,240,152,112,192,80,104,328,224,112,296,184,112,296,184,112,1840,S36a
128,184,56,80,184,104,104,184,80,96,192,96,88,280,192,96,312,216,104,248,144,120,1704,S36a
120,144,24,104,200,96,104,192,88,128,192,64,96,296,200,128,304,176,128,264,136,120,1712,S36a
129,128,-1,80,152,72,80,144,64,56,544,488,64,360,296,88,272,184,80,208,128,64,1872,S36a
104,144,40,112,192,80,80,136,56,88,288,200,88,296,208,103,328,225,104,256,152,96,1736,S36a
104,168,64,88,168,80,88,185,97,103,183,80,104,288,184,96,352,256,104,424,320,112,1880,S36a
104,168,64,104,168,64,96,169,73,111,207,96,96,264,168,120,297,177,95,231,136,120,1624,S36a
113,160,47,105,193,88,87,190,103,137,249,112,96,329,233,127,240,113,111,320,209,111,1792,S36a
136,177,41,112,191,79,80,137,57,111,264,153,95,272,177,103,320,217,94,215,121,96,1672,S36a
95,143,48,104,209,105,80,272,192,128,272,144,111,744,633,119,336,217,96,256,160,103,2335,S36a
111,168,57,88,192,104,88,160,72,112,216,104,104,280,176,104,296,192,103,224,121,104,1640,S36a
96,152,56,104,192,88,103,176,73,104,208,104,103,312,209,96,296,200,112,264,152,96,1696,S36a
104,152,48,88,192,104,88,176,88,112,224,112,88,320,232,112,256,144,96,224,128,112,1656,S36a
96,144,48,88,200,112,104,207,103,121,345,224,72,368,296,104,344,240,88,248,160,104,1960,S36a
120,152,32,104,208,104,80,120,40,104,256,152,88,264,176,104,344,240,96,240,144,112,1696,S36a
104,152,48,104,192,88,105,169,64,104,208,104,104,312,208,128,496,368,88,1080,992,112,2721,S36a
104,144,40,88,168,80,80,192,112,96,344,248,104,272,168,120,304,184,104,272,168,88,1784,S36a
104,144,40,112,216,104,80,560,480,104,336,232,104,616,512,96,384,288,96,512,416,104,2872,S36a
113,169,56,96,184,88,104,177,73,111,287,176,104,288,184,120,320,200,112,264,152,120,1809,S36a
112,143,31,105,209,104,88,216,128,128,360,232,88,280,192,112,312,200,104,281,177,103,1904,S36a
112,192,80,96,224,128,96,200,104,112,225,113,103,304,201,127,279,152,88,496,408,128,2048,S36a
103,143,40,104,185,81,87,175,88,104,185,81,103,440,337,127,288,161,103,272,169,111,1799,S36a
103,144,41,95,199,104,104,177,73,95,247,152,96,320,224,120,296,176,96,272,176,136,1791,S36a
120,167,47,105,184,79,88,169,81,127,256,129,103,304,201,119,368,249,95,240,145,119,1807,S36a
119,136,17,104,200,96,104,184,80,111,224,113,104,360,256,111,272,161,104,272,168,136,1784,S36a
119,152,33,88,192,104,72,184,112,128,200,72,112,320,208,128,280,152,104,264,160,128,1720,S36a
112,160,48,104,232,128,72,176,104,104,400,296,104,280,176,104,336,232,104,280,176,120,1984,S36a
128,152,24,104,200,96,96,176,80,112,288,176,96,304,208,112,320,208,112,296,184,112,1848,S36a
128,160,32,96,200,104,80,216,136,128,240,112,104,384,280,112,296,184,128,240,112,120,1856,S36a
112,128,16,104,216,112,80,160,80,104,216,112,104,288,184,104,288,184,104,248,144,112,1656,S36a
120,184,64,104,208,104,128,280,152,112,233,121,95,303,208,112,320,208,104,288,184,112,1928,S36a
128,160,32,104,200,96,103,183,80,105,193,88,88,480,392,112,264,152,88,288,200,104,1872,S36a
112,160,48,104,200,96,80,184,104,104,224,120,80,360,280,104,368,264,96,296,200,112,1904,S36a
128,168,40,104,216,112,104,192,88,120,208,88,112,560,448,112,240,128,104,280,176,128,1992,S36a
127,143,16,120,224,104,72,152,80,112,217,105,79,399,320,144,297,153,127,240,113,111,1783,S36a
128,176,48,112,249,137,95,224,129,111,304,193,95,311,216,128,280,152,112,521,409,127,2192,S36a
111,128,17,104,191,87,88,192,104,112,168,56,104,353,249,95,280,185,103,272,169,111,1695,S36a
95,136,41,103,192,89,79,184,105,127,176,49,103,352,249,111,248,137,103,271,168,112,1671,S36a
128,144,16,104,192,88,104,168,64,128,208,80,95,328,233,112,240,128,104,248,144,112,1640,S36a
104,136,32,96,200,104,88,168,80,128,224,96,104,304,200,120,272,152,88,240,152,128,1672,S36a
128,160,32,96,184,88,88,176,88,120,208,88,104,360,256,111,272,161,104,432,328,103,1895,S36a
112,144,32,96,176,80,79,160,81,120,200,80,80,336,256,104,320,216,104,312,208,112,1760,S36a
128,152,24,104,232,128,96,184,88,104,248,144,88,304,216,112,256,144,80,239,159,97,1712,S36a
128,168,40,104,208,104,80,120,40,128,232,104,112,360,248,88,343,255,96,273,177,112,1816,S36a
112,168,56,104,192,88,80,160,80,112,416,304,104,304,200,128,520,392,112,360,248,112,2232,S36a
112,144,32,104,192,88,80,120,40,104,248,144,72,360,288,88,352,264,96,240,144,112,1768,S36a
128,184,56,104,177,73,79,175,96,112,232,120,80,344,264,104,336,232,104,424,320,136,2008,S36a
120,153,33,95,183,88,80,185,105,119,231,112,80,304,224,144,528,384,136,336,200,112,2032,S36a
120,161,41,80,183,103,104,249,145,135,216,81,119,295,176,104,264,160,96,273,177,111,1752,S36a
97,177,80,89,193,104,79,200,121,116,407,291,96,537,441,95,399,304,104,289,185,112,2314,S36a
112,665,553,144,232,88,95,328,233,103,424,321,103,232,129,103,431,328,104,441,337,120,2873,S36a
111,167,56,128,184,56,104,184,80,112,264,152,112,312,200,128,232,104,128,256,128,96,1695,S36a
169,168,-1,144,216,72,104,176,72,112,216,104,112,336,224,111,199,88,97,217,120,113,1641,S36a
128,192,64,104,200,96,72,153,81,111,199,88,104,328,224,112,200,88,112,208,96,88,1568,S36a
111,151,40,120,208,88,112,224,112,120,616,496,97,248,151,120,328,208,104,240,136,104,2119,S36a
112,144,32,104,176,72,80,168,88,112,184,72,129,376,247,112,369,257,103,256,153,103,1776,S36a
103,128,25,88,167,79,88,152,64,128,185,57,103,328,225,103,192,89,87,216,129,95,1463,S36a
112,144,32,95,183,88,88,153,65,112,264,152,96,288,192,112,255,143,97,233,136,111,1631,S36a
120,129,9,104,184,80,87,152,65,95,168,73,112,336,224,96,200,104,79,296,217,104,1569,S36a
103,135,32,113,193,80,95,176,81,104,184,80,79,392,313,96,208,112,112,224,112,104,1616,S36a
120,176,56,88,168,80,88,152,64,128,184,56,112,328,216,104,232,128,104,280,176,104,1624,S36a
128,128,0,112,200,88,96,176,80,120,208,88,112,320,208,120,232,112,104,248,144,96,1608,S36a
128,168,40,104,208,104,80,160,80,96,176,80,104,328,224,104,264,160,104,240,136,104,1648,S36a
120,144,24,96,200,104,72,152,80,104,296,192,88,312,224,104,304,200,88,264,176,128,1800,S36a
104,168,64,96,176,80,96,168,72,112,192,80,104,352,248,128,240,112,104,240,136,120,1656,S36a
128,192,64,104,176,72,96,176,80,111,200,89,96,352,256,104,272,168,104,208,104,96,1672,S36a
144,232,88,104,208,104,80,160,80,120,176,56,88,336,248,104,240,136,104,240,136,112,1704,S36a
112,264,152,88,208,120,104,200,96,112,264,152,88,392,304,104,232,128,120,256,136,96,1912,S36a
105,152,47,88,176,88,72,177,105,103,247,144,56,480,424,120,257,137,95,287,192,104,1880,S36a
112,112,0,112,215,103,104,177,73,103,231,128,104,344,240,89,232,143,104,257,153,103,1671,S36a
113,169,56,104,175,71,80,161,81,103,183,80,104,344,240,113,241,128,95,280,185,79,1632,S36a
121,153,32,112,192,80,95,160,65,95,232,137,104,375,271,105,265,160,103,248,145,103,1728,S36a
127,336,209,120,232,112,104,288,184,111,576,465,104,296,192,112,240,128,112,264,152,95,2327,S36a
121,161,40,112,184,72,96,176,80,104,248,144,88,320,232,120,272,152,104,503,399,129,1993,S36a
111,128,17,104,216,112,112,192,80,128,240,112,104,456,352,128,232,104,128,312,184,112,1888,S36a
112,144,32,128,224,96,96,184,88,112,288,176,88,328,240,104,280,176,104,256,152,112,1816,S36a
104,160,56,104,168,64,88,144,56,111,248,137,104,336,232,112,216,104,88,264,176,96,1632,S36a
120,160,40,104,168,64,88,144,56,112,224,112,80,264,184,128,240,112,96,240,144,128,1568,S36a
104,160,56,80,160,80,80,160,80,112,184,72,104,311,207,113,313,200,120,248,128,112,1648,S36a
128,152,24,112,184,72,96,176,80,104,256,152,96,336,240,96,280,184,104,328,224,104,1816,S36a
112,152,40,104,184,80,112,152,40,112,224,112,104,320,216,104,280,176,88,224,136,104,1640,S36a
120,200,80,88,176,88,80,152,72,104,216,112,104,312,208,96,288,192,96,224,128,104,1672,S36a
119,151,32,88,176,88,88,160,72,96,224,128,88,336,248,112,280,168,104,225,121,111,1663,S36a
112,240,128,112,192,80,88,192,104,104,217,113,79,375,296,96,225,129,87,231,144,104,1776,S36a
104,137,33,103,191,88,88,144,56,96,393,297,55,256,201,127,384,257,95,536,441,119,2160,S36a
120,161,41,103,184,81,87,167,80,120,232,112,112,336,224,128,305,177,79,471,392,121,1977,S36a
103,144,41,104,224,120,104,184,80,95,208,113,103,328,225,94,288,194,95,256,161,111,1743,S36a
104,136,32,103,184,81,103,184,81,127,200,73,104,359,255,128,281,153,104,224,120,112,1680,S36a
120,127,7,113,217,104,96,176,80,112,208,96,96,320,224,128,264,136,103,240,137,112,1664,S36a
104,136,32,96,200,104,96,152,56,120,240,120,88,328,240,119,360,241,104,384,280,128,1928,S36a
128,128,0,96,176,80,104,184,80,104,208,104,112,328,216,128,376,248,104,256,152,112,1768,S36a
112,128,16,112,200,88,80,160,80,104,192,88,104,304,200,112,320,208,104,384,280,112,1800,S36a
113,112,-1,104,184,80,88,144,56,96,200,104,96,344,248,104,264,160,88,240,152,88,1576,S36a
97,96,-1,112,240,128,104,136,32,128,208,80,104,280,176,136,304,168,104,200,96,104,1568,S36a
104,176,72,96,192,96,80,152,72,104,232,128,104,280,176,104,264,160,88,264,176,104,1664,S36a
104,144,40,104,208,104,88,184,96,96,200,104,104,288,184,120,264,144,88,240,152,88,1616,S36a
96,136,40,104,176,72,88,168,80,112,240,128,88,288,200,128,280,152,96,232,136,104,1624,S36a
111,143,32,104,184,80,88,177,89,127,231,104,88,288,200,104,289,185,110,239,129,112,1663,S36a
127,160,33,103,199,96,80,161,81,111,215,104,104,312,208,112,328,216,104,240,136,112,1727,S36a
111,143,32,104,208,104,80,160,80,120,224,104,104,305,201,111,304,193,103,231,128,96,1671,S36a
120,161,41,95,200,105,104,152,48,112,224,112,103,360,257,111,288,177,103,216,113,111,1712,S36a
95,136,41,104,208,104,79,176,97,112,224,112,96,336,240,128,256,128,88,224,136,119,1679,S36a
104,160,56,96,200,104,47,152,105,152,312,160,80,232,152,119,256,137,112,216,104,96,1624,S36a
120,160,40,128,208,80,120,152,32,136,232,96,112,272,160,104,264,160,104,240,136,112,1640,S36a
112,152,40,104,208,104,96,168,72,120,232,112,104,288,184,112,272,160,103,208,105,120,1648,S36a
120,176,56,104,200,96,88,168,80,112,200,88,88,312,224,104,288,184,104,280,176,104,1728,S36a
129,128,-1,128,240,112,88,144,56,120,288,168,96,272,176,104,287,183,88,241,153,96,1696,S36a
104,176,72,104,216,112,80,152,72,112,248,136,96,280,184,104,304,200,104,248,144,104,1728,S36a
112,184,72,96,176,80,88,168,80,112,224,112,80,672,592,128,224,96,96,288,192,104,2040,S36a
120,160,40,120,216,96,80,160,80,128,184,56,104,367,263,137,257,120,104,256,152,120,1720,S36a
128,160,32,104,208,104,88,168,80,112,257,145,79,311,232,128,288,160,104,248,144,120,1760,S36a
111,143,32,105,185,80,104,168,64,104,256,152,80,313,233,111,319,208,104,232,128,128,1744,S36a
103,191,88,112,232,120,104,216,112,112,672,560,88,248,160,112,312,200,104,280,176,104,2255,S36a
103,167,64,88,193,105,95,175,80,104,265,161,87,319,232,112,248,136,80,209,129,135,1711,S36a
111,167,56,104,193,89,79,144,65,112,200,88,103,343,240,128,264,136,96,201,105,103,1615,S36a
119,176,57,87,175,88,96,145,49,127,200,73,87,311,224,104,264,160,96,281,185,111,1663,S36a
128,192,64,79,176,97,80,160,80,112,232,120,95,344,249,120,296,176,88,240,152,120,1760,S36a
128,184,56,88,176,88,80,127,47,113,297,184,96,368,272,112,264,152,104,208,104,112,1736,S36a
120,168,48,104,184,80,103,176,73,120,224,104,88,344,256,119,240,121,88,200,112,120,1656,S36a
120,168,48,88,200,112,72,160,88,120,232,112,88,328,240,128,256,128,104,208,104,120,1672,S36a
120,176,56,88,192,104,80,168,88,112,224,112,80,400,320,120,232,112,80,216,136,112,1720,S36a
120,136,16,104,176,72,80,136,56,104,168,64,104,320,216,104,256,152,88,264,176,104,1560,S36a
128,152,24,104,184,80,88,160,72,112,216,104,88,288,200,112,360,248,104,248,144,128,1736,S36a
128,160,32,104,184,80,88,128,40,128,224,96,104,296,192,104,272,168,96,224,128,112,1600,S36a
128,160,32,96,176,80,104,160,56,112,312,200,80,416,336,120,200,80,88,240,152,104,1768,S36a
112,168,56,95,168,73,96,176,80,96,208,112,112,312,200,104,264,160,104,224,120,112,1632,S36a
112,176,64,88,192,104,96,160,64,120,216,96,96,297,201,111,239,128,96,216,120,120,1616,S36a
104,120,16,112,208,96,88,128,40,112,216,104,96,280,184,112,232,120,80,192,112,120,1496,S36a
111,167,56,96,176,80,96,160,64,120,216,96,104,273,169,111,288,177,87,191,104,104,1575,S36a
119,184,65,95,192,97,87,143,56,112,224,112,104,320,216,105,305,200,111,224,113,103,1695,S36a
104,161,57,79,184,105,79,144,65,119,232,113,87,304,217,111,247,136,96,225,129,95,1592,S36a
119,160,41,103,200,97,88,143,55,136,257,121,103,320,217,111,264,153,88,216,128,104,1664,S36a
103,184,81,103,256,153,79,184,105,103,312,209,79,256,177,128,352,224,104,216,112,112,1872,S36a
56,112,56,72,176,104,56,112,56,80,272,192,56,335,279,81,289,208,80,256,176,64,1616,S36a
80,128,48,96,184,88,72,144,72,72,408,336,80,472,392,88,216,128,88,296,208,96,1944,S36a
104,136,32,88,192,104,80,160,80,88,224,136,80,432,352,120,224,104,72,208,136,112,1688,S36a
128,184,56,88,168,80,88,168,80,96,208,112,80,343,263,97,489,392,80,208,128,120,1888,S36a
112,168,56,72,168,96,96,176,80,88,200,112,88,320,232,96,272,176,104,328,224,104,1736,S36a
104,184,80,104,192,88,88,160,72,104,208,104,80,312,232,136,256,120,104,216,112,112,1640,S36a
104,152,48,88,184,96,72,144,72,120,232,112,112,304,192,120,272,152,88,209,121,111,1608,S36a
120,153,33,103,207,104,88,144,56,128,256,128,104,296,192,128,312,184,112,232,120,128,1728,S36a
112,168,56,88,184,96,104,161,57,127,207,80,104,328,224,112,209,97,103,207,104,104,1568,S36a
111,168,57,95,200,105,95,176,81,103,240,137,87,320,233,111,272,161,111,192,81,127,1695,S36a
119,175,56,88,209,121,103,176,73,112,264,152,87,288,201,120,447,327,104,257,153,112,1928,S36a
103,136,33,95,184,89,104,176,72,111,200,89,103,360,257,111,240,129,104,240,136,111,1647,S36a
120,176,56,104,192,88,95,176,81,104,240,136,104,304,200,120,256,136,119,256,137,112,1712,S36a
104,144,40,96,192,96,87,151,64,105,240,135,80,312,232,120,272,152,96,425,329,111,1847,S36a
112,161,49,96,184,88,79,152,73,103,232,129,80,328,248,128,231,103,104,201,97,79,1568,S36a
112,128,16,112,200,88,88,144,56,104,208,104,104,304,200,112,248,136,105,257,152,88,1577,S36a
112,152,40,104,216,112,72,144,72,120,192,72,112,352,240,128,256,128,104,224,120,95,1631,S36a
104,136,32,88,192,104,72,152,80,112,216,104,96,344,248,112,216,104,104,280,176,104,1640,S36a
112,128,16,112,208,96,80,136,56,112,208,96,104,280,176,104,264,160,96,240,144,104,1568,S36a
134,174,40,120,176,56,112,152,40,128,288,160,152,320,168,128,240,112,104,232,128,104,1686,S36a
128,152,24,136,216,80,129,160,31,120,288,168,112,360,248,144,224,80,120,224,104,112,1736,S36a
120,160,40,112,193,81,88,143,55,145,208,63,112,320,208,127,209,82,103,239,136,128,1600,S36a
104,144,40,104,176,72,96,128,32,112,193,81,136,304,168,111,248,137,87,223,136,105,1521,S36a
128,151,23,104,185,81,103,151,48,104,208,104,80,289,209,128,239,111,96,209,113,112,1544,S36a
111,136,25,103,176,73,87,152,65,103,176,73,103,264,161,111,256,145,87,240,153,103,1503,S36a
112,169,57,79,168,89,88,144,56,104,192,88,87,336,249,104,183,79,96,208,112,113,1513,S36a
129,137,8,104,176,72,103,136,33,112,168,56,104,288,184,128,256,128,96,216,120,104,1481,S36a
104,152,48,88,168,80,88,136,48,112,184,72,112,296,184,104,232,128,88,192,104,80,1440,S36a
112,128,16,104,176,72,79,136,57,104,240,136,96,320,224,104,232,128,104,224,120,104,1560,S36a
128,144,16,88,184,96,80,184,104,88,152,64,88,328,240,104,288,184,88,200,112,104,1584,S36a
128,152,24,88,176,88,80,128,48,104,200,96,88,312,224,104,232,128,88,208,120,104,1512,S36a
112,112,0,88,176,88,80,136,56,104,176,72,88,320,232,104,280,176,72,192,120,112,1504,S36a
104,160,56,88,184,96,80,128,48,104,200,96,104,304,200,96,288,192,88,216,128,112,1592,S36a
120,160,40,88,176,88,80,128,48,112,216,104,88,288,200,104,264,160,80,208,128,112,1552,S36a
120,160,40,88,176,88,72,136,64,104,192,88,88,296,208,112,240,128,80,192,112,104,1496,S36a
120,224,104,96,184,88,88,192,104,104,888,784,65,272,207,112,272,160,80,256,176,112,2400,S36a
112,168,56,80,152,72,80,128,48,112,192,80,88,312,224,112,265,153,87,231,144,104,1552,S36a
104,152,48,80,176,96,80,136,56,104,208,104,80,720,640,104,256,152,96,224,128,104,1976,S36a
104,136,32,88,177,89,79,160,81,95,183,88,88,336,248,104,280,176,80,224,144,112,1608,S36a
103,160,57,87,167,80,80,136,56,104,232,128,104,312,208,112,272,160,104,257,153,135,1671,S36a
112,151,39,104,177,73,87,151,64,112,288,176,104,409,305,112,383,271,81,233,152,104,1896,S36a
120,176,56,87,184,97,88,120,32,104,192,88,103,304,201,127,256,129,112,216,104,103,1551,S36a
104,152,48,80,160,80,104,208,104,104,184,80,104,375,271,105,208,103,97,209,112,112,1608,S36a
112,144,32,79,176,97,96,168,72,112,224,112,80,296,216,103,232,129,88,280,192,112,1632,S36a
128,176,48,80,160,80,80,160,80,88,176,88,96,352,256,112,240,128,104,272,168,104,1640,S36a
128,184,56,104,168,64,88,136,48,120,248,128,128,280,152,120,256,136,88,184,96,128,1584,S36a
112,136,24,112,200,88,80,152,72,104,176,72,104,296,192,112,280,168,104,248,144,103,1591,S36a
128,152,24,104,176,72,80,128,48,136,240,104,88,336,248,120,248,128,104,256,152,96,1632,S36a
128,208,80,80,192,112,80,256,176,128,288,160,88,416,328,104,248,144,104,240,136,104,1952,S36a
104,160,56,88,160,72,80,168,88,104,208,104,96,336,240,104,216,112,88,240,152,96,1584,S36a
104,176,72,80,176,96,88,168,80,104,160,56,96,368,272,112,216,104,80,232,152,96,1592,S36a
128,152,24,112,192,80,96,152,56,96,200,104,104,375,271,121,226,105,87,223,136,112,1632,S36a
127,208,81,80,183,103,80,152,72,112,201,89,111,335,224,120,232,112,88,272,184,80,1663,S36a
112,153,41,95,183,88,80,136,56,88,241,153,87,286,199,105,249,144,80,233,153,103,1584,S36a
111,175,64,80,168,88,89,145,56,111,216,105,95,320,225,96,200,104,87,247,160,96,1567,S36a
128,160,32,104,185,81,87,152,65,95,232,137,87,296,209,112,288,176,112,224,112,111,1648,S36a
127,216,89,104,192,88,87,175,88,104,265,161,79,328,249,111,240,129,95,256,161,111,1783,S36a
119,176,57,80,160,80,95,152,57,96,224,128,96,312,216,96,256,160,80,232,152,104,1616,S36a
128,160,32,104,192,88,87,152,65,104,240,136,96,272,176,112,272,160,104,208,104,112,1608,S36a
128,192,64,80,160,80,88,136,48,112,240,128,64,360,296,136,232,96,96,224,128,104,1648,S36a
128,144,16,104,184,80,72,112,40,104,224,120,103,272,169,112,288,176,104,224,120,104,1552,S36a
120,176,56,88,176,88,80,136,56,104,224,120,88,248,160,112,288,176,96,208,112,120,1576,S36a
112,192,80,72,184,112,80,160,80,88,200,112,104,280,176,106,239,133,88,200,112,104,1559,S36a
104,184,80,80,184,104,80,128,48,104,232,128,88,296,208,120,272,152,88,224,136,88,1608,S36a
104,144,40,88,176,88,80,120,40,96,248,152,88,344,256,152,280,128,104,256,152,72,1640,S36a
105,265,160,80,208,128,88,200,112,104,240,136,88,312,224,96,320,224,96,296,200,88,1929,S36a
104,136,32,96,176,80,104,160,56,88,200,112,80,256,176,104,256,152,96,280,184,104,1568,S36a
128,248,120,112,216,104,112,168,56,112,840,728,96,232,136,112,288,176,96,272,176,112,2376,S36a
87,143,56,88,192,104,72,137,65,103,215,112,104,288,184,104,264,160,88,216,128,112,1567,S36a
120,168,48,104,201,97,79,136,57,103,183,80,96,297,201,103,208,105,87,263,176,88,1544,S36a
107,160,53,79,183,104,81,145,64,103,232,129,87,312,225,112,248,136,95,200,105,103,1583,S36a
112,169,57,79,176,97,63,128,65,103,200,97,87,280,193,112,256,144,88,216,128,88,1513,S36a
120,192,72,103,224,121,95,192,97,104,400,296,96,392,296,111,248,137,104,296,192,112,2056,S36a
112,144,32,104,184,80,88,192,104,96,168,72,80,328,248,120,224,104,88,240,152,104,1584,S36a
120,160,40,95,192,97,80,168,88,128,240,112,80,400,320,112,432,320,80,240,160,104,1936,S36a
105,153,48,112,192,80,88,144,56,96,192,96,96,272,176,96,224,128,88,560,472,112,1849,S36a
117,151,34,89,185,96,80,128,48,96,208,112,95,296,201,96,224,128,80,288,208,128,1608,S36a
120,168,48,96,200,104,88,160,72,122,191,69,104,305,201,96,240,144,104,256,152,104,1624,S36a
112,168,56,88,192,104,80,160,80,112,240,128,80,312,232,128,304,176,96,240,144,112,1728,S36a
120,176,56,80,168,88,80,168,88,104,184,80,104,320,216,104,256,152,96,224,128,96,1592,S36a
112,144,32,96,200,104,104,136,32,104,192,88,104,440,336,128,208,80,88,232,144,80,1632,S36a
112,144,32,104,192,88,80,128,48,112,192,80,104,280,176,112,744,632,96,736,640,104,2520,S36a
112,192,80,88,168,80,80,136,56,96,256,160,56,256,200,128,288,160,88,216,128,112,1624,S36a
128,184,56,88,168,80,104,200,96,128,272,144,88,376,288,112,248,136,104,248,144,96,1792,S36a
104,145,41,104,183,79,80,145,65,111,192,81,87,272,185,111,240,129,87,216,129,111,1504,S36a
127,175,48,88,185,97,79,152,73,119,224,105,95,616,521,136,288,152,87,400,313,80,2120,S36a
128,209,81,80,160,80,95,200,105,95,184,89,96,392,296,128,264,136,104,328,224,136,1873,S36a
103,136,33,120,248,128,63,136,73,103,184,81,96,352,256,128,352,224,80,263,183,105,1776,S36a
104,152,48,88,192,104,88,175,87,113,217,104,80,384,304,112,264,152,112,232,120,96,1712,S36a
120,160,40,88,192,104,80,152,72,96,232,136,56,528,472,120,192,72,88,351,263,105,1912,S36a
104,136,32,104,184,80,80,136,56,104,176,72,96,288,192,112,264,152,88,216,128,96,1496,S36a
127,160,33,88,176,88,80,136,56,112,216,104,96,288,192,104,280,176,104,224,120,112,1592,S36a
112,168,56,80,192,112,80,144,64,104,256,152,80,296,216,112,320,208,112,608,496,128,2112,S36a
112,152,40,104,200,96,72,152,80,112,240,128,80,424,344,96,176,80,104,1384,1280,104,2832,S36a
104,192,88,104,176,72,88,216,128,104,240,136,88,344,256,112,264,152,104,232,128,104,1768,S36a
112,168,56,104,184,80,80,136,56,120,184,64,96,296,200,128,240,112,104,224,120,128,1560,S36a
128,168,40,88,192,104,79,136,57,112,200,88,104,312,208,112,256,144,88,528,440,112,1904,S36a
112,128,16,96,185,89,87,144,57,111,191,80,104,320,216,112,240,128,104,249,145,104,1561,S36a
119,176,57,79,167,88,80,152,72,96,257,161,111,296,185,111,368,257,95,215,120,104,1735,S36a
121,161,40,103,184,81,87,127,40,120,233,113,95,320,225,103,288,185,103,223,120,112,1648,S36a
119,152,33,87,192,105,63,120,57,111,264,153,88,336,248,152,248,96,104,216,112,119,1647,S36a
128,144,16,103,192,89,80,128,48,112,208,96,79,303,224,121,249,128,88,248,160,119,1591,S36a
104,144,40,80,176,96,80,152,72,112,200,88,96,288,192,127,256,129,88,216,128,128,1560,S36a
128,192,64,80,184,104,95,176,81,112,224,112,104,336,232,111,264,153,96,200,104,112,1688,S36a
104,168,64,80,192,112,80,176,96,112,200,88,104,328,224,112,224,112,104,208,104,112,1608,S36a
112,560,448,80,216,136,64,240,176,64,592,528,104,544,440,160,304,144,96,408,312,136,3000,S32a
120,344,224,96,272,176,112,216,104,96,784,688,112,248,136,112,384,272,64,336,272,88,2672,S32a
111,296,185,96,240,144,56,176,120,88,536,448,120,240,120,112,400,288,63,280,217,95,2263,S32a
112,288,176,136,272,136,72,120,48,96,680,584,88,264,176,119,328,209,88,256,168,112,2320,S32a
120,240,120,104,240,136,64,128,64,112,624,512,120,336,216,144,288,144,96,248,152,103,2207,S32a
112,264,152,95,224,129,64,128,64,120,360,240,88,272,184,119,304,185,72,312,240,64,1928,S32a
96,216,120,104,576,472,96,168,72,112,392,280,96,280,184,120,304,184,55,216,161,79,2231,S32a
104,264,160,103,256,153,88,176,88,127,352,225,128,296,168,112,280,168,55,280,225,72,1976,S32a
96,200,104,95,272,177,96,248,152,112,656,544,-928,264,1192,103,576,473,56,600,544,96,2912,S32a
87,208,121,64,192,128,39,104,65,87,616,529,55,296,241,136,384,248,72,296,224,79,2175,S32a
80,247,167,104,241,137,55,184,129,103,424,321,80,296,216,120,288,168,72,232,160,72,1984,S32a
80,312,232,104,256,152,71,208,137,119,528,409,80,336,256,87,312,225,80,288,208,79,2319,S32a
80,256,176,95,256,161,64,408,344,103,456,353,111,304,193,112,695,583,104,305,201,103,2783,S32a
95,256,161,112,264,152,63,232,169,104,352,248,95,264,169,112,288,176,48,264,216,87,2007,S32a
112,208,96,103,264,161,80,184,104,120,552,432,96,264,168,119,344,225,47,247,200,80,2143,S32a
95,272,177,63,200,137,39,96,57,104,368,264,64,360,296,119,240,121,63,208,145,79,1823,S32a
79,240,161,112,248,136,47,120,73,103,552,449,127,232,105,119,312,193,88,256,168,112,2072,S32a
103,248,145,88,384,296,48,152,104,104,464,360,96,288,192,111,280,169,47,304,257,71,2191,S32a
95,264,169,87,224,137,71,168,97,127,440,313,71,319,248,128,257,129,63,264,201,104,2040,S32a
79,264,185,96,288,192,71,168,97,112,336,224,87,280,193,135,352,217,48,240,192,79,2007,S32a
87,232,145,103,232,129,79,168,89,112,352,240,79,304,225,127,264,137,87,328,241,88,1968,S32a
127,240,113,79,216,137,72,144,72,103,440,337,79,280,201,111,296,185,64,240,176,119,1975,S32a
96,240,144,79,215,136,72,128,56,88,281,193,119,503,384,152,417,265,79,223,144,72,2079,S32a
56,225,169,95,264,169,55,136,81,87,287,200,88,305,217,111,392,281,55,264,209,95,1968,S32a
111,488,377,87,232,145,71,192,121,103,1112,1009,111,1264,1153,112,456,344,63,504,441,88,4336,S32a
95,303,208,120,673,553,47,160,113,79,408,329,72,248,176,-856,296,1152,71,247,176,96,2431,S32a
112,288,176,96,248,152,65,193,128,87,320,233,87,360,273,119,296,177,63,280,217,103,2088,S32a
80,257,177,103,248,145,55,216,161,111,328,217,87,288,201,103,288,185,47,264,217,79,1968,S32a
88,520,432,104,241,137,80,224,144,111,264,153,87,288,201,119,264,145,48,239,191,88,2128,S32a
111,232,121,95,232,137,79,176,97,127,311,184,64,288,224,136,313,177,47,303,256,112,1967,S32a
112,233,121,71,215,144,64,185,121,127,616,489,87,288,201,119,256,137,103,247,144,88,2128,S32a
96,224,128,104,249,145,47,136,89,103,367,264,80,281,201,103,304,201,79,224,145,103,1888,S32a
88,216,128,80,201,121,55,175,120,88,377,289,95,336,241,127,240,113,79,263,184,80,1888,S32a
103,215,112,88,296,208,120,209,89,119,504,385,143,376,233,95,280,185,71,239,168,88,2207,S32a
63,239,176,104,241,137,87,192,105,103,408,305,111,303,192,112,257,145,71,272,201,87,1999,S32a
72,216,144,80,216,136,64,176,112,120,328,208,120,272,152,144,288,144,64,248,184,96,1840,S32a
96,249,153,55,199,144,48,224,176,88,336,248,96,312,216,160,233,73,55,248,193,71,1872,S32a
112,248,136,88,233,145,63,143,80,112,337,225,111,287,176,144,296,152,88,232,144,97,1873,S32a
104,264,160,96,257,161,79,216,137,111,336,225,95,304,209,151,303,152,88,384,296,96,2160,S32a
87,248,161,79,239,160,96,208,112,112,328,216,96,265,169,151,256,105,71,343,272,120,2007,S32a
103,231,128,104,256,152,80,192,112,120,337,217,103,311,208,128,424,296,88,248,160,120,2119,S32a
128,296,168,120,769,649,63,167,104,96,360,264,88,368,280,168,264,96,48,289,241,71,2584,S32a
104,264,160,96,320,224,64,128,64,104,264,160,112,328,216,128,688,560,48,200,152,96,2288,S32a
96,208,112,88,241,153,71,167,96,112,361,249,119,279,160,128,241,113,71,264,193,95,1856,S32a
96,232,136,88,872,784,64,144,80,96,337,241,79,311,232,104,304,200,88,328,240,96,2624,S32a
96,208,112,80,224,144,56,128,72,104,512,408,64,305,241,135,287,152,56,280,224,104,2048,S32a
120,233,113,95,271,176,80,192,112,144,448,304,72,280,208,152,544,392,64,256,192,88,2312,S32a
96,256,160,104,272,168,56,232,176,120,481,361,103,255,152,152,392,240,104,313,209,103,2304,S32a
96,216,120,96,288,192,56,160,104,128,472,344,80,296,216,128,297,169,63,231,168,128,2088,S32a
88,208,120,88,224,136,56,120,64,136,296,160,104,264,160,136,432,296,56,280,224,88,1912,S32a
112,256,144,96,232,136,64,128,64,144,352,208,96,272,176,144,272,128,104,248,144,160,1920,S32a
128,208,80,96,304,208,88,153,65,111,383,272,104,344,240,120,256,136,80,233,153,103,1984,S32a
104,216,112,104,2648,2544,64,128,64,96,496,400,72,392,320,136,312,176,88,304,216,104,4600,S32a
128,248,120,136,280,144,88,144,56,136,392,256,120,280,160,144,369,225,111,271,160,152,2136,S32a
128,264,136,104,224,120,88,160,72,144,352,208,96,312,216,136,472,336,80,440,360,96,2320,S32a
96,200,104,80,200,120,56,104,48,120,248,128,104,312,208,128,240,112,56,272,216,104,1680,S32a
88,193,105,103,223,120,72,120,48,104,728,624,88,304,216,120,256,136,128,312,184,88,2224,S32a
96,224,128,96,216,120,64,128,64,96,392,296,104,312,208,152,744,592,72,168,96,104,2288,S32a
112,200,88,72,192,120,72,176,104,112,264,152,200,280,80,136,392,256,72,232,160,80,1816,S32a
80,248,168,96,320,224,72,184,112,112,304,192,72,272,200,104,448,344,64,240,176,88,2104,S32a
96,192,96,88,280,192,64,128,64,104,288,184,104,312,208,112,288,176,80,257,177,95,1840,S32a
112,224,112,88,240,152,64,160,96,112,576,464,88,280,192,128,856,728,56,233,177,95,2664,S32a
96,232,136,88,256,168,56,144,88,104,328,224,88,336,248,120,256,136,64,248,184,96,1896,S32a
88,224,136,80,232,152,48,168,120,152,304,152,80,424,344,136,216,80,56,328,272,88,1984,S32a
96,328,232,80,184,104,56,368,312,88,392,304,56,288,232,152,480,328,64,280,216,88,2408,S32a
88,288,200,64,200,136,56,168,112,152,264,112,104,336,232,144,280,136,48,320,272,88,1944,S32a
80,264,184,104,312,208,48,176,128,120,336,216,80,288,208,120,352,232,72,288,216,104,2120,S32a
96,280,184,72,216,144,56,120,64,112,320,208,104,336,232,120,688,568,56,424,368,88,2472,S32a
88,288,200,112,472,360,72,304,232,152,368,216,88,400,312,128,504,376,72,264,192,88,2688,S32a
88,224,136,64,200,136,48,104,56,120,328,208,112,320,208,128,360,232,72,272,200,88,1896,S32a
96,224,128,88,224,136,48,168,120,144,672,528,80,416,336,112,-752,-864,1072,1256,184,104,2312,S32a
80,224,144,112,264,152,72,144,72,112,336,224,88,344,256,136,264,128,88,320,232,88,1984,S32a
88,248,160,80,216,136,56,128,72,128,464,336,72,320,248,128,272,144,88,248,160,104,2000,S32a
112,272,160,88,224,136,72,168,96,120,280,160,160,304,144,160,248,88,56,216,160,120,1832,S32a
96,264,168,72,208,136,64,160,96,136,520,384,72,320,248,144,272,128,48,240,192,120,2104,S32a
96,280,184,88,232,144,64,208,144,96,432,336,80,360,280,120,496,376,72,256,184,64,2328,S32a
80,216,136,104,224,120,56,280,224,112,688,576,96,360,264,-880,456,1336,72,248,176,80,2552,S32a
88,224,136,72,232,160,80,144,64,112,536,424,80,232,152,128,424,296,72,368,296,88,2248,S32a
64,248,184,80,192,112,72,152,80,96,304,208,128,272,144,136,216,80,96,408,312,104,1896,S32a
103,215,112,88,264,176,88,160,72,120,464,344,104,400,296,120,576,456,80,360,280,96,2535,S32a
96,256,160,104,224,120,56,144,88,88,376,288,104,264,160,128,360,232,64,376,312,80,2080,S32a
88,297,209,79,231,152,64,176,112,88,592,504,88,392,304,112,360,248,-944,232,1176,104,2384,S32a
80,248,168,80,208,128,56,136,80,120,336,216,96,288,192,128,312,184,64,280,216,88,1896,S32a
104,240,136,56,192,136,64,168,104,104,296,192,120,648,528,104,184,80,80,256,176,64,2048,S32a
96,336,240,72,288,216,48,168,120,104,320,216,96,312,216,128,528,400,80,448,368,104,2504,S32a
88,312,224,80,208,128,64,160,96,88,344,256,112,368,256,96,1120,1024,72,312,240,88,2912,S32a
112,256,144,112,272,160,88,264,176,112,456,344,72,296,224,144,272,128,56,256,200,96,2168,S32a
111,448,337,95,288,193,87,191,104,120,681,561,103,287,184,128,441,313,63,304,241,95,2735,S32a
111,248,137,103,312,209,79,256,177,111,424,313,87,304,217,111,296,185,71,279,208,88,2207,S32a
95,272,177,87,239,152,64,168,104,112,369,257,95,368,273,111,183,72,48,265,217,71,1935,S32a
71,296,225,55,200,145,55,152,97,87,471,384,88,360,272,104,241,137,47,232,185,95,2047,S32a
71,272,201,79,248,169,63,192,129,103,480,377,79,328,249,119,463,344,48,257,209,63,2303,S32a
71,207,136,88,240,152,48,168,120,104,417,313,71,304,233,103,312,209,71,312,241,63,2023,S32a
79,208,129,79,224,145,47,136,89,87,303,216,80,313,233,119,224,105,55,376,321,111,1895,S32a
79,231,152,104,241,137,55,152,97,95,496,401,71,247,176,112,321,209,47,256,209,95,2039,S32a
111,247,136,104,257,153,55,144,89,87,336,249,71,327,256,136,280,144,64,321,257,95,2007,S32a
79,223,144,72,216,144,56,160,104,144,408,264,88,457,369,103,223,120,88,280,192,96,2063,S32a
95,248,153,87,232,145,71,176,105,103,328,225,87,256,169,127,312,185,79,352,273,95,1999,S32a
80,217,137,103,256,153,55,152,97,111,480,369,87,296,209,111,392,281,79,383,304,88,2264,S32a
87,264,177,71,224,153,55,152,97,111,463,352,112,329,217,111,240,129,79,279,200,80,2031,S32a
88,208,120,80,233,153,55,136,81,103,448,345,71,248,177,119,311,192,128,305,177,95,1984,S32a
111,191,80,72,225,153,47,151,104,96,313,217,79,359,280,152,289,137,71,328,257,71,1927,S32a
127,239,112,88,224,136,64,161,97,103,360,257,143,336,193,143,224,81,71,280,209,119,1943,S32a
119,231,112,72,217,145,55,144,89,119,328,209,87,287,200,104,232,128,80,296,216,96,1831,S32a
96,233,137,87,239,152,80,200,120,120,376,256,112,288,176,120,249,129,79,336,257,119,2040,S32a
71,263,192,128,1128,1000,88,216,128,64,993,929,119,311,192,120,272,152,64,264,200,64,3511,S32a
80,232,152,80,233,153,71,184,113,127,431,304,72,320,248,120,329,209,55,255,200,96,2080,S32a
112,257,145,79,247,168,72,249,177,119,455,336,80,449,369,103,248,145,55,711,656,112,2728,S32a
88,184,96,56,217,161,47,144,97,95,359,264,96,297,201,87,224,137,39,368,329,63,1856,S32a
88,233,145,87,256,169,63,216,153,111,239,128,104,297,193,111,263,152,72,353,281,79,1936,S32a
79,256,177,87,271,184,56,192,136,88,312,224,72,257,185,127,224,97,63,488,425,111,2111,S32a
95,263,168,96,312,216,64,248,184,104,288,184,88,320,232,104,272,168,64,265,201,103,2071,S32a
72,272,200,120,257,137,87,351,264,104,400,296,128,264,136,112,264,152,72,249,177,87,2144,S32a
64,272,208,96,264,168,56,224,168,104,312,208,96,296,200,120,256,136,56,224,168,112,1960,S32a
112,248,136,64,216,152,56,160,104,96,328,232,128,297,169,135,224,89,95,231,136,104,1808,S32a
88,257,169,87,239,152,56,176,120,120,296,176,96,3808,3712,80,240,160,72,256,184,72,5344,S32a
88,208,120,88,248,160,80,216,136,104,368,264,96,216,120,128,368,240,64,192,128,96,1912,S32a
96,224,128,88,256,168,72,248,176,88,312,224,136,272,136,104,233,129,55,223,168,88,1856,S32a
80,264,184,96,240,144,64,176,112,88,272,184,96,344,248,104,320,216,72,280,208,112,2008,S32a
88,176,88,64,200,136,64,176,112,128,280,152,80,256,176,136,312,176,56,400,344,96,1896,S32a
88,240,152,80,216,136,64,208,144,120,360,240,80,296,216,144,400,256,64,336,272,104,2160,S32a
72,208,136,64,200,136,48,128,80,96,320,224,152,464,312,112,240,128,-944,400,1344,88,2048,S32a
72,232,160,80,240,160,72,200,128,88,312,224,104,256,152,120,312,192,80,296,216,112,1960,S32a
88,256,168,80,224,144,80,192,112,120,360,240,96,360,264,192,320,128,88,320,232,104,2136,S32a
112,216,104,88,248,160,56,160,104,112,360,248,104,264,160,128,320,192,56,248,192,88,1904,S32a
112,256,144,88,248,160,56,208,152,112,368,256,112,304,192,152,256,104,80,256,176,120,2016,S32a
104,272,168,144,336,192,80,256,176,104,408,304,64,200,136,168,296,128,64,224,160,112,2104,S32a
136,432,296,128,624,496,96,176,80,120,616,496,136,360,224,112,224,112,64,576,512,120,3128,S32a
104,264,160,112,264,152,88,184,96,136,448,312,120,256,136,144,264,120,80,232,152,88,2000,S32a
112,296,184,80,208,128,80,192,112,128,576,448,104,264,160,128,416,288,56,296,240,88,2336,S32a
88,264,176,96,240,144,72,152,80,96,440,344,104,248,144,192,320,128,72,248,176,96,2008,S32a
104,216,112,88,232,144,72,176,104,104,312,208,112,264,152,128,272,144,72,280,208,96,1848,S32a
96,320,224,104,552,448,80,344,264,120,400,280,104,280,176,144,296,152,64,280,216,104,2576,S32a
96,264,168,88,256,168,64,208,144,112,424,312,112,496,384,136,416,280,96,296,200,128,2488,S32a
112,256,144,104,320,216,96,232,136,112,448,336,104,320,216,152,296,144,88,264,176,128,2264,S32a
96,272,176,104,256,152,80,200,120,120,320,200,88,296,208,128,392,264,72,328,256,104,2168,S32a
88,240,152,104,272,168,72,192,120,152,344,192,104,312,208,144,248,104,88,288,200,104,2000,S32a
112,328,216,208,688,480,120,224,104,144,304,160,120,264,144,136,288,152,80,288,208,96,2480,S32a
88,232,144,104,264,160,80,216,136,96,248,152,112,776,664,120,400,280,96,312,216,120,2568,S32a
80,272,192,120,304,184,88,232,144,96,408,312,104,312,208,128,688,560,72,296,224,72,2584,S32a
104,272,168,104,248,144,80,216,136,112,280,168,128,360,232,120,368,248,64,496,432,80,2320,S32a
80,320,240,96,264,168,64,264,200,96,352,256,88,240,152,152,376,224,104,280,176,104,2200,S32a
80,248,168,120,248,128,88,328,240,104,360,256,104,320,216,136,392,256,128,440,312,104,2440,S32a
128,440,312,96,296,200,136,400,264,112,304,192,136,392,256,160,472,312,104,512,408,112,2928,S32a
112,336,224,120,400,280,72,232,160,136,432,296,128,328,200,120,296,176,80,304,224,88,2416,S32a
104,272,168,88,224,136,96,216,120,88,264,176,120,344,224,144,424,280,80,256,176,104,2104,S32a
88,288,200,96,248,152,80,192,112,112,288,176,88,432,344,136,280,144,112,-680,-792,1104,2152,S32a
96,272,176,104,264,160,96,264,168,104,400,296,72,248,176,152,336,184,72,280,208,120,2184,S32a
104,296,192,128,280,152,80,160,80,136,440,304,104,296,192,160,480,320,112,232,120,136,2320,S32a
104,224,120,96,224,128,80,152,72,136,248,112,144,328,184,160,232,72,120,344,224,144,1896,S32a
144,248,104,120,240,120,96,176,80,136,376,240,128,320,192,168,256,88,104,344,240,168,2128,S32a
144,416,272,128,288,160,96,208,112,144,400,256,144,280,136,232,312,80,112,304,192,112,2320,S32a
112,264,152,112,248,136,120,264,144,104,360,256,144,272,128,160,376,216,72,-688,-760,1112,2208,S32a
96,248,152,112,304,192,104,200,96,112,344,232,152,312,160,144,280,136,96,272,176,96,2056,S32a
120,296,176,144,312,168,104,200,96,120,352,232,120,256,136,160,240,80,96,312,216,128,2096,S32a
136,344,208,128,280,152,80,208,128,120,536,416,104,640,536,168,3464,3296,184,328,144,128,5928,S32a
96,248,152,120,264,144,96,168,72,128,288,160,128,384,256,144,600,456,112,256,144,120,2328,S32a
120,232,112,120,248,128,104,176,72,128,320,192,160,280,120,144,360,216,144,496,352,168,2280,S32a
96,200,104,104,240,136,96,152,56,128,328,200,136,360,224,144,408,264,88,824,736,136,2648,S32a
112,272,160,168,312,144,112,200,88,136,392,256,152,408,256,144,328,184,136,392,256,104,2408,S32a
120,232,112,136,272,136,88,168,80,136,336,200,120,-664,-784,1168,1280,112,128,304,176,128,2056,S32a
168,328,160,128,272,144,136,280,144,120,328,208,152,280,128,168,280,112,136,312,176,136,2216,S32a
144,272,128,128,280,152,88,240,152,160,488,328,136,320,184,184,320,136,112,288,176,136,2344,S32a
136,280,144,112,256,144,96,208,112,128,376,248,160,344,184,176,376,200,136,280,144,144,2264,S32a
112,264,152,120,256,136,104,192,88,144,392,248,120,232,112,160,488,328,80,408,328,152,2384,S32a
144,200,56,120,264,144,88,192,104,136,400,264,152,320,168,168,296,128,144,296,152,136,2104,S32a
120,304,184,96,232,136,80,216,136,144,328,184,128,280,152,168,296,128,112,440,328,224,2320,S32a
136,216,80,120,256,136,88,160,72,152,688,536,104,528,424,120,456,336,104,288,184,104,2696,S32a
120,224,104,112,232,120,96,184,88,128,512,384,136,312,176,144,376,232,96,376,280,128,2344,S32a
112,168,56,112,232,120,80,152,72,136,472,336,128,304,176,152,432,280,104,264,160,112,2136,S32a
112,240,128,104,232,128,80,144,64,144,464,320,120,320,200,160,280,120,80,280,200,104,2064,S32a
136,288,152,136,280,144,80,200,120,136,424,288,136,288,152,176,304,128,96,256,160,120,2160,S32a
112,288,176,72,216,144,56,136,80,128,352,224,112,368,256,152,264,112,104,312,208,168,2104,S32a
136,304,168,120,240,120,96,208,112,152,352,200,120,360,240,160,288,128,128,320,192,120,2192,S32a
112,248,136,96,256,160,104,224,120,160,336,176,136,392,256,168,224,56,120,448,328,160,2288,S32a
136,368,232,128,288,160,104,200,96,120,424,304,104,296,192,120,280,160,88,256,168,144,2256,S32a
136,248,112,128,288,160,104,224,120,136,320,184,152,392,240,168,296,128,136,-712,-848,1120,2176,S32a
152,288,136,104,216,112,104,192,88,144,360,216,152,360,208,184,280,96,104,312,208,120,2128,S32a
112,264,152,112,248,136,80,160,80,144,384,240,144,368,224,184,320,136,136,296,160,120,2160,S32a
105,345,240,144,305,161,87,120,33,111,472,361,127,272,145,135,336,201,111,280,169,87,2217,S32a
167,312,145,175,408,233,119,216,97,135,344,209,135,376,241,279,920,641,95,216,121,127,2919,S32a
119,215,96,96,248,152,104,185,81,135,312,177,135,232,97,175,288,113,95,264,169,135,1879,S32a
151,240,89,103,232,129,79,128,49,135,344,209,119,336,217,159,312,153,95,256,161,143,1991,S32a
143,224,81,111,264,153,87,128,41,151,408,257,143,288,145,151,304,153,71,239,168,104,1959,S32a
104,233,129,95,232,137,71,168,97,135,424,289,95,344,249,143,240,97,103,271,168,112,2024,S32a
135,240,105,103,247,144,88,153,65,135,376,241,111,336,225,127,240,113,79,232,153,127,1951,S32a
119,256,137,95,232,137,95,152,57,135,384,249,111,264,153,135,384,249,71,336,265,119,2127,S32a
127,256,129,79,224,145,63,152,89,127,328,201,127,279,152,168,353,185,79,256,177,135,1983,S32a
103,239,136,80,224,144,64,201,137,127,352,225,119,272,153,167,335,168,64,256,192,112,1991,S32a
128,304,176,80,241,161,55,160,105,111,359,248,120,288,168,144,304,160,104,392,288,120,2168,S32a
119,256,137,111,272,161,95,256,161,135,320,185,143,344,201,143,263,120,120,320,200,96,2127,S32a
119,408,289,103,248,145,111,376,265,95,264,169,135,360,225,119,240,121,95,271,176,88,2255,S32a
96,200,104,88,240,152,64,128,64,96,921,825,95,319,224,136,320,184,80,288,208,104,2520,S32a
104,320,216,104,241,137,79,240,161,159,439,280,136,369,233,167,255,88,128,344,216,120,2328,S32a
128,248,120,120,296,176,88,177,89,127,328,201,151,328,177,135,328,193,95,287,192,96,2088,S32a
103,296,193,111,255,144,112,192,80,112,345,233,119,319,200,144,305,161,87,256,169,119,2087,S32a
120,281,161,119,248,129,111,208,97,127,327,200,104,353,249,151,280,129,119,223,104,120,2040,S32a
112,264,152,104,240,136,104,168,64,112,328,216,128,281,153,143,215,72,96,377,281,103,1976,S32a
104,241,137,79,223,144,80,193,113,119,351,232,144,304,160,128,576,448,128,233,105,103,2224,S32a
159,256,97,95,232,137,87,152,65,135,327,192,144,281,137,151,432,281,95,416,321,111,2207,S32a
87,288,201,111,304,193,79,408,329,127,367,240,136,345,209,143,344,201,103,279,176,136,2471,S32a
104,257,153,103,271,168,88,264,176,120,489,369,127,423,296,136,552,416,112,305,193,135,2696,S32a
120,297,177,95,264,169,87,200,113,111,352,241,119,271,152,152,265,113,79,263,184,144,2056,S32a
127,240,113,119,256,137,95,167,72,128,281,153,135,327,192,160,249,89,95,264,169,175,1959,S32a
128,288,160,120,289,169,111,200,89,103,287,184,136,329,193,151,271,120,104,240,136,112,2016,S32a
104,312,208,120,280,160,120,200,80,112,288,176,184,320,136,144,264,120,152,280,128,128,2072,S32a
96,264,168,120,256,136,80,184,104,104,336,232,120,360,240,152,216,64,112,296,184,120,2032,S32a
104,464,360,88,216,128,88,160,72,136,240,104,152,288,136,144,232,88,136,232,96,96,1928,S32a
112,200,88,96,240,144,104,192,88,144,264,120,120,352,232,128,184,56,96,288,192,104,1824,S32a
120,248,128,120,280,160,80,184,104,136,296,160,144,296,152,136,272,136,120,256,136,112,1944,S32a
112,256,144,112,264,152,112,216,104,112,288,176,136,360,224,152,264,112,152,280,128,128,2056,S32a
120,280,160,96,256,160,120,200,80,128,272,144,168,304,136,160,264,104,128,264,136,112,1952,S32a
128,272,144,96,240,144,96,232,136,128,480,352,112,344,232,136,264,128,112,288,176,128,2248,S32a
144,304,160,120,264,144,96,200,104,112,344,232,104,320,216,168,520,352,80,512,432,120,2584,S32a
112,256,144,120,264,144,80,200,120,120,312,192,128,320,192,168,312,144,96,264,168,112,2040,S32a
136,288,152,120,264,144,88,200,112,136,304,168,128,288,160,144,328,184,96,400,304,104,2176,S32a
128,264,136,104,280,176,104,200,96,120,424,304,112,328,216,144,264,120,96,248,152,128,2136,S32a
120,376,256,112,304,192,104,216,112,152,400,248,96,328,232,152,288,136,120,256,136,136,2304,S32a
112,312,200,96,280,184,88,184,96,120,336,216,136,320,184,152,256,104,152,264,112,144,2096,S32a
96,280,184,104,264,160,96,240,144,136,312,176,144,312,168,144,560,416,96,304,208,128,2400,S32a
120,256,136,112,272,160,96,280,184,128,368,240,152,288,136,160,256,96,136,264,128,128,2112,S32a
120,264,144,112,248,136,96,160,64,120,416,296,136,240,104,176,344,168,104,264,160,112,2048,S32a
120,240,120,104,264,160,96,176,80,136,288,152,136,344,208,176,256,80,112,576,464,120,2264,S32a
120,248,128,104,248,144,96,208,112,128,272,144,128,296,168,144,272,128,128,240,112,144,1928,S32a
136,264,128,128,272,144,128,240,112,120,288,168,144,400,256,144,360,216,112,264,152,120,2208,S32a
104,256,152,104,240,136,80,208,128,120,408,288,120,256,136,152,320,168,112,208,96,152,2048,S32a
128,272,144,96,248,152,104,224,120,112,296,184,128,296,168,184,280,96,112,272,160,144,2032,S32a
128,232,104,104,248,144,88,232,144,128,296,168,120,264,144,160,232,72,104,272,168,120,1896,S32a
112,208,96,104,232,128,88,192,104,104,344,240,112,232,120,144,464,320,88,432,344,112,2216,S32a
104,232,128,88,240,152,80,152,72,128,304,176,144,360,216,144,312,168,104,288,184,128,2016,S32a
144,248,104,96,248,152,80,168,88,144,320,176,144,280,136,144,272,128,104,224,120,128,1888,S32a
128,240,112,104,240,136,96,224,128,136,336,200,128,296,168,152,256,104,80,280,200,128,2000,S32a
104,256,152,96,264,168,80,208,128,128,384,256,144,256,112,176,296,120,96,272,176,168,2104,S32a
120,264,144,104,240,136,96,264,168,136,361,225,135,263,128,160,328,168,104,224,120,128,2072,S32a
128,224,96,112,256,144,88,176,88,128,344,216,120,240,120,152,288,136,88,312,224,112,1952,S32a
112,232,120,96,248,152,72,160,88,96,296,200,104,304,200,144,256,112,112,264,152,128,1888,S32a
96,280,184,112,248,136,104,208,104,104,312,208,136,296,160,144,272,128,136,368,232,152,2136,S32a
136,280,144,104,272,168,112,240,128,112,392,280,128,248,120,152,360,208,128,312,184,128,2232,S32a
96,232,136,112,392,280,104,208,104,144,344,200,136,272,136,200,392,192,112,352,240,120,2312,S32a
104,264,160,112,272,160,96,232,136,104,312,208,136,264,128,144,296,152,112,272,160,128,2040,S32a
112,272,160,96,248,152,96,264,168,104,400,296,120,352,232,168,360,192,104,408,304,112,2416,S32a
112,264,152,104,272,168,64,184,120,104,352,248,136,312,176,144,288,144,104,368,264,128,2168,S32a
120,296,176,104,256,152,80,192,112,120,336,216,144,296,152,200,296,96,120,280,160,128,2080,S32a
104,288,184,104,272,168,104,176,72,144,320,176,144,280,136,192,536,344,112,328,216,128,2328,S32a
112,224,112,120,248,128,80,168,88,128,328,200,144,296,152,168,264,96,128,312,184,128,1968,S32a
112,368,256,96,264,168,72,152,80,96,384,288,136,336,200,120,1792,1672,144,1048,904,128,4472,S32a
152,256,104,112,248,136,88,128,40,136,312,176,152,320,168,152,248,96,104,264,160,144,1920,S32a
112,480,368,160,392,232,88,160,72,104,344,240,144,312,168,128,592,464,96,304,208,104,2688,S32a
104,248,144,112,240,128,88,160,72,128,288,160,136,296,160,208,280,72,112,376,264,136,2024,S32a
104,232,128,88,248,160,80,168,88,136,312,176,120,304,184,152,384,232,88,256,168,128,2032,S32a
128,256,128,96,248,152,120,216,96,120,272,152,136,280,144,160,312,152,120,272,152,128,1984,S32a
120,248,128,112,280,168,104,232,128,120,280,160,152,368,216,136,216,80,144,360,216,112,2096,S32a
120,248,128,104,280,176,96,192,96,120,368,248,136,320,184,152,256,104,144,272,128,136,2072,S32a
120,256,136,128,248,120,96,184,88,120,328,208,160,456,296,192,568,376,120,432,312,136,2608,S32a
112,208,96,136,288,152,80,216,136,160,960,800,120,1496,1376,168,360,192,160,272,112,136,3936,S32a
112,256,144,120,288,168,104,216,112,96,416,320,128,232,104,144,400,256,96,264,168,112,2184,S32a
136,288,152,112,280,168,96,232,136,120,448,328,136,320,184,168,464,296,80,240,160,136,2408,S32a
112,256,144,120,288,168,96,296,200,152,1112,960,96,256,160,144,296,152,96,264,168,120,2888,S32a
112,224,112,104,256,152,72,168,96,120,488,368,128,496,368,136,840,704,88,304,216,104,2880,S32a
88,256,168,112,288,176,64,192,128,104,408,304,128,424,296,136,304,168,112,296,184,128,2296,S32a
104,280,176,120,328,208,104,208,104,112,488,376,104,304,200,112,392,280,96,304,208,136,2440,S32a
88,240,152,112,280,168,64,240,176,128,416,288,128,304,176,168,296,128,104,248,144,128,2152,S32a
104,280,176,104,272,168,72,184,112,128,368,240,144,304,160,160,288,128,112,272,160,128,2096,S32a
104,304,200,104,280,176,112,208,96,160,360,200,144,280,136,176,288,112,104,288,184,184,2192,S32a
128,288,160,120,272,152,96,208,112,136,328,192,152,312,160,152,296,144,120,272,152,136,2112,S32a
120,264,144,104,264,160,64,176,112,112,384,272,136,272,136,144,288,144,104,256,152,144,2048,S32a
136,288,152,112,288,176,104,248,144,136,416,280,136,480,344,152,432,280,88,272,184,120,2544,S32a
136,216,80,112,272,160,80,176,96,120,352,232,144,264,120,176,304,128,96,264,168,112,1960,S32a
104,216,112,104,264,160,88,176,88,128,376,248,96,304,208,136,320,184,128,320,192,120,2096,S32a
144,408,264,136,560,424,144,288,144,144,368,224,160,344,184,160,256,96,120,256,136,128,2608,S32a
96,256,160,112,272,160,88,168,80,136,344,208,136,272,136,160,408,248,72,248,176,136,2104,S32a
120,264,144,96,256,160,72,136,64,144,384,240,144,304,160,168,448,280,88,312,224,144,2248,S32a
128,240,112,128,256,128,96,168,72,112,264,152,128,320,192,144,336,192,96,232,136,136,1952,S32a
104,216,112,120,272,152,80,160,80,120,280,160,136,304,168,176,264,88,128,280,152,128,1904,S32a
137,314,177,103,248,145,79,160,81,119,984,865,167,336,169,143,272,129,95,280,185,112,2706,S32a
119,248,129,87,224,137,71,144,73,119,391,272,153,353,200,135,392,257,104,248,144,128,2128,S32a
127,232,105,111,264,153,71,144,73,119,464,345,127,272,145,151,296,145,79,296,217,119,2087,S32a
119,296,177,103,264,161,80,176,96,144,368,224,136,344,208,136,232,96,104,256,152,119,2055,S32a
136,272,136,112,256,144,72,160,88,120,336,216,135,320,185,159,272,113,104,296,192,111,2023,S32a
111,264,153,104,248,144,88,160,72,120,320,200,135,336,201,143,368,225,120,240,120,128,2064,S32a
104,272,168,104,296,192,95,176,81,151,376,225,160,264,104,159,384,225,104,216,112,136,2120,S32a
143,264,121,120,280,160,112,200,88,143,464,321,128,272,144,152,384,232,104,247,143,96,2207,S32a
127,264,137,112,256,144,88,168,80,144,360,216,136,296,160,136,320,184,95,232,137,119,2015,S32a
128,280,152,96,240,144,79,120,41,119,400,281,128,360,232,120,272,152,136,432,296,135,2239,S32a
111,288,177,104,288,184,120,256,136,128,440,312,144,248,104,144,336,192,104,320,216,119,2295,S32a
111,344,233,119,271,152,113,201,88,112,400,288,127,295,168,144,281,137,111,287,176,144,2223,S32a
103,280,177,111,255,144,104,201,97,143,367,224,112,337,225,128,280,152,128,288,160,88,2096,S32a
96,248,152,95,264,169,63,192,129,103,280,177,111,360,249,119,248,129,95,239,144,112,1943,S32a
103,288,185,103,264,161,63,176,113,111,352,241,104,344,240,152,296,144,111,288,177,103,2111,S32a
103,328,225,96,240,144,72,216,144,95,296,201,151,328,177,184,296,112,111,295,184,120,2119,S32a
95,288,193,111,272,161,88,248,160,127,360,233,136,303,167,144,257,113,144,272,128,136,2136,S32a
71,288,217,103,264,161,88,248,160,88,360,272,152,408,256,208,504,296,167,352,185,119,2543,S32a
120,368,248,104,240,136,103,216,113,95,368,273,127,344,217,151,336,185,120,319,199,120,2311,S32a
95,335,240,128,305,177,103,240,137,111,328,217,151,352,201,135,296,161,135,271,136,120,2247,S32a
79,351,272,120,289,169,95,240,145,111,336,225,135,296,161,128,248,120,111,247,136,120,2127,S32a
95,287,192,120,281,161,79,192,113,127,520,393,119,312,193,119,288,169,111,295,184,120,2295,S32a
112,265,153,95,256,161,95,264,169,119,464,345,143,256,113,152,296,144,119,295,176,88,2184,S32a
127,247,120,136,305,169,111,264,153,119,376,257,143,360,217,119,280,161,103,280,177,119,2231,S32a
111,304,193,111,280,169,111,224,113,127,392,265,127,256,129,151,328,177,144,279,135,128,2191,S32a
143,304,161,103,280,177,95,168,73,127,304,177,135,280,145,167,383,216,112,233,121,111,2063,S32a
127,288,161,111,288,177,119,696,577,119,808,689,191,319,128,152,345,193,143,256,113,111,3111,S32a
95,256,161,103,248,145,135,216,81,127,304,177,175,272,97,135,271,136,152,233,81,111,1911,S32a
127,624,497,143,320,177,143,240,97,127,607,480,152,321,169,151,399,248,128,328,200,120,2959,S32a
111,304,193,143,312,169,119,184,65,119,360,241,159,280,121,135,280,145,191,312,121,111,2143,S32a
103,264,161,127,287,160,136,177,41,111,367,256,160,353,193,143,328,185,135,248,113,87,2111,S32a
111,287,176,136,304,168,128,281,153,95,240,145,183,296,113,135,295,160,152,273,121,103,2079,S32a
95,280,185,119,279,160,120,208,88,96,336,240,184,353,169,95,288,193,143,272,129,127,2143,S32a
96,257,161,135,296,161,135,232,97,95,432,337,127,360,233,143,480,337,119,367,248,104,2528,S32a
95,320,225,143,320,177,127,208,81,127,376,249,167,368,201,223,287,64,152,368,216,112,2359,S32a
96,304,208,144,369,225,151,231,80,96,312,216,152,360,208,128,680,552,120,472,352,96,2824,S32a
111,279,168,104,256,152,104,224,120,104,488,384,144,328,184,120,392,272,112,409,297,63,2439,S32a
111,631,520,120,1625,1505,119,232,113,87,320,233,151,408,257,103,287,184,136,336,200,112,3951,S32a
79,368,289,175,456,281,143,216,73,119,312,193,175,312,137,143,295,152,144,272,128,112,2343,S32a
103,503,400,120,320,200,128,224,96,144,393,249,167,320,153,119,639,520,120,376,256,104,2879,S32a
104,353,249,127,288,161,127,232,105,119,559,440,152,368,216,144,841,697,111,255,144,120,3016,S32a
120,320,200,136,304,168,128,225,97,111,432,321,127,336,209,111,312,201,159,559,400,160,2648,S32a
96,393,297,143,328,185,111,239,128,120,328,208,152,361,209,111,503,392,128,265,137,119,2536,S32a
112,289,177,127,279,152,120,209,89,119,391,272,136,272,136,152,280,128,144,272,128,112,2104,S32a
88,272,184,112,264,152,120,216,96,136,352,216,152,353,201,159,263,104,152,345,193,103,2168,S32a
136,288,152,160,320,160,136,232,96,120,304,184,160,256,96,152,280,128,152,248,96,128,2056,S32a
80,280,200,144,297,153,111,240,129,135,591,456,144,321,177,159,256,97,135,247,112,136,2368,S32a
96,384,288,112,273,161,135,239,104,120,369,249,143,376,233,135,319,184,136,304,168,120,2384,S32a
80,608,528,128,297,169,111,207,96,128,496,368,136,504,368,120,456,336,112,297,185,111,2976,S32a
88,280,192,136,296,160,128,200,72,120,1656,1536,144,320,176,112,288,176,136,264,128,104,3408,S32a
112,353,241,119,279,160,120,241,121,119,319,200,152,329,177,135,303,168,152,256,104,112,2192,S32a
120,328,208,104,272,168,120,216,96,128,384,256,144,280,136,136,288,152,120,208,88,112,2088,S32a
120,312,192,120,288,168,120,232,112,152,424,272,160,344,184,120,272,152,144,320,176,120,2312,S32a
104,272,168,112,272,160,104,200,96,144,384,240,144,432,288,121,336,215,112,240,128,128,2264,S32a
112,264,152,128,288,160,120,272,152,144,376,232,160,336,176,200,376,176,128,360,232,136,2408,S32a
136,288,152,104,272,168,104,224,120,112,344,232,136,336,200,152,704,552,152,640,488,96,2904,S32a
104,224,120,136,288,152,104,208,104,128,376,248,144,296,152,152,272,120,136,272,136,128,2064,S32a
112,256,144,128,296,168,112,192,80,144,384,240,136,296,160,152,288,136,144,248,104,120,2080,S32a
136,424,288,144,704,560,128,248,120,104,432,328,144,376,232,144,312,168,144,280,136,120,2896,S32a
112,312,200,144,320,176,120,208,88,144,392,248,120,320,200,184,352,168,136,560,424,120,2584,S32a
112,336,224,128,312,184,80,200,120,120,344,224,136,296,160,152,360,208,144,272,128,96,2216,S32a
96,312,216,136,328,192,104,208,104,104,304,200,152,296,144,152,296,144,144,288,144,112,2144,S32a
96,296,200,128,304,176,96,232,136,144,312,168,144,296,152,144,264,120,160,264,104,128,2096,S32a
128,352,224,112,272,160,96,288,192,120,320,200,136,264,128,128,1192,1064,120,200,80,88,2976,S32a
88,352,264,136,1816,1680,96,296,200,128,376,248,128,264,136,128,320,192,144,248,104,120,3792,S32a
136,328,192,104,264,160,96,200,104,120,472,352,152,288,136,152,360,208,136,216,80,128,2256,S32a
128,296,168,128,280,152,88,264,176,112,304,192,168,288,120,136,488,352,96,696,600,128,2744,S32a
104,344,240,128,288,160,88,232,144,128,337,209,127,279,152,152,312,160,120,264,144,128,2184,S32a
136,320,184,144,320,176,96,200,104,120,504,384,96,320,224,144,376,232,120,288,168,120,2448,S32a
136,272,136,144,304,160,112,232,120,112,328,216,144,384,240,152,328,176,120,296,176,152,2296,S32a
128,280,152,104,240,136,104,176,72,136,472,336,120,392,272,136,400,264,120,264,144,120,2344,S32a
104,264,160,112,248,136,80,120,40,112,384,272,120,312,192,144,248,104,120,376,256,120,2072,S32a
96,256,160,128,280,152,88,160,72,120,368,248,144,280,136,160,376,216,96,224,128,96,2040,S32a
120,312,192,112,240,128,80,176,96,120,672,552,144,312,168,112,288,176,112,224,112,96,2320,S32a
112,312,200,136,272,136,120,176,56,120,384,264,144,248,104,136,320,184,120,264,144,128,2104,S32a
136,344,208,120,256,136,96,200,104,104,288,184,128,400,272,136,240,104,128,328,200,104,2160,S32a
88,280,192,112,536,424,96,200,104,96,400,304,144,432,288,152,360,208,112,240,128,112,2560,S32a
120,328,208,112,288,176,120,264,144,120,368,248,128,296,168,144,328,184,128,240,112,152,2264,S32a
128,272,144,152,312,160,128,224,96,112,656,544,136,200,64,144,384,240,96,264,168,112,2424,S32a
104,360,256,88,272,184,104,232,128,112,344,232,112,288,176,128,664,536,104,808,704,104,3072,S32a
96,248,152,120,288,168,96,208,112,128,440,312,152,320,168,136,312,176,144,344,200,120,2280,S32a
104,416,312,136,344,208,120,248,128,120,352,232,112,248,136,136,440,304,120,360,240,112,2520,S32a
104,288,184,128,304,176,104,208,104,120,424,304,120,248,128,136,360,224,136,272,136,96,2200,S32a
104,288,184,120,296,176,104,208,104,104,368,264,144,272,128,136,264,128,128,272,144,96,2064,S32a
120,256,136,144,288,144,96,152,56,120,352,232,144,280,136,144,344,200,112,320,208,88,2080,S32a
112,256,144,112,248,136,104,176,72,120,312,192,128,368,240,128,304,176,136,256,120,128,2048,S32a
96,376,280,120,280,160,104,248,144,120,408,288,120,376,256,120,344,224,128,288,160,112,2432,S32a
120,352,232,104,248,144,72,208,136,120,480,360,144,296,152,152,392,240,128,240,112,120,2336,S32a
112,272,160,120,256,136,80,184,104,144,480,336,136,384,248,152,400,248,120,272,152,128,2376,S32a
112,656,544,96,240,144,64,160,96,104,360,256,120,448,328,120,464,344,96,272,176,128,2728,S32a
120,312,192,144,312,168,120,264,144,104,440,336,280,760,480,128,712,584,88,288,200,104,3192,S32a
96,320,224,120,280,160,88,224,136,104,456,352,80,416,336,96,328,232,120,256,136,112,2392,S32a
80,320,240,128,392,264,136,304,168,128,520,392,112,376,264,144,376,232,104,400,296,96,2784,S32a
96,264,168,112,248,136,80,184,104,120,392,272,128,304,176,152,328,176,112,296,184,152,2168,S32a
120,296,176,104,248,144,80,192,112,136,400,264,136,432,296,232,1032,800,128,376,248,136,3112,S32a
144,408,264,184,336,152,112,232,120,176,480,304,144,328,184,168,304,136,128,312,184,128,2528,S32a
74,304,230,98,264,166,113,399,286,154,529,375,162,464,302,185,448,263,153,400,247,162,2970,S33a
97,191,94,90,232,142,123,281,158,105,672,567,144,392,248,193,344,151,145,320,175,122,2554,S33a
130,1696,1566,169,936,767,123,416,293,153,496,343,169,473,304,160,831,671,161,632,471,186,5666,S33a
105,248,143,89,240,151,130,288,158,177,1296,1119,146,616,470,169,336,167,138,823,685,194,4041,S33a
121,296,175,130,272,142,138,239,101,121,1177,1056,153,560,407,145,384,239,129,328,199,137,3393,S33a
121,240,119,89,256,167,121,328,207,121,320,199,169,320,151,185,320,135,145,368,223,201,2353,S33a
138,208,70,89,240,151,106,246,140,163,1344,1181,179,450,271,202,336,134,145,280,135,129,3233,S33a
114,200,86,114,256,142,137,240,103,137,1064,927,154,360,206,184,280,96,137,286,149,139,2825,S33a
113,216,103,105,264,159,128,208,80,145,312,167,169,288,119,145,344,199,153,463,310,146,2241,S33a
73,169,96,89,240,151,99,256,157,114,264,150,153,300,147,157,340,183,114,240,126,121,1930,S33a
106,184,78,106,240,134,113,223,110,122,282,160,161,399,238,145,400,255,137,392,255,169,2289,S33a
105,208,103,90,247,157,115,249,134,121,248,127,145,336,191,153,288,135,137,248,111,129,1953,S33a
105,168,63,105,248,143,113,184,71,129,360,231,161,344,183,152,328,176,122,256,134,89,1977,S33a
98,223,125,90,256,166,107,241,134,120,288,168,145,400,255,145,328,183,120,279,159,146,2161,S33a
104,199,95,98,247,149,114,241,127,121,288,167,146,376,230,145,336,191,121,272,151,129,2088,S33a
129,248,119,98,240,142,90,255,165,122,217,95,154,328,174,137,344,207,121,248,127,128,2008,S33a
95,215,120,81,224,143,98,256,158,105,208,103,161,344,183,161,288,127,136,280,144,122,1937,S33a
154,223,69,99,257,158,104,254,150,139,330,191,152,448,296,193,457,264,143,367,224,145,2481,S33a
104,191,87,82,224,142,98,193,95,121,224,103,161,296,135,144,280,136,105,263,158,121,1792,S33a
105,184,79,74,232,158,96,184,88,113,224,111,145,319,174,185,344,159,138,449,311,130,2066,S33a
99,153,54,90,232,142,121,240,119,137,1984,1847,105,600,495,186,536,350,121,288,167,137,4170,S33a
119,206,87,65,224,159,89,208,119,129,224,95,168,343,175,155,304,149,131,265,134,129,1903,S33a
105,224,119,65,224,159,89,232,143,114,184,70,154,352,198,170,480,310,129,248,119,104,2048,S33a
121,248,127,96,256,160,121,208,87,121,232,111,160,328,168,161,416,255,194,296,102,120,2104,S33a
97,184,87,66,199,133,83,193,110,138,272,134,145,288,143,146,312,166,106,264,158,129,1841,S33a
106,233,127,81,225,144,89,208,119,96,208,112,161,295,134,138,272,134,120,248,128,129,1818,S33a
137,576,439,129,272,143,98,216,118,162,664,502,161,472,311,145,424,279,154,264,110,144,3032,S33a
104,184,80,82,223,141,90,217,127,113,192,79,145,463,318,154,257,103,137,256,119,130,1922,S33a
97,200,103,72,223,151,97,225,128,129,487,358,139,329,190,138,272,134,122,632,510,129,2497,S33a
97,215,118,74,232,158,90,193,103,145,328,183,153,328,175,169,304,135,128,296,168,137,2033,S33a
120,190,70,98,257,159,89,176,87,144,208,64,153,280,127,153,272,119,140,640,500,154,2177,S33a
130,282,152,96,247,151,105,208,103,122,239,117,179,281,102,154,344,190,138,344,206,153,2098,S33a
123,208,85,81,232,151,105,208,103,137,256,119,161,296,135,161,328,167,122,271,149,131,1930,S33a
113,215,102,98,241,143,105,192,87,129,208,79,161,272,111,169,288,119,136,392,256,152,1960,S33a
97,201,104,73,224,151,97,176,79,130,240,110,162,367,205,170,369,199,146,249,103,137,1963,S33a
128,263,135,88,240,152,98,200,102,122,208,86,152,312,160,160,344,184,121,440,319,129,2136,S33a
105,601,496,96,239,143,106,199,93,147,241,94,137,1184,1047,144,288,144,120,216,96,138,3106,S33a
126,213,87,97,248,151,105,152,47,145,344,199,177,400,223,129,320,191,121,313,192,113,2103,S33a
121,823,702,147,3881,3734,137,296,159,129,609,480,161,359,198,154,495,341,131,265,134,121,6849,S33a
121,296,175,90,232,142,105,272,167,122,448,326,146,304,158,129,273,144,112,263,151,138,2226,S33a
106,200,94,73,224,151,98,183,85,131,209,78,177,319,142,162,280,118,113,241,128,138,1794,S33a
114,536,422,105,265,160,112,319,207,137,256,119,153,376,223,209,416,207,146,304,158,152,2624,S33a
114,287,173,122,273,151,129,232,103,161,496,335,161,384,223,207,368,161,145,296,151,146,2482,S33a
123,353,230,146,392,246,137,344,207,154,320,166,176,304,128,178,311,133,130,297,167,161,2482,S33a
97,272,175,122,288,166,113,311,198,134,329,195,161,312,151,153,280,127,121,264,143,137,2193,S33a
137,327,190,169,328,159,130,313,183,169,559,390,162,321,159,169,296,127,169,240,71,156,2540,S33a
122,280,158,130,279,149,131,281,150,161,296,135,170,408,238,177,344,167,153,264,111,162,2314,S33a
145,464,319,186,800,614,129,240,111,122,320,198,178,433,255,184,327,143,145,256,111,122,2962,S33a
121,207,86,90,232,142,98,208,110,153,272,119,178,480,302,185,577,392,145,822,677,179,2977,S33a
112,199,87,98,248,150,112,200,88,130,200,70,161,304,143,169,280,111,148,239,91,138,1808,S33a
128,222,94,90,241,151,106,192,86,130,192,62,170,312,142,153,280,127,147,209,62,121,1769,S33a
138,232,94,98,240,142,82,208,126,138,224,86,146,295,149,211,304,93,138,282,144,136,1921,S33a
138,224,86,96,240,144,105,176,71,122,248,126,153,256,103,201,288,87,137,264,127,137,1833,S33a
130,208,78,98,248,150,106,248,142,127,224,97,162,312,150,162,273,111,129,223,94,138,1874,S33a
139,250,111,169,335,166,114,233,119,169,343,174,162,296,134,153,288,135,129,265,136,128,2138,S33a
113,184,71,73,224,151,98,192,94,113,319,206,163,377,214,185,312,127,137,300,163,102,2010,S33a
97,201,104,80,231,151,82,232,150,121,224,103,153,305,152,185,343,158,146,448,302,105,2089,S33a
121,232,111,81,248,167,113,176,63,137,248,111,161,336,175,180,384,204,122,289,167,128,2041,S33a
96,191,95,89,240,151,82,168,86,114,240,126,137,328,191,169,408,239,130,264,134,121,1960,S33a
105,232,127,73,223,150,114,225,111,137,624,487,175,719,544,171,497,326,137,287,150,139,2946,S33a
113,215,102,73,223,150,115,193,78,123,737,614,137,342,205,154,1370,1216,89,784,695,113,3977,S33a
105,255,150,91,249,158,90,184,94,161,992,831,129,576,447,185,328,143,146,296,150,145,3025,S33a
106,224,118,82,216,134,106,233,127,137,263,126,172,336,164,153,280,127,138,361,223,169,2082,S33a
97,216,119,81,223,142,82,160,78,123,233,110,162,312,150,161,464,303,113,232,119,113,1953,S33a
113,193,80,88,239,151,106,193,87,128,351,223,161,343,182,155,288,133,139,234,95,148,1989,S33a
114,225,111,90,223,133,105,257,152,121,256,135,160,304,144,169,328,159,121,272,151,120,1985,S33a
105,264,159,97,256,159,121,216,95,129,968,839,153,359,206,154,321,167,113,456,343,128,2968,S33a
113,223,110,82,209,127,73,200,127,121,215,94,153,313,160,145,240,95,129,368,239,145,1913,S33a
113,264,151,96,224,128,89,216,127,122,224,102,153,279,126,210,400,190,131,273,142,121,2001,S33a
128,392,264,113,272,159,121,304,183,177,464,287,185,352,167,201,328,127,169,376,207,153,2641,S33a
112,256,144,90,240,150,114,215,101,130,585,455,161,280,119,161,304,143,138,263,125,131,2274,S33a
98,200,102,98,240,142,114,216,102,138,248,110,162,297,135,153,295,142,89,345,256,136,1977,S33a
90,184,94,81,233,152,98,206,108,131,226,95,169,312,143,161,279,118,137,199,62,130,1769,S33a
114,217,103,81,223,142,114,201,87,137,359,222,162,353,191,162,312,150,145,303,158,138,2106,S33a
105,184,79,81,216,135,97,200,103,120,216,96,153,295,142,154,289,135,137,327,190,154,1881,S33a
112,248,136,89,232,143,105,208,103,145,312,167,169,352,183,177,320,143,154,240,86,128,2040,S33a
105,192,87,90,224,134,81,192,111,113,216,103,161,287,126,163,297,134,144,216,72,111,1735,S33a
127,231,104,89,217,128,125,208,83,129,238,109,180,345,165,173,345,172,146,248,102,153,1985,S33a
153,400,247,153,304,151,121,320,199,145,288,143,178,328,150,185,328,143,162,248,86,138,2354,S33a
115,240,125,98,240,142,105,224,119,154,456,302,169,296,127,170,312,142,138,248,110,122,2138,S33a
137,248,111,89,224,135,90,176,86,122,528,406,154,392,238,184,872,688,146,319,173,139,2898,S33a
114,249,135,121,288,167,121,232,111,121,320,199,169,296,127,161,320,159,201,320,119,153,2178,S33a
90,199,109,91,232,141,98,184,86,121,249,128,144,392,248,144,863,719,161,312,151,122,2553,S33a
111,192,81,81,231,150,129,232,103,137,1088,951,185,367,182,163,298,135,135,279,144,137,2824,S33a
97,199,102,80,232,152,81,185,104,137,296,159,152,336,184,144,294,150,131,289,158,137,1968,S33a
113,224,111,96,238,142,116,218,102,113,239,126,185,320,135,145,265,120,160,215,55,138,1857,S33a
121,224,103,89,232,143,121,216,95,157,351,194,169,336,167,169,304,135,130,232,102,145,2040,S33a
136,264,128,81,239,158,98,201,103,137,232,95,154,400,246,192,303,111,138,256,118,123,2018,S33a
113,254,141,139,282,143,137,240,103,145,320,175,185,592,407,168,288,120,144,264,120,115,2355,S33a
121,224,103,99,240,141,105,184,79,129,247,118,163,297,134,177,305,128,144,231,87,137,1865,S33a
56,334,278,122,793,671,89,280,191,137,320,183,145,312,167,162,344,182,145,312,167,154,2849,S33a
123,169,46,98,256,158,106,176,70,137,407,270,163,338,175,161,295,134,154,272,118,146,2059,S33a
89,321,232,107,255,148,97,256,159,129,376,247,161,304,143,154,296,142,137,264,127,162,2234,S33a
114,496,382,129,305,176,161,343,182,170,345,175,201,488,287,217,416,199,152,295,143,193,2881,S33a
145,304,159,185,376,191,137,488,351,177,488,311,160,360,200,169,312,143,136,288,152,169,2785,S33a
122,234,112,104,247,143,90,240,150,162,401,239,152,310,158,169,305,136,105,232,127,137,2106,S33a
131,298,167,160,351,191,105,287,182,155,345,190,178,304,126,177,345,168,137,271,134,154,2355,S33a
121,256,135,145,312,167,114,288,174,152,424,272,161,280,119,162,336,174,145,312,167,161,2369,S33a
177,672,495,177,616,439,129,256,127,152,296,144,160,392,232,209,472,263,170,327,157,162,3193,S33a
113,407,294,145,295,150,122,338,216,144,904,760,137,336,199,153,296,143,120,262,142,123,2961,S33a
162,320,158,186,337,151,137,296,159,153,336,183,170,352,182,177,304,127,146,312,166,154,2411,S33a
168,416,248,162,312,150,162,328,166,186,456,270,218,632,414,193,384,191,137,297,160,153,2978,S33a
121,264,143,138,273,135,113,247,134,130,312,182,161,328,167,162,336,174,146,241,95,128,2129,S33a
128,279,151,98,257,159,89,200,111,112,343,231,137,281,144,145,303,158,121,232,111,122,2017,S33a
105,336,231,137,279,142,137,257,120,153,384,231,137,320,183,154,488,334,153,271,118,146,2481,S33a
104,200,96,90,231,141,90,185,95,136,431,295,162,297,135,170,296,126,146,223,77,130,1993,S33a
112,249,137,97,256,159,97,216,119,113,312,199,153,327,174,154,313,159,128,207,79,121,2001,S33a
96,249,153,89,248,159,81,215,134,138,321,183,121,735,614,168,313,145,120,223,103,130,2434,S33a
112,255,143,114,273,159,105,215,110,138,561,423,146,432,286,137,295,158,130,249,119,113,2393,S33a
161,631,470,105,257,152,89,240,151,148,760,612,145,328,183,161,344,183,137,304,167,153,3017,S33a
137,447,310,129,320,191,131,311,180,172,418,246,169,304,135,177,367,190,146,305,159,172,2644,S33a
120,328,208,120,280,160,98,288,190,154,408,254,165,304,139,145,328,183,129,264,135,169,2369,S33a
122,399,277,123,312,189,123,336,213,154,433,279,129,320,191,145,281,136,129,255,126,138,2474,S33a
121,287,166,138,288,150,114,265,151,186,415,229,153,336,183,186,360,174,130,232,102,154,2337,S33a
121,270,149,139,297,158,122,217,95,128,608,480,132,280,148,128,304,176,121,231,110,122,2329,S33a
114,256,142,119,280,161,89,225,136,137,376,239,160,312,152,168,327,159,154,256,102,130,2162,S33a
105,265,160,98,264,166,89,232,143,145,440,295,129,1168,1039,146,400,254,128,238,110,108,3115,S33a
123,265,142,121,519,398,122,210,88,153,791,638,145,273,128,161,288,127,121,200,79,129,2675,S33a
121,264,143,145,304,159,129,264,135,161,416,255,169,320,151,185,320,135,137,264,127,137,2289,S33a
138,307,169,111,260,149,100,225,125,131,257,126,151,328,177,201,520,319,152,288,136,153,2338,S33a
121,240,119,153,344,191,121,288,167,146,336,190,153,288,135,161,271,110,122,441,319,145,2353,S33a
131,312,181,114,273,159,113,248,135,153,344,191,154,304,150,158,296,138,137,464,327,153,2394,S33a
129,328,199,176,360,184,106,264,158,139,360,221,146,305,159,145,327,182,145,208,63,121,2273,S33a
121,280,159,106,255,149,122,249,127,146,280,134,154,296,142,185,360,175,169,216,47,162,2098,S33a
130,400,270,141,296,155,122,329,207,153,528,375,184,335,151,168,312,144,145,208,63,137,2545,S33a
153,343,190,129,280,151,122,256,134,177,505,328,185,336,151,-864,287,1151,138,264,126,153,2424,S33a
176,384,208,161,663,502,137,304,167,170,488,318,193,337,144,153,320,167,137,224,87,161,2881,S33a
138,297,159,168,360,192,121,241,120,184,598,414,178,257,79,153,279,126,137,241,104,135,2408,S33a
137,360,223,161,344,183,121,272,151,153,672,519,168,311,143,138,272,134,153,216,63,138,2585,S33a
115,218,103,96,248,152,97,199,102,131,385,254,153,328,175,161,288,127,129,230,101,139,2035,S33a
130,272,142,169,448,279,145,288,143,147,1112,965,129,288,159,137,280,143,137,248,111,146,3082,S33a
153,823,670,105,279,174,105,225,120,138,344,206,145,336,191,153,240,87,130,239,109,138,2624,S33a
97,576,479,137,303,166,106,224,118,138,376,238,138,296,158,138,312,174,121,249,128,136,2472,S33a
1121,1239,118,106,265,159,113,232,119,185,312,127,153,272,119,202,520,318,129,272,143,153,3265,S33a
137,280,143,129,279,150,112,207,95,155,609,454,129,296,167,153,246,93,123,218,95,137,2272,S33a
114,217,103,120,295,175,113,201,88,144,438,294,153,298,145,145,279,134,138,224,86,130,2082,S33a
111,222,111,97,266,169,129,192,63,145,992,847,161,288,127,145,295,150,121,296,175,138,2689,S33a
112,264,152,129,288,159,105,207,102,122,329,207,154,416,262,156,280,124,129,248,119,145,2177,S33a
122,257,135,153,304,151,129,192,63,137,344,207,168,303,135,161,296,135,129,216,87,145,2057,S33a
122,241,119,97,240,143,105,184,79,129,232,103,177,264,87,161,256,95,121,224,103,145,1786,S33a
122,201,79,103,248,145,97,191,94,138,265,127,153,304,151,153,312,159,137,255,118,143,1919,S33a
122,264,142,89,248,159,73,200,127,137,320,183,160,337,177,177,2511,2334,121,256,135,113,4249,S33a
129,256,127,146,296,150,105,224,119,137,465,328,152,327,175,161,336,175,114,248,134,121,2273,S33a
106,248,142,82,232,150,96,200,104,129,232,103,162,288,126,146,272,126,154,224,70,130,1826,S33a
114,232,118,104,240,136,80,152,72,154,320,166,153,304,151,212,512,300,121,247,126,154,2161,S33a
137,223,86,122,256,134,106,169,63,145,271,126,170,304,134,162,296,134,146,224,78,153,1896,S33a
121,248,127,97,241,144,88,191,103,121,272,151,161,304,143,177,392,215,152,248,96,137,2033,S33a
105,232,127,105,231,126,90,200,110,122,225,103,176,312,136,160,319,159,168,264,96,138,1921,S33a
111,280,169,151,288,137,121,191,70,150,577,427,185,304,119,153,288,135,162,217,55,136,2281,S33a
144,246,102,155,289,134,113,216,103,136,536,400,162,280,118,137,287,150,146,208,62,122,2184,S33a
107,249,142,74,207,133,98,192,94,107,328,221,162,297,135,153,280,127,130,248,118,122,1923,S33a
81,273,192,89,240,151,105,200,95,121,512,391,179,279,100,160,319,159,144,224,80,140,2187,S33a
121,255,134,106,232,126,116,194,78,129,262,133,186,378,192,193,360,167,143,230,87,130,2041,S33a
130,217,87,98,248,150,105,176,71,129,400,271,161,329,168,160,295,135,162,249,87,137,2051,S33a
122,232,110,105,240,135,97,175,78,129,321,192,196,327,131,154,297,143,150,231,81,138,1961,S33a
106,225,119,97,232,135,97,176,79,130,272,142,170,368,198,176,320,144,161,256,95,121,1970,S33a
120,240,120,97,248,151,121,223,102,114,952,838,154,320,166,162,320,158,145,233,88,144,2680,S33a
104,225,121,98,240,142,97,152,55,119,296,177,153,319,166,192,368,176,162,272,110,113,1985,S33a
122,265,143,104,240,136,104,191,87,131,2593,2462,153,-721,-874,1146,1425,279,129,271,142,114,4378,S33a
130,216,86,98,233,135,103,183,80,129,336,207,178,272,94,170,440,270,136,480,344,122,2282,S33a
114,216,102,75,216,141,81,182,101,123,242,119,154,280,126,145,248,103,130,207,77,145,1736,S33a
121,207,86,82,224,142,97,176,79,138,1208,1070,136,304,168,122,255,133,114,225,111,121,2720,S33a
130,232,102,90,224,134,121,184,63,137,280,143,161,287,126,170,416,246,154,225,71,145,1993,S33a
128,256,128,145,280,135,121,216,95,138,240,102,169,280,111,161,304,143,137,281,144,136,1993,S33a
145,248,103,80,239,159,113,168,55,129,728,599,145,296,151,185,352,167,146,248,102,161,2440,S33a
145,271,126,114,257,143,106,200,94,143,304,161,177,255,78,170,312,142,138,217,79,153,1969,S33a
122,257,135,129,278,149,115,218,103,153,1151,998,162,321,159,153,272,119,137,255,118,130,2882,S33a
106,217,111,82,216,134,104,182,78,107,234,127,160,288,128,184,287,103,138,240,102,129,1793,S33a
113,224,111,97,248,151,98,176,78,121,695,574,147,257,110,146,256,110,130,256,126,137,2249,S33a
114,194,80,81,216,135,74,168,94,105,222,117,146,298,152,145,264,119,145,224,79,137,1723,S33a
120,238,118,81,226,145,97,175,78,129,249,120,161,272,111,145,255,110,112,208,96,113,1736,S33a
130,232,102,89,248,159,106,176,70,121,240,119,162,280,118,170,280,110,128,224,96,153,1833,S33a
114,256,142,90,232,142,105,185,80,120,711,591,153,264,111,153,312,159,145,239,94,138,2337,S33a
121,256,135,73,223,150,98,169,71,128,296,168,161,352,191,153,288,135,137,264,127,128,1976,S33a
112,216,104,81,216,135,97,168,71,113,304,191,161,280,119,177,472,295,161,248,87,122,2026,S33a
105,200,95,81,232,151,89,168,79,131,248,117,186,360,174,194,1559,1365,130,320,190,130,3217,S33a
113,200,87,89,223,134,107,177,70,112,257,145,160,295,135,153,328,175,145,288,143,129,1897,S33a
121,191,70,90,249,159,73,168,95,129,232,103,185,264,79,145,311,166,122,289,167,121,1825,S33a
121,192,71,112,256,144,113,200,87,137,320,183,169,304,135,177,320,143,136,296,160,145,2033,S33a
113,192,79,89,232,143,81,160,79,105,224,119,137,264,127,153,280,127,129,208,79,105,1665,S33a
97,200,103,97,240,143,106,184,78,97,232,135,160,304,144,137,528,391,146,287,141,122,2097,S33a
103,207,104,83,232,149,94,209,115,120,288,168,144,663,519,170,312,142,122,232,110,130,2273,S33a
106,168,62,98,241,143,96,168,72,97,320,223,145,231,86,145,305,160,143,223,80,113,1769,S33a
89,168,79,106,232,126,89,200,111,98,272,174,161,240,79,145,272,127,113,224,111,121,1729,S33a
113,176,63,90,216,126,97,167,70,106,257,151,137,304,167,145,280,135,137,216,79,138,1754,S33a
121,207,86,90,224,134,97,121,24,128,263,135,161,280,119,154,289,135,137,239,102,130,1753,S33a
153,808,655,113,255,142,114,208,94,122,873,751,176,703,527,153,297,144,144,255,111,154,3553,S33a
112,231,119,89,217,128,97,184,87,128,280,152,176,311,135,162,312,150,129,232,103,154,1921,S33a
104,183,79,90,232,142,81,152,71,122,480,358,145,256,111,145,312,167,114,240,126,132,1987,S33a
145,184,39,74,232,158,73,184,111,114,264,150,137,280,143,162,352,190,114,216,102,121,1833,S33a
106,193,87,82,224,142,74,168,94,105,264,159,130,296,166,161,304,143,139,280,141,113,1842,S33a
89,264,175,81,232,151,74,184,110,105,344,239,129,344,215,145,327,182,114,215,101,130,2040,S33a
114,208,94,65,208,143,65,151,86,97,401,304,104,264,160,129,320,191,113,239,126,114,1905,S33a
96,167,71,66,233,167,64,148,84,93,235,142,146,264,118,130,304,174,97,209,112,113,1673,S33a
113,150,37,109,234,125,72,168,96,113,223,110,146,249,103,146,256,110,105,192,87,105,1577,S33a
138,216,78,90,248,158,113,160,47,114,920,806,145,311,166,170,280,110,130,249,119,145,2529,S33a
139,200,61,129,399,270,145,201,56,121,937,816,144,247,103,130,249,119,120,256,136,129,2618,S33a
106,232,126,89,232,143,80,152,72,113,248,135,152,288,136,195,511,316,122,312,190,178,2153,S33a
105,223,118,82,232,150,122,176,54,122,361,239,144,303,159,161,272,111,123,241,118,129,1937,S33a
114,264,150,89,224,135,73,192,119,98,241,143,145,272,127,152,319,167,121,200,79,122,1834,S33a
107,264,157,106,249,143,88,199,111,122,321,199,153,272,119,144,312,168,119,216,97,121,1954,S33a
114,247,133,75,241,166,97,160,63,130,239,109,162,281,119,154,392,238,113,233,120,72,1865,S33a
88,208,120,82,232,150,81,152,71,88,664,576,138,273,135,119,336,217,103,247,144,114,2226,S33a
49,230,181,84,234,150,151,152,1,90,840,750,137,264,127,138,272,134,106,216,110,98,2306,S33a
98,216,118,65,224,159,81,160,79,105,279,174,154,241,87,130,288,158,121,208,87,105,1721,S33a
130,223,93,83,249,166,80,168,88,113,304,191,145,272,127,145,312,167,112,192,80,121,1841,S33a
105,263,158,66,225,159,81,152,71,88,256,168,144,408,264,169,295,126,129,240,111,122,1961,S33a
105,224,119,73,224,151,87,166,79,107,234,127,169,296,127,145,271,126,122,223,101,138,1776,S33a
106,225,119,81,231,150,81,160,79,113,216,103,161,272,111,145,272,127,121,215,94,138,1729,S33a
104,240,136,121,304,183,88,176,88,121,399,278,146,287,141,123,289,166,114,257,143,138,2090,S33a
89,192,103,89,223,134,89,152,63,98,233,135,144,240,96,120,263,143,106,200,94,130,1633,S33a
104,223,119,113,232,119,96,144,48,130,529,399,170,823,653,161,344,183,129,241,112,121,2657,S33a
114,240,126,98,232,134,90,193,103,98,432,334,153,303,150,145,296,151,113,208,95,122,2026,S33a
114,209,95,81,216,135,96,167,71,98,265,167,137,320,183,129,464,335,121,224,103,120,1985,S33a
113,240,127,73,224,151,90,160,70,105,688,583,145,256,111,145,296,151,113,199,86,146,2209,S33a
129,223,94,98,257,159,88,183,95,114,385,271,160,303,143,169,449,280,138,256,118,113,2169,S33a
114,225,111,80,223,143,106,177,71,105,640,535,137,288,151,161,344,183,120,239,119,130,2266,S33a
122,264,142,82,242,160,97,200,103,105,398,293,170,281,111,137,329,192,96,207,111,137,2058,S33a
106,280,174,74,217,143,97,216,119,105,432,327,136,264,128,137,304,167,96,183,87,98,1994,S33a
114,209,95,72,199,127,65,168,103,91,232,141,138,280,142,162,312,150,106,192,86,106,1698,S33a
88,176,88,82,208,126,81,168,87,107,224,117,156,279,123,139,320,181,123,209,86,120,1704,S33a
105,191,86,98,233,135,64,163,99,93,236,143,145,265,120,146,304,158,105,192,87,121,1705,S33a
98,209,111,90,232,142,66,136,70,121,296,175,154,265,111,135,279,144,105,199,94,139,1755,S33a
80,174,94,91,242,151,72,176,104,105,239,134,147,273,126,138,280,142,105,208,103,113,1705,S33a
106,168,62,98,241,143,89,144,55,104,351,247,137,264,127,130,376,246,129,201,72,89,1834,S33a
97,200,103,81,216,135,64,144,80,104,256,152,154,256,102,137,504,367,105,594,489,111,2281,S33a
122,201,79,73,208,135,89,152,63,112,288,176,167,294,127,131,266,135,103,238,135,106,1753,S33a
115,209,94,74,217,143,73,135,62,138,374,236,155,266,111,129,279,150,108,201,93,121,1802,S33a
113,800,687,88,232,144,97,199,102,122,369,247,144,264,120,169,343,174,114,216,102,114,2537,S33a
105,191,86,90,224,134,81,152,71,114,416,302,145,256,111,137,728,591,105,368,263,114,2449,S33a
105,200,95,74,224,150,70,184,114,89,392,303,129,344,215,105,255,150,106,184,78,97,1880,S33a
98,161,63,79,215,136,81,153,72,113,263,150,153,296,143,104,280,176,105,424,319,113,1905,S33a
98,193,95,96,248,152,73,136,63,113,752,639,145,239,94,122,249,127,115,224,109,105,2146,S33a
97,232,135,64,199,135,73,193,120,118,240,122,153,336,183,153,624,471,112,320,208,121,2265,S33a
104,207,103,89,216,127,89,192,103,97,512,415,162,240,78,129,320,191,120,257,137,120,2064,S33a
97,175,78,82,225,143,104,160,56,105,295,190,154,256,102,138,320,182,113,233,120,113,1777,S33a
104,191,87,90,216,126,82,137,55,104,1111,1007,130,265,135,104,272,168,164,328,164,121,2641,S33a
97,200,103,129,279,150,130,241,111,146,584,438,169,271,102,138,296,158,139,265,126,128,2264,S33a
105,233,128,80,223,143,90,136,46,122,337,215,153,312,159,153,335,182,113,216,103,105,1897,S33a
89,191,102,90,256,166,120,248,128,122,457,335,144,279,135,145,360,215,113,287,174,130,2208,S33a
88,184,96,81,231,150,99,153,54,129,1823,1694,122,320,198,121,543,422,154,258,104,105,3617,S33a
96,303,207,98,240,142,105,192,87,105,304,199,153,279,126,154,273,119,129,208,79,145,1944,S33a
105,241,136,120,288,168,121,207,86,115,304,189,162,289,127,145,320,175,145,272,127,112,2033,S33a
129,264,135,96,239,143,106,193,87,120,312,192,152,279,127,161,368,207,121,216,95,129,2000,S33a
73,480,407,113,288,175,113,336,223,114,344,230,153,296,143,138,-488,-626,1153,1304,151,129,2689,S33a
105,247,142,90,248,158,98,177,79,121,288,167,153,352,199,145,270,125,113,233,120,114,1929,S33a
114,176,62,83,233,150,80,192,112,105,215,110,131,320,189,154,337,183,153,241,88,112,1826,S33a
33,410,377,82,240,158,89,176,87,105,247,142,146,457,311,145,296,151,105,240,135,121,2187,S33a
105,264,159,81,240,159,97,182,85,123,386,263,169,383,214,161,312,151,130,280,150,144,2191,S33a
112,233,121,96,247,151,81,216,135,114,352,238,162,273,111,145,311,166,97,232,135,113,1977,S33a
113,255,142,81,233,152,80,168,88,114,320,206,145,360,215,130,288,158,129,273,144,96,1993,S33a
114,225,111,73,208,135,81,144,63,104,391,287,130,281,151,153,479,326,129,369,240,135,2232,S33a
89,208,119,74,232,158,75,160,85,97,297,200,128,295,167,120,320,200,105,232,127,97,1841,S33a
93,184,91,114,312,198,97,176,79,98,648,550,145,248,103,137,761,624,119,255,136,114,2698,S33a
105,232,127,89,224,135,73,160,87,105,223,118,137,273,136,153,352,199,105,280,175,121,1865,S33a
105,184,79,80,224,144,88,152,64,112,447,335,105,224,119,146,1240,1094,114,273,159,96,2840,S33a
105,216,111,80,207,127,81,161,80,105,215,110,122,385,263,137,392,255,104,255,151,114,1945,S33a
113,200,87,88,224,136,65,136,71,104,240,136,137,272,135,152,400,248,121,264,143,121,1857,S33a
122,231,109,82,241,159,103,160,57,140,264,124,153,304,151,153,400,247,129,264,135,153,2017,S33a
137,303,166,115,273,158,105,183,78,146,688,542,143,384,241,131,449,318,176,247,71,121,2648,S33a
106,273,167,104,247,143,90,160,70,122,376,254,145,392,247,178,352,174,106,288,182,114,2202,S33a
120,248,128,66,224,158,89,176,87,113,256,143,145,304,159,153,279,126,114,209,95,159,1855,S33a
129,230,101,91,250,159,88,191,103,121,416,295,138,273,135,143,312,169,132,287,155,138,2097,S33a
113,232,119,89,240,151,81,167,86,122,337,215,138,295,157,147,785,638,129,265,136,120,2441,S33a
130,216,86,116,280,164,97,183,86,122,288,166,154,401,247,152,288,136,137,304,167,144,2104,S33a
122,241,119,88,248,160,89,176,87,135,270,135,171,321,150,178,328,150,114,249,135,127,1960,S33a
137,214,77,73,225,152,98,152,54,121,256,135,152,336,184,179,280,101,131,216,85,145,1824,S33a
137,224,87,97,271,174,90,168,78,144,409,265,146,280,134,162,295,133,130,233,103,152,2032,S33a
128,216,88,105,247,142,89,160,71,122,368,246,138,272,134,161,304,143,121,240,119,154,1961,S33a
145,304,159,145,312,167,114,176,62,137,545,408,161,288,127,177,312,135,144,263,119,137,2337,S33a
121,222,101,116,266,150,121,216,95,145,304,159,162,312,150,184,296,112,137,264,127,143,2023,S33a
112,224,112,98,246,148,91,170,79,113,352,239,137,272,135,137,288,151,104,280,176,144,1976,S33a
112,288,176,153,319,166,105,241,136,137,463,326,145,280,135,145,296,151,113,256,143,122,2265,S33a
135,382,247,88,248,160,105,224,119,145,720,575,144,576,432,233,408,175,145,288,143,144,2990,S33a
122,289,167,129,304,175,113,255,142,146,433,287,153,304,151,153,344,191,130,271,141,145,2345,S33a
121,247,126,98,264,166,98,215,117,115,297,182,162,351,189,154,329,175,121,216,95,155,2074,S33a
130,249,119,143,399,256,146,241,95,153,568,415,186,440,254,176,334,158,147,274,127,136,2641,S33a
137,264,127,97,256,159,97,192,95,145,472,327,154,296,142,145,280,135,137,247,110,145,2152,S33a
121,249,128,105,255,150,89,169,80,129,232,103,152,320,168,153,256,103,129,240,111,137,1858,S33a
145,278,133,115,266,151,96,184,88,121,240,119,145,312,167,145,279,134,122,249,127,129,1937,S33a
129,264,135,136,304,168,137,216,79,137,519,382,169,249,80,169,304,135,152,254,102,130,2240,S33a
146,297,151,129,279,150,113,233,120,121,262,141,170,353,183,170,303,133,131,209,78,136,2072,S33a
145,239,94,98,248,150,141,177,36,145,1040,895,138,288,150,185,375,190,130,281,151,104,2752,S33a
121,209,88,81,222,141,75,169,94,122,312,190,130,376,246,209,408,199,137,289,152,88,2073,S33a
105,177,72,89,223,134,90,192,102,113,377,264,128,279,151,145,328,183,146,248,102,121,1945,S33a
113,216,103,73,214,141,74,161,87,122,368,246,113,280,167,121,304,183,105,264,159,114,1921,S33a
1114,1272,158,65,215,150,66,143,77,104,410,306,105,479,374,186,393,207,129,247,118,114,3273,S33a
96,223,127,74,217,143,82,169,87,121,366,245,107,450,343,160,480,320,103,303,200,121,2329,S33a
1130,1160,30,67,224,157,59,120,61,113,488,375,114,281,167,111,288,177,104,231,127,90,2882,S33a
114,224,110,90,256,166,74,136,62,113,504,391,137,256,119,161,351,190,122,297,175,129,2153,S33a
137,264,127,87,296,209,161,271,110,138,313,175,136,544,408,144,255,111,138,305,167,105,2353,S33a
105,168,63,98,249,151,72,96,24,120,392,272,137,256,119,137,328,191,137,271,134,107,1867,S33a
128,199,71,91,232,141,81,136,55,123,393,270,120,368,248,145,920,775,120,320,200,121,2689,S33a
122,279,157,123,258,135,88,175,87,121,527,406,132,288,156,162,353,191,121,256,135,124,2260,S33a
105,206,101,82,225,143,72,192,120,106,296,190,130,272,142,196,352,156,113,184,71,138,1865,S33a
129,240,111,89,224,135,80,144,64,129,384,255,129,312,183,152,328,176,97,224,127,113,1969,S33a
65,263,198,82,249,167,73,176,103,113,320,207,153,288,135,169,320,151,105,200,95,129,1945,S33a
106,209,103,88,231,143,82,144,62,130,368,238,146,256,110,169,336,167,114,225,111,121,1890,S33a
121,296,175,129,296,167,81,199,118,134,401,267,145,279,134,170,385,215,120,247,127,122,2225,S33a
89,256,167,90,232,142,74,152,78,129,225,96,144,296,152,128,263,135,97,160,63,129,1713,S33a
112,231,119,89,233,144,81,198,117,114,360,246,138,249,111,129,312,183,113,184,71,113,1880,S33a
113,232,119,81,232,151,65,152,87,113,407,294,138,304,166,114,273,159,113,216,103,120,1936,S33a
115,248,133,73,233,160,79,151,72,106,295,189,154,272,118,161,296,135,136,209,73,162,1866,S33a
121,232,111,96,248,152,80,174,94,139,826,687,152,617,465,183,558,375,-870,271,1141,130,3056,S33a
113,200,87,89,632,543,97,208,111,114,848,734,145,255,110,139,281,142,104,216,112,129,2769,S33a
113,294,181,98,274,176,114,230,116,165,416,251,163,315,152,136,319,183,144,272,128,137,2257,S33a
137,376,239,130,336,206,129,254,125,106,865,759,130,241,111,129,322,193,144,214,70,122,2730,S33a
113,286,173,91,274,183,138,240,102,128,409,281,160,263,103,177,336,159,130,240,110,106,2154,S33a
113,304,191,130,296,166,130,281,151,128,343,215,146,297,151,129,335,206,122,257,135,145,2258,S33a
162,384,222,122,280,158,97,200,103,130,432,302,137,280,143,153,344,191,137,248,111,154,2322,S33a
105,327,222,130,305,175,114,200,86,122,552,430,121,280,159,121,871,750,186,1073,887,145,3753,S33a
82,337,255,97,271,174,82,288,206,122,281,159,153,288,135,136,288,152,96,256,160,129,2138,S33a
114,240,126,97,231,134,99,169,70,136,336,200,153,280,127,154,304,150,137,248,111,137,1945,S33a
131,248,117,105,254,149,114,178,64,136,488,352,153,335,182,162,329,167,129,255,126,146,2233,S33a
162,360,198,137,304,167,113,288,175,162,376,214,170,288,118,154,312,158,114,232,118,162,2322,S33a
130,305,175,113,263,150,98,233,135,136,407,271,154,329,175,144,295,151,145,287,142,178,2297,S33a
130,288,158,82,248,166,130,200,70,113,273,160,168,319,151,153,304,151,122,233,111,152,2017,S33a
105,208,103,80,240,160,89,168,79,121,360,239,145,239,94,122,312,190,146,217,71,145,1889,S33a
113,240,127,97,240,143,97,183,86,147,265,118,169,312,143,176,312,136,136,264,128,129,1945,S33a
169,376,207,132,295,163,98,249,151,145,343,198,162,329,167,177,312,135,121,246,125,163,2313,S33a
145,295,150,138,289,151,105,208,103,105,367,262,130,280,150,106,393,287,104,200,96,137,2169,S33a
112,264,152,88,254,166,74,225,151,129,281,152,136,329,193,143,271,128,113,248,135,145,2017,S33a
113,256,143,105,255,150,81,192,111,129,344,215,169,351,182,163,281,118,113,225,112,177,2081,S33a
177,296,119,105,248,143,90,192,102,136,248,112,153,288,135,170,288,118,129,968,839,145,2673,S33a
130,265,135,89,248,159,89,199,110,138,353,215,161,304,143,177,345,168,136,287,151,153,2154,S33a
145,334,189,124,274,150,89,224,135,154,337,183,144,326,182,139,289,150,97,238,141,146,2168,S33a
112,256,144,88,246,158,99,186,87,114,288,174,154,328,174,153,318,165,123,297,174,146,2065,S33a
154,321,167,106,280,174,98,256,158,146,360,214,137,304,167,153,288,135,121,-767,-888,1104,2146,S33a
154,280,126,113,288,175,90,208,118,138,457,319,128,263,135,121,353,232,121,247,126,97,2193,S33a
106,231,125,74,232,158,82,177,95,122,264,142,147,264,117,146,368,222,138,232,94,145,1913,S33a
98,216,118,82,289,207,141,384,243,137,840,703,137,312,175,152,256,104,113,239,126,146,2682,S33a
121,295,174,129,320,191,113,280,167,129,321,192,128,287,159,154,288,134,105,208,103,161,2160,S33a
137,311,174,170,344,174,138,265,127,161,343,182,137,360,223,226,384,158,154,247,93,170,2424,S33a
210,456,246,161,344,183,177,352,175,202,456,254,193,368,175,185,343,158,155,336,181,201,2856,S33a
168,376,208,186,359,173,178,321,143,202,568,366,201,423,222,202,393,191,169,280,111,169,2889,S33a
185,992,807,161,368,207,147,320,173,185,1008,823,137,296,159,177,296,119,113,232,119,161,3673,S33a
145,343,198,131,305,174,128,271,143,142,369,227,161,288,127,153,759,606,148,241,93,137,2713,S33a
169,336,167,144,296,152,113,239,126,154,393,239,169,319,150,162,304,142,98,264,166,129,2280,S33a
152,263,111,134,320,186,138,216,78,146,447,301,146,281,135,146,329,183,128,263,135,130,2249,S33a
129,264,135,121,295,174,91,233,142,122,344,222,153,304,151,129,288,159,129,240,111,121,2089,S33a
114,280,166,89,254,165,82,178,96,139,320,181,160,368,208,136,264,128,113,336,223,209,2209,S33a
161,288,127,129,367,238,146,305,159,145,512,367,160,352,192,153,384,231,137,232,95,161,2601,S33a
131,297,166,145,336,191,120,278,158,116,384,268,139,306,167,145,408,263,95,230,135,98,2337,S33a
98,272,174,72,256,184,81,216,135,96,278,182,138,330,192,169,359,190,129,216,87,138,2065,S33a
137,287,150,114,271,157,90,225,135,129,336,207,162,368,206,146,281,135,128,231,103,153,2152,S33a
138,344,206,156,304,148,106,280,174,146,336,190,177,384,207,152,272,120,129,303,174,162,2385,S33a
145,296,151,121,312,191,114,256,142,170,424,254,161,312,151,152,304,152,129,248,119,137,2289,S33a
137,295,158,130,304,174,90,257,167,137,935,798,146,289,143,121,248,127,105,263,158,154,2745,S33a
144,312,168,129,296,167,97,208,111,137,520,383,169,591,422,210,1384,1174,149,273,124,137,3721,S33a
120,232,112,143,279,136,98,208,110,107,336,229,154,328,174,138,304,166,130,240,110,146,2073,S33a
121,247,126,105,257,152,121,232,111,122,279,157,154,401,247,146,255,109,123,249,126,169,2089,S33a
138,265,127,97,256,159,73,183,110,122,217,95,138,280,142,137,288,151,113,208,95,137,1834,S33a
122,257,135,73,224,151,81,160,79,129,469,340,165,442,277,194,321,127,121,271,150,133,2277,S33a
145,336,191,136,631,495,96,185,89,137,551,414,146,305,159,153,311,158,129,280,151,153,2752,S33a
161,647,486,137,328,191,146,321,175,144,471,327,138,312,174,153,288,135,129,296,167,172,2835,S33a
137,263,126,162,336,174,157,272,115,146,288,142,146,280,134,169,272,103,130,248,118,153,2112,S33a
129,264,135,122,264,142,120,240,120,162,896,734,137,376,239,161,488,327,122,280,158,169,2977,S33a
177,296,119,187,296,109,121,216,95,153,687,534,154,393,239,160,240,80,121,272,151,161,2561,S33a
139,282,143,153,336,183,113,216,103,127,639,512,145,817,672,201,495,294,130,359,229,163,3307,S33a
158,270,112,120,248,128,119,190,71,131,458,327,176,288,112,216,342,126,122,298,176,113,2207,S33a
122,234,112,97,248,151,105,190,85,130,329,199,170,368,198,177,335,158,122,224,102,115,2043,S33a
129,696,567,129,304,175,128,256,128,146,591,445,129,361,232,145,512,367,148,248,100,137,3105,S33a
153,680,527,121,264,143,113,216,103,129,327,198,153,265,112,179,272,93,128,200,72,153,2377,S33a
130,265,135,137,328,191,129,264,135,137,288,151,160,280,120,160,280,120,113,215,102,154,2074,S33a
145,240,95,121,278,157,130,266,136,153,336,183,177,336,159,160,264,104,113,247,134,144,2111,S33a
152,328,176,175,327,152,138,225,87,145,320,175,161,311,150,178,288,110,161,209,48,160,2168,S33a
145,312,167,138,304,166,129,224,95,138,272,134,168,272,104,185,281,96,136,239,103,184,2088,S33a
177,351,174,155,705,550,137,232,95,145,360,215,176,385,209,200,311,111,137,272,135,145,2761,S33a
145,416,271,144,703,559,121,233,112,138,648,510,145,319,174,169,313,144,137,224,87,162,3018,S33a
145,208,63,89,232,143,89,175,86,114,240,126,154,345,191,161,256,95,121,240,119,137,1833,S33a
129,256,127,137,279,142,98,209,111,144,320,176,153,295,142,146,288,142,129,208,79,121,1976,S33a
129,207,78,114,256,142,113,192,79,113,792,679,138,248,110,146,281,135,137,223,86,129,2328,S33a
123,247,124,104,233,129,98,182,84,130,241,111,154,264,110,146,265,119,137,223,86,145,1800,S33a
122,224,102,106,247,141,90,178,88,113,263,150,145,264,119,162,264,102,129,225,96,160,1825,S33a
80,80,0,72,152,80,71,152,81,55,496,441,55,96,41,79,400,321,55,328,273,71,1775,S31a
79,176,97,80,120,40,87,144,57,63,1016,953,79,143,64,81,353,272,48,408,360,72,2432,S31a
80,104,24,64,96,32,104,160,56,64,776,712,64,176,112,72,768,696,81,80,-1,48,2208,S31a
71,127,56,88,120,32,88,112,24,80,359,279,65,169,104,64,960,896,65,64,-1,56,1967,S31a
56,88,32,80,120,40,80,144,64,56,544,488,56,120,64,72,392,320,80,232,152,80,1720,S31a
80,136,56,96,112,16,104,152,48,72,368,296,80,96,16,80,328,248,64,320,256,72,1584,S31a
40,128,88,88,88,0,88,168,80,80,376,296,56,80,24,80,368,288,56,216,160,80,1504,S31a
80,168,88,48,49,1,175,191,16,56,304,248,72,104,32,80,288,208,64,240,176,80,1424,S31a
72,144,72,64,65,1,111,159,48,72,328,256,72,96,24,80,336,256,64,192,128,80,1400,S31a
72,120,48,104,105,1,103,119,16,80,344,264,64,88,24,72,296,224,72,248,176,80,1400,S31a
64,144,80,56,72,16,112,144,32,64,384,320,72,104,32,64,312,248,64,200,136,104,1464,S31a
80,208,128,128,208,80,88,144,56,80,376,296,73,72,-1,72,352,280,56,280,224,80,1720,S31a
80,152,72,89,89,0,128,127,-1,72,408,336,80,120,40,80,224,144,64,264,200,72,1456,S31a
80,112,32,88,104,16,121,120,-1,80,312,232,72,96,24,72,240,168,80,232,152,80,1296,S31a
80,160,80,64,96,32,104,120,16,80,472,392,81,80,-1,80,296,216,56,208,152,80,1512,S31a
80,160,80,88,104,16,137,136,-1,72,368,296,81,80,-1,72,281,209,63,263,200,64,1456,S31a
80,136,56,80,112,32,96,104,8,80,432,352,80,96,16,80,296,216,72,256,184,80,1512,S31a
55,111,56,104,105,1,103,135,32,80,400,320,128,1929,1801,79,96,17,79,311,232,72,3159,S31a
87,160,73,80,80,0,79,111,32,72,368,296,72,104,32,80,584,504,72,297,225,87,1791,S31a
73,169,96,80,160,80,80,176,96,87,416,329,64,104,40,88,488,400,80,232,152,112,1857,S31a
95,199,104,81,113,32,103,432,329,79,423,344,81,201,120,87,168,81,71,343,272,79,1958,S31a
71,167,96,82,112,30,113,129,16,72,352,280,80,105,25,87,288,201,64,304,240,79,1536,S31a
87,216,129,119,136,17,95,128,33,80,351,271,64,104,40,105,273,168,63,247,184,80,1535,S31a
79,168,89,112,240,128,120,120,0,79,407,328,95,121,26,87,240,153,71,632,561,104,2032,S31a
40,95,55,121,144,23,169,169,0,71,520,449,111,456,345,104,104,0,55,288,233,104,1880,S31a
79,136,57,103,136,33,87,104,17,80,359,279,73,73,0,103,1568,1465,103,120,17,88,2584,S31a
71,192,121,103,128,25,88,112,24,80,400,320,72,128,56,104,432,328,72,328,256,80,1800,S31a
104,104,0,80,103,23,89,121,32,64,343,279,89,89,0,88,520,432,72,328,256,104,1712,S31a
64,144,80,88,112,24,80,112,32,80,336,256,72,112,40,88,280,192,64,240,176,80,1416,S31a
80,136,56,112,112,0,128,128,0,72,368,296,64,96,32,80,272,192,56,232,176,104,1448,S31a
72,128,56,112,128,16,129,128,-1,80,384,304,80,80,0,72,343,271,65,217,152,88,1496,S31a
80,184,104,80,120,40,160,152,-8,64,392,328,104,104,0,80,264,184,64,240,176,80,1536,S31a
80,120,40,128,144,16,104,144,40,80,432,352,79,120,41,80,312,232,64,216,152,72,1560,S31a
80,120,40,72,104,32,80,120,40,64,464,400,80,80,0,80,384,304,55,192,137,152,1616,S31a
72,168,96,96,136,40,136,136,0,80,368,288,72,96,24,104,288,184,64,240,176,88,1520,S31a
80,136,56,96,144,48,136,136,0,80,328,248,72,72,0,88,288,200,56,160,104,96,1360,S31a
72,113,41,95,95,0,72,112,40,72,368,296,80,376,296,88,88,0,64,256,192,104,1512,S31a
80,128,48,112,113,1,87,111,24,88,384,296,80,112,32,96,248,152,56,232,176,88,1416,S31a
56,120,64,96,120,24,96,112,16,80,368,288,72,120,48,88,208,120,56,256,200,88,1392,S31a
96,152,56,80,112,32,104,136,32,80,384,304,88,112,24,96,304,208,64,200,136,96,1496,S31a
88,144,56,88,152,64,145,144,-1,72,456,384,80,367,287,89,90,1,55,351,296,96,1800,S31a
79,799,720,72,128,56,88,144,56,72,536,464,80,688,608,96,97,1,71,327,256,88,2807,S31a
80,160,80,112,128,16,129,128,-1,72,400,328,80,336,256,105,105,0,55,271,216,96,1624,S31a
79,151,72,88,120,32,112,128,16,80,424,344,80,160,80,80,328,248,48,272,224,96,1679,S31a
40,160,120,128,200,72,104,137,33,79,399,320,80,360,280,104,128,24,88,272,184,80,1736,S31a
88,160,72,104,160,56,137,136,-1,80,376,296,80,208,128,80,192,112,64,328,264,104,1664,S31a
80,168,88,104,136,32,104,136,32,80,400,320,80,144,64,80,256,176,64,240,176,104,1584,S31a
88,152,64,112,113,1,136,136,0,79,391,312,72,112,40,88,264,176,80,233,153,87,1488,S31a
88,145,57,119,151,32,120,137,17,79,440,361,71,400,329,112,112,0,71,304,233,119,1808,S31a
80,216,136,104,161,57,103,136,33,87,599,512,80,305,225,104,104,0,63,271,208,80,1872,S31a
88,161,73,95,96,1,104,104,0,87,439,352,72,153,81,103,191,88,65,328,263,88,1560,S31a
80,129,49,104,136,32,112,111,-1,81,424,343,81,385,304,87,104,17,71,256,185,103,1648,S31a
96,96,0,87,120,33,111,135,24,64,448,384,80,447,367,112,151,39,64,288,224,96,1781,S31a
64,135,71,105,112,7,137,137,0,71,399,328,72,432,360,88,88,0,87,311,224,103,1717,S31a
72,143,71,104,129,25,120,120,0,79,423,344,64,687,623,88,89,1,79,247,168,88,1926,S31a
80,144,64,96,97,1,127,127,0,72,391,319,80,400,320,104,120,16,64,264,200,87,1630,S31a
80,144,64,112,113,1,152,151,-1,64,384,320,71,207,136,104,352,248,72,304,232,87,1742,S31a
96,184,88,104,105,1,128,127,-1,80,455,375,80,400,320,104,104,0,72,367,295,128,1870,S31a
88,160,72,120,121,1,135,135,0,80,399,319,72,153,81,79,224,145,71,271,200,96,1559,S31a
80,136,56,88,120,32,152,152,0,56,407,351,80,281,201,103,143,40,64,327,263,97,1663,S31a
80,96,16,104,112,8,129,128,-1,64,384,320,72,104,32,96,512,416,64,287,223,88,1711,S31a
80,120,40,72,88,16,144,144,0,63,368,305,63,96,33,96,280,184,63,216,153,79,1391,S31a
88,200,112,104,160,56,104,128,24,80,432,352,80,112,32,80,232,152,72,184,112,120,1568,S31a
96,152,56,103,112,9,127,144,17,79,399,320,72,208,136,104,184,80,72,296,224,104,1599,S31a
80,192,112,152,912,760,88,192,104,79,496,417,71,159,88,80,1736,1656,81,80,-1,80,3847,S31a
80,168,88,96,120,24,155,120,-35,80,352,272,80,111,31,73,361,288,71,120,49,87,1439,S31a
80,104,24,80,113,33,135,319,184,80,472,392,89,88,-1,80,256,176,56,200,144,80,1632,S31a
80,144,64,80,120,40,145,144,-1,80,528,448,80,112,32,96,344,248,56,192,136,88,1672,S31a
80,160,80,88,144,56,128,128,0,63,440,377,80,160,80,103,495,392,80,560,480,88,2175,S31a
64,104,40,103,160,57,104,144,40,80,448,368,72,248,176,104,144,40,80,272,192,80,1600,S31a
80,112,32,88,120,32,128,152,24,80,416,336,80,136,56,104,296,192,80,216,136,88,1536,S31a
80,160,80,88,104,16,128,152,24,64,424,360,72,104,32,96,312,216,64,208,144,104,1568,S31a
104,137,33,79,167,88,104,145,41,71,464,393,71,128,57,95,343,248,80,272,192,104,1760,S31a
104,160,56,96,152,56,104,145,41,79,616,537,71,1167,1096,88,89,1,71,391,320,80,2800,S31a
80,184,104,96,97,1,168,167,-1,72,536,464,64,176,112,104,352,248,72,560,488,104,2176,S31a
72,104,32,88,128,40,128,144,16,64,480,416,72,440,368,96,432,336,80,440,360,88,2256,S31a
80,160,80,104,120,16,112,136,24,72,416,344,80,160,80,104,232,128,72,248,176,104,1576,S31a
88,168,80,104,120,16,112,144,32,80,400,320,71,216,145,104,152,48,64,512,448,80,1792,S31a
64,144,80,104,136,32,136,136,0,64,488,424,80,424,344,88,96,8,80,496,416,80,2000,S31a
81,145,64,95,80,-15,144,160,16,80,520,440,80,112,32,88,272,184,72,240,168,80,1609,S31a
80,160,80,104,152,48,152,152,0,72,448,376,80,144,64,88,392,304,72,456,384,88,1992,S31a
105,129,24,120,120,0,144,144,0,64,400,336,80,152,72,96,208,112,80,264,184,88,1505,S31a
88,144,56,128,160,32,128,144,16,88,488,400,80,104,24,104,296,192,64,192,128,104,1632,S31a
136,192,56,128,3248,3120,72,40,-32,87,527,440,65,121,56,112,223,111,73,201,128,104,4656,S31a
96,128,32,112,112,0,152,152,0,56,399,343,81,97,16,95,224,129,63,192,129,103,1407,S31a
96,127,31,102,130,28,134,134,0,80,480,400,80,192,112,104,236,132,60,212,152,96,1607,S31a
104,120,16,88,1465,1377,80,96,16,96,704,608,72,128,56,88,240,152,72,296,224,87,3136,S31a
80,104,24,112,112,0,136,136,0,64,480,416,80,343,263,105,105,0,72,248,176,96,1624,S31a
95,144,49,104,104,0,144,144,0,79,424,345,80,120,40,96,280,184,64,184,120,112,1512,S31a
112,176,64,104,120,16,144,144,0,80,447,367,81,105,24,104,494,390,57,170,113,103,1759,S31a
80,176,96,88,120,32,136,136,0,80,448,368,72,256,184,104,144,40,79,360,281,103,1743,S31a
96,152,56,104,120,16,128,160,32,72,496,424,80,455,375,89,113,24,80,279,199,105,1880,S31a
80,176,96,104,112,8,128,128,0,72,431,359,81,113,32,87,224,137,72,224,152,96,1504,S31a
96,152,56,95,104,9,151,167,16,81,433,352,72,127,55,89,241,152,80,208,128,112,1544,S31a
79,120,41,87,136,49,152,152,0,64,360,296,71,216,145,96,200,104,56,224,168,95,1503,S31a
104,136,32,104,112,8,136,152,16,79,424,345,72,144,72,80,304,224,64,248,184,88,1608,S31a
80,104,24,104,144,40,120,136,16,80,567,487,73,153,80,128,272,144,128,688,560,88,2152,S31a
102,183,81,88,240,152,71,136,65,88,704,616,87,536,449,104,104,0,63,344,281,104,2351,S31a
120,120,0,104,104,0,80,159,79,81,473,392,64,472,408,104,128,24,56,224,168,88,1768,S31a
87,144,57,96,96,0,120,120,0,88,408,320,88,88,0,80,304,224,55,216,161,96,1472,S31a
71,120,49,72,72,0,136,136,0,79,424,345,80,120,40,96,272,176,64,216,152,79,1439,S31a
69,102,33,88,105,17,112,112,0,80,376,296,72,88,16,87,288,201,63,192,129,71,1334,S31a
72,112,40,72,72,0,152,152,0,79,336,257,80,112,32,80,232,152,79,200,121,104,1320,S31a
96,136,40,88,88,0,128,128,0,72,304,232,79,128,49,96,216,120,72,200,128,80,1280,S31a
88,120,32,72,72,0,128,128,0,80,296,216,80,104,24,88,216,128,79,176,97,88,1200,S31a
104,128,24,80,80,0,136,136,0,80,312,232,80,200,120,112,240,128,63,192,129,104,1392,S31a
80,112,32,80,80,0,144,144,0,72,280,208,80,80,0,87,288,201,64,191,127,97,1272,S31a
80,120,40,79,79,0,137,137,0,84,304,220,79,79,0,105,256,151,80,161,81,104,1240,S31a
80,79,-1,97,97,0,103,128,25,80,335,255,81,113,32,103,344,241,71,256,185,95,1447,S31a
80,112,32,104,135,31,89,113,24,88,368,280,88,160,72,96,400,304,79,263,184,96,1647,S31a
79,144,65,80,80,0,128,128,0,80,328,248,72,128,56,104,360,256,80,232,152,104,1504,S31a
64,152,88,128,128,0,120,136,16,80,336,256,88,128,40,104,200,96,80,224,144,96,1400,S31a
80,112,32,137,137,0,103,231,128,80,1080,1000,64,1032,968,96,96,0,64,240,176,96,3024,S31a
88,160,72,95,112,17,128,160,32,64,408,344,80,144,64,104,168,64,80,248,168,80,1480,S31a
80,120,40,104,105,1,127,143,16,72,328,256,72,184,112,112,192,80,72,200,128,96,1368,S31a
80,136,56,96,96,0,128,128,0,80,360,280,88,112,24,104,352,248,72,160,88,104,1448,S31a
88,144,56,104,104,0,128,152,24,80,304,224,72,104,32,80,232,152,64,168,104,88,1296,S31a
88,128,40,96,97,1,110,135,25,80,400,320,80,176,96,80,232,152,72,280,208,112,1560,S31a
80,144,64,104,104,0,143,160,17,80,352,272,79,104,25,96,232,136,80,184,104,104,1384,S31a
103,232,129,56,1464,1408,96,152,56,80,376,296,72,152,80,88,288,200,72,600,528,88,3352,S31a
88,168,80,48,64,16,112,224,112,80,328,248,64,88,24,88,264,176,72,200,128,80,1416,S31a
96,136,40,96,112,16,112,112,0,72,319,247,81,185,104,104,136,32,72,272,200,104,1376,S31a
88,152,64,80,104,24,129,128,-1,64,312,248,80,176,96,96,160,64,72,328,256,104,1464,S31a
72,152,80,104,104,0,112,152,40,104,400,296,96,200,104,80,216,136,80,240,160,88,1552,S31a
80,136,56,96,96,0,120,152,32,72,456,384,96,96,0,80,264,184,72,248,176,96,1544,S31a
104,104,0,88,88,0,112,112,0,80,608,528,88,160,72,104,176,72,72,223,151,145,1616,S31a
64,144,80,88,89,1,135,135,0,72,368,296,80,312,232,88,120,32,72,248,176,80,1496,S31a
88,152,64,120,128,8,120,136,16,80,384,304,72,152,80,112,176,64,79,264,185,104,1496,S31a
112,192,80,128,144,16,104,120,16,72,320,248,88,128,40,104,208,104,72,224,152,144,1480,S31a
72,96,24,96,97,1,127,127,0,80,408,328,80,600,520,128,129,1,79,383,304,88,1928,S31a
96,176,80,112,113,1,103,135,32,80,400,320,80,272,192,112,112,0,80,232,152,104,1544,S31a
56,112,56,88,120,32,128,128,0,72,320,248,88,168,80,88,144,56,80,192,112,104,1288,S31a
56,80,24,112,152,40,112,144,32,80,336,256,80,176,96,96,160,64,80,208,128,96,1352,S31a
88,120,32,56,57,1,119,119,0,80,376,296,72,104,32,104,184,80,80,216,136,128,1304,S31a
72,112,40,104,105,1,120,119,-1,80,336,256,80,160,80,104,160,56,72,216,144,112,1320,S31a
80,120,40,104,105,1,119,119,0,72,344,272,72,120,48,104,200,96,72,168,96,96,1272,S31a
72,96,24,112,144,32,137,136,-1,72,344,272,80,584,504,120,160,40,80,232,152,104,1800,S31a
80,112,32,104,105,1,103,119,16,80,384,304,72,120,48,112,200,88,80,208,128,104,1352,S31a
88,120,32,96,88,-8,137,136,-1,80,336,256,88,152,64,104,216,112,80,248,168,80,1376,S31a
96,296,200,120,121,1,127,159,32,88,360,272,88,160,72,104,208,104,72,200,128,96,1600,S31a
104,160,56,104,105,1,103,119,16,88,408,320,80,160,80,104,192,88,80,184,104,96,1424,S31a
80,112,32,112,144,32,145,144,-1,72,424,352,88,552,464,88,103,15,89,273,184,88,1840,S31a
104,160,56,88,89,1,103,135,32,80,343,263,81,145,64,80,184,104,80,160,80,104,1320,S31a
88,144,56,88,80,-8,112,144,32,72,360,288,80,216,136,88,288,200,72,200,128,104,1536,S31a
96,128,32,71,56,-15,153,152,-1,80,392,312,80,168,88,96,232,136,80,160,80,104,1392,S31a
88,192,104,112,113,1,103,127,24,80,448,368,72,224,152,112,176,64,72,256,184,104,1640,S31a
88,128,40,72,73,1,135,167,32,80,408,328,88,144,56,96,233,137,63,175,112,104,1432,S31a
120,232,112,129,129,0,151,143,-8,72,368,296,88,168,80,96,176,80,80,192,112,88,1496,S31a
80,104,24,104,105,1,144,143,-1,80,343,263,89,129,40,88,192,104,72,176,104,104,1296,S31a
64,128,64,120,121,1,120,119,-1,89,416,327,88,152,64,96,208,112,80,192,112,104,1440,S31a
96,152,56,88,104,16,128,160,32,72,736,664,72,640,568,104,104,0,80,240,160,104,2240,S31a
80,104,24,105,105,0,128,127,-1,56,336,280,80,112,32,112,200,88,72,184,112,104,1272,S31a
80,112,32,96,97,1,103,119,16,88,312,224,88,128,40,104,208,104,64,144,80,80,1200,S31a
104,160,56,104,104,0,129,128,-1,80,392,312,80,120,40,104,329,225,71,151,80,104,1488,S31a
96,144,48,80,81,1,127,143,16,80,376,296,88,128,40,112,264,152,64,168,104,104,1408,S31a
80,128,48,104,105,1,112,111,-1,80,384,304,80,160,80,88,416,328,64,152,88,112,1568,S31a
88,144,56,79,64,-15,145,144,-1,80,416,336,80,168,88,104,320,216,80,184,104,96,1536,S31a
104,144,40,96,96,0,104,112,8,80,424,344,88,128,40,88,296,208,72,160,88,104,1464,S31a
80,112,32,104,160,56,184,1480,1296,80,488,408,80,192,112,104,192,88,80,224,144,96,2944,S31a
80,120,40,112,113,1,103,255,152,64,440,376,80,144,64,104,184,80,72,192,120,96,1544,S31a
80,128,48,96,96,0,105,104,-1,80,384,304,88,144,56,88,200,112,64,152,88,112,1320,S31a
88,120,32,88,112,24,112,128,16,104,480,376,88,128,40,104,216,112,64,216,152,96,1496,S31a
88,112,24,128,129,1,95,127,32,80,520,440,80,128,48,104,200,96,72,169,97,103,1488,S31a
88,128,40,112,144,32,80,104,24,80,432,352,80,104,24,104,224,120,72,176,104,96,1408,S31a
104,128,24,112,144,32,104,136,32,80,432,352,80,104,24,104,209,105,71,167,96,120,1440,S31a
103,135,32,120,121,1,120,119,-1,120,552,432,88,216,128,128,160,32,64,208,144,112,1623,S31a
80,112,32,80,88,8,128,144,16,96,440,344,72,112,40,104,472,368,64,176,112,104,1648,S31a
95,175,80,80,81,1,103,127,24,80,569,489,87,127,40,120,272,152,80,296,216,104,1751,S31a
88,161,73,103,111,8,129,129,0,71,423,352,80,112,32,104,224,120,64,216,152,72,1448,S31a
103,136,33,112,120,8,121,120,-1,104,400,296,80,137,57,103,231,128,64,536,472,104,1784,S31a
96,121,25,103,104,1,111,144,33,63,383,320,80,240,160,104,280,176,80,464,384,88,1824,S31a
79,104,25,87,88,1,104,103,-1,88,528,440,64,104,40,72,641,569,71,247,176,104,1919,S31a
88,169,81,72,72,0,103,119,16,80,432,352,72,120,48,104,337,233,79,231,152,144,1624,S31a
95,120,25,104,104,0,128,128,0,71,366,295,73,105,32,80,449,369,71,175,104,120,1567,S31a
87,167,80,112,113,1,104,103,-1,80,385,305,79,111,32,80,280,200,72,144,72,112,1415,S31a
87,135,48,104,121,17,87,111,24,112,400,288,80,344,264,104,120,16,80,248,168,104,1583,S31a
97,96,-1,113,113,0,128,127,-1,80,480,400,72,137,65,103,247,144,72,241,169,95,1536,S31a
87,120,33,88,88,0,136,135,-1,88,448,360,72,136,64,104,224,120,64,176,112,104,1431,S31a
72,137,65,104,104,0,95,104,9,87,383,296,81,112,31,96,289,193,87,143,56,104,1376,S31a
104,161,57,103,104,1,136,135,-1,80,344,264,88,153,65,88,192,104,71,216,145,135,1440,S31a
87,127,40,120,145,25,96,136,40,87,367,280,88,145,57,87,240,153,71,175,104,129,1464,S31a
103,152,49,104,128,24,96,112,16,103,352,249,103,128,25,95,495,400,80,176,96,112,1655,S31a
89,121,32,97,98,1,102,141,39,106,385,279,96,129,33,104,216,112,88,168,80,103,1361,S31a
88,145,57,79,80,1,104,104,0,79,343,264,80,136,56,88,200,112,80,176,96,104,1288,S31a
71,127,56,105,105,0,112,112,0,79,336,257,104,103,-1,88,272,184,80,424,344,96,1575,S31a
79,104,25,95,120,25,79,112,33,95,336,241,88,159,71,80,184,104,72,185,113,103,1303,S31a
104,129,25,112,112,0,120,120,0,79,408,329,87,144,57,88,288,200,71,256,185,135,1592,S31a
63,95,32,97,97,0,104,104,0,87,383,296,81,137,56,71,328,257,80,183,103,97,1424,S31a
63,95,32,89,89,0,103,119,16,72,289,217,87,119,32,88,289,201,80,152,72,104,1256,S31a
87,120,33,104,104,0,112,112,0,96,343,247,81,129,48,79,271,192,80,161,81,111,1351,S31a
103,128,25,87,112,25,112,112,0,71,343,272,73,96,23,96,273,177,72,176,104,104,1344,S31a
88,111,23,104,113,9,128,127,-1,80,705,625,55,424,369,87,128,41,72,224,152,71,1903,S31a
87,128,41,103,120,17,87,112,25,79,376,297,71,152,81,79,192,113,72,207,135,80,1367,S31a
95,112,17,96,96,0,87,111,24,88,465,377,72,168,96,103,407,304,81,233,152,103,1695,S31a
136,135,-1,82,65,-17,129,128,-1,72,441,369,104,103,-1,104,272,168,72,184,112,88,1416,S31a
80,160,80,56,57,1,103,184,81,119,400,281,79,135,56,104,288,184,65,185,120,87,1496,S31a
80,160,80,80,81,1,128,127,-1,80,336,256,80,136,56,88,200,112,72,201,129,87,1328,S31a
63,144,81,79,80,1,112,111,-1,88,328,240,88,144,56,104,200,96,64,160,96,88,1255,S31a
80,136,56,104,105,1,112,112,0,79,311,232,80,136,56,112,217,105,79,175,96,80,1272,S31a
88,144,56,105,105,0,112,112,0,87,311,224,88,120,32,88,312,224,56,144,88,96,1344,S31a
56,120,64,81,81,0,137,119,-18,80,304,224,88,104,16,104,208,104,80,144,64,104,1184,S31a
88,120,32,96,97,1,128,127,-1,72,344,272,80,104,24,104,216,112,81,144,63,104,1256,S31a
87,167,80,105,105,0,152,152,0,63,287,224,80,112,32,96,200,104,72,152,80,104,1279,S31a
103,167,64,97,97,0,120,119,-1,72,321,249,79,128,49,95,168,73,79,199,120,96,1295,S31a
80,136,56,104,105,1,104,104,0,87,343,256,80,184,104,96,145,49,80,199,119,104,1320,S31a
104,145,41,112,112,0,112,111,-1,88,337,249,95,160,65,103,184,81,79,176,97,96,1321,S31a
87,151,64,81,81,0,143,136,-7,79,320,241,103,135,32,104,177,73,79,159,80,104,1263,S31a
79,135,56,97,97,0,151,151,0,72,297,225,87,143,56,88,160,72,80,145,65,111,1239,S31a
88,144,56,72,65,-7,120,119,-1,88,296,208,88,129,41,111,167,56,72,177,105,143,1240,S31a
80,128,48,49,49,0,136,136,0,79,327,248,88,121,33,111,175,64,72,176,104,104,1216,S31a
104,135,31,81,81,0,112,112,0,79,327,248,88,208,120,112,113,1,79,256,177,95,1327,S31a
80,112,32,88,120,32,113,152,39,89,409,320,87,144,57,103,168,65,71,192,121,87,1384,S31a
79,128,49,71,56,-15,144,144,0,79,544,465,79,920,841,88,88,0,104,240,136,111,2231,S31a
79,112,33,88,88,0,128,128,0,87,632,545,71,304,233,151,191,40,72,304,232,105,1864,S31a
47,120,73,143,144,1,151,136,-15,80,336,256,103,208,105,80,184,104,71,208,137,103,1439,S31a
55,112,57,112,112,0,128,128,0,79,471,392,89,273,184,111,200,89,80,216,136,95,1607,S31a
96,209,113,111,1688,1577,79,40,-39,79,336,257,72,247,175,216,256,40,80,224,144,88,3088,S31a
71,104,33,87,120,33,95,120,25,80,304,224,87,304,217,103,128,25,72,200,128,79,1359,S31a
39,80,41,112,136,24,120,120,0,79,336,257,79,127,48,88,393,305,79,232,153,87,1511,S31a
88,152,64,103,104,1,120,120,0,79,304,225,104,176,72,80,159,79,80,193,113,88,1296,S31a
55,264,209,152,152,0,96,127,31,88,337,249,87,240,153,79,104,25,79,200,121,103,1527,S31a
111,151,40,113,113,0,112,112,0,95,328,233,87,192,105,95,144,49,79,184,105,104,1328,S31a
55,232,177,152,152,0,96,120,24,87,359,272,88,145,57,88,192,104,71,176,105,103,1479,S31a
103,143,40,129,129,0,127,160,33,71,304,233,95,152,57,87,176,89,79,184,105,111,1359,S31a
104,136,32,96,96,0,135,120,-15,95,320,225,87,192,105,111,144,33,71,200,129,103,1311,S31a
79,128,49,88,89,1,127,127,0,104,328,224,80,135,55,104,185,81,79,160,81,95,1247,S31a
111,239,128,104,73,-31,151,136,-15,80,376,296,79,199,120,104,137,33,72,200,128,95,1455,S31a
103,144,41,104,104,0,112,112,0,79,304,225,79,119,40,105,161,56,80,160,80,103,1207,S31a
105,153,48,104,104,0,119,104,-15,95,320,225,80,120,40,103,191,88,80,137,57,112,1241,S31a
80,793,713,111,144,33,103,136,33,88,328,240,103,152,49,88,176,88,79,200,121,95,2024,S31a
104,144,40,88,88,0,128,128,0,80,328,248,79,120,41,103,224,121,88,144,56,103,1279,S31a
95,136,41,104,104,0,112,112,0,87,304,217,80,120,40,95,215,120,80,113,33,104,1208,S31a
80,120,40,87,56,-31,136,136,0,88,368,280,80,120,40,104,216,112,80,168,88,103,1287,S31a
112,152,40,64,64,0,159,136,-23,88,336,248,88,168,80,79,232,153,80,184,104,111,1383,S31a
79,136,57,80,80,0,136,136,0,80,312,232,79,120,41,103,200,97,72,144,72,96,1224,S31a
87,168,81,127,160,33,143,128,-15,88,320,232,80,128,48,103,192,89,80,176,96,88,1360,S31a
95,191,96,89,89,0,168,136,-32,87,288,201,80,136,56,95,168,73,80,192,112,80,1280,S31a
88,136,48,73,56,-17,145,145,0,79,304,225,88,119,31,97,193,96,85,168,83,103,1224,S31a
88,136,48,120,120,0,136,135,-1,81,329,248,87,120,33,95,184,89,80,176,96,80,1280,S31a
104,159,55,72,41,-31,152,152,0,88,344,256,95,272,177,104,104,0,80,231,151,89,1392,S31a
88,128,40,128,128,0,112,112,0,96,336,240,80,160,80,104,168,64,80,160,80,96,1288,S31a
88,344,256,96,96,0,136,136,0,88,384,296,72,208,136,104,232,128,80,160,80,104,1664,S31a
80,208,128,48,48,0,121,120,-1,95,328,233,80,160,80,96,144,48,72,168,96,112,1288,S31a
72,120,48,112,112,0,128,128,0,80,1391,1311,97,137,40,88,168,80,88,240,152,112,2408,S31a
56,495,439,97,137,40,104,136,32,104,344,240,88,200,112,104,128,24,72,192,120,104,1736,S31a
72,112,40,104,104,0,104,104,0,96,368,272,80,160,80,103,184,81,64,208,144,96,1336,S31a
104,144,40,112,113,1,111,111,0,80,351,271,81,185,104,104,184,80,80,176,96,96,1360,S31a
104,208,104,96,96,0,112,112,0,88,336,248,88,144,56,88,192,104,64,152,88,96,1336,S31a
96,176,80,96,96,0,120,120,0,80,336,256,96,120,24,112,200,88,72,152,80,104,1304,S31a
96,183,87,105,105,0,104,104,0,104,328,224,88,152,64,104,159,55,81,193,112,104,1328,S31a
96,160,64,91,64,-27,136,136,0,80,288,208,87,224,137,112,144,32,80,232,152,104,1352,S31a
96,168,72,184,312,128,80,55,-25,73,1073,1000,88,664,576,96,112,16,80,232,152,104,2720,S31a
104,208,104,56,56,0,152,192,40,104,360,256,104,184,80,128,176,48,80,256,176,88,1520,S31a
88,144,56,88,1112,1024,88,824,736,64,264,200,80,256,176,88,168,80,80,192,112,104,3064,S31a
88,184,96,176,176,0,120,120,0,80,304,224,104,152,48,104,160,56,72,224,152,120,1440,S31a
80,136,56,120,120,0,127,127,0,81,321,240,96,128,32,104,184,80,88,168,80,64,1248,S31a
96,200,104,120,121,1,103,103,0,96,320,224,80,136,56,96,176,80,80,208,128,96,1360,S31a
96,168,72,120,121,1,103,103,0,104,320,216,104,1272,1168,88,104,16,80,208,128,96,2392,S31a
88,152,64,88,88,0,144,144,0,80,360,280,96,120,24,88,192,104,80,136,56,104,1296,S31a
64,112,48,88,88,0,135,128,-7,72,296,224,88,120,32,96,176,80,72,160,88,104,1184,S31a
80,120,40,88,104,16,128,128,0,64,304,240,104,168,64,112,208,96,80,216,136,120,1368,S31a
104,144,40,49,15,-34,138,137,-1,80,448,368,88,824,736,136,136,0,64,168,104,96,1968,S31a
96,136,40,88,88,0,112,112,0,80,296,216,88,192,104,80,152,72,80,136,56,96,1208,S31a
80,112,32,96,96,0,112,112,0,80,296,216,80,128,48,80,184,104,72,136,64,104,1168,S31a
104,208,104,104,116,12,124,124,0,96,344,248,88,672,584,88,144,56,80,320,240,96,2024,S31a
80,120,40,80,80,0,136,136,0,80,336,256,88,144,56,80,200,120,80,528,448,104,1648,S31a
80,176,96,96,64,-32,160,160,0,64,288,224,88,288,200,88,89,1,79,231,152,80,1376,S31a
104,144,40,88,89,1,134,119,-15,80,312,232,88,648,560,80,120,40,80,240,160,80,1752,S31a
96,120,24,104,104,0,129,128,-1,64,335,271,81,161,80,72,176,104,80,200,120,96,1320,S31a
71,104,33,96,128,32,104,104,0,104,352,248,88,200,112,104,160,56,72,232,160,112,1392,S31a
88,128,40,80,81,1,128,127,-1,72,343,271,113,441,328,72,80,8,88,224,136,112,1536,S31a
80,112,32,112,88,-24,129,128,-1,72,296,224,88,120,32,88,168,80,64,184,120,80,1176,S31a
80,136,56,88,89,1,127,103,-24,80,312,232,88,152,64,80,184,104,64,144,80,80,1200,S31a
80,136,56,88,89,1,112,111,-1,88,288,200,80,232,152,104,160,56,80,208,128,80,1304,S31a
104,152,48,112,112,0,128,128,0,64,336,272,72,520,448,80,80,0,80,240,160,79,1647,S31a
104,104,0,80,81,1,135,111,-24,88,312,224,88,264,176,80,120,40,72,176,104,88,1256,S31a
64,112,48,88,88,0,137,136,-1,64,288,224,80,208,128,88,168,80,72,152,80,104,1256,S31a
93,134,41,104,104,0,143,128,-15,80,296,216,80,488,408,104,128,24,72,224,152,96,1598,S31a
104,336,232,80,56,-24,145,144,-1,64,288,224,88,368,280,96,120,24,80,272,192,88,1672,S31a
80,96,16,104,104,0,105,104,-1,96,440,344,80,304,224,88,120,32,72,168,96,96,1432,S31a
80,224,144,96,96,0,88,120,32,80,464,384,72,216,144,104,105,1,63,239,176,152,1616,S31a
104,136,32,88,89,1,128,127,-1,72,408,336,88,200,112,104,520,416,72,136,64,104,1720,S31a
112,248,136,112,144,32,80,112,32,88,400,312,72,528,456,104,136,32,72,192,120,96,1856,S31a
80,104,24,88,88,0,111,88,-23,104,352,248,80,184,104,88,240,152,80,208,128,96,1360,S31a
88,144,56,104,136,32,112,127,15,89,673,584,72,344,272,120,152,32,80,208,128,88,1872,S31a
104,160,56,120,104,-16,129,128,-1,80,328,248,96,200,104,95,640,545,72,224,152,104,1888,S31a
80,128,48,80,72,-8,137,136,-1,88,416,328,80,496,416,80,96,16,80,288,208,88,1720,S31a
96,152,56,80,81,1,120,119,-1,88,384,296,87,264,177,104,152,48,64,192,128,96,1440,S31a
88,168,80,128,192,64,88,112,24,88,632,544,80,360,280,104,105,1,71,199,128,88,1856,S31a
96,104,8,80,81,1,128,127,-1,80,376,296,80,400,320,96,97,1,71,383,312,88,1656,S31a
88,128,40,88,104,16,105,104,-1,80,376,296,72,320,248,104,128,24,80,232,152,88,1480,S31a
126,158,32,72,41,-31,144,111,-33,88,408,320,56,464,408,96,144,48,64,200,136,88,1614,S31a
112,112,0,103,104,1,112,111,-1,72,577,505,79,231,152,105,152,47,64,192,128,96,1575,S31a
72,144,72,88,105,17,111,135,24,104,480,376,80,136,56,104,208,104,64,192,128,112,1512,S31a
81,144,63,80,64,-16,120,136,16,80,473,393,79,103,24,88,248,160,64,168,104,88,1424,S31a
71,127,56,72,65,-7,111,128,17,79,383,304,80,192,112,112,192,80,80,201,121,79,1367,S31a
87,103,16,80,81,1,87,119,32,80,384,304,80,185,105,103,159,56,65,176,111,96,1303,S31a
79,96,17,88,88,0,112,128,16,72,503,431,88,145,57,87,167,80,73,232,159,80,1439,S31a
130,129,-1,94,79,-15,104,104,0,80,359,279,80,561,481,104,104,0,63,304,241,95,1735,S31a
79,128,49,104,104,0,104,104,0,71,415,344,89,352,263,112,192,80,56,217,161,103,1615,S31a
104,127,23,97,97,0,112,112,0,63,288,225,80,304,224,103,136,33,63,183,120,96,1343,S31a
103,128,25,88,89,1,119,119,0,71,311,240,80,289,209,112,87,-25,80,233,153,112,1368,S31a
96,129,33,103,96,-7,111,120,9,87,656,569,79,736,657,112,112,0,63,256,193,103,2208,S31a
80,144,64,81,81,0,127,127,0,88,337,249,80,216,136,87,136,49,79,176,97,95,1312,S31a
79,160,81,128,128,0,79,111,32,104,337,233,79,200,121,103,135,32,81,201,120,104,1376,S31a
80,136,56,104,104,0,104,104,0,79,336,257,87,232,145,96,136,40,63,232,169,95,1375,S31a
55,80,25,95,80,-15,136,136,0,79,304,225,87,200,113,104,143,39,80,176,96,104,1223,S31a
111,176,65,63,40,-23,136,136,0,79,327,248,88,185,97,103,168,65,79,176,97,103,1311,S31a
79,136,57,127,152,25,119,1216,1097,88,896,808,87,175,88,89,417,328,87,152,65,104,3248,S31a
79,152,73,144,144,0,104,104,0,104,360,256,96,232,136,111,152,41,71,216,145,87,1447,S31a
63,144,81,88,88,0,87,120,33,95,343,248,81,593,512,80,96,16,79,456,377,111,1951,S31a
64,192,128,137,138,1,110,143,33,72,335,263,80,185,105,111,168,57,79,223,144,96,1480,S31a
56,95,39,129,129,0,96,112,16,80,344,264,79,208,129,104,152,48,80,192,112,112,1344,S31a
95,152,57,168,168,0,136,136,0,95,392,297,103,256,153,95,168,73,72,184,112,95,1551,S31a
55,136,81,96,96,0,104,104,0,87,344,257,72,240,168,95,136,41,71,168,97,120,1344,S31a
80,104,24,128,128,0,112,136,24,79,440,361,88,144,56,103,152,49,79,176,97,111,1391,S31a
47,152,105,87,72,-15,128,128,0,87,464,377,79,168,89,80,183,103,81,177,96,79,1423,S31a
88,144,56,72,72,0,88,104,16,79,336,257,80,160,80,96,151,55,79,200,121,88,1255,S31a
104,136,32,87,80,-7,119,136,17,80,376,296,88,168,80,80,167,87,81,169,88,103,1335,S31a
80,112,32,72,72,0,120,120,0,80,304,224,80,224,144,104,136,32,80,184,104,87,1239,S31a
103,136,33,79,64,-15,144,144,0,80,304,224,88,160,72,80,160,80,71,152,81,104,1224,S31a
72,112,40,104,104,0,137,136,-1,64,336,272,88,168,80,88,200,112,72,200,128,104,1360,S31a
80,128,48,96,96,0,112,112,0,80,328,248,88,224,136,104,104,0,72,232,160,104,1328,S31a
96,128,32,104,104,0,88,112,24,80,424,344,104,216,112,80,184,104,64,152,88,104,1424,S31a
88,144,56,80,48,-32,128,128,0,80,312,232,80,168,88,80,152,72,71,136,65,96,1184,S31a
89,129,40,79,63,-16,136,136,0,73,345,272,79,120,41,88,216,128,64,128,64,95,1232,S31a
96,128,32,72,72,0,128,128,0,64,432,368,79,496,417,96,128,32,64,143,79,113,1640,S31a
80,152,72,128,128,0,88,120,32,80,360,280,80,248,168,96,400,304,87,232,145,96,1736,S31a
120,184,64,112,112,0,104,144,40,87,391,304,81,169,88,96,224,128,72,144,72,88,1456,S31a
96,128,32,95,80,-15,136,136,0,72,368,296,104,168,64,103,168,65,80,200,120,80,1328,S31a
96,152,56,103,103,0,97,97,0,80,416,336,72,136,64,71,248,177,64,152,88,128,1432,S31a
73,105,32,136,136,0,104,112,8,80,359,279,89,169,80,80,144,64,71,192,121,88,1305,S31a
79,136,57,80,48,-32,120,152,32,80,408,328,80,888,808,96,200,104,64,160,96,88,2080,S31a
56,136,80,95,80,-15,128,128,0,80,511,431,81,201,120,88,136,48,80,184,104,104,1480,S31a
96,176,80,96,72,-24,112,112,0,80,552,472,88,200,112,104,152,48,80,136,56,104,1504,S31a
96,160,64,112,112,0,104,136,32,64,416,352,72,120,48,112,200,88,72,176,104,96,1416,S31a
112,144,32,88,89,1,111,111,0,80,360,280,80,224,144,96,200,104,64,176,112,88,1392,S31a
104,160,56,80,48,-32,128,144,16,96,472,376,80,328,248,96,112,16,88,200,112,96,1560,S31a
103,151,48,97,64,-33,137,137,0,80,400,320,87,216,129,104,176,72,64,192,128,103,1439,S31a
88,120,32,104,104,0,96,96,0,80,351,271,81,185,104,88,168,80,80,176,96,96,1296,S31a
105,161,56,96,64,-32,135,135,0,80,368,288,80,385,305,96,112,16,72,232,160,120,1577,S31a
80,104,24,79,48,-31,136,136,0,72,368,296,80,624,544,96,120,24,64,432,368,96,1928,S31a
64,120,56,87,1976,1889,64,39,-25,65,417,352,80,480,400,88,88,0,80,208,128,88,3416,S31a
40,40,0,64,1448,1384,55,40,-15,72,712,640,88,183,95,73,177,104,64,224,160,104,2928,S31a
72,104,32,72,72,0,104,104,0,80,336,256,80,264,184,96,97,1,79,159,80,104,1240,S31a
72,88,16,112,113,1,95,95,0,72,440,368,72,247,175,129,130,1,63,255,192,112,1480,S31a
105,104,-1,88,176,88,88,56,-32,80,432,352,80,456,376,128,304,176,88,336,248,104,1968,S31a
88,168,80,88,184,96,80,144,64,64,384,320,88,840,752,96,97,1,63,271,208,96,2184,S31a
112,112,0,104,105,1,103,103,0,88,359,271,73,1449,1376,112,113,1,63,383,320,112,2736,S31a
72,72,0,88,168,80,129,128,-1,80,416,336,64,472,408,120,88,-32,80,296,216,96,1736,S31a
79,64,-15,96,97,1,87,103,16,80,352,272,80,352,272,112,112,0,56,232,176,160,1472,S31a
96,96,0,79,64,-15,121,120,-1,72,335,263,81,417,336,95,80,-15,72,224,152,104,1440,S31a
104,104,0,72,48,-24,129,128,-1,80,336,256,80,184,104,88,176,88,80,184,104,112,1272,S31a
88,112,24,88,56,-32,128,128,0,80,320,240,80,168,88,96,160,64,64,152,88,104,1200,S31a
72,72,0,104,105,1,103,103,0,64,296,232,88,144,56,80,192,112,80,176,96,104,1192,S31a
96,128,32,88,89,1,104,103,-1,72,296,224,80,136,56,80,304,224,72,216,144,96,1368,S31a
88,128,40,109,72,-37,129,128,-1,80,312,232,72,184,112,88,143,55,81,193,112,120,1280,S31a
96,128,32,88,89,1,112,111,-1,80,288,208,80,192,112,88,160,72,80,168,88,104,1240,S31a
96,96,0,88,88,0,111,111,0,81,297,216,80,144,64,88,216,128,64,176,112,112,1240,S31a
104,104,0,88,64,-24,121,120,-1,88,319,231,80,161,81,80,192,112,72,152,80,88,1200,S31a
100,73,-27,88,89,1,128,127,-1,80,480,400,80,120,40,104,232,128,72,224,152,128,1473,S31a
88,120,32,96,97,1,79,103,24,80,376,296,80,472,392,96,104,8,80,184,104,96,1552,S31a
80,120,40,88,56,-32,136,136,0,80,304,224,80,208,128,80,160,80,64,168,104,88,1240,S31a
80,112,32,79,64,-15,128,112,-16,72,272,200,80,160,80,88,200,112,72,152,80,88,1160,S31a
96,128,32,104,112,8,128,128,0,64,327,263,89,177,88,120,224,104,63,175,112,81,1352,S31a
96,128,32,88,144,56,119,104,-15,72,320,248,88,144,56,104,216,112,72,152,80,104,1312,S31a
104,128,24,87,71,-16,128,128,0,80,360,280,97,153,56,96,232,136,72,152,80,96,1320,S31a
104,144,40,112,113,1,128,127,-1,64,368,304,88,176,88,80,176,96,64,176,112,88,1368,S31a
40,80,40,88,144,56,96,1416,1320,104,207,103,80,416,336,96,112,16,80,208,128,96,2679,S31a
128,128,0,80,80,0,112,112,0,88,360,272,81,400,319,104,104,0,80,216,136,112,1512,S31a
88,120,32,72,73,1,128,128,0,56,287,231,80,528,448,97,184,87,80,216,136,106,1642,S31a
79,111,32,104,112,8,89,89,0,88,360,272,88,368,280,96,128,32,64,152,88,104,1424,S31a
104,120,16,104,105,1,104,103,-1,72,320,248,80,216,136,88,120,32,72,200,128,96,1280,S31a
80,120,40,80,81,1,120,119,-1,72,296,224,80,176,96,88,208,120,80,192,112,80,1272,S31a
104,144,40,56,32,-24,104,136,32,104,424,320,80,184,104,96,176,80,63,184,121,80,1360,S31a
72,104,32,103,104,1,137,136,-1,63,288,225,79,184,105,80,160,80,64,176,112,79,1231,S31a
105,152,47,88,89,1,128,127,-1,87,368,281,88,712,624,89,89,0,79,231,152,80,1848,S31a
88,88,0,96,97,1,128,127,-1,56,280,224,80,192,112,96,152,56,56,184,128,80,1200,S31a
56,88,32,104,105,1,151,135,-16,72,328,256,80,264,184,112,216,104,64,240,176,81,1457,S31a
105,104,-1,120,121,1,135,135,0,64,320,256,80,224,144,80,160,80,80,209,129,95,1368,S31a
96,112,16,94,64,-30,169,168,-1,80,360,280,80,184,104,80,176,96,72,200,128,104,1368,S31a
88,112,24,120,152,32,120,1448,1328,80,360,280,103,824,721,105,105,0,79,255,176,80,3336,S31a
127,175,48,121,121,0,88,87,-1,72,320,248,80,353,273,104,104,0,71,255,184,112,1527,S31a
88,120,32,97,97,0,112,111,-1,80,304,224,88,168,80,80,185,105,55,159,104,104,1248,S31a
80,112,32,80,104,24,104,137,33,63,327,264,89,577,488,89,89,0,79,230,151,89,1665,S31a
80,113,33,111,112,1,88,208,120,72,1264,1192,71,313,242,80,80,0,79,248,169,104,2442,S31a
80,104,24,72,48,-24,137,136,-1,72,296,224,80,176,96,96,200,104,64,168,104,96,1224,S31a
88,120,32,80,81,1,79,111,32,72,328,256,72,176,104,80,184,104,64,224,160,104,1328,S31a
73,320,247,82,208,126,65,240,175,130,713,583,81,376,295,146,216,70,81,320,239,121,2514,S30a
122,144,22,82,176,94,65,80,15,82,321,239,88,304,216,153,136,-17,73,208,135,97,1466,S30a
112,142,30,88,151,63,105,135,30,105,247,142,97,310,213,136,159,23,65,286,221,106,1536,S30a
96,167,71,73,135,62,73,136,63,81,222,141,90,279,189,144,167,23,73,294,221,97,1497,S30a
105,143,38,83,160,77,80,127,47,89,223,134,109,215,106,153,223,70,65,206,141,105,1402,S30a
129,184,55,88,182,94,74,136,62,81,271,190,89,303,214,121,134,13,83,272,189,113,1595,S30a
87,134,47,82,161,79,81,135,54,97,215,118,98,224,126,153,238,85,130,343,213,153,1603,S30a
104,143,39,90,232,142,80,151,71,81,191,110,98,224,126,193,463,270,88,279,191,105,1788,S30a
96,175,79,112,167,55,98,216,118,97,167,70,73,327,254,177,184,7,80,223,143,137,1596,S30a
91,153,62,104,175,71,89,168,79,81,183,102,114,208,94,170,184,14,89,255,166,113,1439,S30a
89,152,63,92,176,84,96,175,79,97,224,127,105,351,246,120,88,-32,72,240,168,88,1494,S30a
90,136,46,89,144,55,89,104,15,90,223,133,122,152,30,185,256,71,81,395,314,117,1527,S30a
137,167,30,82,145,63,75,103,28,82,265,183,104,311,207,145,160,15,73,231,158,113,1495,S30a
97,160,63,137,138,1,103,110,7,81,223,142,122,160,38,129,359,230,98,312,214,129,1591,S30a
105,160,55,120,112,-8,137,143,6,65,232,167,129,184,55,201,256,55,88,615,527,136,1838,S30a
129,216,87,93,144,51,73,184,111,66,256,190,97,511,414,145,147,2,78,197,119,137,1792,S30a
121,207,86,176,120,-56,59,272,213,129,271,142,105,296,191,185,264,79,89,1559,1470,120,3109,S30a
97,192,95,105,112,7,121,152,31,89,1207,1118,89,185,96,137,247,110,82,168,86,113,2376,S30a
90,177,87,80,136,56,89,119,30,66,193,127,128,247,119,129,160,31,82,192,110,90,1314,S30a
129,152,23,97,72,-25,122,144,22,73,192,119,98,224,126,161,152,-9,73,207,134,89,1232,S30a
113,176,63,114,120,6,94,96,2,73,248,175,97,176,79,145,216,71,73,232,159,96,1360,S30a
97,184,87,121,152,31,89,144,55,81,192,111,120,200,80,145,175,30,82,153,71,88,1288,S30a
104,200,96,138,160,22,121,159,38,75,209,134,121,152,31,193,272,79,89,216,127,97,1465,S30a
137,160,23,169,224,55,113,136,23,98,192,94,98,176,78,170,231,61,89,136,47,122,1377,S30a
129,160,31,97,128,31,97,88,-9,113,199,86,98,209,111,169,160,-9,81,192,111,104,1240,S30a
89,201,112,128,119,-9,121,136,15,73,200,127,106,224,118,161,168,7,57,168,111,98,1314,S30a
98,177,79,185,151,-34,121,168,47,82,160,78,98,241,143,129,160,31,90,160,70,129,1346,S30a
89,170,81,121,127,6,97,167,70,81,186,105,113,232,119,121,168,47,82,152,70,96,1298,S30a
81,193,112,160,162,2,103,134,31,58,176,118,87,182,95,155,170,15,73,176,103,97,1290,S30a
200,312,112,178,224,46,138,144,6,82,191,109,99,210,111,172,152,-20,73,224,151,106,1563,S30a
105,151,46,129,105,-24,113,160,47,104,175,71,74,233,159,153,144,-9,57,208,151,98,1274,S30a
129,184,55,146,120,-26,118,136,18,114,184,70,98,216,118,138,120,-18,74,169,95,80,1209,S30a
105,152,47,129,130,1,103,126,23,97,248,151,130,296,166,195,208,13,98,161,63,108,1429,S30a
137,184,47,106,192,86,106,120,14,137,281,144,105,199,94,162,163,1,71,198,127,57,1394,S30a
113,168,55,145,128,-17,113,136,23,82,168,86,138,256,118,178,161,-17,81,199,118,106,1322,S30a
122,792,670,113,116,3,94,189,95,145,943,798,91,481,390,97,152,55,73,248,175,73,2994,S30a
88,128,40,129,135,6,98,161,63,72,152,80,106,304,198,137,152,15,67,192,125,57,1281,S30a
90,153,63,121,95,-26,114,137,23,73,176,103,129,232,103,122,192,70,114,184,70,96,1265,S30a
161,288,127,129,120,-9,89,104,15,81,201,120,104,199,95,138,184,46,82,281,199,65,1442,S30a
121,184,63,121,128,7,97,151,54,66,137,71,121,249,128,144,151,7,81,184,103,105,1289,S30a
121,192,71,121,88,-33,121,122,1,87,206,119,106,232,126,130,152,22,81,169,88,129,1290,S30a
154,216,62,81,48,-33,137,176,39,81,160,79,97,208,111,162,185,23,80,208,128,113,1314,S30a
129,152,23,145,119,-26,139,177,38,81,184,103,112,664,552,145,208,63,106,184,78,122,1810,S30a
169,184,15,97,98,1,104,134,30,98,192,94,113,193,80,152,160,8,81,199,118,114,1274,S30a
89,168,79,98,152,54,99,120,21,65,152,87,105,336,231,169,176,7,81,192,111,105,1401,S30a
145,248,103,170,161,-9,104,392,288,105,1112,1007,129,184,55,106,224,118,82,232,150,138,2691,S30a
97,191,94,146,97,-49,106,169,63,89,143,54,114,249,135,129,144,15,106,224,118,113,1330,S30a
161,192,31,209,200,-9,81,136,55,82,152,70,113,208,95,178,216,38,113,216,103,161,1481,S30a
114,240,126,145,160,15,106,145,39,40,168,128,153,216,63,136,191,55,130,273,143,89,1482,S30a
97,183,86,98,145,47,89,136,47,73,240,167,113,199,86,122,280,158,90,233,143,97,1513,S30a
105,248,143,130,152,22,114,192,78,74,264,190,113,280,167,130,208,78,82,488,406,95,1927,S30a
105,168,63,97,152,55,81,120,39,81,208,127,89,368,279,138,176,38,81,192,111,121,1505,S30a
121,168,47,89,64,-25,145,152,7,64,192,128,113,176,63,145,208,63,97,224,127,89,1273,S30a
130,193,63,75,79,4,90,112,22,73,227,154,55,310,255,169,151,-18,82,281,199,146,1499,S30a
153,177,24,105,159,54,90,160,70,74,168,94,89,256,167,138,120,-18,73,199,126,97,1336,S30a
82,192,110,105,96,-9,97,136,39,73,176,103,97,200,103,121,136,15,90,216,126,97,1249,S30a
129,168,39,145,160,15,129,176,47,66,167,101,105,193,88,145,152,7,80,223,143,83,1322,S30a
113,168,55,89,80,-9,120,121,1,86,190,104,114,178,64,145,168,23,64,350,286,81,1336,S30a
105,200,95,89,96,7,97,103,6,90,209,119,81,257,176,121,392,271,81,192,111,113,1562,S30a
90,153,63,144,159,15,82,112,30,89,184,95,97,200,103,161,152,-9,102,217,115,97,1274,S30a
105,232,127,136,127,-9,106,152,46,97,297,200,88,167,79,154,200,46,81,432,351,194,1801,S30a
104,207,103,146,147,1,105,142,37,89,695,606,98,353,255,144,240,96,89,208,119,81,2073,S30a
105,215,110,114,105,-9,105,120,15,82,200,118,105,175,70,163,209,46,82,216,134,137,1377,S30a
137,240,103,153,160,7,121,168,47,97,168,71,114,288,174,202,209,7,86,207,121,105,1545,S30a
129,184,55,144,112,-32,125,151,26,82,216,134,114,192,78,154,161,7,105,223,118,114,1353,S30a
168,231,63,123,64,-59,130,176,46,98,161,63,105,208,103,168,176,8,82,224,142,113,1353,S30a
106,128,22,161,112,-49,121,103,-18,90,208,118,115,169,54,169,295,126,99,209,110,121,1345,S30a
108,176,68,186,177,-9,88,119,31,114,152,38,137,240,103,161,152,-9,122,251,129,86,1353,S30a
90,168,78,121,87,-34,122,145,23,90,169,79,120,191,71,169,160,-9,98,248,150,121,1289,S30a
138,177,39,137,79,-58,128,120,-8,89,184,95,130,225,95,129,208,79,104,264,160,137,1394,S30a
169,232,63,168,120,-48,145,152,7,93,239,146,122,201,79,129,224,95,89,191,102,130,1489,S30a
105,144,39,193,120,-73,121,128,7,81,296,215,114,144,30,146,264,118,89,176,87,137,1409,S30a
138,184,46,137,88,-49,137,144,7,65,192,127,169,200,31,145,216,71,81,241,160,121,1386,S30a
98,144,46,145,147,2,102,117,15,81,241,160,104,135,31,162,193,31,89,328,239,120,1425,S30a
89,136,47,137,128,-9,97,120,23,80,192,112,105,248,143,121,144,23,73,160,87,168,1296,S30a
121,176,55,160,152,-8,88,128,40,89,199,110,114,145,31,170,264,94,65,176,111,128,1368,S30a
98,200,102,97,56,-41,113,128,15,73,192,119,113,176,63,170,376,206,82,208,126,138,1474,S30a
137,193,56,136,103,-33,122,136,14,90,209,119,128,175,47,146,209,63,80,176,96,137,1338,S30a
121,144,23,153,120,-33,144,121,-23,89,272,183,145,223,78,130,208,78,90,160,70,179,1427,S30a
130,136,6,129,112,-17,113,104,-9,107,616,509,89,904,815,121,160,39,89,200,111,122,2354,S30a
130,136,6,161,144,-17,89,112,23,66,249,183,89,136,47,145,215,70,89,200,111,82,1274,S30a
122,177,55,192,175,-17,106,112,6,82,224,142,114,144,30,145,1231,1086,72,1357,1285,109,3529,S30a
145,166,21,154,156,2,102,117,15,57,214,157,107,217,110,146,160,14,66,192,126,128,1350,S30a
86,125,39,129,143,14,98,105,7,90,223,133,106,184,78,138,160,22,81,255,174,131,1326,S30a
138,200,62,130,96,-34,98,152,54,96,224,128,105,160,55,145,231,86,105,240,135,89,1392,S30a
161,974,813,129,352,223,105,128,23,82,336,254,105,367,262,-846,224,1070,89,240,151,129,2750,S30a
145,129,-16,112,175,63,98,145,47,97,191,94,105,256,151,129,136,7,81,204,123,101,1337,S30a
130,176,46,122,160,38,49,240,191,73,136,63,89,263,174,146,121,-25,81,191,110,113,1400,S30a
136,167,31,81,176,95,73,104,31,89,216,127,97,232,135,162,152,-10,81,240,159,161,1448,S30a
129,192,63,121,152,31,90,121,31,96,224,128,97,191,94,146,185,39,88,254,166,114,1433,S30a
97,183,86,130,161,31,136,192,56,112,336,224,160,223,63,146,184,38,74,193,119,138,1610,S30a
141,235,94,93,46,-47,125,266,141,125,1250,1125,78,564,486,141,235,94,62,281,219,109,2986,S30a
78,218,140,78,125,47,94,110,16,93,187,94,110,203,93,188,282,94,78,156,78,125,1406,S30a
125,219,94,93,109,16,94,125,31,78,156,78,78,266,188,156,172,16,78,187,109,141,1375,S30a
125,203,78,125,141,16,94,109,15,94,235,141,78,718,640,125,141,16,62,203,141,94,1844,S30a
125,187,62,78,110,32,93,109,16,78,219,141,94,203,109,156,219,63,62,218,156,125,1390,S30a
109,266,157,125,78,-47,140,187,47,78,172,94,94,219,125,172,250,78,109,250,141,140,1562,S30a
93,312,219,31,31,0,157,203,46,94,172,78,110,235,125,156,297,141,78,390,312,125,1765,S30a
94,219,125,110,78,-32,125,157,32,93,203,110,109,312,203,142,142,0,79,219,140,125,1455,S30a
125,172,47,156,93,-63,125,110,-15,78,203,125,109,187,78,172,172,0,94,188,94,125,1250,S30a
109,187,78,156,94,-62,109,109,0,78,203,125,125,157,32,234,234,0,94,312,218,110,1406,S30a
141,204,63,140,78,-62,125,78,-47,94,203,109,125,156,31,172,172,0,109,219,110,94,1204,S30a
109,172,63,109,78,-31,109,93,-16,94,188,94,109,266,157,140,124,-16,94,204,110,140,1265,S30a
109,187,78,141,94,-47,109,109,0,125,235,110,140,218,78,157,266,109,94,502,408,109,1720,S30a
156,250,94,218,968,750,79,110,31,78,219,141,109,203,94,156,171,15,79,204,125,109,2234,S30a
93,187,94,188,156,-32,94,94,0,125,188,63,125,265,140,141,125,-16,78,219,141,141,1375,S30a
110,188,78,140,109,-31,94,110,16,62,218,156,125,110,-15,172,218,46,94,188,94,125,1266,S30a
109,203,94,203,156,-47,125,141,16,109,188,79,125,234,109,141,172,31,94,250,156,94,1438,S30a
125,156,31,156,109,-47,110,125,15,78,219,141,141,203,62,142,158,16,94,156,62,125,1251,S30a
110,172,62,141,110,-31,93,109,16,94,172,78,94,297,203,171,109,-62,109,281,172,110,1360,S30a
94,141,47,125,78,-47,1125,1125,0,-891,-812,79,156,296,140,125,141,16,94,219,125,125,1313,S30a
109,156,47,188,109,-79,172,157,-15,93,172,79,140,1187,1047,-828,-828,0,78,188,110,109,1250,S30a
110,157,47,156,125,-31,109,93,-16,125,188,63,109,203,94,156,141,-15,93,250,157,93,1250,S30a
94,203,109,141,109,-32,110,157,47,93,171,78,110,297,187,172,141,-31,109,250,141,109,1437,S30a
125,156,31,188,110,-78,93,140,47,78,172,94,125,266,141,1140,156,-984,62,219,157,93,1312,S30a
78,156,78,125,94,-31,109,140,31,63,188,125,109,203,94,156,187,31,63,235,172,109,1312,S30a
141,172,31,188,109,-79,125,141,16,94,156,62,141,266,125,125,125,0,94,172,78,140,1281,S30a
109,172,63,156,78,-78,140,125,-15,78,204,126,141,188,47,140,156,16,94,125,31,125,1173,S30a
125,157,32,125,78,-47,109,109,0,94,188,94,109,156,47,156,203,47,109,172,63,125,1188,S30a
141,141,0,140,78,-62,94,219,125,109,203,94,109,172,63,156,297,141,93,125,32,109,1344,S30a
109,187,78,235,422,187,157,172,15,94,1158,1064,78,125,47,156,422,266,78,125,47,109,2720,S30a
109,172,63,78,62,-16,125,156,31,94,172,78,94,266,172,140,140,0,94,235,141,125,1328,S30a
125,172,47,140,109,-31,125,188,63,93,203,110,93,187,94,156,203,47,78,235,157,93,1390,S30a
94,188,94,156,109,-47,125,156,31,110,422,312,125,312,187,125,172,47,78,188,110,109,1656,S30a
93,156,63,141,125,-16,109,172,63,94,140,46,110,282,172,140,109,-31,109,234,125,125,1343,S30a
125,203,78,158,64,-94,172,172,0,78,156,78,141,219,78,125,125,0,94,188,94,109,1236,S30a
125,156,31,141,109,-32,125,110,-15,93,203,110,109,187,78,157,219,62,94,219,125,125,1328,S30a
125,188,63,125,94,-31,93,109,16,78,172,94,141,156,15,172,203,31,94,188,94,125,1235,S30a
125,187,62,144,79,-65,127,127,0,156,219,63,109,234,125,141,172,31,94,203,109,125,1346,S30a
109,172,63,125,109,-16,109,141,32,109,203,94,109,140,31,157,219,62,94,156,62,125,1265,S30a
94,140,46,157,110,-47,125,125,0,94,187,93,125,188,63,140,156,16,94,172,78,125,1203,S30a
110,188,78,156,109,-47,94,110,16,78,172,94,125,187,62,125,203,78,110,250,140,125,1344,S30a
78,156,78,125,110,-15,93,93,0,79,188,109,109,172,63,125,187,62,94,266,172,109,1281,S30a
93,187,94,142,95,-47,125,141,16,78,203,125,109,172,63,125,234,109,94,203,109,79,1314,S30a
109,140,31,156,125,-31,141,156,15,79,204,125,125,140,15,156,203,47,78,141,63,156,1265,S30a
109,156,47,110,125,15,94,125,31,110,172,62,94,156,62,141,157,16,93,187,94,109,1187,S30a
93,140,47,94,63,-31,109,140,31,79,188,109,94,187,93,141,172,31,94,1203,1109,-890,1203,S30a
110,157,47,125,109,-16,94,109,15,94,157,63,125,250,125,125,156,31,94,172,78,109,1219,S30a
110,266,156,156,219,63,125,187,62,94,156,62,125,203,78,141,641,500,78,250,172,94,2016,S30a
109,187,78,94,63,-31,94,172,78,78,187,109,94,3469,3375,109,859,750,94,157,63,93,5187,S30a
78,1468,1390,125,157,32,109,156,47,62,250,188,109,219,110,125,140,15,78,219,141,78,2687,S30a
109,171,62,125,94,-31,94,110,16,78,171,93,110,188,78,156,187,31,94,204,110,109,1234,S30a
125,172,47,156,125,-31,125,125,0,78,203,125,140,203,63,140,218,78,63,188,125,94,1328,S30a
109,156,47,125,94,-31,94,109,15,94,172,78,125,203,78,157,172,15,78,141,63,141,1188,S30a
109,156,47,140,125,-15,94,125,31,94,156,62,109,250,141,141,141,0,93,218,125,94,1265,S30a
110,188,78,109,94,-15,1078,109,-969,78,141,63,110,219,109,141,188,47,78,171,93,125,1235,S30a
125,172,47,125,156,31,78,110,32,93,203,110,109,187,78,156,156,0,78,203,125,125,1312,S30a
125,157,32,140,109,-31,94,125,31,94,172,78,109,250,141,141,281,140,94,203,109,125,1422,S30a
109,172,63,140,125,-15,109,125,16,78,265,187,94,125,31,156,203,47,94,203,109,94,1312,S30a
110,157,47,125,109,-16,109,94,-15,93,218,125,110,219,109,141,188,47,93,203,110,94,1282,S30a
110,157,47,125,125,0,93,125,32,62,140,78,125,172,47,156,188,32,109,218,109,94,1219,S30a
96,236,140,125,94,-31,109,109,0,125,203,78,110,204,94,140,156,16,94,172,78,125,1299,S30a
125,156,31,1141,110,-1031,109,125,16,109,187,78,94,188,94,156,187,31,78,203,125,94,1250,S30a
94,265,171,110,157,47,93,125,32,78,203,125,94,187,93,141,172,31,78,235,157,1109,2453,S30a
109,140,31,110,125,15,110,141,31,94,187,93,125,188,63,158,189,31,78,234,156,109,1313,S30a
1125,156,-969,172,141,-31,109,125,16,94,188,94,109,187,78,125,219,94,94,234,140,125,1375,S30a
109,156,47,156,110,-46,109,125,16,109,156,47,125,281,156,156,141,-15,93,187,94,110,1266,S30a
125,140,15,156,141,-15,94,109,15,141,188,47,109,421,312,125,94,-31,110,219,109,125,1437,S30a
94,172,78,94,31,-63,172,219,47,94,203,109,94,250,156,172,219,47,78,156,78,127,1377,S30a
172,235,63,140,109,-31,109,141,32,93,156,63,109,264,155,125,110,-15,125,203,78,109,1327,S30a
93,140,47,172,125,-47,110,156,46,94,172,78,110,266,156,141,78,-63,94,234,140,125,1296,S30a
125,219,94,188,188,0,46,203,157,125,140,15,113,269,156,188,219,31,94,219,125,125,1582,S30a
94,188,94,140,140,0,94,141,47,94,156,62,78,266,188,140,140,0,79,219,140,172,1422,S30a
109,203,94,109,140,31,78,110,32,109,187,78,78,203,125,141,157,16,78,187,109,125,1312,S30a
109,125,16,172,125,-47,125,156,31,94,141,47,109,203,94,172,156,-16,110,313,203,156,1375,S30a
109,172,63,140,125,-15,125,156,31,78,187,109,94,203,109,141,172,31,94,188,94,78,1281,S30a
94,141,47,141,94,-47,109,172,63,93,171,78,79,219,140,125,735,610,78,156,78,125,1813,S30a
156,188,32,125,187,62,94,156,62,110,188,78,78,328,250,156,172,16,94,234,140,110,1563,S30a
125,141,16,111,111,0,94,141,47,62,156,94,109,187,78,172,188,16,94,172,78,109,1205,S30a
94,266,172,126,95,-31,125,156,31,94,219,125,125,281,156,157,219,62,125,266,141,125,1627,S30a
125,234,109,156,125,-31,125,172,47,125,203,78,125,406,281,172,157,-15,93,218,125,94,1609,S30a
93,172,79,140,93,-47,141,188,47,109,156,47,125,297,172,140,1375,1235,-875,-828,47,93,1546,S30a
109,219,110,187,156,-31,141,172,31,94,297,203,140,719,579,140,140,0,94,188,94,125,2016,S30a
125,235,110,156,890,734,110,125,15,79,235,156,125,234,109,172,188,16,78,234,156,141,2282,S30a
94,188,94,156,109,-47,109,172,63,78,375,297,125,250,125,125,281,156,94,156,62,94,1625,S30a
109,156,47,109,125,16,78,94,16,94,187,93,110,328,218,94,79,-15,78,218,140,110,1297,S30a
109,140,31,94,78,-16,141,141,0,109,187,78,110,204,94,140,125,-15,78,234,156,94,1203,S30a
125,172,47,109,94,-15,125,156,31,94,250,156,109,406,297,141,141,0,94,219,125,78,1516,S30a
125,188,63,140,109,-31,109,109,0,110,203,93,125,1344,1219,-859,-750,109,94,438,344,125,1766,S30a
94,203,109,187,250,63,156,203,47,125,236,111,125,250,125,203,234,31,78,188,110,109,1673,S30a
94,156,62,94,188,94,78,125,47,78,187,109,94,203,109,156,172,16,109,203,94,78,1312,S30a
79,157,78,93,140,47,94,110,16,78,203,125,78,172,94,156,156,0,78,250,172,78,1266,S30a
94,172,78,109,281,172,94,141,47,93,187,94,78,313,235,140,171,31,79,266,187,78,1609,S30a
109,187,78,94,172,78,78,125,47,94,297,203,94,218,124,127,158,31,78,516,438,125,1798,S30a
94,172,78,78,140,62,78,94,16,78,203,125,94,219,125,141,203,62,94,281,187,111,1423,S30a
110,156,46,157,141,-16,94,125,31,109,234,125,94,313,219,156,125,-31,78,266,188,203,1563,S30a
88,184,96,136,136,0,80,128,48,72,264,192,120,408,288,104,136,32,96,336,240,143,1735,S30a
103,200,97,128,120,-8,95,127,32,104,209,105,103,376,273,127,120,-7,79,208,129,95,1455,S30a
103,191,88,120,97,-23,159,199,40,96,288,192,128,392,264,120,112,-8,72,240,168,128,1647,S30a
103,184,81,104,120,16,96,112,16,88,320,232,104,200,96,152,232,80,80,272,192,136,1576,S30a
103,199,96,105,73,-32,143,200,57,79,272,193,95,312,217,135,248,113,79,224,145,119,1647,S30a
95,183,88,122,88,-34,120,144,24,72,192,120,96,280,184,128,168,40,64,192,128,95,1342,S30a
103,200,97,121,80,-41,120,144,24,80,224,144,87,176,89,152,216,64,71,176,105,119,1335,S30a
103,216,113,79,39,-40,160,177,17,79,184,105,87,192,105,151,216,65,71,224,153,119,1367,S30a
88,456,368,128,160,32,104,160,56,88,216,128,80,255,175,128,209,81,63,248,185,119,1823,S30a
127,216,89,127,87,-40,137,153,16,96,216,120,128,240,112,160,392,232,80,264,184,127,1695,S30a
103,200,97,111,88,-23,152,144,-8,79,304,225,135,344,209,135,136,1,95,256,161,111,1583,S30a
87,127,40,152,113,-39,119,120,1,95,191,96,120,344,224,112,104,-8,80,240,160,80,1319,S30a
88,176,88,208,216,8,112,128,16,96,232,136,88,392,304,104,96,-8,40,208,168,128,1576,S30a
136,208,72,248,360,112,95,160,65,103,192,89,87,440,353,143,160,17,111,183,72,104,1807,S30a
119,183,64,224,200,-24,128,120,-8,88,225,137,103,207,104,136,177,41,71,176,105,111,1399,S30a
120,232,112,104,80,-24,120,120,0,72,208,136,96,177,81,127,159,32,72,176,104,96,1248,S30a
128,200,72,128,104,-24,120,80,-40,88,248,160,88,136,48,128,360,232,64,176,112,111,1415,S30a
88,184,96,128,120,-8,87,80,-7,79,256,177,103,160,57,143,233,90,70,151,81,95,1279,S30a
111,168,57,143,144,1,119,176,57,95,168,73,87,200,113,151,143,-8,72,185,113,87,1271,S30a
103,183,80,112,88,-24,104,105,1,87,232,145,103,151,48,136,352,216,104,192,88,96,1399,S30a
128,232,104,113,80,-33,136,176,40,120,176,56,136,320,184,136,128,-8,96,208,112,120,1440,S30a
112,192,80,127,87,-40,128,137,9,71,264,193,95,208,113,143,167,24,72,185,113,119,1359,S30a
103,176,73,135,88,-47,135,159,24,80,217,137,103,191,88,136,201,65,71,192,121,119,1343,S30a
112,168,56,136,112,-24,112,136,24,80,192,112,88,192,104,176,232,56,88,192,104,167,1391,S30a
88,208,120,135,103,-32,113,129,16,88,168,80,95,216,121,160,224,64,87,216,129,111,1375,S30a
111,216,105,111,79,-32,104,121,17,71,480,409,79,224,145,143,272,129,63,240,177,95,1727,S30a
88,184,96,104,520,416,80,176,96,80,144,64,96,248,152,160,232,72,64,208,144,104,1816,S30a
96,176,80,104,152,48,144,128,-16,88,232,144,144,280,136,168,184,16,80,263,183,88,1503,S30a
96,216,120,111,104,-7,143,160,17,71,208,137,95,280,185,127,128,1,71,208,137,95,1399,S30a
103,184,81,95,87,-8,112,153,41,71,200,129,79,288,209,143,127,-16,88,201,113,103,1343,S30a
120,240,120,72,48,-24,136,160,24,64,200,136,96,176,80,192,160,-32,104,224,120,112,1320,S30a
96,176,80,103,136,33,144,176,32,48,224,176,104,336,232,119,143,24,80,200,120,56,1447,S30a
96,208,112,80,40,-40,120,152,32,80,184,104,96,312,216,152,152,0,80,248,168,120,1416,S30a
88,192,104,112,72,-40,128,152,24,80,184,104,104,272,168,159,144,-15,104,264,160,128,1408,S30a
112,248,136,135,95,-40,113,129,16,79,208,129,111,232,121,143,160,17,87,240,153,111,1423,S30a
111,224,113,87,64,-23,143,168,25,71,344,273,111,208,97,119,648,529,71,263,192,160,2079,S30a
96,208,112,104,80,-24,120,136,16,88,208,120,104,256,152,144,136,-8,88,232,144,112,1368,S30a
112,176,64,127,80,-47,128,152,24,88,191,103,120,256,136,137,169,32,88,184,96,127,1335,S30a
135,224,89,160,111,-49,208,209,1,103,224,121,135,216,81,159,184,25,95,152,57,135,1455,S30a
127,200,73,151,112,-39,159,176,17,95,176,81,143,384,241,111,127,16,80,176,96,104,1455,S30a
88,176,88,144,136,-8,128,184,56,104,184,80,112,249,137,175,199,24,80,184,104,128,1440,S30a
120,176,56,143,135,-8,113,105,-8,96,208,112,112,248,136,160,144,-16,80,192,112,88,1296,S30a
119,176,57,103,88,-15,135,144,9,79,168,89,127,248,121,119,104,-15,95,256,161,103,1287,S30a
111,192,81,87,72,-15,127,175,48,72,184,112,96,224,128,176,176,0,87,240,153,80,1343,S30a
128,184,56,104,72,-32,136,144,8,88,192,104,104,248,144,152,145,-7,86,191,105,95,1271,S30a
104,160,56,151,120,-31,111,144,33,95,176,81,96,248,152,151,144,-7,87,200,113,111,1303,S30a
111,168,57,143,136,-7,103,136,33,79,200,121,103,320,217,143,135,-8,88,225,137,143,1463,S30a
103,175,72,160,153,-7,103,127,24,88,168,80,112,224,112,160,152,-8,80,240,160,144,1383,S30a
104,152,48,152,112,-40,120,128,8,96,232,136,96,184,88,168,200,32,95,224,129,103,1335,S30a
104,216,112,143,136,-7,119,160,41,104,264,160,88,200,112,159,224,65,87,224,137,135,1559,S30a
111,240,129,79,224,145,79,168,89,95,296,201,103,167,64,168,280,112,96,241,145,143,1759,S30a
136,233,97,119,103,-16,104,128,24,136,264,128,104,216,112,152,192,40,80,192,112,104,1432,S30a
136,224,88,160,112,-48,144,136,-8,80,304,224,96,280,184,128,160,32,88,232,144,135,1583,S30a
96,160,64,136,87,-49,137,129,-8,96,272,176,111,520,409,136,200,64,87,200,113,111,1679,S30a
111,176,65,111,72,-39,119,111,-8,80,264,184,104,265,161,151,167,16,96,192,96,72,1319,S30a
104,176,72,88,80,-8,184,176,-8,96,208,112,96,192,96,144,144,0,88,176,88,104,1256,S30a
104,168,64,120,71,-49,121,105,-16,80,224,144,96,160,64,160,208,48,103,207,104,112,1255,S30a
120,184,64,183,120,-63,143,128,-15,87,216,129,111,200,89,143,144,1,95,160,65,111,1263,S30a
159,216,57,151,127,-24,104,96,-8,80,216,136,104,176,72,136,192,56,80,216,136,136,1375,S30a
136,176,40,136,96,-40,144,144,0,72,232,160,96,264,168,160,136,-24,88,232,144,120,1400,S30a
128,200,72,143,72,-71,128,104,-24,120,216,96,112,200,88,192,208,16,104,184,80,135,1319,S30a
96,145,49,151,128,-23,95,104,9,95,200,105,95,288,193,127,136,9,87,207,120,87,1295,S30a
159,192,33,144,80,-64,128,152,24,72,208,136,120,248,128,208,208,0,112,248,136,103,1439,S30a
96,216,120,160,168,8,96,104,8,64,280,216,104,240,136,112,160,48,96,192,96,119,1479,S30a
119,176,57,119,128,9,175,208,33,87,184,97,120,311,191,120,137,17,103,216,113,127,1487,S30a
112,176,64,152,121,-31,143,159,16,80,240,160,104,248,144,160,184,24,80,264,184,135,1527,S30a
103,224,121,167,144,-23,143,143,0,88,225,137,103,328,225,143,168,25,87,255,168,128,1615,S30a
96,152,56,143,112,-31,135,152,17,96,216,120,95,464,369,104,120,16,64,176,112,71,1463,S30a
80,152,72,136,112,-24,112,127,15,64,201,137,79,216,137,120,120,0,71,192,121,95,1215,S30a
119,176,57,159,136,-23,127,184,57,79,5063,4984,96,224,128,96,168,72,79,248,169,95,6294,S30a
103,184,81,111,79,-32,136,129,-7,71,200,129,87,168,81,143,192,49,87,216,129,111,1279,S30a
103,200,97,87,80,-7,120,112,-8,79,216,137,95,151,56,136,504,368,80,152,72,104,1519,S30a
152,312,160,128,104,-24,112,96,-16,88,216,128,104,176,72,144,184,40,96,136,40,95,1319,S30a
119,200,81,127,88,-39,112,128,16,96,192,96,119,264,145,143,128,-15,87,176,89,119,1295,S30a
127,168,41,175,136,-39,111,47,-64,96,232,136,120,152,32,160,169,9,87,175,88,136,1215,S30a
135,223,88,144,112,-32,136,112,-24,96,216,120,128,216,88,176,224,48,104,496,392,136,1735,S30a
128,184,56,79,48,-31,144,120,-24,80,216,136,136,208,72,160,152,-8,88,192,104,111,1231,S30a
112,160,48,144,96,-48,127,111,-16,89,193,104,160,216,56,175,208,33,104,200,96,119,1303,S30a
103,136,33,215,208,-7,135,168,33,127,200,73,135,255,120,160,152,-8,104,193,89,127,1439,S30a
103,199,96,208,152,-56,192,200,8,152,488,336,112,152,40,144,472,328,88,152,64,160,1975,S30a
127,175,48,112,73,-39,135,144,9,79,200,121,111,264,153,151,128,-23,95,240,145,119,1343,S30a
168,336,168,175,448,273,135,248,113,152,384,232,111,344,233,143,136,-7,103,232,129,95,2223,S30a
63,208,145,127,103,-24,104,121,17,87,207,120,80,312,232,152,144,-8,80,264,184,112,1471,S30a
136,168,32,80,56,-24,136,144,8,72,200,128,104,216,112,200,224,24,88,184,96,136,1328,S30a
136,160,24,128,88,-40,119,144,25,56,200,144,96,376,280,167,160,-7,80,256,176,112,1496,S30a
119,224,105,167,303,136,112,176,64,112,208,96,88,272,184,128,200,72,104,216,112,200,1799,S30a
128,240,112,159,143,-16,128,152,24,120,240,120,120,-703,-823,1128,1112,-16,88,280,192,184,1648,S30a
103,224,121,159,144,-15,135,144,9,127,224,97,111,296,185,143,152,9,87,208,121,159,1551,S30a
127,160,33,119,103,-16,88,160,72,136,176,40,104,304,200,136,160,24,72,176,104,120,1359,S30a
128,208,80,88,120,32,136,192,56,120,240,120,104,272,168,144,168,24,104,184,80,128,1512,S30a
104,216,112,103,408,305,63,192,129,104,240,136,119,304,185,119,119,0,96,185,89,191,1855,S30a
121,193,72,136,121,-15,111,152,41,103,240,137,143,384,241,143,152,9,87,240,153,143,1625,S30a
112,153,41,111,79,-32,112,120,8,80,232,152,168,272,104,232,224,-8,96,248,152,120,1448,S30a
120,176,56,120,96,-24,112,112,0,88,184,96,104,424,320,168,160,-8,96,160,64,128,1440,S30a
88,168,80,96,72,-24,120,128,8,88,184,96,96,256,160,136,120,-16,63,208,145,88,1224,S30a
127,208,81,135,96,-39,135,119,-16,88,232,144,144,337,193,127,119,-8,80,208,128,136,1455,S30a
120,168,48,128,72,-56,144,128,-16,80,224,144,144,249,105,151,159,8,88,240,152,152,1392,S30a
120,184,64,104,80,-24,120,112,-8,80,200,120,104,280,176,120,128,8,72,207,135,104,1295,S30a
128,192,64,103,72,-31,120,136,16,96,208,112,104,248,144,143,168,25,71,208,137,183,1415,S30a
103,168,65,111,96,-15,103,120,17,71,168,97,103,320,217,127,143,16,112,233,121,87,1335,S30a
136,224,88,144,120,-24,136,152,16,88,224,136,128,232,104,112,128,16,88,280,192,152,1512,S30a
112,176,64,104,127,23,137,137,0,112,280,168,183,256,73,-873,208,1081,96,192,96,127,1503,S30a
88,216,128,160,168,8,104,160,56,80,192,112,112,448,336,136,168,32,88,184,96,136,1672,S30a
128,199,71,193,185,-8,104,176,72,111,248,137,112,352,240,168,328,160,80,208,128,144,1840,S30a
111,231,120,104,88,-16,120,152,32,64,264,200,88,224,136,120,160,40,80,248,168,80,1447,S30a
120,168,48,135,112,-23,104,128,24,96,240,144,104,208,104,128,200,72,104,224,120,88,1368,S30a
104,152,48,160,120,-40,152,176,24,80,216,136,96,264,168,160,168,8,80,200,120,112,1408,S30a
128,208,80,111,96,-15,136,152,16,88,216,128,80,200,120,160,272,112,80,200,120,104,1448,S30a
112,232,120,96,72,-24,128,136,8,87,232,145,103,208,105,143,216,73,88,232,144,135,1463,S30a
96,177,81,119,96,-23,135,136,1,95,224,129,95,263,168,144,137,-7,79,200,121,63,1296,S30a
111,160,49,151,128,-23,127,104,-23,63,231,168,144,272,128,176,160,-16,96,216,120,72,1343,S30a
144,176,32,96,64,-32,111,111,0,96,320,224,88,224,136,129,169,40,79,184,105,119,1367,S30a
112,183,71,121,113,-8,104,96,-8,88,240,152,104,200,96,136,160,24,72,184,112,103,1279,S30a
103,208,105,103,72,-31,127,152,25,95,184,89,103,224,121,143,136,-7,63,200,137,111,1287,S30a
111,168,57,127,96,-31,111,144,33,71,167,96,89,184,95,136,160,24,80,184,104,88,1191,S30a
96,192,96,128,168,40,128,128,0,88,280,192,104,168,64,144,176,32,72,216,144,87,1415,S30a
80,168,88,136,96,-40,111,95,-16,97,225,128,88,183,95,137,360,223,81,241,160,207,1575,S30a
119,192,73,143,111,-32,112,129,17,103,648,545,103,280,177,119,239,120,104,232,128,112,1943,S30a
112,192,80,88,56,-32,152,152,0,88,216,128,96,440,344,216,200,-16,80,200,120,104,1560,S30a
104,208,104,128,104,-24,104,88,-16,88,248,160,88,407,319,137,177,40,80,192,112,71,1495,S30a
104,184,80,143,112,-31,103,120,17,95,216,121,95,208,113,143,144,1,87,200,113,104,1288,S30a
119,184,65,159,127,-32,104,112,8,96,216,120,112,241,129,143,167,24,88,185,97,111,1343,S30a
113,561,448,87,391,304,96,241,145,111,200,89,111,232,121,175,208,33,95,280,185,127,2240,S30a
87,168,81,143,119,-24,96,129,33,71,184,113,112,199,87,152,232,80,96,208,112,80,1319,S30a
112,192,80,111,96,-15,128,136,8,72,192,120,96,264,168,136,128,-8,96,192,96,120,1320,S30a
96,168,72,136,112,-24,96,80,-16,88,208,120,88,176,88,136,144,8,79,192,113,95,1175,S30a
103,143,40,144,121,-23,103,111,8,96,417,321,80,4248,4168,119,647,528,88,136,48,104,5927,S30a
96,192,96,128,104,-24,96,80,-16,80,208,128,112,216,104,160,144,-16,72,255,183,112,1311,S30a
136,216,80,128,104,-24,144,96,-48,96,248,152,104,327,223,144,81,-63,87,264,177,111,1447,S30a
127,136,9,127,104,-23,103,88,-15,87,240,153,111,232,121,135,192,57,79,239,160,136,1367,S30a
103,136,33,183,127,-56,112,104,-8,56,209,153,95,271,176,120,112,-8,96,209,113,95,1263,S30a
120,144,24,112,88,-24,111,120,9,88,200,112,87,256,169,144,128,-16,80,360,280,135,1431,S30a
135,160,25,111,80,-31,111,104,-7,95,304,209,111,208,97,143,296,153,111,216,105,127,1495,S30a
103,168,65,151,120,-31,103,87,-16,88,208,120,160,289,129,127,111,-16,80,200,120,103,1286,S30a
120,160,40,120,96,-24,160,152,-8,64,192,128,96,200,104,168,152,-16,80,543,463,152,1647,S30a
119,160,41,87,96,9,96,96,0,71,200,129,79,303,224,208,192,-16,96,256,160,112,1415,S30a
112,152,40,152,128,-24,144,136,-8,112,224,112,104,256,152,120,112,-8,88,176,88,103,1287,S30a
112,184,72,128,104,-24,96,96,0,104,208,104,88,233,145,135,127,-8,80,192,112,96,1240,S30a
88,136,48,127,96,-31,96,112,16,88,200,112,96,200,104,128,128,0,87,191,104,104,1167,S30a
95,136,41,167,120,-47,119,111,-8,88,241,153,87,208,121,159,168,9,87,191,104,113,1288,S30a
103,135,32,168,129,-39,119,127,8,80,184,104,112,216,104,136,104,-32,88,192,104,88,1175,S30a
96,168,72,88,96,8,152,200,48,96,160,64,80,223,143,112,144,32,72,152,80,112,1255,S30a
95,159,64,160,144,-16,96,129,33,95,192,97,87,256,169,119,208,89,135,272,137,119,1479,S30a
111,200,89,143,136,-7,111,96,-15,87,216,129,71,240,169,135,120,-15,71,216,145,103,1327,S30a
104,208,104,96,136,40,96,112,16,96,192,96,96,184,88,136,144,8,72,160,88,112,1248,S30a
103,144,41,143,119,-24,96,145,49,87,184,97,87,232,145,143,191,48,104,201,97,111,1327,S30a
119,136,17,88,40,-48,144,136,-8,72,184,112,96,216,120,128,112,-16,79,176,97,103,1103,S30a
136,160,24,120,112,-8,104,97,-7,79,224,145,111,215,104,144,144,0,72,168,96,112,1232,S30a
112,208,96,152,120,-32,128,136,8,96,184,88,88,216,128,136,128,-8,88,184,96,96,1272,S30a
104,208,104,103,135,32,89,82,-7,95,207,112,72,264,192,120,96,-24,79,280,201,103,1375,S30a
119,135,16,136,104,-32,136,128,-8,72,176,104,96,176,80,144,152,8,88,160,72,112,1143,S30a
104,151,47,153,113,-40,128,160,32,80,168,88,104,200,96,144,160,16,96,232,136,111,1295,S30a
112,144,32,143,80,-63,144,152,8,88,232,144,96,320,224,127,200,73,95,191,96,120,1439,S30a
119,168,49,87,216,129,87,144,57,119,224,105,79,256,177,143,168,25,87,216,129,95,1487,S30a
127,184,57,95,296,201,79,167,88,104,232,128,88,232,144,144,152,8,64,208,144,112,1583,S30a
87,152,65,168,104,-64,127,136,9,128,552,424,103,176,73,151,400,249,87,264,177,127,1911,S30a
119,200,81,127,104,-23,119,224,105,103,263,160,96,217,121,151,199,48,96,225,129,119,1551,S30a
136,248,112,192,416,224,88,304,216,112,288,176,72,552,480,80,799,719,80,617,537,95,3319,S30a
95,160,65,119,112,-7,95,128,33,87,176,89,87,176,89,151,144,-7,79,184,105,119,1199,S30a
119,168,49,111,136,25,103,167,64,96,177,81,79,215,136,208,160,-48,80,184,104,120,1327,S30a
128,176,48,135,152,17,96,129,33,111,183,72,112,200,88,160,232,72,111,224,113,120,1416,S30a
159,175,16,145,161,16,104,320,216,120,176,56,112,271,159,137,177,40,111,208,97,135,1623,S30a
127,176,49,111,80,-31,143,200,57,103,152,49,119,232,113,151,160,9,111,168,57,127,1295,S30a
87,216,129,95,39,-56,144,241,97,103,159,56,80,224,144,160,416,256,96,192,96,200,1687,S30a
112,184,72,136,176,40,152,176,24,88,184,96,128,208,80,160,224,64,96,200,104,71,1423,S30a
103,160,57,151,160,9,79,96,17,127,240,113,103,2671,2568,128,256,128,64,208,144,112,3903,S30a
104,200,96,136,144,8,96,136,40,96,160,64,95,256,161,135,120,-15,96,200,104,120,1336,S30a
103,168,65,136,88,-48,183,200,17,71,200,129,103,192,89,183,400,217,135,200,65,127,1575,S30a
119,192,73,167,207,40,128,192,64,96,169,73,119,272,153,135,144,9,87,152,65,111,1439,S30a
96,224,128,152,120,-32,128,152,24,88,192,104,88,232,144,152,120,-32,88,200,112,120,1360,S30a
96,192,96,168,128,-40,120,136,16,80,192,112,88,200,112,143,151,8,89,193,104,104,1296,S30a
103,168,65,175,144,-31,111,119,8,88,240,152,128,217,89,119,232,113,79,176,97,112,1408,S30a
111,160,49,159,111,-48,152,185,33,95,184,89,79,1455,1376,111,216,105,104,240,136,128,2679,S30a
112,176,64,112,89,-23,111,143,32,88,240,152,104,208,104,144,232,88,88,368,280,208,1664,S30a
96,168,72,143,127,-16,137,169,32,96,216,120,111,304,193,191,184,-7,71,-760,-831,1135,1543,S30a
135,176,41,135,144,9,111,96,-15,79,232,153,103,200,97,135,231,96,96,192,96,160,1431,S30a
128,144,16,184,144,-40,120,72,-48,104,304,200,89,152,63,128,304,176,104,192,88,144,1456,S30a
128,160,32,111,88,-23,120,96,-24,88,240,152,88,192,104,200,288,88,88,208,120,127,1399,S30a
104,168,64,151,135,-16,96,129,33,95,176,81,95,280,185,127,159,32,96,200,104,120,1367,S30a
103,168,65,143,95,-48,128,153,25,95,191,96,96,313,217,135,159,24,112,280,168,95,1454,S30a
96,216,120,127,136,9,120,136,16,96,208,112,104,280,176,120,88,-32,88,224,136,120,1408,S30a
96,136,40,152,136,-16,112,104,-8,88,200,112,104,224,120,120,144,24,72,256,184,71,1271,S30a
104,272,168,65,1000,935,103,136,33,89,768,679,83,296,213,89,344,255,97,168,71,72,3056,S29a
114,329,215,120,1136,1016,97,144,47,105,392,287,71,232,161,81,512,431,80,240,160,89,3074,S29a
113,248,135,97,728,631,88,128,40,113,576,463,72,1016,944,97,698,601,110,230,120,96,3720,S29a
112,936,824,97,265,168,87,200,113,96,400,304,63,295,232,96,368,272,72,305,233,88,2857,S29a
120,264,144,112,256,144,89,160,71,104,456,352,81,280,199,104,760,656,112,256,144,96,2528,S29a
135,304,169,104,256,152,81,192,111,112,407,295,81,345,264,104,528,424,96,280,184,112,2424,S29a
128,399,271,105,305,200,88,170,82,110,414,304,80,1048,968,128,488,360,96,232,136,88,3144,S29a
128,352,224,88,240,152,120,209,89,127,351,224,87,336,249,104,392,288,88,305,217,120,2305,S29a
111,272,161,103,303,200,79,168,89,120,824,704,88,240,152,96,440,344,89,224,135,72,2543,S29a
88,240,152,88,231,143,73,153,80,112,328,216,63,298,235,118,406,288,96,224,128,80,1960,S29a
112,200,88,80,224,144,97,153,56,111,382,271,89,264,175,105,569,464,96,168,72,104,2064,S29a
104,232,128,104,240,136,80,168,88,127,375,248,81,281,200,96,864,768,87,256,169,104,2520,S29a
96,152,56,88,224,136,80,128,48,112,424,312,72,272,200,112,376,264,96,224,128,96,1896,S29a
120,1120,1000,96,280,184,80,240,160,96,424,328,72,305,233,95,359,264,72,247,175,89,3064,S29a
112,320,208,88,479,391,82,201,119,112,424,312,64,312,248,96,376,280,88,256,168,96,2464,S29a
104,496,392,88,255,167,81,209,128,112,383,271,81,257,176,88,400,312,88,215,127,81,2296,S29a
88,552,464,89,240,151,80,184,104,121,343,222,89,257,168,104,456,352,104,128,24,104,2264,S29a
104,320,216,111,288,177,80,200,120,96,416,320,95,264,169,96,384,288,87,296,209,88,2256,S29a
94,239,145,79,247,168,89,177,88,112,328,216,72,327,255,106,353,247,80,328,248,96,2095,S29a
79,344,265,96,240,144,80,176,96,96,408,312,71,320,249,96,407,311,97,393,296,104,2392,S29a
88,216,128,96,320,224,96,200,104,96,376,280,80,240,160,95,376,281,80,224,144,112,2064,S29a
113,215,102,97,225,128,87,168,81,112,392,280,72,280,208,96,344,248,88,296,208,104,2024,S29a
96,184,88,88,248,160,88,160,72,96,448,352,80,288,208,104,343,239,105,753,648,73,2497,S29a
71,176,105,88,240,152,80,144,64,104,344,240,88,416,328,87,416,329,75,296,221,96,2128,S29a
72,152,80,80,248,168,88,152,64,104,328,224,80,248,168,95,344,249,96,240,144,96,1808,S29a
96,216,120,104,263,159,97,193,96,96,320,224,80,264,184,88,367,279,89,201,112,80,1904,S29a
96,224,128,80,224,144,80,191,111,89,337,248,71,352,281,88,328,240,88,207,119,89,1952,S29a
95,192,97,96,248,152,80,176,96,96,439,343,89,361,272,88,343,255,97,233,136,80,2072,S29a
97,167,70,97,273,176,48,111,63,121,369,248,87,296,209,87,368,281,88,256,168,96,1936,S29a
88,264,176,96,248,152,96,191,95,88,713,625,80,248,168,88,352,264,88,288,200,104,2408,S29a
96,296,200,87,271,184,81,161,80,120,400,280,77,280,203,104,392,288,96,256,160,104,2160,S29a
88,263,175,81,248,167,81,200,119,81,433,352,64,280,216,71,320,249,88,256,168,80,2080,S29a
96,249,153,88,247,159,81,177,96,88,368,280,80,392,312,88,472,384,96,216,120,80,2201,S29a
80,208,128,88,239,151,81,185,104,80,376,296,71,328,257,79,488,409,72,255,183,57,2136,S29a
80,192,112,88,248,160,79,144,65,104,384,280,71,240,169,96,368,272,104,199,95,89,1864,S29a
113,208,95,104,248,144,80,120,40,112,423,311,73,377,304,96,560,464,95,200,105,80,2216,S29a
96,184,88,88,224,136,80,184,104,104,376,272,72,280,208,96,328,232,88,231,143,97,1904,S29a
96,224,128,96,232,136,95,168,73,112,368,256,88,247,159,105,321,216,112,224,112,96,1880,S29a
105,185,80,96,224,128,96,159,63,105,377,272,80,264,184,88,360,272,95,352,257,88,2009,S29a
112,248,136,104,240,136,80,168,88,96,408,312,79,248,169,104,328,224,88,272,184,112,2024,S29a
96,176,80,95,239,144,89,161,72,104,456,352,80,368,288,96,432,336,96,264,168,96,2192,S29a
95,216,121,87,232,145,95,176,81,103,448,345,80,295,215,81,529,448,96,256,160,95,2247,S29a
105,241,136,96,272,176,120,264,144,120,623,503,121,337,216,104,416,312,112,248,136,120,2521,S29a
97,240,143,112,249,137,104,424,320,104,608,504,56,192,136,88,376,288,88,304,216,96,2489,S29a
111,224,113,135,216,81,96,351,255,121,537,416,64,160,96,96,487,391,105,192,87,97,2264,S29a
88,176,88,112,248,136,96,320,224,87,311,224,89,344,255,80,369,289,95,184,89,112,2064,S29a
96,224,128,112,224,112,79,208,129,112,368,256,104,312,208,96,384,288,128,168,40,119,2007,S29a
105,193,88,113,488,375,176,360,184,119,1176,1057,80,1600,1520,129,360,231,112,168,56,135,4480,S29a
128,184,56,144,272,128,112,114,2,118,398,280,96,272,176,96,352,256,112,192,80,112,1896,S29a
96,199,103,88,233,145,127,184,57,96,361,265,111,279,168,104,472,368,112,223,111,81,2032,S29a
111,200,89,104,264,160,144,184,40,112,376,264,96,296,200,128,272,144,136,241,105,119,1952,S29a
112,184,72,104,239,135,122,153,31,128,367,239,104,281,177,104,3712,3608,120,232,112,112,5280,S29a
112,216,104,120,256,136,120,160,40,112,384,272,120,224,104,112,392,280,112,664,552,127,2423,S29a
128,272,144,119,1975,1856,129,169,40,127,464,337,96,264,168,111,416,305,111,208,97,96,3864,S29a
136,264,128,128,248,120,136,137,1,119,335,216,88,296,208,112,352,240,128,224,96,111,1967,S29a
104,416,312,104,272,168,119,191,72,129,425,296,96,312,216,112,336,224,104,232,128,95,2279,S29a
111,552,441,112,297,185,95,190,95,97,353,256,136,264,128,128,344,216,96,216,120,96,2312,S29a
96,216,120,112,280,168,111,175,64,121,385,264,88,280,192,103,384,281,104,432,328,111,2263,S29a
71,560,489,112,303,191,89,256,167,96,344,248,81,272,191,112,384,272,97,232,135,121,2472,S29a
127,183,56,89,249,160,104,176,72,103,320,217,96,336,240,112,520,408,96,407,311,113,2304,S29a
112,352,240,104,272,168,112,935,823,93,523,430,86,790,704,103,744,641,104,288,184,88,3992,S29a
136,280,144,111,288,177,112,192,80,104,440,336,104,360,256,88,504,416,88,327,239,129,2520,S29a
129,209,80,112,256,144,112,208,96,112,351,239,89,304,215,104,344,240,112,257,145,120,2049,S29a
112,200,88,96,229,133,115,210,95,113,400,287,89,345,256,120,343,223,104,305,201,88,2120,S29a
104,200,96,112,247,135,80,168,88,105,416,311,90,245,155,122,379,257,113,265,152,96,2016,S29a
129,201,72,96,233,137,110,166,56,113,593,480,95,400,305,103,448,345,96,367,271,113,2521,S29a
96,328,232,104,256,152,96,240,144,120,399,279,97,369,272,87,487,400,113,281,168,104,2464,S29a
89,264,175,105,248,143,121,176,55,112,368,256,89,248,159,104,361,257,104,223,119,97,1985,S29a
79,295,216,80,241,161,80,175,95,97,345,248,96,263,167,97,449,352,88,335,247,89,2192,S29a
90,247,157,89,249,160,79,176,97,112,335,223,80,465,385,104,504,400,88,256,168,104,2336,S29a
103,231,128,89,265,176,96,168,72,111,408,297,96,303,207,104,409,305,112,208,96,96,2088,S29a
104,233,129,96,256,160,72,120,48,95,335,240,105,673,568,95,367,272,89,257,168,87,2328,S29a
104,184,80,87,240,153,96,176,80,119,328,209,71,351,280,89,544,455,96,209,113,96,2128,S29a
95,208,113,112,256,144,104,160,56,96,303,207,65,336,271,81,352,271,97,200,103,97,1912,S29a
112,191,79,89,241,152,103,176,73,104,352,248,96,264,168,96,527,431,104,249,145,96,2096,S29a
119,167,48,81,217,136,104,151,47,112,424,312,81,264,183,81,392,311,105,224,119,89,1928,S29a
121,200,79,97,256,159,105,160,55,113,360,247,105,928,823,89,360,271,113,200,87,65,2529,S29a
112,239,127,113,1336,1223,129,152,23,113,449,336,88,295,207,80,400,320,96,240,144,89,3200,S29a
113,200,87,113,240,127,89,152,63,105,320,215,81,288,207,81,408,327,97,416,319,97,2121,S29a
104,192,88,73,232,159,81,184,103,89,296,207,73,272,199,81,648,567,97,336,239,105,2265,S29a
121,201,80,88,240,152,88,199,111,89,312,223,73,344,271,72,367,295,81,273,192,89,2025,S29a
119,232,113,81,208,127,88,216,128,112,288,176,72,336,264,81,416,335,96,456,360,88,2240,S29a
104,160,56,89,216,127,89,176,87,113,320,207,96,304,208,72,432,360,104,600,496,87,2295,S29a
128,192,64,104,223,119,101,153,52,120,320,200,96,287,191,89,393,304,112,256,144,112,1936,S29a
136,208,72,96,240,144,112,175,63,137,313,176,80,280,200,96,352,256,104,196,92,116,1880,S29a
120,176,56,112,271,159,97,153,56,128,352,224,96,224,128,96,367,271,129,304,175,105,1952,S29a
120,344,224,103,248,145,112,160,48,104,5583,5479,72,313,241,96,392,296,104,247,143,113,7400,S29a
144,360,216,144,255,111,153,265,112,167,416,249,128,239,111,105,360,255,145,201,56,103,2199,S29a
127,344,217,128,272,144,111,200,89,95,336,241,96,292,196,108,396,288,120,177,57,119,2136,S29a
104,232,128,95,240,145,112,175,63,113,376,263,97,313,216,96,376,280,112,352,240,113,2177,S29a
120,248,128,121,320,199,113,208,95,154,376,222,113,400,287,104,384,280,131,391,260,98,2425,S29a
111,232,121,120,312,192,113,248,135,72,370,298,102,342,240,80,544,464,96,224,128,112,2384,S29a
129,256,127,112,288,176,104,168,64,129,360,231,104,336,232,97,400,303,104,233,129,104,2145,S29a
121,200,79,112,248,136,105,176,71,121,408,287,73,368,295,73,448,375,87,296,209,88,2232,S29a
105,480,375,128,352,224,120,240,120,128,368,240,97,280,183,96,416,320,112,224,112,97,2457,S29a
95,392,297,104,248,144,112,192,80,121,368,247,80,296,216,97,504,407,96,224,128,103,2327,S29a
113,905,792,95,263,168,105,177,72,112,752,640,88,369,281,127,878,751,97,1144,1047,82,4570,S29a
128,231,103,120,264,144,105,137,32,120,407,287,80,296,216,120,465,345,103,335,232,113,2248,S29a
129,305,176,128,271,143,129,216,87,129,384,255,104,323,219,142,405,263,121,216,95,121,2241,S29a
128,361,233,119,280,161,128,279,151,136,384,248,128,280,152,137,416,279,113,344,231,121,2465,S29a
112,240,128,105,224,119,104,192,88,129,345,216,95,279,184,128,360,232,104,344,240,105,2089,S29a
113,224,111,105,249,144,88,143,55,121,352,231,97,305,208,112,367,255,97,216,119,97,1953,S29a
113,288,175,105,241,136,96,199,103,104,352,248,89,304,215,113,400,287,89,320,231,105,2209,S29a
96,224,128,88,255,167,81,144,63,113,384,271,89,360,271,105,432,327,89,296,207,104,2199,S29a
105,328,223,89,249,160,96,200,104,96,368,272,87,344,257,128,576,448,104,320,216,96,2481,S29a
104,200,96,104,248,144,92,152,60,120,392,272,80,280,200,104,472,368,88,280,192,96,2120,S29a
112,264,152,96,239,143,113,193,80,112,408,296,96,351,255,121,641,520,103,247,144,113,2456,S29a
112,256,144,72,224,152,96,192,96,112,384,272,80,255,175,113,393,280,112,160,48,128,1992,S29a
112,336,224,96,256,160,96,184,88,103,415,312,81,281,200,112,360,248,104,208,104,96,2136,S29a
120,154,34,94,238,144,88,143,55,120,393,273,80,296,216,95,376,281,88,272,184,112,1984,S29a
120,176,56,80,224,144,72,143,71,105,377,272,80,240,160,88,392,304,80,264,184,96,1912,S29a
104,208,104,72,208,136,56,109,53,107,358,251,77,285,208,96,336,240,81,224,143,89,1817,S29a
105,191,86,74,201,127,73,144,71,97,376,279,73,272,199,97,384,287,81,272,191,97,1937,S29a
73,633,560,96,239,143,96,200,104,104,936,832,97,312,215,105,368,263,81,320,239,105,3113,S29a
113,264,151,97,264,167,89,175,86,82,434,352,103,255,152,113,376,263,112,232,120,113,2113,S29a
113,248,135,113,280,167,113,176,63,113,417,304,96,295,199,112,328,216,113,232,119,104,2080,S29a
121,320,199,97,240,143,97,192,95,104,312,208,95,256,161,129,408,279,121,216,95,113,2057,S29a
120,240,120,105,241,136,95,199,104,97,352,255,89,232,143,105,376,271,88,208,120,88,1936,S29a
112,228,116,99,235,136,104,160,56,112,736,624,104,200,96,97,368,271,80,208,128,105,2240,S29a
87,191,104,97,240,143,81,120,39,104,464,360,96,208,112,113,384,271,89,248,159,97,1952,S29a
129,216,87,112,264,152,97,168,71,96,479,383,88,250,162,87,350,263,98,225,127,88,2040,S29a
105,193,88,88,224,136,80,136,56,80,448,368,96,192,96,80,692,612,109,268,159,96,2249,S29a
104,264,160,97,264,167,88,183,95,105,433,328,88,240,152,104,376,272,96,216,120,96,2072,S29a
95,231,136,103,239,136,96,153,57,128,408,280,96,240,144,96,760,664,97,240,143,112,2383,S29a
121,208,87,112,256,144,120,176,56,96,415,319,114,257,143,128,344,216,129,223,94,113,1992,S29a
121,232,111,112,233,121,112,176,64,128,512,384,112,256,144,97,384,287,104,168,64,112,2073,S29a
112,224,112,97,248,151,96,128,32,128,736,608,129,288,159,96,448,352,104,224,120,88,2384,S29a
104,200,96,96,223,127,89,129,40,112,408,296,95,248,153,96,472,376,104,184,80,96,1960,S29a
88,192,104,96,224,128,88,128,40,112,496,384,104,184,80,89,408,319,95,184,89,80,1896,S29a
128,256,128,121,287,166,105,137,32,112,424,312,104,320,216,112,591,479,112,841,729,105,2961,S29a
113,281,168,136,271,135,137,233,96,144,472,328,121,264,143,144,368,224,128,264,136,127,2280,S29a
137,240,103,137,273,136,145,191,46,144,449,305,136,272,136,144,408,264,120,225,105,135,2193,S29a
128,240,112,112,240,128,120,160,40,128,456,328,112,288,176,104,384,280,104,208,104,128,2104,S29a
111,248,137,121,263,142,105,160,55,129,417,288,120,303,183,121,432,311,113,217,104,128,2168,S29a
120,240,120,112,280,168,104,176,72,120,416,296,104,328,224,120,408,288,112,256,144,112,2216,S29a
120,231,111,121,264,143,121,177,56,144,455,311,121,257,136,112,576,464,120,200,80,104,2264,S29a
112,264,152,120,296,176,120,183,63,129,497,368,104,256,152,120,360,240,120,216,96,120,2192,S29a
112,272,160,160,337,177,111,151,40,105,512,407,120,312,192,119,560,441,120,240,120,103,2487,S29a
144,240,96,136,312,176,112,192,80,119,432,313,112,240,128,112,368,256,120,224,104,104,2112,S29a
119,254,135,144,344,200,136,216,80,144,463,319,129,241,112,160,431,271,153,257,104,136,2342,S29a
120,256,136,128,269,141,147,211,64,136,456,320,103,1448,1345,105,912,807,120,480,360,103,4135,S29a
112,272,160,104,240,136,96,152,56,112,456,344,112,272,160,104,464,360,112,272,160,88,2216,S29a
112,504,392,120,298,178,142,214,72,112,432,320,112,304,192,128,408,280,112,224,112,104,2488,S29a
121,253,132,108,260,152,103,168,65,112,384,272,96,208,112,96,544,448,104,263,159,81,2161,S29a
104,216,112,104,257,153,95,151,56,104,456,352,96,207,111,113,393,280,112,200,88,96,1976,S29a
97,256,159,96,1640,1544,104,160,56,112,440,328,88,320,232,87,720,633,112,240,128,135,3911,S29a
112,208,96,120,264,144,112,160,48,112,488,376,96,384,288,128,384,256,121,263,142,153,2304,S29a
136,232,96,144,272,128,128,184,56,128,376,248,112,255,143,136,409,273,112,224,112,112,2064,S29a
120,199,79,113,248,135,105,145,40,112,439,327,113,385,272,128,400,272,120,288,168,104,2208,S29a
120,199,79,97,225,128,88,152,64,104,392,288,88,224,136,96,376,280,96,239,143,105,1912,S29a
112,216,104,96,223,127,98,145,47,104,448,344,96,256,160,88,1984,1896,97,288,191,96,3656,S29a
112,224,112,104,224,120,96,128,32,96,352,256,104,248,144,112,376,264,112,240,128,104,1896,S29a
111,200,89,111,312,201,96,120,24,104,2280,2176,86,767,681,145,425,280,112,504,392,103,4711,S29a
144,256,112,143,1136,993,120,144,24,112,448,336,104,368,264,112,368,256,143,272,129,112,3104,S29a
120,224,104,112,248,136,96,152,56,112,448,336,96,375,279,121,393,272,120,240,120,103,2183,S29a
120,232,112,120,248,128,96,143,47,121,401,280,120,272,152,112,368,256,128,208,80,104,1976,S29a
127,264,137,96,232,136,104,159,55,121,401,280,112,320,208,112,423,311,113,184,71,81,2064,S29a
95,184,89,96,223,127,97,145,48,112,377,265,119,311,192,95,424,329,112,256,144,80,2000,S29a
112,216,104,96,232,136,80,128,48,104,383,279,97,289,192,95,344,249,112,215,103,81,1888,S29a
128,208,80,96,223,127,104,160,56,113,377,264,88,288,200,111,416,305,104,1408,1304,96,3176,S29a
112,232,120,104,232,128,80,136,56,95,368,273,112,375,263,129,345,216,112,200,88,88,1976,S29a
144,233,89,135,846,711,161,162,1,79,934,855,113,289,176,144,368,224,127,280,153,111,3223,S29a
152,224,72,120,256,136,120,224,104,112,367,255,121,273,152,111,400,289,112,184,72,112,2040,S29a
128,223,95,113,240,127,105,161,56,120,384,264,104,320,216,96,472,376,111,279,168,97,2176,S29a
112,247,135,97,257,160,96,159,63,112,449,337,103,256,153,72,368,296,104,184,80,80,2000,S29a
103,208,105,88,224,136,96,144,48,96,487,391,112,224,112,81,337,256,96,191,95,73,1888,S29a
112,200,88,88,223,135,88,129,41,104,456,352,112,202,90,110,341,231,113,201,88,79,1831,S29a
111,216,105,112,240,128,71,112,41,120,431,311,97,201,104,88,352,264,95,176,81,96,1824,S29a
116,175,59,105,793,688,104,160,56,88,535,447,81,217,136,96,360,264,96,256,160,96,2592,S29a
87,146,59,118,270,152,87,152,65,88,352,264,80,287,207,97,368,271,97,256,159,81,1912,S29a
144,208,64,120,232,112,88,128,40,112,416,304,88,224,136,121,344,223,96,223,127,97,1872,S29a
112,184,72,88,207,119,89,169,80,120,312,192,103,239,136,98,369,271,96,216,120,72,1768,S29a
88,192,104,79,199,120,105,161,56,103,360,257,112,248,136,120,472,352,112,208,96,96,1936,S29a
97,161,64,96,216,120,96,136,40,96,327,231,97,257,160,104,343,239,104,201,97,95,1736,S29a
105,169,64,112,231,119,97,152,55,112,385,273,95,256,161,112,400,288,104,248,144,96,1937,S29a
128,216,88,112,248,136,88,151,63,137,353,216,104,232,128,120,327,207,113,225,112,104,1856,S29a
87,215,128,96,224,128,88,160,72,96,304,208,104,304,200,103,303,200,105,192,87,113,1815,S29a
120,217,97,112,232,120,103,191,88,105,513,408,112,296,184,111,448,337,119,215,96,113,2225,S29a
120,232,112,120,255,135,81,144,63,121,425,304,120,240,120,128,328,200,111,192,81,128,1944,S29a
96,200,104,88,217,129,87,168,81,104,368,264,111,224,113,111,343,232,97,192,95,105,1817,S29a
103,200,97,104,224,120,96,176,80,95,439,344,121,240,119,105,281,176,104,215,111,105,1880,S29a
104,264,160,96,239,143,113,217,104,112,912,800,128,359,231,137,425,288,128,167,39,80,2663,S29a
112,200,88,112,264,152,64,151,87,88,401,313,111,192,81,104,327,223,121,193,72,104,1832,S29a
80,208,128,88,216,128,79,168,89,88,408,320,96,199,103,81,312,231,96,539,443,117,2167,S29a
95,183,88,113,248,135,80,144,64,113,369,256,96,223,127,81,320,239,81,161,80,104,1752,S29a
97,224,127,73,217,144,72,160,88,87,448,361,112,175,63,89,368,279,105,457,352,104,2153,S29a
104,184,80,95,232,137,87,136,49,112,431,319,120,200,80,113,353,240,95,128,33,111,1775,S29a
96,359,263,121,281,160,112,248,136,119,503,384,121,257,136,120,384,264,104,232,128,96,2360,S29a
159,303,144,129,265,136,135,240,105,127,368,241,104,504,400,112,336,224,104,240,136,112,2368,S29a
105,241,136,96,224,128,96,208,112,120,384,264,120,271,151,145,377,232,112,223,111,97,2025,S29a
121,232,111,137,360,223,113,169,56,135,488,353,112,224,112,79,2536,2457,112,199,87,113,4321,S29a
120,232,112,144,279,135,145,217,72,143,392,249,127,295,168,121,352,231,136,201,65,120,2088,S29a
129,240,111,136,256,120,121,176,55,120,385,265,128,264,136,112,335,223,129,193,64,96,1945,S29a
88,183,95,104,1232,1128,112,144,32,112,616,504,80,376,296,104,416,312,88,248,160,80,3295,S29a
104,200,96,96,232,136,88,152,64,88,440,352,72,360,288,96,368,272,72,240,168,80,2072,S29a
96,184,88,88,224,136,72,160,88,104,320,216,64,376,312,96,480,384,104,232,128,80,2056,S29a
96,208,112,80,208,128,80,160,80,96,304,208,72,424,352,80,448,368,72,256,184,80,2088,S29a
96,176,80,88,232,144,80,176,96,96,352,256,80,424,344,104,432,328,88,296,208,80,2168,S29a
88,192,104,80,216,136,64,176,112,88,400,312,64,336,272,88,352,264,72,216,144,80,1968,S29a
72,185,113,87,215,128,64,160,96,88,496,408,72,312,240,88,424,336,96,232,136,48,2072,S29a
96,160,64,64,208,144,64,128,64,80,400,320,64,328,264,80,816,736,64,624,560,80,2744,S29a
96,168,72,72,192,120,72,128,56,96,376,280,72,336,264,96,344,248,80,224,144,72,1840,S29a
88,168,80,72,192,120,80,152,72,88,568,480,56,272,216,96,304,208,80,296,216,80,2032,S29a
104,176,72,72,208,136,72,152,80,104,464,360,72,288,216,96,312,216,72,264,192,64,1928,S29a
112,216,104,80,216,136,80,152,72,96,416,320,64,328,264,80,400,320,88,232,144,72,2032,S29a
104,192,88,96,216,120,80,168,88,88,480,392,64,248,184,96,1152,1056,112,624,512,104,3184,S29a
112,184,72,80,224,144,72,144,72,96,384,288,72,296,224,88,320,232,80,232,152,80,1864,S29a
96,208,112,80,216,136,72,136,64,104,392,288,80,296,216,88,456,368,80,296,216,88,2088,S29a
112,176,64,80,224,144,72,152,80,96,464,368,80,320,240,96,1920,1824,104,192,88,80,3528,S29a
104,144,40,72,200,128,72,144,72,104,384,280,72,312,240,104,360,256,88,256,168,88,1888,S29a
104,192,88,88,216,128,88,184,96,104,432,328,72,296,224,88,312,224,72,240,168,88,1960,S29a
104,176,72,80,208,128,72,176,104,88,352,264,80,288,208,104,424,320,88,352,264,104,2080,S29a
104,168,64,88,208,120,88,144,56,104,344,240,80,320,240,96,512,416,88,272,184,88,2056,S29a
112,176,64,104,232,128,88,160,72,96,512,416,96,256,160,96,328,232,96,256,160,96,2016,S29a
120,200,80,112,232,120,88,144,56,104,448,344,80,352,272,96,504,408,104,640,536,120,2640,S29a
128,232,104,104,232,128,96,200,104,96,448,352,80,320,240,88,360,272,88,248,160,96,2136,S29a
112,168,56,88,216,128,72,144,72,96,696,600,96,344,248,112,464,352,104,272,168,96,2400,S29a
120,160,40,96,232,136,104,176,72,120,416,296,72,304,232,120,384,264,112,240,128,112,2024,S29a
120,160,40,120,232,112,88,128,40,112,552,440,88,240,152,112,408,296,88,224,136,112,2056,S29a
120,168,48,104,216,112,96,152,56,112,432,320,72,232,160,96,376,280,96,216,120,104,1896,S29a
120,160,40,112,232,120,80,144,64,80,512,432,80,240,160,96,424,328,88,192,104,112,2016,S29a
120,176,56,120,232,112,104,208,104,96,416,320,88,288,200,112,1040,928,104,240,136,112,2712,S29a
112,168,56,120,240,120,88,160,72,104,464,360,80,296,216,112,440,328,80,368,288,112,2248,S29a
112,208,96,104,240,136,96,208,112,120,384,264,80,344,264,120,384,264,96,280,184,104,2152,S29a
120,184,64,96,232,136,80,136,56,96,536,440,104,400,296,88,536,448,80,264,184,88,2376,S29a
96,176,80,80,216,136,88,128,40,72,424,352,64,232,168,72,840,768,72,520,448,72,2608,S29a
104,152,48,96,224,128,88,120,32,104,440,336,72,296,224,80,320,240,72,192,120,88,1832,S29a
96,144,48,80,216,136,96,152,56,104,472,368,64,256,192,56,320,264,88,232,144,96,1888,S29a
88,152,64,96,224,128,104,112,8,88,368,280,88,256,168,88,480,392,64,200,136,96,1888,S29a
112,168,56,72,208,136,80,144,64,96,424,328,64,232,168,80,360,280,80,208,128,88,1832,S29a
120,168,48,96,216,120,96,136,40,96,408,312,72,232,160,96,320,224,88,224,136,104,1808,S29a
112,344,232,144,288,144,128,160,32,112,424,312,96,264,168,88,312,224,96,280,184,56,2128,S29a
128,168,40,112,224,112,104,136,32,112,568,456,104,256,152,112,296,184,88,176,88,80,1904,S29a
120,192,72,104,232,128,112,176,64,112,384,272,88,328,240,120,312,192,112,224,112,104,1952,S29a
120,200,80,112,240,128,112,192,80,120,336,216,96,328,232,120,432,312,104,272,168,128,2128,S29a
120,200,80,120,240,120,112,184,72,104,352,248,104,304,200,128,320,192,112,256,144,112,1968,S29a
128,192,64,120,257,137,103,159,56,152,416,264,104,264,160,144,336,192,128,200,72,144,1968,S29a
136,184,48,128,264,136,104,192,88,96,1336,1240,96,328,232,120,376,256,112,232,120,112,3024,S29a
128,208,80,120,248,128,128,168,40,112,936,824,96,280,184,120,368,248,96,248,152,120,2576,S29a
128,192,64,96,216,120,96,152,56,120,384,264,96,272,176,120,464,344,120,240,120,112,2032,S29a
136,200,64,120,232,112,104,152,48,144,512,368,96,248,152,136,536,400,104,216,112,104,2200,S29a
104,200,96,120,280,160,104,200,96,104,568,464,96,337,241,111,375,264,104,225,121,63,2248,S29a
168,432,264,192,360,168,144,256,112,152,504,352,128,312,184,120,424,304,128,264,136,136,2688,S29a
136,232,96,152,240,88,128,232,104,112,304,192,104,392,288,112,336,224,120,280,160,112,2128,S29a
136,200,64,128,200,72,104,184,80,120,480,360,96,248,152,112,1320,1208,136,200,64,80,2912,S29a
120,176,56,136,240,104,96,168,72,128,376,248,96,248,152,112,384,272,104,240,136,96,1928,S29a
128,176,48,128,208,80,88,168,80,120,440,320,112,280,168,112,376,264,96,232,136,104,1984,S29a
128,192,64,112,200,88,72,160,88,120,400,280,88,272,184,120,384,264,112,232,120,88,1928,S29a
136,184,48,112,208,96,88,168,80,144,408,264,88,240,152,112,384,272,88,240,152,80,1912,S29a
112,184,72,104,216,112,72,168,96,136,312,176,80,352,272,104,344,240,96,256,160,96,1928,S29a
112,208,96,96,216,120,96,184,88,128,376,248,88,288,200,96,368,272,80,200,120,88,1928,S29a
120,200,80,104,224,120,72,144,72,120,353,233,87,287,200,120,409,289,95,216,121,103,1936,S29a
120,208,88,112,280,168,88,168,80,128,312,184,104,288,184,136,352,216,112,304,192,128,2040,S29a
128,184,56,128,240,112,88,160,72,136,312,176,104,336,232,136,681,545,119,255,136,128,2296,S29a
120,192,72,120,216,96,80,144,64,144,336,192,96,344,248,128,472,344,112,288,176,112,2104,S29a
128,304,176,136,248,112,80,152,72,120,392,272,80,328,248,120,344,224,96,240,144,96,2104,S29a
120,208,88,96,200,104,80,184,104,136,296,160,88,312,224,120,401,281,95,207,112,104,1912,S29a
144,216,72,112,208,96,64,144,80,112,464,352,80,328,248,112,312,200,88,264,176,88,2024,S29a
160,232,72,136,208,72,96,192,96,144,272,128,80,352,272,120,664,544,80,225,145,119,2264,S29a
120,200,80,104,232,128,72,168,96,112,337,225,79,303,224,112,792,680,96,257,161,111,2400,S29a
120,168,48,96,208,112,64,112,48,112,392,280,80,224,144,120,425,305,95,272,177,127,1928,S29a
120,192,72,104,232,128,80,144,64,104,280,176,88,376,288,128,344,216,120,208,88,112,1888,S29a
104,160,56,104,200,96,72,152,80,112,240,128,64,504,440,120,305,185,87,239,152,104,1904,S29a
120,184,64,96,200,104,64,160,96,112,288,176,80,360,280,112,320,208,96,216,120,128,1856,S29a
120,184,64,112,216,104,64,160,96,128,312,184,64,352,288,120,440,320,88,232,144,136,2032,S29a
144,216,72,120,232,112,88,168,80,136,528,392,80,328,248,112,288,176,80,216,136,112,2088,S29a
112,160,48,112,216,104,80,160,80,120,296,176,72,392,320,120,328,208,80,240,160,112,1904,S29a
112,192,80,112,216,104,80,176,96,112,336,224,104,320,216,120,610,490,110,1078,968,152,3080,S29a
128,192,64,104,200,96,88,192,104,136,464,328,72,328,256,120,552,432,96,240,144,112,2280,S29a
128,184,56,104,216,112,80,152,72,128,272,144,72,369,297,119,496,377,127,231,104,136,2056,S29a
120,168,48,88,184,96,72,136,64,120,280,160,64,328,264,112,392,280,88,200,112,112,1800,S29a
111,183,72,88,192,104,88,160,72,112,304,192,64,352,288,120,440,320,144,280,136,136,2047,S29a
120,176,56,104,192,88,88,160,72,136,304,168,56,296,240,96,392,296,112,216,104,136,1872,S29a
112,192,80,104,200,96,80,184,104,112,336,224,96,280,184,120,448,328,112,232,120,136,2008,S29a
112,184,72,104,193,89,55,167,112,104,296,192,72,336,264,104,504,400,88,272,184,128,2080,S29a
104,176,72,96,200,104,64,184,120,104,248,144,80,304,224,88,480,392,80,241,161,95,1928,S29a
112,185,73,87,183,96,56,136,80,80,329,249,71,343,272,112,344,232,72,248,176,96,1864,S29a
151,199,48,104,201,97,79,152,73,119,383,264,64,345,281,127,335,208,88,216,128,128,1959,S29a
104,504,400,88,192,104,80,144,64,120,248,128,64,361,297,87,384,297,87,343,256,120,2296,S29a
111,167,56,96,176,80,80,136,56,96,232,136,72,345,273,79,311,232,80,232,152,112,1711,S29a
104,160,56,112,192,80,72,112,40,104,232,128,88,328,240,104,345,241,87,272,185,103,1744,S29a
104,192,88,104,176,72,88,168,80,112,625,513,79,255,176,104,328,224,88,329,241,103,2176,S29a
111,167,56,80,160,80,80,185,105,95,256,161,79,335,256,96,289,193,79,272,193,119,1783,S29a
87,192,105,103,200,97,71,183,112,96,184,88,80,513,433,87,504,417,103,232,129,127,2135,S29a
120,176,56,112,193,81,103,216,113,135,343,208,64,921,857,119,320,201,95,263,168,136,2568,S29a
104,160,56,96,184,88,80,152,72,112,208,96,88,385,297,95,296,201,111,240,129,111,1736,S29a
104,152,48,80,152,72,72,160,88,120,248,128,88,321,233,103,328,225,111,231,120,120,1712,S29a
104,160,56,160,1072,912,104,193,89,111,216,105,79,367,288,112,321,209,87,239,152,88,2656,S29a
121,264,143,121,207,86,98,153,55,113,320,207,81,392,311,121,384,263,105,272,167,129,2121,S29a
114,168,54,114,208,94,82,160,78,113,223,110,98,393,295,112,320,208,89,264,175,120,1856,S29a
113,176,63,113,184,71,89,135,46,130,273,143,96,352,256,121,280,159,120,328,208,129,1857,S29a
113,184,71,105,160,55,57,127,70,114,225,111,72,328,256,109,304,195,72,232,160,121,1681,S29a
106,168,62,89,160,71,80,144,64,89,232,143,80,336,256,105,271,166,90,256,166,114,1681,S29a
105,184,79,96,168,72,64,120,56,89,224,135,88,344,256,117,288,171,97,232,135,105,1665,S29a
105,217,112,113,184,71,65,144,79,96,216,120,80,320,240,89,928,839,96,256,160,105,2370,S29a
107,169,62,89,168,79,73,104,31,104,224,120,80,384,304,97,320,223,104,295,191,105,1769,S29a
121,176,55,105,177,72,73,144,71,105,184,79,89,416,327,105,280,175,105,248,143,113,1738,S29a
113,168,55,97,153,56,65,112,47,112,175,63,90,337,247,97,464,367,97,272,175,128,1809,S29a
105,193,88,89,152,63,65,120,55,97,208,111,72,303,231,107,313,206,88,272,184,112,1673,S29a
129,248,119,145,264,119,130,241,111,136,280,144,96,343,247,114,401,287,88,239,151,113,2129,S29a
153,216,63,138,216,78,121,217,96,136,255,119,90,360,270,130,368,238,98,240,142,145,2017,S29a
104,207,103,135,176,41,81,169,88,105,231,126,105,369,264,104,335,231,97,281,184,113,1881,S29a
105,183,78,106,178,72,72,143,71,97,200,103,98,353,255,105,304,199,109,263,154,122,1746,S29a
113,217,104,112,183,71,89,161,72,89,208,119,80,366,286,99,305,206,88,256,168,82,1778,S29a
97,209,112,98,160,62,73,128,55,106,256,150,89,352,263,106,296,190,98,224,126,114,1739,S29a
105,209,104,98,177,79,63,126,63,106,258,152,80,330,250,93,373,280,98,224,126,120,1817,S29a
120,199,79,97,160,63,72,119,47,106,217,111,81,352,271,65,489,424,112,592,480,121,2249,S29a
112,215,103,97,176,79,98,152,54,105,216,111,81,352,271,90,288,198,113,272,159,122,1793,S29a
105,176,71,105,175,70,75,137,62,113,200,87,98,344,246,97,328,231,89,248,159,113,1721,S29a
97,208,111,96,182,86,74,138,64,129,223,94,97,400,303,97,359,262,115,257,142,105,1872,S29a
105,216,111,106,176,70,89,160,71,121,256,135,97,368,271,113,321,208,104,239,135,113,1849,S29a
105,224,119,97,192,95,98,185,87,120,263,143,106,400,294,98,297,199,96,247,151,113,1921,S29a
105,239,134,105,201,96,96,183,87,121,376,255,105,360,255,114,967,853,106,305,199,105,2736,S29a
120,215,95,121,257,136,129,240,111,129,239,110,106,401,295,113,456,343,125,272,147,129,2209,S29a
121,159,38,128,224,96,105,192,87,138,328,190,121,400,279,137,392,255,97,240,143,114,2049,S29a
122,176,54,114,184,70,81,96,15,129,240,111,105,336,231,105,320,215,106,208,102,121,1681,S29a
114,168,54,105,184,79,74,128,54,129,199,70,106,362,256,112,319,207,113,240,127,122,1722,S29a
129,200,71,121,184,63,89,135,46,146,225,79,97,352,255,121,312,191,113,255,142,114,1777,S29a
122,201,79,129,208,79,121,199,78,146,257,111,105,336,231,113,336,223,105,240,135,153,1930,S29a
113,160,47,106,192,86,73,128,55,113,328,215,114,344,230,121,288,167,97,247,150,138,1825,S29a
118,208,90,114,200,86,89,176,87,121,191,70,97,410,313,112,719,607,113,256,143,137,2297,S29a
105,200,95,98,185,87,66,120,54,114,231,117,90,346,256,97,383,286,105,287,182,122,1874,S29a
121,232,111,113,192,79,89,200,111,129,256,127,105,361,256,97,311,214,89,287,198,82,1921,S29a
129,184,55,113,176,63,105,184,79,152,208,56,113,319,206,122,464,342,122,321,199,137,1993,S29a
121,168,47,113,200,87,89,168,79,129,240,111,105,360,255,121,320,199,112,288,176,128,1872,S29a
113,192,79,121,192,71,81,152,71,137,232,95,113,368,255,113,320,207,97,248,151,121,1825,S29a
101,188,87,114,200,86,58,144,86,120,256,136,80,336,256,97,304,207,81,264,183,129,1821,S29a
121,224,103,121,208,87,81,152,71,128,232,104,105,375,270,114,329,215,89,280,191,97,1897,S29a
97,231,134,106,201,95,65,183,118,122,832,710,89,767,678,178,273,95,90,305,215,201,2993,S29a
88,199,111,97,206,109,58,161,103,115,169,54,89,368,279,88,384,296,88,270,182,99,1856,S29a
97,176,79,97,158,61,97,194,97,106,199,93,74,337,263,89,328,239,72,223,151,99,1714,S29a
88,200,112,81,176,95,81,176,95,97,288,191,73,304,231,74,327,253,65,224,159,83,1778,S29a
81,225,144,88,159,71,73,112,39,105,223,118,65,312,247,82,305,223,88,224,136,129,1689,S29a
97,224,127,90,152,62,81,160,79,121,232,111,72,296,224,97,472,375,73,200,127,128,1864,S29a
121,167,46,122,200,78,97,159,62,137,249,112,106,377,271,113,463,350,82,233,151,129,1977,S29a
105,159,54,98,177,79,80,159,79,113,201,88,73,391,318,98,289,191,81,224,143,113,1713,S29a
98,176,78,89,177,88,40,119,79,106,272,166,66,336,270,91,505,414,81,263,182,106,1954,S29a
105,199,94,97,168,71,73,136,63,106,217,111,72,351,279,106,273,167,88,335,247,105,1784,S29a
89,159,70,134,200,66,65,184,119,114,280,166,90,347,257,111,262,151,89,311,222,97,1840,S29a
97,160,63,90,176,86,118,209,91,104,240,136,81,359,278,105,265,160,65,223,158,114,1746,S29a
90,169,79,90,177,87,65,152,87,97,248,151,80,367,287,105,296,191,105,257,152,112,1778,S29a
97,223,126,98,177,79,81,176,95,98,208,110,73,311,238,89,377,288,89,271,182,98,1841,S29a
90,225,135,97,191,94,98,176,78,106,232,126,74,304,230,80,352,272,81,257,176,89,1826,S29a
97,176,79,82,160,78,89,192,103,96,192,96,74,352,278,90,272,182,97,255,158,114,1713,S29a
98,233,135,97,175,78,90,240,150,105,176,71,89,336,247,105,281,176,89,256,167,104,1801,S29a
114,224,110,97,184,87,90,176,86,98,200,102,82,321,239,96,287,191,105,241,136,120,1753,S29a
104,248,144,113,200,87,105,232,127,113,224,111,104,320,216,120,287,167,90,264,174,105,1880,S29a
98,209,111,97,184,87,88,184,96,112,231,119,89,305,216,113,296,183,97,264,167,129,1802,S29a
114,185,71,97,192,95,73,198,125,106,226,120,89,295,206,105,273,168,88,232,144,104,1705,S29a
97,192,95,97,176,79,89,216,127,97,192,95,89,288,199,98,272,174,-919,224,1143,97,1657,S29a
98,201,103,113,199,86,97,208,111,106,247,141,90,298,208,114,279,165,98,216,118,106,1754,S29a
98,217,119,104,159,55,106,193,87,105,208,103,81,326,245,99,290,191,89,199,110,121,1713,S29a
130,208,78,129,237,108,85,227,142,90,2200,2110,98,239,141,122,352,230,81,209,128,121,3793,S29a
153,240,87,113,193,80,96,167,71,105,264,159,89,320,231,105,264,159,89,248,159,113,1809,S29a
105,224,119,98,192,94,82,184,102,105,280,175,82,280,198,90,336,246,81,192,111,97,1785,S29a
97,184,87,106,194,88,88,174,86,105,231,126,82,393,311,89,256,167,90,240,150,98,1770,S29a
114,232,118,105,192,87,90,128,38,105,280,175,89,296,207,106,312,206,81,232,151,114,1786,S29a
106,232,126,97,184,87,89,144,55,106,264,158,122,280,158,121,328,207,105,248,143,122,1802,S29a
105,232,127,105,176,71,97,168,71,114,303,189,106,329,223,113,304,191,121,224,103,121,1857,S29a
111,182,71,105,169,64,96,175,79,114,176,62,113,336,223,137,248,111,129,255,126,130,1671,S29a
130,224,94,121,184,63,114,208,94,137,256,119,113,312,199,130,320,190,113,248,135,129,1881,S29a
113,168,55,98,248,150,89,160,71,129,424,295,65,249,184,97,303,206,82,248,166,113,1913,S29a
105,185,80,88,175,87,89,200,111,105,160,55,81,424,343,81,304,223,82,248,166,114,1810,S29a
106,192,86,98,160,62,97,184,87,113,168,55,121,320,199,105,288,183,97,241,144,105,1658,S29a
97,192,95,96,127,31,106,185,79,98,264,166,90,288,198,98,281,183,88,199,111,105,1641,S29a
113,208,95,89,144,55,97,168,71,105,184,79,90,296,206,121,360,239,106,240,134,129,1729,S29a
105,200,95,73,176,103,89,184,95,97,232,135,89,360,271,105,248,143,106,240,134,113,1753,S29a
106,185,79,97,155,58,94,197,103,113,231,118,90,256,166,113,296,183,90,240,150,98,1658,S29a
113,159,46,97,184,87,82,168,86,112,265,153,81,512,431,105,863,758,65,488,423,129,2768,S29a
105,128,23,82,200,118,74,136,62,130,352,222,74,224,150,129,384,255,81,152,71,82,1658,S29a
114,161,47,80,183,103,64,136,72,121,296,175,81,200,119,113,344,231,82,152,70,97,1569,S29a
89,169,80,108,623,515,65,144,79,89,424,335,65,216,151,90,336,246,73,192,119,105,2209,S29a
114,184,70,105,224,119,90,152,62,128,328,200,81,240,159,129,888,759,90,264,174,154,2434,S29a
122,184,62,89,209,120,73,143,70,81,720,639,81,280,199,113,312,199,89,288,199,122,2258,S29a
112,279,167,106,240,134,106,179,73,95,317,222,98,249,151,104,383,279,94,224,130,105,1976,S29a
105,175,70,89,192,103,73,128,55,138,328,190,98,256,158,130,320,190,89,192,103,89,1680,S29a
106,145,39,80,207,127,65,136,71,113,337,224,72,287,215,105,286,181,82,258,176,115,1771,S29a
137,202,65,90,197,107,73,129,56,129,321,192,88,247,159,113,319,206,97,193,96,114,1722,S29a
104,151,47,81,206,125,75,154,79,122,344,222,90,224,134,121,328,207,95,158,63,107,1672,S29a
105,152,47,82,200,118,81,128,47,106,344,238,81,192,111,114,352,238,81,168,87,98,1634,S29a
105,175,70,89,200,111,81,120,39,98,328,230,82,232,150,113,304,191,82,160,78,97,1616,S29a
106,153,47,89,192,103,73,128,55,105,304,199,82,192,110,138,336,198,89,152,63,106,1563,S29a
114,152,38,82,184,102,74,112,38,113,336,223,98,216,118,169,376,207,105,224,119,125,1725,S29a
121,168,47,105,224,119,82,112,30,106,400,294,90,216,126,136,344,208,105,168,63,113,1745,S29a
103,248,145,88,264,176,57,624,567,72,816,744,72,448,376,80,288,208,72,256,184,80,3024,S27a
60,272,212,64,264,200,64,208,144,80,328,248,56,312,256,80,336,256,72,288,216,72,2080,S27a
64,216,152,72,232,160,56,192,136,80,328,248,48,336,288,80,552,472,80,280,200,80,2216,S27a
73,216,143,64,240,176,56,904,848,80,336,256,72,368,296,64,567,503,73,281,208,72,2984,S27a
64,216,152,64,224,160,64,216,152,72,312,240,56,328,272,80,432,352,80,296,216,73,2097,S27a
72,232,160,72,215,143,65,433,368,88,453,365,67,323,256,64,392,328,88,320,232,72,2440,S27a
64,224,160,64,247,183,57,177,120,72,536,464,56,280,224,72,328,256,72,256,184,72,2120,S27a
64,240,176,72,608,536,72,256,184,88,416,328,64,296,232,88,456,368,56,312,256,72,2656,S27a
64,296,232,64,248,184,56,328,272,72,256,184,57,344,287,32,688,656,80,304,224,72,2536,S27a
64,240,176,64,216,152,56,232,176,80,256,176,56,312,256,80,312,232,65,280,215,64,1912,S27a
64,216,152,56,224,168,56,200,144,96,288,192,56,328,272,72,312,240,64,312,248,72,1952,S27a
72,176,104,72,240,168,64,192,128,56,312,256,64,336,272,80,352,272,80,280,200,80,1968,S27a
72,216,144,72,256,184,64,199,135,72,273,201,64,320,256,64,400,336,72,312,240,72,2048,S27a
72,184,112,72,248,176,72,216,144,80,288,208,64,320,256,72,296,224,72,288,216,72,1912,S27a
72,208,136,64,224,160,64,168,104,80,312,232,64,320,256,72,296,224,72,271,199,73,1872,S27a
72,200,128,80,248,168,73,200,127,80,280,200,72,336,264,72,352,280,72,304,232,72,1992,S27a
72,232,160,64,229,165,51,155,104,80,296,216,64,320,256,72,296,224,80,256,176,72,1856,S27a
55,207,152,72,536,464,64,304,240,88,344,256,64,328,264,72,336,264,72,280,208,72,2407,S27a
72,176,104,80,232,152,64,176,112,72,320,248,56,352,296,72,311,239,73,321,248,80,1968,S27a
88,192,104,72,216,144,72,192,120,96,280,184,64,336,272,64,287,223,73,257,184,80,1840,S27a
79,199,120,72,240,168,72,176,104,88,288,200,56,328,272,72,736,664,89,296,207,72,2335,S27a
56,232,176,80,304,224,64,200,136,87,984,897,64,408,344,88,352,264,72,296,224,72,2848,S27a
72,208,136,71,344,273,64,216,152,96,296,200,64,352,288,80,456,376,80,328,248,88,2288,S27a
72,208,136,89,304,215,80,192,112,96,264,168,72,376,304,88,494,406,82,466,384,88,2392,S27a
73,225,152,88,296,208,72,200,128,72,328,256,80,392,312,64,784,720,72,296,224,72,2593,S27a
88,232,144,72,248,176,72,184,112,88,368,280,64,344,280,72,328,256,72,320,248,88,2112,S27a
88,200,112,72,256,184,80,200,120,80,264,184,64,344,280,88,328,240,72,304,232,80,1976,S27a
80,208,128,72,255,183,65,193,128,96,240,144,80,312,232,88,328,240,72,240,168,80,1856,S27a
88,192,104,73,232,159,80,176,96,88,488,400,72,312,240,80,296,216,80,406,326,74,2176,S27a
72,224,152,72,256,184,64,168,104,80,312,232,64,320,256,72,336,264,64,288,224,80,1984,S27a
80,192,112,64,232,168,80,176,96,80,264,184,64,328,264,81,592,511,72,296,224,88,2168,S27a
70,182,112,72,273,201,72,201,129,103,295,192,64,384,320,72,352,280,64,352,288,88,2127,S27a
81,264,183,72,240,168,72,200,128,88,304,216,64,368,304,80,1928,1848,88,328,240,80,3712,S27a
80,184,104,72,255,183,73,185,112,112,320,208,72,328,256,88,295,207,73,305,232,96,1968,S27a
88,240,152,73,280,207,72,192,120,96,288,192,56,336,280,80,335,255,72,249,177,88,2008,S27a
72,208,136,72,256,184,64,176,112,96,272,176,72,360,288,80,407,327,73,273,200,79,2031,S27a
80,240,160,72,272,200,72,192,120,88,304,216,72,359,287,81,313,232,72,280,208,88,2048,S27a
64,208,144,72,288,216,63,176,113,88,417,329,70,327,257,80,392,312,72,264,192,88,2160,S27a
80,216,136,72,280,208,65,192,127,96,272,176,72,375,303,89,345,256,71,304,233,96,2080,S27a
80,231,151,73,265,192,88,232,144,112,336,224,64,352,288,95,359,264,73,289,216,88,2152,S27a
80,216,136,80,248,168,80,232,152,120,264,144,64,328,264,80,336,256,72,328,256,80,2032,S27a
80,224,144,72,224,152,72,144,72,96,296,200,72,399,327,97,320,223,73,297,224,80,1984,S27a
64,304,240,72,752,680,80,248,168,104,272,168,80,376,296,96,711,615,89,289,200,88,3040,S27a
79,240,161,72,272,200,80,200,120,96,304,208,64,368,304,88,376,288,71,271,200,96,2127,S27a
72,232,160,80,280,200,80,248,168,68,440,372,72,312,240,80,759,679,81,297,216,72,2640,S27a
81,193,112,72,239,167,73,217,144,96,240,144,63,352,289,72,592,520,87,400,313,72,2305,S27a
80,984,904,80,320,240,80,272,192,95,280,185,72,352,280,95,599,504,73,345,272,88,3240,S27a
88,224,136,80,272,192,79,192,113,88,272,184,72,328,256,96,352,256,80,280,200,104,2024,S27a
96,272,176,72,232,160,88,216,128,104,296,192,80,376,296,79,352,273,88,536,448,88,2368,S27a
95,208,113,88,256,168,79,176,97,104,288,184,64,344,280,96,320,224,72,256,184,96,1944,S27a
88,224,136,80,248,168,87,208,121,104,416,312,120,328,208,120,408,288,112,328,216,112,2272,S27a
104,231,127,73,265,192,80,216,136,120,488,368,72,312,240,96,328,232,120,288,168,80,2208,S27a
88,224,136,79,249,170,71,175,104,96,824,728,64,303,239,89,337,248,80,280,200,96,2488,S27a
80,208,128,72,255,183,80,232,152,97,264,167,65,345,280,112,296,184,80,272,192,111,1983,S27a
88,240,152,71,256,185,72,208,136,96,360,264,72,376,304,96,344,248,80,312,232,88,2184,S27a
88,207,119,73,257,184,72,175,103,105,297,192,72,344,272,88,584,496,96,279,183,89,2232,S27a
88,271,183,81,345,264,80,240,160,88,248,160,64,327,263,81,313,232,80,280,200,80,2104,S27a
80,208,128,72,232,160,72,192,120,87,232,145,72,328,256,104,336,232,80,288,208,88,1904,S27a
96,224,128,80,280,200,64,208,144,96,264,168,72,344,272,104,376,272,80,303,223,113,2112,S27a
96,224,128,72,263,191,73,225,152,104,320,216,56,328,272,120,336,216,72,352,280,112,2160,S27a
82,232,150,88,272,184,72,200,128,112,271,159,73,353,280,112,336,224,72,287,215,104,2055,S27a
88,226,138,94,286,192,96,224,128,88,280,192,72,344,272,88,328,240,96,280,184,96,2064,S27a
104,288,184,88,328,240,96,229,133,107,302,195,69,333,264,104,352,248,80,544,464,104,2480,S27a
88,224,136,88,296,208,96,200,104,104,288,184,64,328,264,88,320,232,88,272,184,80,2008,S27a
96,216,120,88,258,170,78,166,88,104,296,192,64,335,271,105,353,248,80,312,232,96,2032,S27a
96,280,184,104,314,210,94,286,192,88,264,176,72,344,272,96,312,216,104,272,168,84,2156,S27a
96,216,120,72,264,192,80,168,88,104,280,176,72,360,288,88,680,592,88,308,220,100,2376,S27a
96,240,144,72,206,134,74,210,136,112,296,184,72,616,544,96,400,304,88,304,216,80,2352,S27a
96,208,112,81,256,175,73,241,168,96,464,368,72,304,232,88,312,224,72,272,200,88,2145,S27a
87,216,129,72,240,168,64,160,96,88,304,216,96,423,327,113,369,256,80,280,200,88,2080,S27a
88,216,128,88,272,184,80,176,96,88,312,224,72,344,272,88,352,264,80,327,247,96,2095,S27a
104,224,120,87,281,194,71,166,95,113,280,167,73,361,288,104,552,448,96,327,231,97,2288,S27a
108,220,112,71,240,169,80,184,104,120,280,160,64,360,296,112,352,240,80,335,255,97,2068,S27a
81,216,135,81,273,192,72,175,103,113,326,213,74,323,249,103,360,257,80,296,216,88,2057,S27a
88,192,104,96,288,192,72,183,111,105,264,159,65,337,272,96,767,671,81,280,199,89,2400,S27a
88,207,119,81,257,176,72,224,152,96,248,152,80,392,312,120,519,399,96,336,240,97,2280,S27a
89,240,151,88,392,304,89,225,136,88,304,216,88,352,264,88,328,240,80,328,248,96,2265,S27a
88,224,136,80,280,200,72,208,136,88,360,272,64,440,376,103,376,273,95,263,168,104,2255,S27a
96,216,120,72,271,199,81,177,96,96,391,295,57,305,248,96,328,232,88,280,192,96,2064,S27a
88,207,119,73,241,168,72,176,104,112,335,223,73,360,287,113,353,240,79,264,185,112,2048,S27a
113,234,121,70,231,161,80,176,96,96,552,456,80,295,215,105,425,320,96,312,216,112,2337,S27a
96,208,112,72,224,152,80,168,88,111,320,209,63,368,305,104,424,320,72,376,304,88,2176,S27a
96,223,127,89,257,168,72,200,128,120,440,320,72,311,239,112,304,192,89,281,192,104,2120,S27a
74,375,301,88,673,585,88,256,168,96,272,176,64,303,239,105,488,383,89,305,216,88,2760,S27a
97,217,120,79,295,216,73,217,144,96,631,535,73,329,256,103,695,592,81,320,239,89,2793,S27a
81,240,159,65,272,207,65,176,111,97,256,159,73,376,303,112,337,225,72,296,224,96,2049,S27a
96,240,144,65,256,191,57,160,103,105,312,207,65,352,287,97,312,215,73,257,184,104,1993,S27a
97,248,151,73,240,167,89,201,112,88,343,255,81,320,239,105,336,231,96,304,208,112,2104,S27a
97,256,159,73,248,175,73,168,95,113,280,167,65,360,295,113,448,335,96,352,256,105,2217,S27a
113,232,119,81,256,175,81,216,135,113,336,223,73,328,255,89,352,263,89,320,231,97,2137,S27a
80,215,135,96,280,184,72,168,96,105,264,159,81,345,264,96,351,255,81,265,184,112,2000,S27a
104,303,199,89,256,167,88,193,105,104,495,391,81,1048,967,105,664,559,81,296,215,97,3352,S27a
88,199,111,89,240,151,81,168,87,96,872,776,73,305,232,96,351,255,81,296,215,89,2520,S27a
80,208,128,73,256,183,73,224,151,105,312,207,72,376,304,97,840,743,73,432,359,81,2729,S27a
96,264,168,80,216,136,64,176,112,96,376,280,72,416,344,96,328,232,72,280,208,104,2160,S27a
88,208,120,72,233,161,71,182,111,81,297,216,72,320,248,88,343,255,73,281,208,96,1960,S27a
88,216,128,72,224,152,72,160,88,96,264,168,64,353,289,95,327,232,72,248,176,104,1896,S27a
88,232,144,80,232,152,73,184,111,88,240,152,73,360,287,79,328,249,64,256,192,88,1920,S27a
88,216,128,72,224,152,64,160,96,88,239,151,57,321,264,88,288,200,72,304,232,80,1832,S27a
79,223,144,72,247,175,65,153,88,80,240,160,73,360,287,80,296,216,80,264,184,88,1871,S27a
80,208,128,73,224,151,72,160,88,88,272,184,72,344,272,88,400,312,80,312,232,96,2016,S27a
88,232,144,72,216,144,72,183,111,73,265,192,64,344,280,80,312,232,72,304,232,88,1944,S27a
80,232,152,72,240,168,71,176,105,72,296,224,56,368,312,80,320,240,64,248,184,88,1968,S27a
88,208,120,72,216,144,72,168,96,80,280,200,64,328,264,80,320,240,72,288,216,80,1888,S27a
72,232,160,72,240,168,64,160,96,80,272,192,64,384,320,88,328,240,72,304,232,80,2000,S27a
79,247,168,72,240,168,63,184,121,96,248,152,72,360,288,88,328,240,72,344,272,96,2047,S27a
73,200,127,72,240,168,56,168,112,88,240,152,64,352,288,80,304,224,64,272,208,80,1856,S27a
72,248,176,64,208,144,64,128,64,87,312,225,72,328,256,104,392,288,80,275,195,93,1984,S27a
73,200,127,72,224,152,72,192,120,104,280,176,73,344,271,71,544,473,80,304,224,80,2168,S27a
80,200,120,72,232,160,64,176,112,72,320,248,72,360,288,88,288,200,72,512,440,80,2168,S27a
72,216,144,72,248,176,64,184,120,72,376,304,64,336,272,72,336,264,72,312,240,72,2080,S27a
72,232,160,80,248,168,72,208,136,96,280,184,64,352,288,104,1072,968,88,360,272,80,2832,S27a
72,200,128,73,232,159,64,160,96,80,264,184,72,384,312,72,512,440,80,368,288,64,2184,S27a
64,192,128,64,256,192,72,224,152,72,264,192,64,456,392,80,648,568,88,416,328,80,2536,S27a
80,248,168,72,208,136,63,184,121,80,304,224,64,344,280,88,352,264,81,312,231,80,2032,S27a
72,216,144,64,215,151,65,193,128,80,320,240,56,312,256,80,360,280,80,360,280,88,2064,S27a
72,224,152,96,264,168,72,167,95,89,297,208,72,376,304,112,439,327,81,368,287,73,2208,S27a
88,255,167,65,282,217,47,167,120,97,504,407,64,312,248,96,336,240,72,328,256,80,2264,S27a
72,240,168,72,256,184,80,215,135,81,305,224,72,360,288,80,280,200,72,344,272,88,2088,S27a
96,248,152,72,248,176,64,184,120,88,712,624,64,320,256,80,327,247,81,273,192,80,2392,S27a
80,192,112,64,248,184,72,184,112,72,319,247,89,337,248,96,328,232,80,336,256,186,2130,S27a
72,255,183,89,234,145,87,223,136,96,304,208,64,360,296,88,472,384,88,320,232,80,2248,S27a
80,224,144,88,272,184,88,224,136,95,327,232,73,353,280,96,344,248,80,304,224,80,2128,S27a
88,248,160,80,256,176,64,152,88,96,311,215,89,329,240,80,368,288,80,375,295,89,2128,S27a
88,240,152,88,264,176,64,184,120,88,352,264,80,368,288,96,416,320,88,336,248,88,2248,S27a
80,199,119,81,241,160,72,151,79,89,321,232,72,368,296,96,520,424,80,384,304,88,2272,S27a
72,280,208,80,256,176,72,192,120,96,272,176,72,432,360,96,384,288,79,304,225,96,2216,S27a
96,216,120,88,264,176,72,144,72,104,336,232,72,368,296,96,488,392,80,1024,944,75,2915,S27a
97,240,143,72,248,176,72,175,103,81,665,584,72,328,256,88,336,248,72,303,231,81,2376,S27a
88,216,128,72,232,160,72,168,96,80,296,216,72,344,272,95,360,265,72,288,216,96,2000,S27a
88,216,128,96,256,160,80,184,104,96,600,504,88,279,191,105,577,472,80,336,256,88,2536,S27a
72,232,160,88,263,175,65,161,96,104,303,199,81,377,296,104,592,488,96,545,449,87,2560,S27a
96,208,112,80,264,184,79,136,57,96,1152,1056,104,888,784,88,400,312,88,376,288,95,3519,S27a
80,232,152,72,248,176,88,232,144,87,360,273,72,352,280,87,888,801,57,352,295,80,2744,S27a
80,224,144,72,216,144,72,215,143,81,305,224,72,368,296,112,304,192,72,312,240,88,2032,S27a
96,192,96,80,248,168,64,136,72,104,296,192,80,320,240,128,360,232,71,280,209,88,1920,S27a
88,232,144,64,248,184,72,199,127,73,297,224,72,344,272,128,663,535,81,291,210,101,2375,S27a
88,204,116,93,628,535,88,304,216,88,377,289,71,328,257,96,712,616,88,304,216,96,2953,S27a
95,216,121,72,248,176,72,136,64,88,768,680,112,256,144,112,384,272,88,352,264,88,2448,S27a
73,232,159,80,248,168,64,231,167,89,345,256,72,384,312,96,328,232,80,279,199,80,2127,S27a
72,216,144,88,296,208,72,200,128,88,272,184,64,344,280,96,344,248,72,344,272,80,2096,S27a
88,224,136,80,288,208,80,224,144,104,288,184,53,368,315,96,320,224,80,304,224,72,2088,S27a
88,214,126,82,228,146,94,198,104,88,288,200,72,384,312,96,339,243,85,381,296,104,2136,S27a
104,232,128,64,256,192,80,264,184,96,296,200,64,312,248,96,360,264,80,304,224,88,2112,S27a
80,248,168,72,256,184,64,176,112,88,464,376,72,312,240,88,336,248,72,320,248,88,2200,S27a
80,248,168,80,240,160,64,168,104,80,344,264,80,352,272,88,344,256,80,296,216,96,2088,S27a
91,235,144,80,256,176,72,184,112,88,265,177,87,391,304,88,304,216,79,272,193,88,1995,S27a
80,184,104,80,252,172,68,164,96,80,368,288,64,352,288,104,320,216,80,512,432,80,2232,S27a
80,224,144,72,216,144,88,184,96,96,275,179,85,320,235,109,365,256,89,313,224,80,1977,S27a
96,216,120,72,240,168,80,192,112,112,280,168,80,336,256,87,328,241,79,456,377,104,2152,S27a
89,224,135,87,287,200,81,265,184,95,400,305,73,312,239,96,368,272,88,304,216,96,2256,S27a
104,272,168,79,312,233,104,248,144,88,328,240,72,343,271,89,304,215,88,265,177,104,2176,S27a
111,224,113,120,304,184,80,160,80,111,408,297,119,288,169,104,448,344,96,343,247,89,2264,S27a
97,233,136,80,296,216,72,215,143,81,265,184,72,304,232,80,2040,1960,64,272,208,88,3713,S27a
80,216,136,72,247,175,65,200,135,97,289,192,72,344,272,88,328,240,72,304,232,79,2007,S27a
88,248,160,80,296,216,87,256,169,88,288,200,80,432,352,96,400,304,72,400,328,88,2408,S27a
72,208,136,79,296,217,88,232,144,88,336,248,72,376,304,103,503,400,104,400,296,89,2440,S27a
80,225,145,88,304,216,80,224,144,104,304,200,72,480,408,80,351,271,73,345,272,71,2304,S27a
96,359,263,73,313,240,87,1368,1281,71,512,441,72,353,281,103,334,231,89,617,528,96,3952,S27a
88,215,127,81,257,176,64,200,136,104,336,232,56,352,296,96,352,256,80,296,216,96,2104,S27a
80,263,183,89,289,200,80,247,167,81,369,288,64,288,224,96,384,288,88,329,241,87,2256,S27a
80,232,152,80,296,216,72,240,168,96,432,336,64,400,336,88,400,312,72,327,255,80,2407,S27a
96,287,191,81,497,416,80,256,176,96,336,240,72,400,328,88,488,400,88,344,256,95,2703,S27a
80,216,136,80,240,160,72,168,96,88,344,256,64,384,320,96,328,232,88,328,240,88,2096,S27a
105,217,112,88,248,160,72,168,96,96,543,447,73,328,255,89,320,231,73,305,232,88,2217,S27a
97,281,184,80,264,184,64,224,160,88,591,503,65,353,288,88,336,248,72,287,215,81,2417,S27a
73,225,152,80,232,152,72,240,168,96,200,104,71,464,393,112,400,288,88,343,255,80,2184,S27a
88,320,232,88,280,192,87,296,209,104,248,144,88,472,384,80,392,312,96,303,207,89,2400,S27a
88,216,128,80,224,144,72,168,96,80,440,360,80,335,255,105,361,256,80,439,359,80,2263,S27a
81,232,151,80,234,154,63,191,128,80,488,408,72,352,280,88,351,263,72,328,256,105,2281,S27a
80,256,176,72,240,168,72,210,138,94,478,384,72,352,280,96,352,256,80,296,216,96,2280,S27a
80,216,136,81,241,160,80,199,119,89,777,688,72,335,263,81,305,224,96,287,191,89,2449,S27a
89,249,160,80,255,175,88,193,105,104,343,239,73,490,417,95,382,287,73,257,184,87,2256,S27a
88,256,168,104,407,303,89,240,151,96,513,417,64,335,271,89,384,295,81,336,255,89,2560,S27a
96,232,136,96,311,215,81,209,128,88,352,264,72,352,280,103,447,344,81,672,591,105,2680,S27a
80,224,144,72,262,190,276,286,10,43,283,240,89,368,279,96,352,256,97,337,240,112,2224,S27a
97,248,151,89,257,168,79,247,168,96,305,209,80,367,287,113,376,263,129,312,183,121,2233,S27a
113,248,135,80,272,192,88,272,184,137,376,239,89,353,264,111,574,463,82,289,207,113,2497,S27a
113,272,159,89,368,279,80,216,136,105,296,191,80,1192,1112,105,408,303,89,264,175,105,3121,S27a
88,216,128,80,240,160,73,176,103,97,328,231,72,328,256,104,344,240,81,240,159,104,1976,S27a
105,248,143,73,240,167,81,208,127,113,408,295,81,352,271,120,376,256,88,296,208,105,2233,S27a
81,256,175,97,248,151,65,208,143,89,393,304,63,319,256,81,352,271,72,272,200,81,2129,S27a
89,249,160,71,263,192,73,224,151,88,296,208,65,336,271,105,336,231,88,272,184,105,2081,S27a
97,360,263,81,448,367,80,256,176,105,368,263,81,440,359,89,576,487,89,360,271,89,2897,S27a
97,232,135,81,272,191,72,232,160,113,400,287,80,352,272,89,472,383,89,336,247,113,2409,S27a
105,232,127,81,280,199,96,184,88,105,456,351,81,352,271,105,376,271,89,320,231,112,2312,S27a
80,256,176,81,256,175,97,200,103,113,248,135,81,376,295,105,736,631,105,288,183,97,2457,S27a
96,208,112,89,240,151,89,160,71,97,488,391,81,344,263,81,424,343,81,272,191,97,2233,S27a
89,232,143,80,232,152,81,168,87,105,336,231,73,400,327,113,344,231,105,337,232,96,2145,S27a
90,200,110,96,208,112,80,160,80,103,408,305,72,416,344,88,273,185,82,271,189,96,2032,S27a
88,216,128,72,200,128,64,159,95,96,312,216,72,345,273,96,288,192,80,256,176,88,1864,S27a
88,200,112,72,208,136,72,160,88,88,272,184,64,320,256,88,328,240,72,256,184,96,1840,S27a
80,240,160,72,208,136,64,168,104,96,248,152,72,360,288,96,296,200,72,272,200,80,1872,S27a
88,200,112,80,216,136,72,152,80,80,248,168,72,311,239,89,529,440,72,296,224,96,2048,S27a
88,224,136,64,200,136,64,136,72,104,288,184,56,352,296,96,680,584,73,288,215,88,2256,S27a
80,208,128,80,247,167,73,161,88,88,303,215,73,497,424,96,272,176,88,392,304,96,2176,S27a
88,223,135,65,201,136,64,160,96,88,344,256,64,296,232,88,288,200,73,294,221,81,1887,S27a
80,208,128,72,240,168,56,152,96,80,280,200,64,320,256,88,296,208,72,272,200,80,1848,S27a
72,191,119,65,209,144,64,167,103,73,257,184,64,320,256,96,296,200,80,281,201,79,1800,S27a
80,240,160,72,208,136,72,184,112,88,295,207,65,313,248,112,296,184,72,280,208,88,1904,S27a
88,217,129,72,215,143,55,145,90,95,303,208,65,313,248,112,304,192,80,656,576,96,2249,S27a
80,232,152,64,200,136,64,168,104,80,401,321,2,207,205,80,392,312,72,340,268,67,2007,S27a
72,209,137,71,275,204,63,195,132,88,369,281,72,391,319,49,377,328,72,321,249,87,2224,S27a
72,217,145,88,239,151,65,145,80,88,320,232,72,320,248,88,344,256,64,280,216,72,1937,S27a
88,231,143,73,233,160,72,168,96,71,456,385,56,280,224,88,312,224,71,280,209,104,2064,S27a
89,249,160,72,256,184,65,256,191,80,784,704,72,320,248,80,328,248,72,288,216,72,2553,S27a
72,264,192,80,272,192,72,208,136,80,280,200,63,383,320,73,353,280,80,280,200,80,2120,S27a
72,216,144,72,232,160,80,200,120,72,272,200,72,311,239,97,345,248,72,464,392,72,2112,S27a
62,214,152,64,248,184,72,184,112,71,711,640,80,312,232,88,344,256,88,304,216,72,2389,S27a
162,224,62,104,328,224,73,496,423,80,352,272,72,336,264,88,352,264,88,312,224,80,2480,S27a
88,208,120,88,248,160,80,168,88,88,296,208,72,360,288,88,328,240,96,312,216,80,2000,S27a
1,142,141,74,297,223,72,216,144,88,304,216,80,328,248,88,408,320,80,344,264,80,2119,S27a
72,240,168,64,272,208,72,184,112,72,304,232,64,320,256,80,320,240,80,320,240,80,2040,S27a
88,216,128,72,248,176,72,160,88,104,328,224,72,352,280,128,360,232,80,321,241,95,2080,S27a
72,184,112,72,256,184,72,200,128,80,286,206,82,370,288,80,416,336,88,320,232,96,2128,S27a
74,202,128,88,288,200,72,200,128,80,304,224,72,336,264,88,336,248,88,312,224,88,2066,S27a
72,232,160,80,264,184,64,184,120,88,304,216,72,344,272,112,340,228,68,291,223,105,2064,S27a
81,225,144,72,232,160,72,192,120,88,295,207,72,385,313,111,376,265,88,375,287,80,2160,S27a
72,240,168,80,264,184,80,192,112,81,258,177,70,1863,1793,96,352,256,80,255,175,81,3505,S27a
80,247,167,89,273,184,72,184,112,96,304,208,64,352,288,80,312,232,80,336,256,88,2096,S27a
72,207,135,72,233,161,80,168,88,80,384,304,72,336,264,80,623,543,81,313,232,95,2359,S27a
88,208,120,72,224,152,72,152,80,80,329,249,71,344,273,95,463,368,80,320,240,88,2128,S27a
72,232,160,72,248,176,72,176,104,88,288,200,71,352,281,104,311,207,89,705,616,96,2408,S27a
72,200,128,88,231,143,72,169,97,96,368,272,72,336,264,87,424,337,96,335,239,73,2136,S27a
89,233,144,88,232,144,80,176,96,80,336,256,71,344,273,88,400,312,64,336,272,80,2137,S27a
80,255,175,73,297,224,79,176,97,95,384,289,72,344,272,104,833,729,79,327,248,80,2696,S27a
80,223,143,65,225,160,72,152,80,104,336,232,72,368,296,112,343,231,81,393,312,96,2136,S27a
88,200,112,64,240,176,64,176,112,80,327,247,73,409,336,80,744,664,72,367,295,81,2544,S27a
72,200,128,78,232,154,71,192,121,88,360,272,80,384,304,72,824,752,72,352,280,88,2632,S27a
88,200,112,72,224,152,64,159,95,112,297,185,88,368,280,128,432,304,72,568,496,88,2336,S27a
80,208,128,88,319,231,156,164,8,74,556,482,80,320,240,89,984,895,73,336,263,89,2976,S27a
80,271,191,73,225,152,64,224,160,95,280,185,72,351,279,88,377,289,88,344,256,80,2152,S27a
78,215,137,73,233,160,87,1224,1137,80,407,327,72,385,313,88,392,304,80,264,184,87,3207,S27a
72,223,151,88,265,177,72,176,104,79,488,409,80,392,312,88,344,256,80,312,232,96,2296,S27a
80,265,185,80,248,168,72,216,144,104,368,264,72,512,440,104,632,528,88,344,256,72,2657,S27a
81,233,152,80,248,168,92,216,124,104,264,160,72,368,296,88,496,408,96,287,191,97,2209,S27a
88,231,143,97,289,192,72,184,112,112,351,239,57,337,280,104,359,255,73,313,240,88,2152,S27a
79,280,201,88,239,151,97,193,96,96,312,216,79,384,305,96,351,255,74,377,303,72,2208,S27a
80,232,152,72,271,199,57,193,136,112,336,224,72,352,280,112,360,248,72,288,216,95,2127,S27a
95,255,160,73,232,159,80,225,145,104,472,368,80,391,311,107,432,325,72,736,664,81,2824,S27a
81,233,152,80,200,120,72,167,95,97,369,272,64,360,296,120,375,255,88,425,337,96,2225,S27a
80,223,143,73,233,160,72,159,87,81,345,264,72,336,264,96,328,232,71,272,201,96,1992,S27a
80,216,136,72,232,160,72,167,95,89,273,184,72,368,296,104,352,248,64,591,527,97,2296,S27a
88,208,120,64,351,287,89,201,112,71,256,185,80,335,255,105,441,336,104,311,207,96,2199,S27a
73,369,296,72,248,176,64,239,175,72,441,369,80,335,255,81,481,400,88,471,383,89,2673,S27a
72,192,120,79,248,169,72,144,72,79,296,217,80,360,280,96,352,256,72,648,576,89,2329,S27a
105,209,104,80,248,168,88,159,71,105,352,247,73,344,271,105,362,257,78,303,225,120,2097,S27a
89,241,152,80,255,175,80,208,128,112,264,152,81,385,304,113,368,255,72,399,327,113,2233,S27a
97,248,151,73,1680,1607,72,264,192,88,312,224,88,369,281,80,360,280,88,327,239,89,3649,S27a
81,224,143,81,288,207,65,232,167,105,448,343,81,384,303,129,416,287,81,352,271,89,2433,S27a
88,255,167,80,272,192,97,200,103,121,320,199,81,408,327,137,504,367,72,264,192,97,2320,S27a
105,248,143,72,248,176,81,208,127,120,312,192,72,408,336,105,456,351,73,416,343,96,2392,S27a
97,256,159,81,288,207,89,224,135,113,345,232,112,383,271,113,400,287,81,328,247,97,2321,S27a
116,279,163,89,296,207,81,240,159,105,352,247,73,376,303,129,360,231,88,288,200,96,2287,S27a
97,248,151,73,280,207,65,160,95,89,328,239,89,424,335,120,336,216,97,280,183,121,2177,S27a
97,240,143,81,248,167,96,216,120,120,264,144,105,352,247,121,408,287,97,304,207,105,2137,S27a
104,232,128,65,232,167,65,152,87,105,344,239,73,392,319,121,320,199,113,368,255,97,2137,S27a
112,255,143,89,256,167,81,201,120,127,439,312,81,336,255,96,313,217,104,279,175,113,2192,S27a
105,232,127,96,272,176,73,137,64,120,495,375,88,1520,1432,84,360,276,89,280,191,105,3401,S27a
97,232,135,73,240,167,81,152,71,105,296,191,97,368,271,168,296,128,89,296,207,113,1993,S27a
113,632,519,112,344,232,96,248,152,97,768,671,89,344,255,97,336,239,104,352,248,97,3121,S27a
104,352,248,88,240,152,72,192,120,96,296,200,81,384,303,121,328,207,97,280,183,105,2177,S27a
98,256,158,81,240,159,73,184,111,113,344,231,65,352,287,97,344,247,89,304,215,97,2121,S27a
73,240,167,73,248,175,81,200,119,97,576,479,81,344,263,105,328,223,96,312,216,97,2345,S27a
80,240,160,80,216,136,64,168,104,81,431,350,65,385,320,81,344,263,81,272,191,89,2145,S27a
81,224,143,73,216,143,73,184,111,81,296,215,72,448,376,97,384,287,80,280,200,89,2121,S27a
97,240,143,72,280,208,80,177,97,88,327,239,73,440,367,96,440,344,97,296,199,89,2289,S27a
81,224,143,73,240,167,73,208,135,105,304,199,72,392,320,89,336,247,81,296,215,89,2089,S27a
96,208,112,89,272,183,73,168,95,96,304,208,96,485,389,98,442,344,89,304,215,97,2280,S27a
89,248,159,73,256,183,72,216,144,81,272,191,81,384,303,113,368,255,89,344,255,81,2169,S27a
105,264,159,105,296,191,80,248,168,97,248,151,81,375,294,114,369,255,88,288,200,105,2193,S27a
113,280,167,96,296,200,74,241,167,112,311,199,64,368,304,113,384,271,88,456,368,96,2432,S27a
104,280,176,88,288,200,97,245,148,75,299,224,74,384,310,97,328,231,97,328,231,96,2248,S27a
80,240,160,80,264,184,80,240,160,112,312,200,88,464,376,113,376,263,80,336,256,96,2328,S27a
112,280,168,96,272,176,79,200,121,96,432,336,73,520,447,88,360,272,72,320,248,81,2465,S27a
88,240,152,89,272,183,72,176,104,104,328,224,72,416,344,96,336,240,72,312,240,88,2168,S27a
81,343,262,89,265,176,72,240,168,80,280,200,72,400,328,88,391,303,81,273,192,65,2257,S27a
72,280,208,72,240,168,72,298,226,21,190,169,80,359,279,97,369,272,80,256,176,72,2064,S27a
88,272,184,72,248,176,72,240,168,95,248,153,72,416,344,120,376,256,80,296,216,96,2192,S27a
88,256,168,72,232,160,80,192,112,88,296,208,80,416,336,104,368,264,104,264,160,120,2144,S27a
82,272,190,72,192,120,73,208,135,80,384,304,64,408,344,96,311,215,97,249,152,88,2112,S27a
80,208,128,88,256,168,72,168,96,88,320,232,72,368,296,88,312,224,88,304,216,88,2024,S27a
88,208,120,88,256,168,306,307,1,2,141,139,63,360,297,112,352,240,114,296,182,88,2008,S27a
112,288,176,88,264,176,80,255,175,81,473,392,80,303,223,72,377,305,87,368,281,88,2416,S27a
54,192,138,80,224,144,56,184,128,72,312,240,71,320,249,80,383,303,57,320,263,88,2023,S27a
63,232,169,64,216,152,64,167,103,72,305,233,72,344,272,71,368,297,79,296,217,79,2007,S27a
74,219,145,71,216,145,71,159,88,88,272,184,73,352,279,88,296,208,72,256,184,81,1851,S27a
87,231,144,72,241,169,71,191,120,97,303,206,74,338,264,79,312,233,79,296,217,88,2000,S27a
80,232,152,88,257,169,79,200,121,103,263,160,81,416,335,88,305,217,80,320,240,80,2073,S27a
79,224,145,71,216,145,72,168,96,88,280,192,80,319,239,97,320,223,81,312,231,80,1919,S27a
72,191,119,72,230,158,82,182,100,92,597,505,71,311,240,105,304,199,97,257,160,96,2168,S27a
64,248,184,79,327,248,72,304,232,104,371,267,77,477,400,104,448,344,80,368,288,88,2631,S27a
79,232,153,72,248,176,80,203,123,101,301,200,80,480,400,88,376,288,80,368,288,87,2295,S27a
72,216,144,88,256,168,80,176,96,88,336,248,64,472,408,96,496,400,96,384,288,104,2440,S27a
88,232,144,88,327,239,89,257,168,96,384,288,96,368,272,96,352,256,88,392,304,96,2408,S27a
80,256,176,71,256,185,79,183,104,97,825,728,72,397,325,91,427,336,88,368,280,80,2792,S27a
80,504,424,72,280,208,80,216,136,88,328,240,79,440,361,98,352,254,88,304,216,80,2504,S27a
79,208,129,80,248,168,88,208,120,96,320,224,80,425,345,103,343,240,88,312,224,72,2136,S27a
73,217,144,72,288,216,63,193,130,104,296,192,72,432,360,87,279,192,89,280,191,96,2081,S27a
97,233,136,96,248,152,79,215,136,105,280,175,88,465,377,96,311,215,96,312,216,97,2161,S27a
88,249,161,96,248,152,96,200,104,104,313,209,95,447,352,96,408,312,104,296,192,97,2258,S27a
88,207,119,81,241,160,80,199,119,88,297,209,87,368,281,103,311,208,129,288,159,121,2032,S27a
80,183,103,89,243,154,110,165,55,121,345,224,104,391,287,112,296,184,112,336,224,48,2007,S27a
83,210,127,80,224,144,96,176,80,89,272,183,106,473,367,96,287,191,105,272,167,96,2010,S27a
88,232,144,97,232,135,97,184,87,114,256,142,105,376,271,104,279,175,106,273,167,97,1929,S27a
81,224,143,88,224,136,89,168,79,113,273,160,79,367,288,105,304,199,81,440,359,120,2120,S27a
81,232,151,81,225,144,96,263,167,96,216,120,81,440,359,105,520,415,96,520,424,105,2521,S27a
81,200,119,89,233,144,72,192,120,96,303,207,81,440,359,97,568,471,88,360,272,81,2377,S27a
89,216,127,81,232,151,80,192,112,96,264,168,105,424,319,89,376,287,152,344,192,81,2129,S27a
97,192,95,80,240,160,80,200,120,96,272,176,64,416,352,96,288,192,89,304,215,97,2009,S27a
80,215,135,80,240,160,89,200,111,97,664,567,73,320,247,89,352,263,81,312,231,97,2400,S27a
105,216,111,113,304,191,80,192,112,136,376,240,88,360,272,97,352,255,89,296,207,97,2193,S27a
80,208,128,96,288,192,88,232,144,89,592,503,73,313,240,95,344,249,117,279,162,105,2361,S27a
104,240,136,81,232,151,81,192,111,112,352,240,81,392,311,104,312,208,104,320,216,105,2145,S27a
89,216,127,73,232,159,89,184,95,96,488,392,80,360,280,97,328,231,73,312,239,105,2225,S27a
88,247,159,88,240,152,72,200,128,96,288,192,88,424,336,97,281,184,96,423,327,113,2216,S27a
73,248,175,73,264,191,96,232,136,105,480,375,88,328,240,89,808,719,127,224,97,104,2688,S27a
79,199,120,80,232,152,97,201,104,103,287,184,81,400,319,96,336,240,95,304,209,105,2064,S27a
88,183,95,81,239,158,81,177,96,112,336,224,72,352,280,97,344,247,89,304,215,81,2016,S27a
105,264,159,97,248,151,72,185,113,128,343,215,73,448,375,113,376,263,96,344,248,105,2313,S27a
81,264,183,81,224,143,80,175,95,105,289,184,88,448,360,113,424,311,105,352,247,97,2273,S27a
97,200,103,81,240,159,97,192,95,104,304,200,89,376,287,113,360,247,96,320,224,105,2097,S27a
103,211,108,101,270,169,72,287,215,128,384,256,88,336,248,128,344,216,105,360,255,104,2296,S27a
80,232,152,81,240,159,96,248,152,121,304,183,81,399,318,114,473,359,89,408,319,105,2409,S27a
89,280,191,81,240,159,96,248,152,121,336,215,80,400,320,104,480,376,97,336,239,88,2408,S27a
104,265,161,79,255,176,89,208,119,96,272,176,80,400,320,121,344,223,97,320,223,113,2177,S27a
96,280,184,80,248,168,88,200,112,113,303,190,82,385,303,127,376,249,95,312,217,96,2200,S27a
80,224,144,81,256,175,81,208,127,104,416,312,80,384,304,96,328,232,97,304,207,96,2216,S27a
96,224,128,72,216,144,88,224,136,89,304,215,80,352,272,112,360,248,72,272,200,112,2064,S27a
104,192,88,88,248,160,89,200,111,120,288,168,72,376,304,120,792,672,80,392,312,120,2608,S27a
104,200,96,80,232,152,72,176,104,112,312,200,80,472,392,104,458,354,94,367,273,104,2321,S27a
104,273,169,79,247,168,88,192,104,112,296,184,80,384,304,103,336,233,88,352,264,120,2200,S27a
80,201,121,79,199,120,80,168,88,96,320,224,88,344,256,112,464,352,80,338,258,110,2144,S27a
104,223,119,80,352,272,88,232,144,105,336,231,80,384,304,104,415,311,97,336,239,113,2391,S27a
88,216,128,80,256,176,72,224,152,112,304,192,80,393,313,119,327,208,112,272,160,120,2112,S27a
96,224,128,80,216,136,96,208,112,120,304,184,96,408,312,120,321,201,111,303,192,112,2096,S27a
88,248,160,88,231,143,97,209,112,112,305,193,87,359,272,111,336,225,104,328,224,128,2144,S27a
104,216,112,96,232,136,87,160,73,111,303,192,105,385,280,128,336,208,104,295,191,113,2040,S27a
104,240,136,72,216,144,96,192,96,96,328,232,89,416,327,104,392,288,96,296,200,120,2200,S27a
112,264,152,88,232,144,105,184,79,113,328,215,88,360,272,80,328,248,97,313,216,103,2112,S27a
95,248,153,87,240,153,96,208,112,128,832,704,96,400,304,112,408,296,112,328,216,112,2776,S27a
96,224,128,96,256,160,97,159,62,130,649,519,89,327,238,112,353,241,104,304,200,112,2384,S27a
88,200,112,80,248,168,96,192,96,112,360,248,88,384,296,128,368,240,88,367,279,105,2224,S27a
88,232,144,104,280,176,80,240,160,96,368,272,79,384,305,104,312,208,88,352,264,96,2264,S27a
96,224,128,80,232,152,88,232,144,96,328,232,80,400,320,96,328,232,96,312,216,88,2144,S27a
105,233,128,80,208,128,80,200,120,104,336,232,72,368,296,120,320,200,88,312,224,96,2073,S27a
96,240,144,80,328,248,88,232,144,104,296,192,80,383,303,97,305,208,80,272,192,112,2168,S27a
96,224,128,71,216,145,88,176,88,96,344,248,80,368,288,104,335,231,97,329,232,112,2104,S27a
112,241,129,79,231,152,96,200,104,112,304,192,96,408,312,152,424,272,104,336,232,104,2248,S27a
80,224,144,88,248,160,96,248,152,109,360,251,72,384,312,104,336,232,104,304,200,111,2215,S27a
97,265,168,96,271,175,89,264,175,121,321,200,96,399,303,113,545,432,80,359,279,114,2538,S27a
80,248,168,96,256,160,80,208,128,96,456,360,72,688,616,96,440,344,96,304,208,88,2688,S27a
88,232,144,88,248,160,88,200,112,96,288,192,88,480,392,120,391,271,89,321,232,96,2256,S27a
88,208,120,88,248,160,80,247,167,97,337,240,72,384,312,105,376,271,88,304,216,112,2216,S27a
96,232,136,79,224,145,88,192,104,104,303,199,73,433,360,104,999,895,89,289,200,104,2776,S27a
88,240,152,79,240,161,80,184,104,104,320,216,80,392,312,104,336,232,96,288,192,112,2112,S27a
95,248,153,80,224,144,88,168,80,128,344,216,88,448,360,104,536,432,96,280,184,96,2344,S27a
80,248,168,71,208,137,72,208,136,96,344,248,72,344,272,112,336,224,88,272,184,104,2064,S27a
95,216,121,80,216,136,72,168,96,112,368,256,112,464,352,112,328,216,104,272,168,104,2136,S27a
97,209,112,88,232,144,80,184,104,120,304,184,72,408,336,104,296,192,96,312,216,128,2073,S27a
88,472,384,88,296,208,79,280,201,96,295,199,88,337,249,96,328,232,88,304,216,104,2416,S27a
96,240,144,80,240,160,80,184,104,136,296,160,104,368,264,131,392,261,88,328,240,96,2144,S27a
96,224,128,88,232,144,87,232,145,112,944,832,72,328,256,104,512,408,88,296,208,96,2864,S27a
80,264,184,80,216,136,72,200,128,96,864,768,80,352,272,88,320,232,88,272,184,104,2592,S27a
96,224,128,79,224,145,88,240,152,112,504,392,80,376,296,96,2032,1936,67,304,237,96,4000,S27a
97,217,120,80,240,160,79,215,136,97,353,256,80,352,272,87,360,273,88,344,256,88,2169,S27a
88,200,112,102,240,138,88,192,104,128,368,240,72,336,264,112,312,200,96,280,184,128,2056,S27a
110,232,122,112,288,176,88,232,144,104,344,240,88,360,272,104,320,216,80,312,232,112,2200,S27a
96,232,136,80,240,160,80,200,120,112,319,207,81,385,304,112,384,272,72,336,264,96,2192,S27a
88,255,167,97,265,168,80,232,152,104,296,192,72,400,328,104,328,224,87,296,209,96,2168,S27a
88,240,152,88,232,144,72,200,128,104,335,231,89,345,256,112,312,200,96,256,160,127,2047,S27a
103,240,137,88,255,167,89,225,136,144,328,184,88,360,272,128,352,224,96,272,176,112,2144,S27a
95,248,153,88,248,160,79,232,153,112,290,178,86,350,264,128,360,232,96,304,208,119,2151,S27a
88,216,128,96,296,200,87,248,161,112,2615,2503,65,337,272,112,376,264,96,304,208,103,4495,S27a
96,249,153,88,272,184,88,224,136,120,328,208,88,392,304,88,360,272,104,304,200,96,2225,S27a
80,240,160,104,254,150,106,258,152,95,344,249,88,376,288,127,992,865,96,784,688,104,3352,S27a
152,656,504,88,392,304,80,319,239,81,289,208,80,400,320,120,320,200,96,312,216,96,2784,S27a
88,247,159,81,233,152,64,231,167,112,513,401,80,344,264,103,320,217,96,296,200,96,2280,S27a
96,248,152,80,239,159,73,265,192,120,264,144,71,400,329,128,344,216,88,328,240,120,2208,S27a
112,192,80,224,128,-96,136,152,16,96,768,672,120,440,320,112,184,72,96,257,161,39,2160,S2a
113,184,71,200,112,-88,128,184,56,80,360,280,127,504,377,96,264,168,80,304,224,104,2016,S2a
88,216,128,192,119,-73,129,217,88,80,224,144,136,392,256,80,152,72,80,232,152,88,1640,S2a
72,216,144,208,120,-88,112,160,48,72,232,160,128,456,328,88,160,72,64,224,160,72,1640,S2a
88,216,128,176,104,-72,96,135,39,89,233,144,152,416,264,88,184,96,112,264,152,96,1648,S2a
104,168,64,200,120,-80,120,176,56,56,208,152,136,360,224,112,184,72,80,192,112,104,1512,S2a
72,264,192,184,144,-40,144,176,32,80,256,176,128,247,119,113,345,232,96,320,224,72,1824,S2a
64,304,240,175,111,-64,121,161,40,104,304,200,128,352,224,112,128,16,104,328,224,80,1768,S2a
64,184,120,184,128,-56,120,152,32,71,216,145,151,384,233,96,256,160,112,304,192,104,1728,S2a
55,304,249,192,224,32,160,280,120,104,544,440,112,416,304,88,184,96,80,239,159,81,2272,S2a
72,288,216,168,96,-72,128,192,64,64,240,176,136,392,256,104,288,184,136,336,200,95,1927,S2a
56,240,184,152,96,-56,112,231,119,65,265,200,152,480,328,104,184,80,128,312,184,56,1864,S2a
113,305,192,191,136,-55,112,232,120,96,248,152,152,512,360,88,232,144,128,392,264,88,2145,S2a
71,240,169,184,120,-64,128,168,40,72,304,232,112,240,128,103,296,193,88,264,176,64,1696,S2a
61,310,249,176,136,-40,119,200,81,112,359,247,137,945,808,88,208,120,64,191,127,89,2438,S2a
48,248,200,176,120,-56,136,138,2,70,318,248,128,312,184,112,336,224,72,224,152,72,1768,S2a
87,272,185,192,120,-72,136,208,72,88,272,184,112,224,112,96,280,184,104,264,160,130,1770,S2a
104,184,80,200,128,-72,127,252,125,76,372,296,120,240,120,120,296,176,96,279,183,120,1871,S2a
73,233,160,216,120,-96,160,296,136,80,304,224,136,248,112,112,312,200,120,280,160,88,1881,S2a
144,256,112,176,96,-80,128,192,64,96,224,128,136,359,223,105,225,120,80,288,208,88,1728,S2a
63,192,129,200,120,-80,144,320,176,104,248,144,144,240,96,120,375,255,105,344,239,105,1944,S2a
80,240,160,184,128,-56,152,304,152,120,296,176,144,375,231,129,273,144,72,287,215,89,1992,S2a
104,272,168,200,128,-72,135,184,49,96,384,288,128,360,232,87,352,265,104,232,128,96,2008,S2a
81,249,168,176,120,-56,104,256,152,72,224,152,112,328,216,104,288,184,72,304,232,56,1825,S2a
64,240,176,160,104,-56,136,247,111,97,281,184,136,432,296,88,223,135,65,257,192,72,1856,S2a
93,207,114,168,97,-71,128,216,88,88,256,168,128,239,111,129,280,151,73,273,200,87,1655,S2a
96,289,193,168,119,-49,128,232,104,89,257,168,136,248,112,104,224,120,128,256,128,72,1697,S2a
88,280,192,176,136,-40,112,175,63,89,297,208,112,400,288,112,168,56,80,288,208,56,1800,S2a
56,264,208,191,120,-71,104,200,96,72,255,183,121,249,128,104,272,168,120,376,256,111,1847,S2a
80,248,168,168,143,-25,105,225,120,96,248,152,136,311,175,113,201,88,104,304,200,80,1760,S2a
96,247,151,177,113,-64,103,175,72,81,232,151,152,481,329,120,200,80,112,279,167,112,1839,S2a
104,264,160,200,184,-16,176,272,96,104,856,752,137,360,223,80,176,96,112,336,224,104,2552,S2a
115,234,119,193,129,-64,127,200,73,96,208,112,144,391,247,137,138,1,151,279,128,56,1635,S2a
72,208,136,144,96,-48,151,207,56,81,281,200,152,239,87,97,265,168,112,296,184,80,1672,S2a
80,192,112,207,136,-71,120,200,80,80,264,184,120,215,95,104,225,121,104,320,216,96,1648,S2a
96,279,183,176,120,-56,144,209,65,96,271,175,161,257,96,112,200,88,104,296,192,96,1728,S2a
112,264,152,184,136,-48,143,168,25,96,288,192,128,176,48,128,248,120,129,416,287,112,1808,S2a
111,224,113,152,111,-41,153,169,16,128,872,744,112,304,192,136,256,120,120,416,296,144,2496,S2a
135,176,41,175,120,-55,128,256,128,96,232,136,127,384,257,112,176,64,96,312,216,87,1743,S2a
88,224,136,159,120,-39,127,223,96,73,257,184,119,183,64,120,305,185,112,304,192,80,1696,S2a
64,232,168,192,136,-56,136,184,48,96,319,223,105,233,128,104,280,176,136,328,192,104,1816,S2a
86,262,176,176,177,1,95,199,104,120,248,128,136,232,96,112,247,135,89,321,232,80,1766,S2a
120,335,215,161,118,-43,155,219,64,88,239,151,136,225,89,112,263,151,113,313,200,88,1800,S2a
88,192,104,167,169,2,135,278,143,129,361,232,152,312,160,112,184,72,112,360,248,111,1967,S2a
96,176,80,168,112,-56,152,224,72,64,288,224,144,167,23,97,329,232,135,335,200,97,1728,S2a
64,320,256,184,136,-48,143,232,89,103,232,129,159,232,73,111,296,185,104,304,200,104,1856,S2a
65,294,229,171,108,-63,144,208,64,120,703,583,161,945,784,72,128,56,88,272,184,103,2761,S2a
96,311,215,192,129,-63,200,344,144,120,263,143,129,217,88,104,400,296,104,256,152,112,2032,S2a
136,247,111,241,169,-72,160,216,56,120,288,168,152,184,32,104,304,200,79,247,168,97,1752,S2a
95,304,209,200,120,-80,184,256,72,104,328,224,120,200,80,120,352,232,88,240,152,112,1912,S2a
88,256,168,191,128,-63,160,200,40,111,431,320,152,457,305,104,184,80,96,248,152,64,1968,S2a
72,312,240,224,152,-72,152,232,80,96,391,295,168,257,89,128,288,160,144,303,159,137,2072,S2a
112,264,152,208,151,-57,161,163,2,141,1397,1256,103,265,162,112,240,128,79,271,192,73,2824,S2a
96,296,200,191,128,-63,144,176,32,113,264,151,144,304,160,128,296,168,95,311,216,89,1864,S2a
113,281,168,208,143,-65,145,161,16,127,328,201,143,208,65,128,279,151,121,264,143,89,1753,S2a
96,280,184,200,143,-57,136,184,48,96,320,224,144,400,256,120,176,56,120,384,264,88,1975,S2a
96,240,144,200,128,-72,152,184,32,104,304,200,160,240,80,128,272,144,97,257,160,72,1697,S2a
112,257,145,184,104,-80,160,207,47,89,233,144,152,408,256,112,232,120,128,336,208,128,1905,S2a
129,256,127,185,120,-65,145,193,48,96,312,216,160,288,128,95,992,897,127,272,145,95,2528,S2a
89,337,248,271,176,-95,152,191,39,105,216,111,153,232,79,113,305,192,88,336,248,112,1905,S2a
128,240,112,160,112,-48,136,159,23,113,305,192,119,192,73,111,255,144,96,272,176,105,1640,S2a
112,303,191,177,129,-48,160,208,48,112,280,168,112,367,255,89,177,88,103,255,152,96,1815,S2a
119,664,545,215,152,-63,152,224,72,80,295,215,137,225,88,96,224,128,119,263,144,88,2135,S2a
80,249,169,264,208,-56,136,175,39,89,289,200,112,256,144,80,168,88,95,240,145,104,1689,S2a
71,271,200,193,129,-64,112,207,95,144,272,128,143,408,265,128,231,103,81,408,327,105,2031,S2a
120,173,53,170,92,-78,175,227,52,68,257,189,131,307,176,112,224,112,107,303,196,65,1648,S2a
80,312,232,240,144,-96,152,256,104,88,264,176,152,408,256,88,184,96,88,304,216,72,1944,S2a
72,280,208,176,120,-56,144,240,96,80,200,120,136,352,216,112,184,72,143,344,201,104,1824,S2a
112,376,264,280,192,-88,152,200,48,88,264,176,128,240,112,136,328,192,88,240,152,136,1976,S2a
113,257,144,248,168,-80,152,208,56,111,5464,5353,120,1944,1824,127,239,112,65,265,200,104,8649,S2a
81,160,79,201,128,-73,145,224,79,80,256,176,161,319,158,130,265,135,120,240,120,97,1689,S2a
95,263,168,216,144,-72,144,200,56,97,369,272,151,288,137,112,231,119,97,256,159,41,1792,S2a
80,247,167,208,136,-72,193,288,95,121,392,271,129,248,119,113,328,215,105,241,136,128,2008,S2a
103,303,200,209,128,-81,161,272,111,113,312,199,113,336,223,112,848,736,111,416,305,121,2736,S2a
95,255,160,225,152,-73,145,272,127,113,304,191,137,240,103,112,344,232,73,296,223,128,1991,S2a
96,264,168,201,136,-65,137,232,95,97,344,247,144,560,416,145,216,71,104,376,272,144,2272,S2a
113,169,56,191,127,-64,137,224,87,104,232,128,152,512,360,128,264,136,111,328,217,129,1985,S2a
129,280,151,177,121,-56,144,175,31,113,248,135,129,296,167,136,336,200,88,328,240,97,1881,S2a
97,336,239,185,136,-49,143,287,144,89,216,127,122,297,175,104,256,152,104,304,200,81,1913,S2a
65,248,183,185,113,-72,152,215,63,105,200,95,160,592,432,129,201,72,120,319,199,89,1977,S2a
87,255,168,200,176,-24,137,208,71,112,248,136,137,376,239,128,200,72,97,310,213,98,1871,S2a
135,255,120,201,120,-81,128,176,48,89,288,199,137,408,271,97,192,95,89,272,183,81,1792,S2a
104,264,160,217,128,-89,145,232,87,121,280,159,128,248,120,128,1096,968,81,280,199,97,2625,S2a
88,256,168,200,120,-80,145,224,79,81,368,287,113,280,167,104,248,144,112,256,144,105,1857,S2a
121,313,192,216,231,15,137,138,1,111,766,655,113,360,247,97,152,55,97,624,527,137,2721,S2a
113,208,95,184,112,-72,153,154,1,102,286,184,136,264,128,120,208,88,105,240,135,73,1545,S2a
97,272,175,192,120,-72,145,192,47,81,376,295,144,536,392,113,268,155,84,236,152,128,2128,S2a
112,280,168,217,152,-65,121,136,15,113,504,391,137,1287,1150,97,273,176,97,240,143,81,2953,S2a
105,264,159,152,128,-24,87,192,105,105,256,151,145,344,199,112,176,64,129,304,175,128,1792,S2a
143,232,89,217,127,-90,186,233,47,144,408,264,113,200,87,97,329,232,128,311,183,105,1945,S2a
111,751,640,160,128,-32,169,216,47,128,328,200,128,585,457,103,183,80,113,224,111,113,2528,S2a
105,304,199,160,136,-24,143,245,102,115,291,176,137,439,302,97,145,48,97,328,231,96,1984,S2a
70,167,97,176,104,-72,137,208,71,48,288,240,128,344,216,105,184,79,113,376,263,112,1783,S2a
88,232,144,217,144,-73,144,248,104,104,240,136,128,407,279,113,161,48,96,272,176,120,1824,S2a
89,152,63,201,136,-65,161,162,1,94,302,208,104,216,112,128,383,255,98,361,263,113,1825,S2a
96,248,152,184,128,-56,129,168,39,80,552,472,129,504,375,120,192,72,128,392,264,104,2288,S2a
112,176,64,208,112,-96,128,216,88,119,319,200,121,793,672,86,184,98,88,688,600,119,2607,S2a
71,159,88,160,88,-72,145,225,80,80,224,144,128,823,695,105,249,144,104,360,256,127,2255,S2a
80,280,200,200,144,-56,136,231,95,105,225,120,112,509,397,122,339,217,87,312,225,96,2136,S2a
104,264,160,168,95,-73,113,201,88,96,256,160,96,280,184,120,384,264,72,184,112,128,1792,S2a
113,289,176,160,120,-40,127,151,24,120,233,113,144,456,312,120,224,104,88,312,224,96,1881,S2a
80,280,200,160,104,-56,128,216,88,104,247,143,144,449,305,120,200,80,104,231,127,120,1847,S2a
128,328,200,200,120,-80,160,162,2,101,230,129,135,456,321,104,128,24,136,216,80,128,1768,S2a
104,272,168,168,143,-25,97,217,120,96,216,120,120,520,400,112,168,56,112,239,127,129,1904,S2a
80,256,176,183,128,-55,112,128,16,112,320,208,135,976,841,96,248,152,119,311,192,121,2488,S2a
96,265,169,150,124,-26,115,203,88,80,224,144,160,544,384,87,112,25,112,296,184,104,1872,S2a
128,256,128,160,103,-57,121,193,72,119,208,89,127,320,193,104,344,240,72,288,216,79,1791,S2a
48,248,200,167,135,-32,105,161,56,95,233,138,150,391,241,87,128,41,95,237,142,115,1648,S2a
88,264,176,152,96,-56,120,144,24,72,256,184,120,231,111,81,177,96,104,264,160,96,1528,S2a
72,832,760,160,162,2,126,366,240,80,152,72,160,752,592,127,616,489,128,703,575,121,3704,S2a
120,175,55,169,89,-80,176,208,32,128,264,136,136,280,144,96,335,239,80,200,120,80,1631,S2a
80,272,192,184,112,-72,120,168,48,88,215,127,113,305,192,80,184,104,88,224,136,63,1543,S2a
88,224,136,160,104,-56,152,168,16,104,232,128,120,255,135,89,241,152,72,239,167,105,1568,S2a
104,264,160,160,120,-40,136,192,56,80,264,184,128,311,183,121,345,224,120,272,152,120,1888,S2a
120,312,192,152,154,2,134,213,79,129,233,104,136,272,136,120,240,120,112,248,136,88,1760,S2a
97,265,168,192,127,-65,129,177,48,120,248,128,136,192,56,95,208,113,111,376,265,80,1673,S2a
95,344,249,160,400,240,96,168,72,97,240,143,72,520,448,72,120,48,96,199,103,89,2080,S2a
88,231,143,169,113,-56,144,191,47,121,256,135,145,473,328,120,175,55,137,305,168,88,1832,S2a
52,196,144,177,120,-57,121,225,104,72,224,152,128,616,488,80,224,144,120,344,224,111,2060,S2a
80,184,104,152,104,-48,152,240,88,72,207,135,153,608,455,112,256,144,81,273,192,104,1976,S2a
101,278,177,184,112,-72,160,215,55,81,249,168,120,320,200,96,232,136,181,304,123,111,1821,S2a
165,280,115,176,128,-48,144,216,72,80,232,152,128,232,104,95,224,129,72,272,200,96,1680,S2a
107,175,68,168,104,-64,153,169,16,88,208,120,152,344,192,103,184,81,120,424,304,96,1704,S2a
96,255,159,217,144,-73,145,168,23,81,264,183,113,241,128,112,160,48,127,328,201,72,1632,S2a
87,255,168,177,128,-49,168,170,2,95,679,584,136,192,56,112,312,200,128,272,144,96,2104,S2a
87,279,192,160,112,-48,136,191,55,105,233,128,120,271,151,105,153,48,112,288,176,64,1591,S2a
120,232,112,200,111,-89,129,233,104,96,207,111,152,425,273,120,192,72,136,335,199,129,1864,S2a
97,177,80,184,111,-73,161,177,16,104,232,128,144,935,791,129,889,760,112,248,136,112,2881,S2a
127,263,136,208,136,-72,120,135,15,89,249,160,127,288,161,120,136,16,103,271,168,81,1559,S2a
111,279,168,168,119,-49,169,128,-41,105,648,543,153,400,247,104,106,2,142,254,112,105,2039,S2a
112,248,136,176,112,-64,135,160,25,112,264,152,136,248,112,104,223,119,97,337,240,104,1696,S2a
56,231,175,185,129,-56,136,192,56,96,248,152,128,271,143,104,225,121,119,247,128,121,1664,S2a
128,264,136,216,104,-112,192,208,16,80,240,160,127,400,273,88,120,32,136,232,96,104,1672,S2a
152,288,136,200,120,-80,168,170,2,102,565,463,136,208,72,128,785,657,72,368,296,56,2560,S2a
112,295,183,145,89,-56,160,161,1,111,270,159,121,233,112,128,184,56,127,242,115,102,1576,S2a
144,289,145,200,104,-96,192,193,1,111,271,160,136,336,200,136,248,112,96,288,192,144,1873,S2a
129,224,95,201,120,-81,161,193,32,104,287,183,113,401,288,136,224,88,88,288,200,144,1881,S2a
88,217,129,168,96,-72,144,224,80,104,304,200,112,264,152,136,192,56,119,296,177,128,1721,S2a
114,217,103,192,112,-80,183,186,3,118,366,248,135,224,89,152,295,143,129,288,159,129,1817,S2a
119,296,177,184,80,-104,208,256,48,120,311,191,129,256,127,128,200,72,97,328,231,113,1840,S2a
120,159,39,177,105,-72,152,153,1,87,222,135,113,193,80,112,191,79,105,241,136,96,1360,S2a
109,216,107,184,96,-88,168,191,23,97,329,232,136,208,72,120,600,480,64,288,224,72,2000,S2a
112,327,215,193,104,-89,161,193,32,103,287,184,129,337,208,88,192,104,104,232,128,88,1760,S2a
128,327,199,193,194,1,95,247,152,80,320,240,119,208,89,111,264,153,88,280,192,112,1952,S2a
129,289,160,184,111,-73,193,232,39,112,433,321,119,183,64,129,272,143,145,329,184,128,1977,S2a
112,199,87,200,113,-87,184,185,1,95,934,839,129,681,552,96,152,56,151,304,153,128,2696,S2a
104,256,152,184,111,-73,153,185,32,80,248,168,128,248,120,112,176,64,144,312,168,96,1632,S2a
80,264,184,184,120,-64,168,169,1,95,287,192,128,296,168,144,192,48,128,408,280,88,1824,S2a
112,281,169,167,102,-65,161,225,64,96,306,210,110,246,136,120,248,128,120,312,192,104,1824,S2a
112,248,136,152,120,-32,128,184,56,48,248,200,128,176,48,136,248,112,128,296,168,72,1592,S2a
80,288,208,168,104,-64,160,200,40,64,616,552,160,922,762,110,798,688,80,320,240,80,3328,S2a
96,304,208,200,127,-73,153,201,48,88,272,184,136,264,128,112,200,88,104,247,143,65,1680,S2a
80,264,184,176,120,-56,160,161,1,87,279,192,136,216,80,136,223,87,129,297,168,95,1655,S2a
71,256,185,159,136,-23,160,200,40,80,376,296,128,151,23,129,297,168,80,200,120,112,1728,S2a
121,305,184,192,120,-72,160,161,1,103,767,664,120,160,40,136,232,96,120,280,160,128,2153,S2a
120,186,66,190,134,-56,136,208,72,80,232,152,136,283,147,133,229,96,128,840,712,87,2199,S2a
112,224,112,168,88,-80,160,183,23,81,217,136,136,304,168,128,160,32,128,352,224,135,1663,S2a
112,232,120,176,104,-72,168,168,0,80,328,248,127,208,81,104,208,104,104,336,232,73,1657,S2a
121,272,151,153,80,-73,169,232,63,96,241,145,128,447,319,112,168,56,144,280,136,73,1793,S2a
80,240,160,209,104,-105,184,185,1,96,248,152,103,232,129,119,183,64,121,304,183,57,1553,S2a
73,192,119,185,120,-65,144,146,2,71,222,151,97,208,111,113,201,88,96,311,215,73,1473,S2a
96,280,184,185,120,-65,160,184,24,73,304,231,137,712,575,105,257,152,112,304,192,88,2249,S2a
121,232,111,161,112,-49,137,138,1,95,230,135,96,296,200,89,144,55,113,600,487,87,1839,S2a
65,313,248,224,135,-89,137,168,31,89,248,159,120,360,240,96,128,32,129,313,184,96,1761,S2a
97,232,135,193,128,-65,128,152,24,65,320,255,274,282,8,22,126,104,97,280,183,105,1625,S2a
136,223,87,177,88,-89,192,194,2,79,263,184,136,191,55,128,256,128,121,392,271,113,1720,S2a
103,222,119,169,96,-73,177,178,1,95,262,167,145,784,639,145,280,135,121,368,247,105,2295,S2a
88,223,135,193,96,-97,193,194,1,98,238,140,153,416,263,104,175,71,138,305,167,73,1720,S2a
129,272,143,185,112,-73,193,195,2,61,309,248,121,248,127,105,224,119,120,312,192,72,1744,S2a
96,232,136,160,96,-64,177,178,1,78,255,177,136,447,311,128,192,64,105,264,159,113,1777,S2a
129,496,367,169,104,-65,185,160,-25,105,360,255,129,232,103,105,176,71,88,520,432,97,2145,S2a
105,184,79,185,96,-89,169,170,1,79,254,175,113,232,119,113,208,95,80,232,152,88,1464,S2a
96,248,152,152,80,-72,169,171,2,70,245,175,129,216,87,89,208,119,97,224,127,73,1465,S2a
95,231,136,168,88,-80,136,224,88,121,232,111,136,456,320,128,184,56,137,384,247,113,1912,S2a
88,2367,2279,96,144,48,145,257,112,121,376,255,129,552,423,97,136,39,128,383,255,121,4336,S2a
104,232,128,169,88,-81,177,224,47,136,392,256,111,384,273,127,208,81,121,344,223,89,1961,S2a
82,281,199,216,160,-56,193,256,63,88,312,224,129,488,359,88,152,64,128,296,168,105,2050,S2a
73,280,207,151,72,-79,184,272,88,129,248,119,136,520,384,113,184,71,111,360,249,128,2064,S2a
128,304,176,208,120,-88,185,223,38,122,313,191,144,320,176,96,168,72,97,296,199,96,1840,S2a
112,279,167,177,88,-89,185,1399,1214,101,1297,1196,145,392,247,112,160,48,112,312,200,105,4032,S2a
97,184,87,201,112,-89,177,224,47,89,320,231,128,352,224,97,176,79,104,416,312,96,1880,S2a
88,248,160,168,112,-56,145,224,79,111,312,201,145,368,223,113,136,23,137,1200,1063,80,2680,S2a
121,192,71,208,112,-96,169,264,95,121,336,215,129,288,159,97,207,110,113,321,208,97,1817,S2a
112,224,112,217,112,-105,176,216,40,121,496,375,136,384,248,152,224,72,120,240,120,73,1969,S2a
96,248,152,200,112,-88,176,240,64,112,312,200,136,296,160,112,208,96,113,368,255,112,1896,S2a
112,231,119,200,128,-72,144,192,48,96,288,192,136,344,208,97,152,55,120,343,223,114,1792,S2a
73,272,199,184,96,-88,161,296,135,96,280,184,137,248,111,104,616,512,120,320,200,127,2255,S2a
128,176,48,240,119,-121,185,265,80,111,256,145,112,272,160,96,192,96,128,344,216,112,1736,S2a
119,191,72,192,104,-88,160,200,40,96,272,176,96,208,112,104,216,112,95,343,248,121,1655,S2a
112,248,136,152,112,-40,144,184,40,88,208,120,128,297,169,111,207,96,136,280,144,88,1624,S2a
89,240,151,201,104,-97,169,208,39,112,247,135,130,305,175,89,144,55,128,296,168,104,1648,S2a
129,168,39,184,136,-48,151,208,57,88,272,184,136,264,128,112,192,80,96,296,200,97,1633,S2a
105,225,120,192,136,-56,169,184,15,104,248,144,136,288,152,112,114,2,126,302,176,88,1585,S2a
128,264,136,200,136,-64,152,192,40,128,248,120,128,296,168,104,176,72,104,352,248,112,1776,S2a
143,440,297,184,88,-96,160,224,64,112,624,512,120,488,368,72,208,136,56,208,152,128,2408,S2a
112,296,184,143,288,145,129,176,47,120,1432,1312,80,840,760,128,176,48,88,231,143,113,3552,S2a
104,248,144,168,112,-56,112,192,80,104,240,136,104,296,192,96,144,48,104,272,168,103,1607,S2a
104,304,200,152,96,-56,128,160,32,88,256,168,96,392,296,112,208,96,64,200,136,88,1704,S2a
104,264,160,183,112,-71,144,192,48,112,224,112,96,440,344,88,144,56,72,248,176,88,1712,S2a
96,232,136,160,120,-40,120,144,24,96,224,128,103,264,161,88,144,56,112,224,112,112,1464,S2a
73,208,135,152,128,-24,96,136,40,88,224,136,104,240,136,96,184,88,72,296,224,88,1504,S2a
104,216,112,168,104,-64,112,160,48,80,224,144,112,224,112,95,144,49,104,216,112,80,1368,S2a
96,280,184,160,106,-54,118,166,48,128,208,80,136,264,128,104,184,80,76,224,148,104,1536,S2a
96,264,168,153,112,-41,144,160,16,96,266,170,118,198,80,72,184,112,96,224,128,104,1512,S2a
84,252,168,176,112,-64,119,160,41,120,248,128,128,256,128,112,152,40,88,248,160,112,1540,S2a
72,240,168,160,104,-56,136,137,1,87,223,136,104,248,144,80,128,48,89,280,191,72,1432,S2a
71,192,121,152,96,-56,168,169,1,79,247,168,112,232,120,112,239,127,145,824,679,97,2096,S2a
89,152,63,160,96,-64,120,192,72,88,232,144,104,320,216,88,144,56,113,312,199,72,1520,S2a
120,248,128,168,112,-56,104,144,40,96,208,112,112,352,240,88,112,24,128,360,232,64,1600,S2a
88,192,104,199,120,-79,144,192,48,88,224,136,112,296,184,103,184,81,80,256,176,72,1536,S2a
88,200,112,152,104,-48,112,144,32,88,256,168,104,168,64,103,184,81,80,272,192,72,1400,S2a
95,199,104,168,112,-56,136,152,16,96,255,159,120,369,249,112,176,64,96,336,240,88,1687,S2a
79,208,129,176,104,-72,112,114,2,94,278,184,112,384,272,104,135,31,120,265,145,104,1592,S2a
71,688,617,182,120,-62,136,192,56,120,992,872,88,408,320,88,258,170,86,270,184,72,3000,S2a
71,232,161,168,112,-56,128,192,64,72,200,128,112,328,216,80,136,56,112,360,248,80,1640,S2a
72,216,144,184,112,-72,128,200,72,64,207,143,105,281,176,72,159,87,97,264,167,97,1536,S2a
96,192,96,168,113,-55,135,137,2,62,222,160,112,192,80,88,160,72,72,248,176,56,1320,S2a
72,168,96,152,96,-56,113,128,15,72,320,248,136,295,159,89,201,112,112,304,192,24,1536,S2a
87,208,121,175,112,-63,136,184,48,112,232,120,120,192,72,96,408,312,104,304,200,144,1784,S2a
79,247,168,169,113,-56,128,129,1,102,223,121,112,392,280,72,136,64,120,240,120,96,1576,S2a
80,248,168,176,104,-72,144,168,24,112,240,128,104,191,87,113,177,64,104,232,128,128,1488,S2a
88,232,144,168,104,-64,136,120,-16,120,256,136,104,147,43,117,197,80,72,208,136,80,1344,S2a
80,224,144,160,96,-64,152,154,2,86,238,152,96,688,592,136,160,24,136,960,824,63,2583,S2a
72,240,168,160,104,-56,136,152,16,120,247,127,144,161,17,103,368,265,96,248,152,111,1631,S2a
152,175,23,169,105,-64,152,154,2,118,270,152,144,200,56,112,223,111,64,217,153,120,1464,S2a
126,271,145,184,111,-73,153,154,1,103,271,168,120,192,72,96,184,88,79,256,177,104,1543,S2a
93,261,168,144,96,-48,143,162,19,110,238,128,128,208,80,119,191,72,113,217,104,112,1485,S2a
128,264,136,160,96,-64,136,152,16,104,256,152,120,200,80,96,200,104,80,288,208,88,1544,S2a
105,264,159,143,95,-48,161,162,1,87,599,512,120,288,168,56,192,136,56,248,192,64,1912,S2a
112,200,88,168,95,-73,153,176,23,81,281,200,136,200,64,96,200,104,88,311,223,97,1560,S2a
80,249,169,151,95,-56,136,152,16,96,296,200,96,160,64,112,167,55,120,257,137,104,1480,S2a
79,263,184,161,89,-72,184,185,1,111,271,160,112,144,32,104,184,80,112,256,144,104,1496,S2a
96,224,128,192,136,-56,112,144,32,79,240,161,103,216,113,96,160,64,112,384,272,93,1597,S2a
88,144,56,176,104,-72,144,176,32,112,208,96,120,216,96,96,136,40,120,256,136,96,1336,S2a
96,240,144,160,104,-56,128,130,2,86,254,168,104,168,64,72,240,168,88,367,279,97,1600,S2a
97,225,128,192,136,-56,136,137,1,87,255,168,96,192,96,96,423,327,97,329,232,72,1769,S2a
56,168,112,144,88,-56,144,167,23,81,273,192,120,167,47,97,193,96,104,296,192,48,1400,S2a
72,240,168,152,104,-48,120,160,40,80,256,176,111,183,72,88,184,96,88,233,145,80,1440,S2a
88,224,136,192,127,-65,137,138,1,87,247,160,96,168,72,104,175,71,105,217,112,112,1408,S2a
72,216,144,152,88,-64,144,145,1,87,263,176,120,152,32,120,183,63,113,281,168,103,1431,S2a
96,184,88,144,104,-40,152,153,1,79,215,136,136,176,40,88,160,72,96,224,128,96,1312,S2a
103,188,85,147,100,-47,152,119,-33,97,377,280,120,122,2,110,254,144,72,319,247,113,1592,S2a
104,208,104,176,104,-72,160,144,-16,72,1064,992,120,304,184,119,248,129,104,239,135,113,2424,S2a
87,240,153,168,103,-65,153,154,1,111,325,214,89,154,65,96,144,48,96,344,248,72,1536,S2a
72,200,128,184,112,-72,160,161,1,95,271,176,104,232,128,96,168,72,96,207,111,106,1457,S2a
104,232,128,168,96,-72,144,145,1,79,207,128,112,176,64,96,152,56,96,224,128,80,1312,S2a
88,192,104,168,96,-72,167,169,2,71,215,144,128,160,32,96,168,72,88,216,128,104,1320,S2a
113,225,112,132,96,-36,144,146,2,94,318,224,112,113,1,95,199,104,80,240,160,72,1409,S2a
104,223,119,161,104,-57,137,138,1,71,239,168,104,136,32,88,192,104,96,224,128,96,1352,S2a
104,160,56,168,95,-73,161,162,1,87,199,112,120,184,64,79,184,105,80,224,144,95,1303,S2a
89,233,144,136,71,-65,121,153,32,104,232,128,120,152,32,112,184,72,80,224,144,80,1329,S2a
95,224,129,152,88,-64,128,112,-16,112,328,216,56,120,64,96,208,112,56,152,96,96,1328,S2a
112,216,104,168,104,-64,143,145,2,111,223,112,104,144,40,112,200,88,72,152,80,96,1280,S2a
96,223,127,121,72,-49,144,144,0,112,249,137,128,224,96,128,184,56,71,335,264,105,1536,S2a
81,224,143,169,81,-88,144,200,56,96,192,96,167,184,17,103,311,208,88,256,168,120,1568,S2a
112,200,88,168,95,-73,129,168,39,81,209,128,120,176,56,111,168,57,88,207,119,56,1279,S2a
103,239,136,168,96,-72,144,146,2,77,230,153,88,143,55,105,185,80,80,200,120,96,1335,S2a
88,200,112,136,80,-56,136,176,40,72,209,137,87,153,66,103,687,584,72,872,800,96,2473,S2a
128,224,96,167,87,-80,136,137,1,95,232,137,136,168,32,128,184,56,104,200,96,80,1312,S2a
80,232,152,185,114,-71,135,143,8,95,272,177,143,232,89,112,696,584,98,344,246,143,2176,S2a
88,224,136,200,128,-72,144,168,24,87,240,153,128,200,72,96,192,96,111,224,113,104,1480,S2a
96,248,152,160,120,-40,104,135,31,73,240,167,121,153,32,87,200,113,80,176,96,71,1343,S2a
121,257,136,144,104,-40,136,137,1,79,223,144,112,152,40,56,1912,1856,95,224,129,80,3089,S2a
113,200,87,160,88,-72,144,216,72,103,224,121,136,720,584,112,208,96,111,728,617,80,2464,S2a
71,288,217,151,79,-72,144,121,-23,80,223,143,113,161,48,120,176,56,96,256,160,56,1360,S2a
88,192,104,152,88,-64,127,103,-24,81,264,183,121,161,40,112,256,144,104,272,168,104,1440,S2a
112,184,72,144,88,-56,152,153,1,62,183,121,127,184,57,104,200,96,104,272,168,88,1352,S2a
81,233,152,152,96,-56,112,168,56,80,248,168,112,168,56,104,176,72,96,224,128,72,1385,S2a
80,208,128,144,88,-56,120,121,1,87,239,152,112,136,24,96,208,112,96,184,88,120,1304,S2a
96,239,143,138,96,-42,112,145,33,72,200,128,104,184,80,88,176,88,80,184,104,72,1296,S2a
96,224,128,160,96,-64,128,152,24,72,216,144,96,168,72,103,192,89,80,208,128,80,1336,S2a
96,232,136,168,104,-64,143,152,9,80,264,184,103,1144,1041,120,143,23,129,329,200,95,2463,S2a
80,240,160,176,104,-72,143,175,32,97,321,224,128,176,48,111,536,425,96,208,112,88,1848,S2a
120,312,192,159,96,-63,160,200,40,72,224,152,112,799,687,129,273,144,72,271,199,97,2272,S2a
96,271,175,186,98,-88,168,170,2,78,230,152,160,496,336,96,175,79,105,209,104,96,1745,S2a
72,296,224,183,128,-55,184,216,32,88,296,208,112,200,88,120,320,200,120,304,184,103,1863,S2a
105,248,143,185,112,-73,161,177,16,88,456,368,127,560,433,112,344,232,150,328,178,103,2328,S2a
96,272,176,208,127,-81,145,193,48,80,207,127,137,297,160,119,175,56,96,222,126,82,1575,S2a
112,320,208,240,128,-112,176,199,23,89,496,407,129,777,648,104,216,112,128,231,103,129,2496,S2a
120,264,144,160,88,-72,151,184,33,96,216,120,119,207,88,113,185,72,112,224,112,104,1472,S2a
93,254,161,160,95,-65,153,169,16,72,192,120,144,216,72,112,168,56,119,239,120,89,1422,S2a
112,231,119,169,105,-64,136,160,24,104,215,111,120,193,73,104,160,56,112,240,128,103,1407,S2a
111,216,105,192,127,-65,153,154,1,94,774,680,144,1409,1265,95,160,65,104,255,151,104,3199,S2a
88,248,160,208,111,-97,161,162,1,103,222,119,113,225,112,104,176,72,120,264,144,104,1512,S2a
89,224,135,168,96,-72,152,169,17,79,192,113,127,192,65,120,160,40,120,223,103,80,1336,S2a
105,225,120,184,96,-88,143,145,2,111,343,232,144,184,40,103,216,113,112,232,120,104,1545,S2a
128,248,120,184,96,-88,160,161,1,95,247,152,144,256,112,104,176,72,119,207,88,120,1511,S2a
144,272,128,169,96,-73,152,153,1,95,222,127,129,185,56,128,176,48,104,208,104,112,1424,S2a
112,216,104,160,96,-64,136,120,-16,88,224,136,88,168,80,112,185,73,79,183,104,96,1288,S2a
96,208,112,152,88,-64,144,128,-16,105,232,127,97,160,63,120,177,57,72,216,144,96,1305,S2a
103,199,96,152,96,-56,136,136,0,72,272,200,104,176,72,112,1456,1344,80,280,200,96,2711,S2a
128,224,96,104,72,-32,128,152,24,104,216,112,104,208,104,104,160,56,80,256,176,104,1392,S2a
81,200,119,164,104,-60,119,143,24,81,265,184,113,463,350,113,273,160,97,248,151,129,1825,S2a
113,232,119,160,104,-56,104,144,40,88,215,127,113,489,376,96,152,56,96,200,104,112,1648,S2a
104,240,136,216,219,3,125,189,64,112,224,112,120,1080,960,92,200,108,56,288,232,120,2560,S2a
105,136,31,161,96,-65,144,145,1,87,255,168,120,392,272,104,105,1,112,223,111,88,1440,S2a
112,248,136,152,96,-56,128,144,16,104,248,144,112,424,312,80,120,40,104,184,80,88,1552,S2a
112,280,168,160,88,-72,136,168,32,95,207,112,120,382,262,106,147,41,112,200,88,128,1600,S2a
112,288,176,137,88,-49,136,216,80,96,192,96,120,448,328,113,152,39,112,216,104,112,1712,S2a
96,240,144,161,88,-73,160,161,1,94,230,136,121,529,408,96,128,32,120,264,144,112,1752,S2a
128,240,112,136,81,-55,151,154,3,93,197,104,105,344,239,80,120,40,105,192,87,80,1408,S2a
102,246,144,152,96,-56,135,136,1,95,224,129,120,208,88,112,184,72,96,216,120,128,1438,S2a
133,220,87,161,97,-64,136,96,-40,104,272,168,80,424,344,88,128,40,112,168,56,128,1533,S2a
64,208,144,160,96,-64,136,137,1,103,239,136,96,360,264,96,136,40,113,184,71,72,1432,S2a
104,256,152,160,96,-64,144,168,24,88,216,128,104,440,336,80,128,48,120,272,152,112,1688,S2a
96,264,168,176,96,-80,160,162,2,86,198,112,160,384,224,80,144,64,112,256,144,120,1624,S2a
88,168,80,160,104,-56,128,130,2,78,406,328,120,448,328,96,144,48,96,208,112,104,1712,S2a
88,264,176,152,88,-64,144,146,2,102,230,128,128,304,176,88,104,16,136,296,160,88,1520,S2a
96,256,160,167,112,-55,152,136,-16,96,248,152,144,368,224,88,120,32,120,256,136,104,1600,S2a
112,328,216,160,96,-64,136,137,1,79,239,160,113,184,71,112,192,80,96,192,96,96,1464,S2a
110,246,136,136,96,-40,136,138,2,94,230,136,220,280,60,120,256,136,104,280,176,120,1646,S2a
88,200,112,152,88,-64,136,137,1,71,231,160,136,296,160,96,128,32,112,208,96,72,1360,S2a
110,270,160,153,88,-65,144,120,-24,96,256,160,112,224,112,104,232,128,104,224,120,112,1526,S2a
142,262,120,168,146,-22,94,70,-24,120,256,136,112,216,104,96,168,72,88,184,96,95,1397,S2a
104,224,120,152,96,-56,144,120,-24,112,232,120,112,185,73,103,183,80,96,224,128,120,1384,S2a
104,256,152,144,96,-48,128,130,2,85,214,129,112,200,88,96,200,104,88,168,80,96,1360,S2a
81,241,160,160,104,-56,128,152,24,88,224,136,104,201,97,87,151,64,80,208,128,80,1361,S2a
88,232,144,168,96,-72,144,128,-16,88,232,144,104,184,80,96,192,96,80,192,112,80,1336,S2a
97,208,111,168,95,-73,153,154,1,79,215,136,112,201,89,95,167,72,104,216,112,112,1368,S2a
121,225,104,152,96,-56,136,138,2,94,238,144,88,184,96,112,176,64,72,232,160,96,1385,S2a
80,192,112,144,88,-56,152,120,-32,80,256,176,80,168,88,80,216,136,72,272,200,120,1432,S2a
96,152,56,160,111,-49,137,161,24,56,256,200,104,216,112,80,200,120,64,200,136,80,1376,S2a
79,248,169,120,88,-32,144,184,40,88,200,112,112,200,88,96,176,80,104,215,111,65,1376,S2a
120,256,136,184,112,-72,168,144,-24,128,1080,952,136,631,495,57,113,56,104,191,87,81,2608,S2a
72,256,184,160,95,-65,129,153,24,96,232,136,81,192,111,96,168,72,96,224,128,80,1400,S2a
111,181,70,226,146,-80,168,168,0,105,209,104,88,200,112,80,232,152,120,288,168,96,1520,S2a
120,224,104,168,104,-64,144,145,1,87,271,184,104,280,176,112,184,72,128,224,96,128,1560,S2a
120,280,160,168,112,-56,152,176,24,72,200,128,120,200,80,104,183,79,88,257,169,64,1472,S2a
104,248,144,176,113,-63,159,162,3,77,285,208,128,223,95,113,201,88,96,232,136,96,1560,S2a
95,216,121,160,87,-73,152,209,57,72,200,128,112,200,88,112,160,48,88,192,104,72,1336,S2a
119,208,89,159,88,-71,144,145,1,71,207,136,96,184,88,96,168,72,72,216,144,81,1297,S2a
96,176,80,136,89,-47,159,160,1,87,214,127,120,185,65,96,168,72,88,239,151,89,1320,S2a
88,185,97,142,79,-63,144,147,3,85,213,128,88,151,63,114,169,55,72,196,124,99,1239,S2a
104,215,111,137,88,-49,129,161,32,112,200,88,112,216,104,104,168,64,72,200,128,88,1336,S2a
103,208,105,160,96,-64,136,160,24,65,200,135,112,184,72,112,160,48,88,200,112,96,1304,S2a
96,216,120,160,104,-56,136,137,1,119,215,96,128,208,80,104,152,48,72,192,120,96,1320,S2a
104,200,96,152,96,-56,152,153,1,87,1183,1096,72,168,96,112,192,80,112,240,128,104,2336,S2a
109,199,90,185,105,-80,144,146,2,86,678,592,112,641,529,127,215,88,128,200,72,72,2256,S2a
70,286,216,191,112,-79,160,161,1,79,295,216,96,136,40,128,272,144,112,248,136,104,1614,S2a
104,240,136,144,80,-64,152,184,32,80,248,168,104,152,48,120,231,111,105,193,88,104,1432,S2a
120,232,112,169,88,-81,152,154,2,94,238,144,112,144,32,120,200,80,56,176,120,120,1352,S2a
80,240,160,168,104,-64,152,168,16,104,216,112,120,216,96,80,264,184,88,183,95,97,1488,S2a
96,280,184,168,104,-64,152,192,40,96,240,144,113,168,55,112,208,96,72,208,136,87,1487,S2a
113,551,438,241,121,-120,168,207,39,113,281,168,111,216,105,136,208,72,104,240,136,80,1904,S2a
80,248,168,152,88,-64,152,184,32,79,224,145,112,183,71,113,168,55,73,241,168,96,1432,S2a
80,248,168,144,96,-48,168,232,64,80,247,167,97,161,64,112,208,96,64,192,128,104,1488,S2a
56,264,208,144,87,-57,169,170,1,103,207,104,128,184,56,114,184,70,72,200,128,112,1408,S2a
120,280,160,160,88,-72,168,208,40,88,231,143,81,177,96,104,208,104,56,176,120,106,1474,S2a
112,320,208,152,96,-56,168,184,16,159,744,585,128,232,104,80,776,696,103,288,185,104,2744,S2a
95,231,136,153,89,-64,144,160,16,95,192,97,120,200,80,112,144,32,120,240,120,112,1368,S2a
112,176,64,191,112,-79,152,184,32,72,304,232,128,208,80,80,192,112,96,256,160,80,1512,S2a
145,264,119,192,96,-96,168,170,2,102,342,240,127,152,25,144,248,104,96,224,128,144,1640,S2a
128,280,152,192,119,-73,137,139,2,102,358,256,120,176,56,120,360,240,80,296,216,96,1824,S2a
96,232,136,175,104,-71,143,176,33,72,216,144,112,160,48,111,232,121,96,264,168,120,1504,S2a
128,248,120,160,96,-64,168,169,1,110,250,140,133,205,72,135,192,57,72,192,120,88,1440,S2a
117,272,155,184,104,-80,152,168,16,71,208,137,128,176,48,136,199,63,89,217,128,111,1455,S2a
80,271,191,201,105,-96,184,224,40,88,256,168,137,159,22,113,289,176,112,256,144,96,1656,S2a
109,294,185,160,88,-72,160,162,2,85,326,241,136,200,64,128,192,64,72,240,168,120,1622,S2a
135,335,200,184,104,-80,176,191,15,88,249,161,128,152,24,135,192,57,87,200,113,87,1510,S2a
113,257,144,160,96,-64,160,184,24,104,232,128,127,152,25,120,183,63,80,226,146,95,1425,S2a
127,311,184,209,145,-64,191,193,2,94,343,249,152,200,48,112,159,47,97,321,224,104,1776,S2a
112,296,184,191,112,-79,144,120,-24,112,279,167,129,105,-24,119,200,81,96,224,128,112,1448,S2a
118,246,128,160,95,-65,161,137,-24,96,239,143,113,129,16,112,208,96,96,208,112,112,1374,S2a
112,224,112,184,120,-64,151,128,-23,119,672,553,120,471,351,89,185,96,80,152,72,104,2056,S2a
96,256,160,168,96,-72,151,153,2,87,198,111,129,169,40,128,208,80,104,288,184,104,1472,S2a
129,241,112,167,96,-71,160,161,1,79,207,128,104,160,56,128,176,48,64,208,144,80,1329,S2a
112,264,152,144,72,-72,160,161,1,79,231,152,119,121,2,135,191,56,88,200,112,112,1352,S2a
88,224,136,184,120,-64,144,136,-8,104,224,120,128,216,88,128,151,23,121,249,128,112,1432,S2a
104,183,79,160,97,-63,152,153,1,71,223,152,151,200,49,111,184,73,111,280,169,95,1415,S2a
128,207,79,177,121,-56,152,153,1,79,223,144,112,168,56,119,216,97,136,256,120,96,1440,S2a
88,224,136,128,80,-48,168,143,-25,97,240,143,113,153,40,128,720,592,96,240,144,112,1912,S2a
119,239,120,161,105,-56,160,161,1,79,214,135,129,185,56,112,175,63,121,217,96,112,1408,S2a
104,216,112,159,96,-63,168,151,-17,97,225,128,104,175,71,129,161,32,112,240,128,79,1343,S2a
104,247,143,169,97,-72,168,169,1,71,207,136,120,176,56,111,151,40,113,209,96,80,1336,S2a
72,208,136,136,79,-57,177,161,-16,71,319,248,136,169,33,128,200,72,112,256,144,112,1504,S2a
120,200,80,151,80,-71,160,135,-25,88,305,217,120,400,280,120,168,48,128,256,128,88,1632,S2a
129,240,111,209,105,-104,152,153,1,79,255,176,120,160,40,128,216,88,128,192,64,112,1433,S2a
112,264,152,136,87,-49,152,129,-23,80,232,152,136,159,23,129,176,47,97,209,112,88,1344,S2a
96,215,119,129,89,-40,144,145,1,62,222,160,113,153,40,113,184,71,96,200,104,72,1280,S2a
112,272,160,112,73,-39,175,199,24,87,202,115,143,190,47,112,633,521,87,263,176,104,1936,S2a
121,240,119,161,72,-89,160,168,8,72,1149,1077,171,491,320,73,80,7,152,301,149,112,2613,S2a
121,242,121,154,89,-65,152,152,0,88,217,129,124,237,113,106,146,40,104,264,160,80,1427,S2a
113,225,112,152,80,-72,152,153,1,70,303,233,128,1792,1664,88,320,232,104,495,391,104,3472,S2a
120,184,64,184,104,-80,136,168,32,88,231,143,136,225,89,96,152,56,119,248,129,104,1416,S2a
104,232,128,144,80,-64,144,146,2,54,350,296,128,416,288,104,184,80,79,424,345,112,1944,S2a
80,152,72,168,104,-64,152,153,1,63,247,184,144,216,72,96,224,128,95,239,144,105,1440,S2a
96,207,111,134,72,-62,136,137,1,71,263,192,153,472,319,96,193,97,96,223,127,112,1679,S2a
88,200,112,168,104,-64,128,129,1,71,216,145,143,215,72,104,255,151,97,329,232,112,1560,S2a
106,161,55,176,112,-64,136,120,-16,88,224,136,144,232,88,95,231,136,97,217,120,80,1377,S2a
93,187,94,110,235,125,140,187,47,125,531,406,125,250,125,125,532,407,111,236,125,93,2251,S25a
141,203,62,94,219,125,172,172,0,109,546,437,125,485,360,109,297,188,93,250,157,125,2297,S25a
141,266,125,172,359,187,110,188,78,156,687,531,125,297,172,141,313,172,93,234,141,109,2453,S25a
125,188,63,93,234,141,109,172,63,156,359,203,141,328,187,141,360,219,93,218,125,110,1969,S25a
109,187,78,109,250,141,109,219,110,140,406,266,109,266,157,109,281,172,94,172,78,140,1921,S25a
141,203,62,110,266,156,125,203,78,141,344,203,125,265,140,141,375,234,94,266,172,140,2062,S25a
125,203,78,109,250,141,141,219,78,140,265,125,157,313,156,141,281,140,110,219,109,125,1875,S25a
140,218,78,110,297,187,142,189,47,157,328,171,141,282,141,140,312,172,125,235,110,140,2001,S25a
63,438,375,109,265,156,125,219,94,156,391,235,125,297,172,141,266,125,109,234,125,109,2219,S25a
125,203,78,110,266,156,141,203,62,141,313,172,140,297,157,125,546,421,125,250,125,141,2219,S25a
110,188,78,109,266,157,125,187,62,141,266,125,125,328,203,125,1000,875,125,298,173,94,2627,S25a
141,203,62,94,235,141,125,218,93,125,235,110,140,297,157,125,359,234,109,281,172,110,1938,S25a
125,204,79,109,234,125,109,172,63,156,344,188,93,265,172,141,610,469,125,640,515,141,2610,S25a
141,203,62,125,234,109,125,188,63,158,283,125,140,281,141,125,344,219,93,234,141,141,1908,S25a
140,234,94,109,234,125,141,203,62,141,266,125,125,297,172,140,437,297,94,344,250,109,2124,S25a
125,187,62,109,234,125,141,188,47,141,266,125,140,281,141,125,937,812,94,297,203,125,2515,S25a
109,250,141,109,265,156,110,203,93,141,313,172,141,344,203,140,359,219,94,234,140,125,2093,S25a
140,187,47,94,266,172,140,250,110,125,265,140,141,250,109,157,313,156,109,203,94,141,1875,S25a
125,219,94,109,250,141,125,171,46,141,329,188,140,296,156,141,329,188,109,234,125,109,1937,S25a
125,187,62,94,234,140,125,188,63,156,266,110,140,296,156,125,266,141,109,172,63,125,1734,S25a
109,172,63,109,234,125,110,172,62,141,266,125,156,250,94,140,422,282,93,312,219,141,1969,S25a
140,172,32,109,265,156,125,203,78,141,313,172,125,266,141,140,312,172,109,266,157,125,1922,S25a
109,187,78,125,250,125,141,188,47,141,266,125,156,296,140,125,250,125,110,219,109,110,1766,S25a
125,172,47,110,250,140,110,188,78,140,265,125,144,284,140,125,219,94,94,188,94,140,1706,S25a
125,188,63,109,250,141,125,203,78,140,265,125,125,282,157,140,250,110,109,203,94,125,1766,S25a
125,172,47,125,250,125,109,172,63,141,266,125,140,265,125,142,283,141,94,219,125,156,1783,S25a
125,188,63,109,234,125,141,203,62,125,235,110,140,297,157,140,234,94,125,250,125,109,1750,S25a
156,203,47,110,250,140,110,172,62,141,250,109,125,250,125,125,297,172,109,234,125,110,1766,S25a
109,187,78,110,250,140,125,203,78,141,252,111,141,297,156,125,234,109,110,250,140,94,1767,S25a
141,188,47,109,219,110,125,187,62,141,281,140,141,281,140,141,563,422,141,297,156,140,2156,S25a
125,156,31,109,250,141,125,188,63,140,296,156,125,407,282,140,562,422,125,266,141,125,2250,S25a
140,172,32,109,250,141,140,171,31,157,500,343,141,329,188,140,234,94,94,250,156,141,2047,S25a
126,189,63,94,250,156,94,141,47,171,515,344,156,328,172,157,297,140,110,250,140,141,2111,S25a
125,187,62,94,250,156,110,188,78,140,265,125,110,329,219,140,328,188,109,343,234,141,2031,S25a
157,250,93,110,250,140,110,141,31,172,547,375,109,250,141,140,344,204,93,203,110,125,2110,S25a
125,267,142,109,250,141,109,172,63,156,328,172,141,266,125,125,515,390,94,250,156,125,2173,S25a
156,218,62,110,235,125,125,187,62,156,360,204,125,343,218,157,328,171,125,250,125,110,2031,S25a
109,203,94,109,234,125,110,172,62,141,266,125,125,281,156,125,219,94,109,218,109,141,1734,S25a
125,203,78,94,219,125,125,187,62,141,453,312,141,282,141,125,266,141,109,250,141,125,1985,S25a
125,563,438,94,250,156,109,234,125,125,438,313,125,281,156,141,266,125,125,234,109,141,2407,S25a
125,172,47,141,266,125,125,172,47,140,265,125,141,250,109,157,328,171,110,250,140,110,1813,S25a
140,234,94,94,235,141,109,156,47,173,408,235,140,281,141,156,265,109,125,266,141,109,1954,S25a
156,187,31,125,266,141,109,187,78,125,219,94,125,297,172,141,203,62,125,250,125,125,1734,S25a
141,172,31,94,266,172,125,187,62,141,297,156,125,266,141,140,265,125,94,219,125,141,1813,S25a
125,187,62,109,250,141,109,219,110,156,484,328,109,250,141,156,453,297,125,375,250,110,2328,S25a
125,594,469,140,562,422,94,252,158,141,344,203,125,328,203,140,422,282,93,422,329,93,3017,S25a
125,297,172,93,234,141,141,219,78,156,297,141,125,343,218,141,219,78,125,266,141,126,2001,S25a
140,203,63,109,250,141,125,187,62,141,250,109,125,313,188,125,203,78,125,281,156,125,1812,S25a
140,250,110,93,234,141,109,187,78,141,344,203,141,281,140,141,266,125,125,250,125,141,1953,S25a
172,266,94,125,281,156,125,172,47,156,736,580,109,266,157,125,297,172,140,218,78,141,2377,S25a
125,187,62,110,235,125,125,203,78,141,266,125,109,265,156,156,297,141,125,219,94,140,1812,S25a
125,203,78,94,235,141,94,187,93,157,266,109,125,297,172,125,187,62,125,235,110,140,1750,S25a
125,188,63,109,250,141,140,219,79,125,328,203,125,250,125,140,546,406,125,204,79,140,2125,S25a
109,234,125,94,219,125,94,156,62,157,266,109,141,344,203,156,250,94,125,344,219,109,1922,S25a
141,203,62,125,250,125,109,156,47,157,250,93,125,250,125,141,281,140,125,219,94,125,1734,S25a
125,171,46,110,235,125,109,172,63,142,251,109,125,282,157,140,265,125,94,203,109,110,1689,S25a
125,219,94,78,219,141,93,187,94,125,281,156,125,266,141,141,234,93,110,204,94,109,1719,S25a
125,203,78,94,235,141,93,156,63,140,250,110,109,265,156,125,203,78,94,266,172,125,1703,S25a
109,172,63,93,234,141,109,172,63,109,250,141,109,250,141,125,219,94,125,234,109,141,1672,S25a
125,205,80,94,235,141,125,187,62,125,281,156,94,469,375,109,406,297,125,203,78,141,2127,S25a
125,171,46,94,219,125,94,188,94,125,265,140,110,282,172,140,234,94,109,281,172,78,1718,S25a
125,203,78,110,250,140,125,156,31,141,282,141,156,250,94,140,234,94,125,203,78,125,1703,S25a
109,203,94,109,234,125,125,203,78,125,391,266,125,234,109,141,219,78,109,219,110,109,1812,S25a
125,156,31,94,219,125,109,172,63,140,422,282,125,562,437,125,891,766,94,343,249,110,2875,S25a
127,158,31,125,234,109,125,204,79,125,218,93,125,282,157,140,218,78,125,250,125,110,1674,S25a
110,157,47,109,234,125,125,187,62,141,235,94,140,281,141,125,188,63,109,281,172,109,1672,S25a
125,188,63,109,234,125,125,203,78,156,266,110,125,281,156,125,188,63,93,218,125,125,1703,S25a
125,171,46,125,266,141,109,203,94,141,219,78,156,312,156,79,532,453,125,250,125,109,2062,S25a
109,218,109,110,235,125,109,172,63,140,250,110,109,250,141,140,281,141,109,219,110,125,1750,S25a
125,172,47,109,234,125,110,157,47,140,218,78,125,250,125,141,219,78,94,391,297,140,1781,S25a
125,156,31,110,235,125,109,187,78,141,375,234,110,266,156,156,266,110,109,235,126,110,1830,S25a
125,172,47,109,219,110,140,219,79,125,203,78,125,281,156,125,187,62,110,297,187,94,1672,S25a
156,218,62,125,235,110,125,140,15,172,297,125,125,266,141,125,250,125,125,406,281,109,1921,S25a
125,203,78,94,234,140,94,157,63,124,234,110,125,281,156,141,219,78,109,312,203,125,1765,S25a
110,188,78,109,219,110,93,188,95,125,468,343,141,329,188,125,421,296,94,610,516,156,2579,S25a
141,219,78,125,281,156,156,156,0,188,438,250,140,265,125,172,313,141,125,250,125,140,2062,S25a
125,250,125,141,266,125,125,172,47,141,281,140,156,281,125,141,282,141,109,234,125,125,1891,S25a
141,235,94,109,234,125,125,172,47,156,312,156,125,250,125,141,344,203,110,235,125,111,1893,S25a
109,203,94,109,234,125,94,188,94,140,219,79,125,281,156,140,281,141,109,219,110,109,1734,S25a
141,204,63,109,249,140,125,204,79,140,234,94,125,281,156,156,235,79,140,234,94,125,1766,S25a
125,235,110,125,234,109,125,172,47,140,219,79,140,281,141,156,250,94,109,234,125,110,1735,S25a
125,219,94,93,218,125,110,188,78,140,578,438,109,219,110,140,297,157,109,218,109,125,2062,S25a
94,188,94,109,234,125,94,188,94,140,250,110,109,265,156,125,267,142,110,219,109,125,1736,S25a
125,203,78,125,437,312,125,219,94,125,438,313,93,218,125,141,235,94,109,219,110,140,2109,S25a
141,172,31,110,219,109,141,203,62,141,266,125,125,250,125,125,296,171,110,219,109,110,1735,S25a
109,281,172,94,219,125,94,203,109,142,392,250,110,250,140,125,297,172,109,250,141,109,2001,S25a
125,187,62,110,235,125,109,187,78,141,281,140,125,282,157,156,234,78,141,312,171,141,1859,S25a
125,203,78,94,219,125,109,187,78,125,203,78,141,313,172,156,234,78,125,250,125,109,1718,S25a
125,172,47,109,250,141,94,203,109,125,281,156,125,282,157,140,1142,1002,109,297,188,93,2720,S25a
125,172,47,109,234,125,125,188,63,141,219,78,140,297,157,125,218,93,110,266,156,125,1719,S25a
109,203,94,109,219,110,93,156,63,140,218,78,141,282,141,156,218,62,110,297,187,110,1703,S25a
109,156,47,109,234,125,110,250,140,125,219,94,125,297,172,141,219,78,94,219,125,125,1719,S25a
109,187,78,94,203,109,94,172,78,141,250,109,109,252,143,140,375,235,109,234,125,109,1782,S25a
94,172,78,93,234,141,94,203,109,110,203,93,125,282,157,125,187,62,109,234,125,110,1625,S25a
109,156,47,109,236,127,94,187,93,157,250,93,125,282,157,125,312,187,94,266,172,109,1798,S25a
125,156,31,94,219,125,94,203,109,125,469,344,109,250,141,125,328,203,94,265,171,125,2015,S25a
125,156,31,125,266,141,156,234,78,141,344,203,141,485,344,156,203,47,141,281,140,172,2141,S25a
172,172,0,127,252,125,140,156,16,156,297,141,140,344,204,140,249,109,125,235,110,156,1861,S25a
125,156,31,110,250,140,110,141,31,125,281,156,125,297,172,141,266,125,125,250,125,125,1766,S25a
140,187,47,78,235,157,109,140,31,141,235,94,156,312,156,125,188,63,109,234,125,125,1656,S25a
141,203,62,94,234,140,110,157,47,125,203,78,125,484,359,109,188,79,109,203,94,109,1781,S25a
156,580,424,156,343,187,125,172,47,110,297,187,125,297,172,125,250,125,141,250,109,141,2330,S25a
141,266,125,109,234,125,125,157,32,140,234,94,125,266,141,156,281,125,125,219,94,109,1766,S25a
125,188,63,109,219,110,125,172,47,125,234,109,109,250,141,140,187,47,94,203,109,125,1578,S25a
110,173,63,94,219,125,156,171,15,141,266,125,141,266,125,140,187,47,110,250,140,141,1673,S25a
109,156,47,94,235,141,109,187,78,141,172,31,109,281,172,110,156,46,125,250,125,141,1578,S25a
125,188,63,109,234,125,125,172,47,109,172,63,125,266,141,156,250,94,109,500,391,156,1938,S25a
125,187,62,110,235,125,109,172,63,125,531,406,125,312,187,125,203,78,110,235,125,110,1985,S25a
141,172,31,110,235,125,140,171,31,157,469,312,94,281,187,141,1047,906,125,407,282,93,2875,S25a
125,172,47,93,218,125,125,157,32,140,250,110,109,297,188,124,203,79,140,234,94,156,1687,S25a
141,203,62,78,234,156,125,172,47,157,500,343,125,266,141,156,219,63,109,203,94,140,1937,S25a
125,203,78,94,219,125,109,141,32,156,312,156,125,344,219,125,187,62,141,328,187,158,1892,S25a
125,187,62,94,234,140,110,157,47,140,781,641,125,219,94,140,328,188,109,250,141,140,2296,S25a
125,203,78,110,235,125,125,187,62,125,234,109,125,282,157,156,250,94,125,250,125,125,1766,S25a
156,187,31,79,204,125,125,187,62,125,266,141,140,297,157,171,234,63,141,328,187,125,1828,S25a
125,172,47,110,235,125,125,156,31,141,203,62,141,281,140,125,172,47,125,266,141,140,1625,S25a
125,188,63,94,219,125,125,187,62,125,203,78,125,344,219,141,234,93,110,282,172,125,1782,S25a
125,172,47,141,297,156,140,203,63,140,265,125,125,235,110,140,234,94,125,235,110,125,1766,S25a
141,235,94,109,234,125,125,156,31,141,219,78,125,266,141,125,172,47,93,218,125,125,1625,S25a
141,172,31,94,219,125,125,188,63,140,281,141,125,265,140,157,235,78,125,219,94,109,1688,S25a
125,265,140,109,234,125,110,157,47,140,422,282,109,250,141,140,250,110,140,218,78,125,1921,S25a
125,205,80,125,297,172,156,328,172,125,328,203,94,297,203,141,422,281,109,422,313,109,2408,S25a
125,187,62,125,250,125,125,157,32,140,218,78,125,250,125,125,203,78,96,189,93,110,1564,S25a
125,187,62,110,235,125,125,140,15,141,250,109,125,250,125,142,206,64,109,203,94,125,1596,S25a
125,172,47,94,235,141,93,172,79,156,234,78,109,219,110,125,187,62,125,203,78,125,1547,S25a
140,187,47,110,219,109,125,156,31,141,235,94,125,234,109,172,203,31,110,188,78,140,1562,S25a
110,188,78,109,219,110,109,171,62,141,250,109,125,204,79,140,234,94,109,469,360,140,1875,S25a
140,234,94,125,437,312,141,204,63,156,750,594,109,218,109,157,425,268,109,218,109,141,2627,S25a
140,187,47,94,234,140,110,157,47,140,218,78,125,250,125,141,188,47,109,219,110,125,1578,S25a
125,172,47,109,234,125,141,157,16,140,265,125,156,281,125,141,219,78,172,266,94,140,1734,S25a
125,172,47,109,250,141,93,171,78,140,234,94,125,250,125,141,187,46,125,204,79,125,1593,S25a
157,203,46,94,235,141,94,140,46,141,297,156,94,266,172,141,187,46,125,235,110,125,1688,S25a
109,156,47,94,235,141,109,171,62,157,454,297,109,234,125,156,234,78,110,250,140,125,1859,S25a
110,157,47,125,250,125,110,203,93,141,438,297,94,297,203,125,234,109,109,234,125,125,1938,S25a
109,156,47,109,218,109,94,172,78,157,250,93,141,282,141,140,234,94,94,203,109,125,1640,S25a
109,172,63,109,234,125,109,172,63,156,219,63,109,250,141,125,172,47,109,328,219,125,1672,S25a
126,158,32,109,234,125,125,172,47,140,453,313,125,234,109,172,407,235,125,187,62,156,2001,S25a
125,203,78,110,235,125,187,234,47,187,344,157,156,390,234,203,1469,1266,125,297,172,140,3312,S25a
156,203,47,141,283,142,156,187,31,172,282,110,156,265,109,156,281,125,125,204,79,156,1861,S25a
156,203,47,125,250,125,140,219,79,156,312,156,125,313,188,140,296,156,125,219,94,141,1953,S25a
125,188,63,109,234,125,157,203,46,157,268,111,140,265,125,172,360,188,140,265,125,141,1924,S25a
109,171,62,110,250,140,125,172,47,141,250,109,110,235,125,140,265,125,125,281,156,141,1765,S25a
140,187,47,94,219,125,125,187,62,125,219,94,125,234,109,125,172,47,125,203,78,157,1578,S25a
125,188,63,93,218,125,110,204,94,125,250,125,109,218,109,141,235,94,141,203,62,110,1626,S25a
109,188,79,93,218,125,125,203,78,125,204,79,109,234,125,141,187,46,94,188,94,125,1547,S25a
125,187,62,110,235,125,125,172,47,156,1329,1173,94,219,125,125,297,172,78,531,453,140,3110,S25a
125,204,79,93,265,172,156,203,47,141,250,109,125,266,141,141,344,203,109,328,219,125,1985,S25a
125,156,31,126,266,140,110,188,78,156,203,47,109,219,110,156,218,62,110,235,125,125,1610,S25a
125,266,141,94,219,125,187,187,0,141,250,109,109,250,141,141,219,78,109,203,94,141,1735,S25a
140,203,63,109,250,141,109,187,78,172,266,94,109,250,141,125,187,62,125,235,110,109,1687,S25a
156,221,65,109,234,125,125,172,47,140,375,235,109,312,203,156,969,813,125,266,141,125,2674,S25a
109,156,47,109,219,110,109,171,62,141,204,63,125,218,93,157,188,31,109,531,422,141,1828,S25a
110,219,109,109,266,157,125,187,62,141,313,172,110,203,93,157,360,203,109,203,94,125,1876,S25a
109,156,47,109,234,125,125,188,63,140,234,94,109,234,125,141,219,78,109,203,94,125,1593,S25a
141,172,31,109,250,141,109,172,63,141,422,281,109,297,188,156,297,141,125,250,125,109,1969,S25a
141,172,31,94,203,109,127,236,109,141,234,93,94,250,156,125,203,78,125,204,79,109,1611,S25a
110,172,62,110,235,125,125,187,62,141,219,78,125,250,125,140,187,47,125,235,110,125,1610,S25a
110,188,78,109,234,125,110,188,78,140,328,188,94,281,187,156,313,157,93,234,141,125,1891,S25a
109,171,62,125,250,125,110,157,47,140,218,78,125,250,125,203,360,157,93,312,219,110,1828,S25a
125,156,31,94,203,109,110,188,78,125,187,62,110,219,109,156,203,47,94,235,141,109,1500,S25a
125,172,47,94,219,125,109,187,78,110,313,203,78,359,281,141,203,62,125,204,79,125,1782,S25a
125,235,110,93,203,110,109,203,94,125,187,62,125,375,250,157,328,171,94,1314,1220,125,2970,S25a
125,156,31,110,219,109,125,188,63,125,203,78,109,234,125,156,203,47,125,235,110,124,1562,S25a
110,156,46,110,235,125,109,172,63,125,172,47,141,235,94,125,218,93,125,203,78,110,1501,S25a
125,172,47,94,219,125,109,172,63,140,187,47,110,235,125,140,187,47,110,188,78,140,1500,S25a
125,156,31,125,234,109,110,141,31,156,219,63,109,234,125,172,188,16,109,187,78,141,1500,S25a
142,142,0,110,219,109,109,172,63,141,203,62,109,203,94,141,235,94,140,593,453,125,1892,S25a
125,172,47,110,235,125,125,156,31,141,203,62,125,250,125,156,172,16,125,234,109,141,1563,S25a
125,156,31,109,250,141,127,173,46,157,469,312,156,250,94,172,250,78,125,203,78,125,1876,S25a
141,203,62,110,219,109,109,172,63,125,453,328,125,343,218,140,187,47,125,297,172,125,1999,S25a
156,187,31,94,219,125,125,188,63,140,218,78,111,268,157,140,172,32,124,234,110,156,1642,S25a
140,156,16,125,250,125,109,172,63,125,265,140,110,219,109,156,281,125,94,219,125,109,1671,S25a
125,188,63,94,234,140,94,141,47,142,376,234,110,235,125,140,234,94,94,219,125,125,1752,S25a
125,156,31,109,234,125,94,172,78,141,313,172,125,281,156,125,219,94,93,203,110,125,1703,S25a
141,250,109,109,219,110,125,187,62,141,391,250,109,328,219,141,234,93,94,219,125,125,1953,S25a
125,172,47,110,219,109,156,156,0,125,235,110,109,218,109,141,188,47,125,234,109,110,1532,S25a
125,172,47,93,203,110,125,172,47,140,218,78,125,219,94,141,187,46,94,204,110,140,1515,S25a
125,172,47,109,234,125,94,141,47,156,455,299,109,218,109,141,235,94,109,172,63,140,1767,S25a
125,141,16,109,234,125,109,156,47,141,672,531,109,266,157,140,281,141,125,265,140,157,2172,S25a
141,188,47,94,219,125,109,172,63,140,265,125,110,297,187,156,547,391,156,281,125,125,2094,S25a
156,219,63,125,250,125,140,187,47,142,423,281,140,547,407,140,171,31,110,266,156,109,2172,S25a
125,219,94,109,234,125,110,172,62,141,422,281,78,297,219,125,172,47,140,265,125,125,1906,S25a
125,234,109,172,297,125,141,172,31,172,265,93,125,250,125,157,235,78,125,219,94,125,1797,S25a
140,187,47,94,219,125,109,187,78,125,219,94,94,234,140,141,235,94,109,203,94,109,1593,S25a
110,125,15,94,235,141,93,187,94,125,188,63,93,234,141,125,172,47,110,407,297,156,1704,S25a
109,156,47,110,235,125,109,171,62,125,172,47,110,219,109,141,234,93,110,391,281,141,1719,S25a
125,172,47,109,219,110,109,156,47,125,234,109,94,203,109,125,203,78,125,250,125,94,1531,S25a
111,173,62,110,235,125,125,187,62,141,234,93,125,219,94,125,172,47,109,219,110,140,1579,S25a
125,188,63,93,203,110,125,187,62,94,172,78,110,235,125,125,171,46,94,235,141,125,1516,S25a
125,156,31,94,219,125,94,156,62,110,188,78,109,218,109,141,188,47,109,250,141,125,1500,S25a
110,156,46,110,219,109,94,156,62,110,188,78,94,328,234,141,313,172,93,187,94,94,1641,S25a
188,203,15,125,235,110,156,203,47,172,281,109,172,281,109,172,250,78,143,221,78,156,1830,S25a
156,125,-31,109,234,125,141,141,0,172,297,125,125,281,156,156,392,236,125,453,328,125,2048,S25a
125,156,31,94,234,140,110,172,62,125,172,47,156,266,110,172,172,0,125,234,109,141,1547,S25a
127,142,15,110,235,125,140,156,16,140,265,125,110,219,109,141,188,47,125,234,109,125,1564,S25a
109,141,32,93,203,110,125,172,47,125,203,78,109,234,125,141,156,15,125,219,94,125,1453,S25a
109,125,16,109,219,110,140,172,32,125,187,62,109,234,125,141,157,16,125,265,140,188,1547,S25a
125,172,47,94,219,125,109,156,47,125,281,156,141,313,172,140,1048,908,94,188,94,140,2517,S25a
125,188,63,94,203,109,125,172,47,125,187,62,125,266,141,172,203,31,110,235,125,125,1579,S25a
125,125,0,94,219,125,125,156,31,141,203,62,125,219,94,141,203,62,110,219,109,125,1469,S25a
94,157,63,93,203,110,93,156,63,125,187,62,94,250,156,143,174,31,94,187,93,110,1424,S25a
140,156,16,94,219,125,109,156,47,109,219,110,93,187,94,125,203,78,110,172,62,141,1453,S25a
125,172,47,78,219,141,94,156,62,141,266,125,78,328,250,140,172,32,93,187,94,110,1610,S25a
140,156,16,109,234,125,94,157,63,125,250,125,93,234,141,141,219,78,109,187,78,111,1548,S25a
140,156,16,94,219,125,109,171,62,125,266,141,141,250,109,156,219,63,125,172,47,125,1578,S25a
125,156,31,109,234,125,125,157,32,140,250,110,109,250,141,156,234,78,94,250,156,109,1640,S25a
125,172,47,109,218,109,125,188,63,109,234,125,110,203,93,141,204,63,109,218,109,125,1562,S25a
127,174,47,109,234,125,125,172,47,125,266,141,140,234,94,141,250,109,94,172,78,125,1627,S25a
109,156,47,94,235,141,109,156,47,156,390,234,141,235,94,156,328,172,78,203,125,94,1797,S25a
125,219,94,109,265,156,125,156,31,141,235,94,140,219,79,140,281,141,94,265,171,110,1750,S25a
110,141,31,94,219,125,94,125,31,140,234,94,141,219,78,125,156,31,125,219,94,109,1422,S25a
125,172,47,93,203,110,94,156,62,109,188,79,125,220,95,125,156,31,110,203,93,110,1408,S25a
109,141,32,109,234,125,94,141,47,140,218,78,94,188,94,140,187,47,125,188,63,125,1422,S25a
125,188,63,94,219,125,93,140,47,125,250,125,110,188,78,140,218,78,94,188,94,109,1500,S25a
125,1546,1421,110,266,156,125,172,47,109,297,188,93,172,79,140,203,63,125,187,62,125,2968,S25a
125,174,49,93,218,125,110,172,62,110,188,78,109,219,110,140,218,78,94,188,94,109,1486,S25a
125,172,47,110,219,109,125,172,47,109,187,78,125,203,78,141,188,47,109,203,94,125,1469,S25a
94,172,78,93,234,141,94,172,78,109,172,63,109,234,125,125,203,78,110,219,109,109,1515,S25a
125,188,63,93,234,141,94,156,62,110,188,78,109,205,96,125,203,78,93,156,63,125,1455,S25a
125,203,78,94,235,141,93,187,94,125,188,63,125,234,109,141,187,46,125,172,47,141,1547,S25a
125,188,63,93,234,141,109,141,32,125,281,156,94,141,47,156,281,125,109,187,78,125,1578,S25a
109,203,94,110,235,125,140,156,16,125,265,140,110,188,78,125,219,94,109,172,63,140,1578,S25a
109,187,78,78,219,141,94,156,62,125,250,125,94,188,94,140,234,94,125,219,94,111,1564,S25a
110,219,109,94,234,140,93,171,78,110,250,140,125,235,110,140,234,94,110,172,62,125,1640,S25a
125,187,62,110,250,140,110,172,62,110,190,80,140,218,78,141,188,47,109,203,94,109,1517,S25a
125,203,78,78,203,125,109,156,47,125,203,78,110,172,62,141,297,156,94,219,125,109,1562,S25a
109,187,78,94,204,110,93,156,63,109,187,78,110,250,140,125,203,78,110,235,125,140,1562,S25a
94,156,62,94,219,125,109,141,32,109,187,78,125,172,47,141,203,62,125,172,47,109,1359,S25a
125,172,47,94,203,109,110,172,62,109,172,63,141,203,62,125,188,63,125,203,78,140,1453,S25a
109,172,63,93,234,141,109,172,63,140,312,172,141,172,31,141,281,140,94,172,78,141,1656,S25a
125,390,265,94,250,156,125,156,31,110,1250,1140,141,188,47,156,312,156,110,188,78,125,2859,S25a
110,172,62,94,219,125,109,187,78,110,172,62,109,188,79,140,203,63,109,187,78,125,1453,S25a
109,187,78,78,235,157,125,187,62,94,172,78,109,203,94,141,203,62,78,203,125,110,1500,S25a
109,172,63,109,234,125,109,188,79,140,187,47,109,266,157,125,156,31,110,204,94,125,1532,S25a
109,188,79,109,218,109,110,141,31,141,203,62,109,203,94,141,219,78,141,250,109,125,1547,S25a
109,140,31,79,203,124,110,125,15,125,204,79,93,187,94,141,219,78,109,203,94,125,1406,S25a
141,219,78,94,203,109,94,141,47,93,218,125,125,188,63,125,219,94,109,187,78,109,1484,S25a
109,187,78,94,234,140,94,157,63,140,172,32,140,281,141,140,187,47,141,235,94,93,1546,S25a
109,156,47,110,203,93,110,141,31,156,203,47,125,203,78,141,219,78,94,203,109,109,1437,S25a
110,141,31,94,203,109,94,172,78,125,156,31,125,219,94,140,172,32,93,187,94,125,1375,S25a
140,172,32,93,218,125,125,172,47,125,297,172,110,485,375,156,265,109,94,391,297,142,2142,S25a
125,187,62,125,250,125,157,172,15,156,266,110,109,187,78,141,203,62,110,204,94,125,1594,S25a
140,219,79,93,203,110,109,156,47,125,203,78,125,219,94,140,218,78,94,172,78,94,1484,S25a
93,172,79,93,234,141,109,156,47,141,219,78,109,234,125,157,172,15,141,250,109,110,1547,S25a
109,202,93,125,235,110,125,172,47,140,312,172,125,250,125,172,266,94,109,250,141,140,1827,S25a
125,157,32,109,234,125,94,141,47,125,187,62,125,203,78,125,172,47,109,187,78,125,1406,S25a
125,359,234,78,203,125,109,156,47,125,892,767,125,204,79,156,250,94,140,187,47,141,2392,S25a
109,140,31,125,235,110,125,156,31,125,203,78,125,219,94,141,187,46,125,219,94,110,1469,S25a
109,156,47,94,203,109,125,219,94,125,156,31,125,235,110,125,203,78,109,172,63,125,1469,S25a
125,203,78,78,203,125,110,172,62,125,188,63,109,203,94,125,187,62,125,188,63,110,1454,S25a
125,172,47,94,203,109,110,188,78,109,156,47,125,219,94,125,187,62,78,516,438,109,1750,S25a
125,172,47,93,218,125,94,172,78,125,219,94,94,234,140,141,235,94,94,453,359,125,1828,S25a
125,156,31,94,235,141,93,140,47,139,186,47,109,218,109,141,172,31,141,203,62,125,1435,S25a
125,203,78,109,218,109,110,188,78,125,203,78,94,188,94,156,218,62,94,172,78,125,1515,S25a
110,172,62,110,219,109,109,188,79,109,203,94,109,203,94,140,250,110,94,203,109,109,1547,S25a
110,203,93,94,251,157,125,218,93,110,282,172,93,234,141,156,234,78,125,203,78,141,1766,S25a
110,188,78,109,234,125,109,156,47,125,203,78,125,219,94,141,188,47,109,187,78,125,1500,S25a
125,187,62,109,234,125,141,204,63,125,296,171,94,157,63,156,265,109,125,188,63,140,1671,S25a
109,265,156,110,219,109,125,172,47,140,328,188,125,172,47,140,265,125,141,172,31,125,1718,S25a
110,203,93,110,219,109,125,172,47,172,219,47,140,234,94,141,203,62,125,188,63,125,1563,S25a
141,203,62,94,235,141,109,156,47,140,218,78,125,219,94,141,250,109,110,172,62,125,1578,S25a
125,156,31,109,234,125,125,141,16,125,218,93,157,203,46,125,235,110,125,156,31,125,1468,S25a
140,187,47,94,235,141,93,484,391,125,187,62,79,1674,1595,156,281,125,141,203,62,141,3392,S25a
140,203,63,109,234,125,109,156,47,157,203,46,125,219,94,141,188,47,125,187,62,141,1531,S25a
141,172,31,109,219,110,125,187,62,141,188,47,125,235,110,141,188,47,109,187,78,141,1517,S25a
125,156,31,109,219,110,125,187,62,141,188,47,156,234,78,156,203,47,125,188,63,140,1515,S25a
157,203,46,125,250,125,157,157,0,140,218,78,141,235,94,140,156,16,172,250,78,125,1594,S25a
157,157,0,93,203,110,156,187,31,156,235,79,140,234,94,141,172,31,156,234,78,141,1563,S25a
140,172,32,93,203,110,140,187,47,141,188,47,140,265,125,188,188,0,94,297,203,156,1656,S25a
140,156,16,109,267,158,125,172,47,141,234,93,125,235,110,172,250,78,156,203,47,141,1658,S25a
171,203,32,109,281,172,141,187,46,141,235,94,93,390,297,157,328,171,125,204,79,125,1953,S25a
140,203,63,109,266,157,125,171,46,172,219,47,125,266,141,156,203,47,156,312,156,141,1781,S25a
172,172,0,109,265,156,157,172,15,172,250,78,110,266,156,141,187,46,172,235,63,140,1687,S25a
156,188,32,109,250,141,140,203,63,172,250,78,140,265,125,157,204,47,140,312,172,141,1813,S25a
141,141,0,125,203,78,141,187,46,157,391,234,94,203,109,172,422,250,141,391,250,140,2078,S25a
140,172,32,125,187,62,141,188,47,187,984,797,141,656,515,172,516,344,109,172,63,126,3001,S25a
187,703,516,140,312,172,141,203,62,172,250,78,172,344,172,141,219,78,140,203,63,156,2390,S25a
188,328,140,140,172,32,156,218,62,141,266,125,125,266,141,140,265,125,157,235,78,172,1922,S25a
172,203,31,109,219,110,140,203,63,172,234,62,125,266,141,156,203,47,172,265,93,157,1750,S25a
172,219,47,172,203,31,156,188,32,156,250,94,172,468,296,204,267,63,156,640,484,157,2392,S25a
156,328,172,172,328,156,188,266,78,156,266,110,140,359,219,234,281,47,203,281,78,157,2266,S25a
140,203,63,172,172,0,171,203,32,157,267,110,187,469,282,171,203,32,140,234,94,141,1892,S25a
156,219,63,141,187,46,172,204,32,156,187,31,141,304,163,156,187,31,157,219,62,141,1648,S25a
140,140,0,204,219,15,156,875,719,172,500,328,156,297,141,156,203,47,203,266,63,125,2625,S25a
142,236,94,140,156,16,172,203,31,172,281,109,188,406,218,157,250,93,157,750,593,141,2423,S25a
156,187,31,203,203,0,188,219,31,156,281,125,156,360,204,140,171,31,141,344,203,110,1875,S25a
171,250,79,156,171,15,190,221,31,156,234,78,157,453,296,110,157,47,140,390,250,141,2017,S25a
141,188,47,140,156,16,187,234,47,141,219,78,172,297,125,156,156,0,141,250,109,125,1625,S25a
141,188,47,125,172,47,171,203,32,140,187,47,156,281,125,188,188,0,125,267,142,141,1627,S25a
141,188,47,140,140,0,157,188,31,140,187,47,141,266,125,125,141,16,140,234,94,141,1485,S25a
157,204,47,125,125,0,187,234,47,141,187,46,143,268,125,140,156,16,141,219,78,125,1518,S25a
157,204,47,125,125,0,187,203,16,156,203,47,140,312,172,125,141,16,172,187,15,141,1516,S25a
141,188,47,187,187,0,172,172,0,156,219,63,125,281,156,109,656,547,110,188,78,109,2000,S25a
141,188,47,187,140,-47,172,188,16,156,218,62,157,266,109,156,156,0,141,203,62,125,1484,S25a
141,188,47,140,140,0,188,203,15,157,204,47,140,265,125,156,156,0,125,203,78,125,1484,S25a
140,187,47,141,141,0,172,187,15,156,281,125,125,266,141,156,203,47,125,235,110,140,1640,S25a
140,171,31,157,125,-32,188,204,16,140,343,203,141,250,109,156,203,47,125,235,110,140,1671,S25a
156,187,31,125,110,-15,187,218,31,125,219,94,125,250,125,141,172,31,125,219,94,109,1484,S25a
156,187,31,174,174,0,156,172,16,140,234,94,125,250,125,141,172,31,125,219,94,140,1548,S25a
157,203,46,157,125,-32,204,250,46,141,266,125,109,250,141,141,188,47,140,218,78,125,1625,S25a
140,187,47,156,156,0,157,188,31,109,422,313,140,234,94,141,219,78,140,219,79,140,1765,S25a
125,187,62,157,141,-16,187,187,0,125,219,94,125,250,125,125,156,31,125,219,94,125,1484,S25a
141,172,31,156,109,-47,188,235,47,125,203,78,141,281,140,125,188,63,125,203,78,140,1531,S25a
156,203,47,125,94,-31,187,219,32,140,234,94,109,250,141,141,172,31,140,219,79,125,1516,S25a
125,187,62,141,110,-31,187,219,32,140,718,578,125,219,94,141,250,109,109,203,94,125,2031,S25a
125,188,63,125,78,-47,204,282,78,109,203,94,125,281,156,125,172,47,125,234,109,141,1579,S25a
156,219,63,156,234,78,157,875,718,141,391,250,94,203,109,141,203,62,141,219,78,140,2484,S25a
125,203,78,156,125,-31,156,203,47,125,203,78,110,251,141,109,172,63,125,203,78,141,1501,S25a
140,187,47,141,141,0,172,203,31,125,234,109,125,219,94,156,203,47,141,219,78,141,1547,S25a
125,172,47,156,109,-47,172,219,47,94,234,140,110,250,140,125,188,63,141,187,46,125,1484,S25a
157,235,78,187,187,0,172,172,0,141,297,156,125,234,109,125,188,63,140,203,63,109,1625,S25a
125,219,94,141,94,-47,172,203,31,94,267,173,125,282,157,156,203,47,125,218,93,125,1611,S25a
140,219,79,125,78,-47,218,234,16,94,297,203,125,250,125,125,250,125,140,203,63,109,1640,S25a
125,188,63,125,78,-47,172,218,46,110,266,156,125,219,94,125,234,109,125,219,94,109,1531,S25a
125,219,94,109,62,-47,219,266,47,109,250,141,125,219,94,140,218,78,157,203,46,141,1578,S25a
125,218,93,172,110,-62,172,220,48,110,250,140,110,219,109,140,203,63,125,187,62,141,1548,S25a
141,234,93,157,141,-16,172,219,47,109,390,281,110,157,47,156,250,94,140,187,47,141,1719,S25a
141,266,125,140,109,-31,172,188,16,109,453,344,125,218,93,125,360,235,125,234,109,110,1938,S25a
156,188,32,156,156,0,172,187,15,125,203,78,125,266,141,111,174,63,125,219,94,125,1518,S25a
141,235,94,94,47,-47,187,234,47,78,344,266,93,187,94,110,219,109,141,203,62,156,1625,S25a
141,219,78,156,156,0,156,203,47,78,313,235,109,187,78,110,266,156,141,187,46,125,1656,S25a
125,203,78,156,109,-47,172,219,47,94,219,125,109,203,94,125,172,47,125,218,93,110,1453,S25a
141,203,62,125,63,-62,187,218,31,94,282,188,109,218,109,125,313,188,125,297,172,109,1703,S25a
141,203,62,172,125,-47,156,219,63,109,234,125,110,219,109,125,517,392,125,203,78,125,1845,S25a
125,203,78,156,125,-31,172,172,0,125,297,172,141,187,46,141,250,109,141,188,47,109,1531,S25a
125,234,109,125,94,-31,203,219,16,140,203,63,156,250,94,125,172,47,140,219,79,125,1516,S25a
140,234,94,156,109,-47,190,206,16,109,297,188,125,141,16,140,234,94,125,172,47,125,1518,S25a
141,188,47,140,93,-47,188,219,31,125,281,156,141,204,63,62,453,391,140,203,63,125,1766,S25a
140,218,78,188,141,-47,187,187,0,125,204,79,125,218,93,141,188,47,125,219,94,109,1484,S25a
141,203,62,141,110,-31,172,203,31,125,266,141,140,328,188,140,250,110,171,250,79,109,1719,S25a
126,189,63,125,94,-31,187,218,31,141,204,63,125,250,125,140,156,16,109,187,78,141,1439,S25a
141,203,62,94,47,-47,203,250,47,109,203,94,125,235,110,125,171,46,141,204,63,109,1422,S25a
141,219,78,173,126,-47,172,218,46,110,219,109,125,203,78,125,188,63,140,219,79,93,1485,S25a
141,219,78,125,47,-78,203,234,31,156,203,47,125,266,141,109,172,63,156,250,94,109,1500,S25a
156,234,78,188,157,-31,187,203,16,140,296,156,125,219,94,125,203,78,141,203,62,125,1640,S25a
172,235,63,78,31,-47,219,266,47,93,266,173,125,172,47,140,250,110,140,172,32,125,1517,S25a
125,250,125,156,125,-31,172,172,0,141,266,125,140,234,94,141,203,62,125,172,47,125,1547,S25a
141,250,109,141,94,-47,172,203,31,157,235,78,140,297,157,125,578,453,125,281,156,125,2063,S25a
156,266,110,125,78,-47,172,234,62,141,266,125,140,234,94,125,235,110,156,234,78,125,1672,S25a
156,312,156,125,94,-31,172,203,31,125,266,141,125,250,125,125,250,125,140,234,94,156,1765,S25a
141,219,78,172,125,-47,187,219,32,140,234,94,125,250,125,125,172,47,140,234,94,141,1594,S25a
156,203,47,172,125,-47,203,219,16,109,765,656,157,266,109,141,266,125,142,220,78,156,2220,S25a
187,250,63,125,78,-47,172,218,46,125,672,547,141,235,94,156,328,172,156,265,109,125,2171,S25a
140,234,94,172,125,-47,189,189,0,109,250,141,125,234,109,125,188,63,156,219,63,140,1579,S25a
156,188,32,218,156,-62,219,219,0,140,234,94,109,250,141,125,188,63,125,187,62,141,1563,S25a
172,344,172,93,46,-47,204,235,31,125,234,109,125,266,141,140,203,63,125,203,78,156,1687,S25a
141,250,109,109,47,-62,203,250,47,125,219,94,125,234,109,141,172,31,125,234,109,125,1531,S25a
140,203,63,109,62,-47,188,219,31,141,266,125,125,203,78,140,203,63,187,187,0,125,1468,S25a
156,218,62,125,94,-31,172,172,0,141,391,250,125,171,46,141,250,109,126,204,78,125,1625,S25a
141,219,78,109,47,-62,203,250,47,109,343,234,157,235,78,125,265,140,157,172,15,125,1656,S25a
140,171,31,157,110,-47,187,203,16,125,312,187,157,219,62,141,219,78,156,250,94,125,1609,S25a
156,250,94,94,63,-31,187,234,47,125,609,484,125,219,94,141,283,142,109,234,125,125,2017,S25a
141,219,78,141,94,-47,172,203,31,109,1141,1032,109,187,78,156,297,141,156,234,78,125,2500,S25a
141,235,94,203,140,-63,203,172,-31,141,406,265,125,203,78,141,266,125,141,188,47,156,1766,S25a
140,218,78,172,125,-47,172,172,0,142,252,110,156,312,156,125,172,47,156,219,63,125,1595,S25a
141,219,78,140,78,-62,203,234,31,125,266,141,125,281,156,156,203,47,157,250,93,156,1687,S25a
125,234,109,156,109,-47,188,219,31,109,219,110,140,234,94,110,203,93,157,219,62,141,1578,S25a
156,203,47,156,125,-31,206,206,0,140,265,125,125,188,63,140,296,156,141,188,47,141,1612,S25a
125,218,93,157,94,-63,188,235,47,125,187,62,109,266,157,124,171,47,140,578,438,140,1889,S25a
141,219,78,188,156,-32,172,188,16,140,265,125,125,188,63,141,220,79,156,203,47,125,1564,S25a
156,219,63,140,93,-47,172,204,32,109,281,172,125,203,78,125,172,47,125,203,78,156,1531,S25a
156,187,31,157,110,-47,156,187,31,125,250,125,109,203,94,141,204,63,172,250,78,156,1547,S25a
187,312,125,94,47,-47,234,297,63,125,312,187,110,203,93,94,1204,1110,125,234,109,125,2734,S25a
140,203,63,140,94,-46,187,218,31,141,219,78,141,297,156,109,141,32,156,218,62,125,1515,S25a
140,172,32,203,156,-47,173,220,47,141,219,78,125,281,156,110,156,46,141,219,78,125,1548,S25a
140,187,47,157,110,-47,156,219,63,156,203,47,141,281,140,125,156,31,141,219,78,141,1516,S25a
140,187,47,172,125,-47,188,219,31,140,203,63,156,219,63,125,218,93,141,204,63,140,1515,S25a
125,203,78,172,125,-47,188,219,31,141,203,62,156,281,125,141,157,16,140,218,78,125,1531,S25a
156,219,63,173,126,-47,204,250,46,172,282,110,156,281,125,125,203,78,125,188,63,125,1674,S25a
156,234,78,141,94,-47,187,234,47,141,219,78,141,250,109,156,234,78,125,157,32,140,1562,S25a
157,203,46,172,141,-31,188,234,46,157,204,47,125,281,156,110,156,46,141,235,94,125,1579,S25a
156,203,47,172,125,-47,203,235,32,171,312,141,109,281,172,141,172,31,156,313,157,140,1781,S25a
157,203,46,172,110,-62,187,219,32,109,234,125,125,219,94,156,187,31,156,250,94,141,1563,S25a
156,218,62,157,125,-32,188,188,0,125,203,78,141,234,93,141,188,47,125,219,94,140,1515,S25a
141,203,62,188,141,-47,187,203,16,172,250,78,125,281,156,141,157,16,140,250,110,140,1625,S25a
172,203,31,172,141,-31,172,203,31,156,187,31,125,266,141,125,156,31,125,203,78,157,1516,S25a
172,219,47,141,109,-32,188,250,62,143,221,78,125,219,94,140,203,63,125,187,62,125,1533,S25a
141,203,62,141,94,-47,172,219,47,156,156,0,110,297,187,125,156,31,125,281,156,125,1531,S25a
141,188,47,93,62,-31,188,250,62,125,188,63,125,265,140,141,141,0,109,203,94,141,1438,S25a
156,235,79,171,171,0,172,172,0,142,221,79,125,218,93,141,203,62,125,344,219,125,1689,S25a
140,203,63,109,62,-47,203,281,78,125,297,172,141,235,94,140,218,78,110,204,94,125,1625,S25a
156,203,47,203,203,0,156,203,47,172,328,156,110,219,109,125,219,94,140,187,47,125,1687,S25a
55,190,135,96,192,96,72,192,120,96,425,329,143,199,56,72,224,152,56,288,232,80,1790,S24a
64,200,136,96,208,112,64,216,152,72,176,104,112,328,216,64,616,552,80,216,136,88,2048,S24a
56,248,192,88,184,96,72,680,608,88,240,152,104,176,72,96,280,184,64,176,112,80,2064,S24a
48,168,120,72,232,160,72,216,144,88,160,72,112,184,72,64,144,80,72,184,112,72,1360,S24a
72,200,128,88,216,128,72,208,136,80,152,72,96,200,104,72,144,72,64,168,104,64,1352,S24a
72,200,128,88,184,96,72,200,128,88,168,80,120,176,56,88,160,72,80,208,128,80,1376,S24a
72,176,104,96,192,96,88,216,128,88,160,72,128,192,64,80,192,112,72,176,104,88,1392,S24a
64,160,96,96,192,96,80,176,96,72,128,56,128,176,48,88,168,80,80,424,344,80,1504,S24a
56,184,128,104,344,240,80,208,128,96,152,56,120,192,72,96,256,160,80,296,216,96,1728,S24a
80,184,104,104,192,88,112,192,80,120,464,344,152,152,0,96,232,136,80,208,128,80,1704,S24a
80,200,120,120,257,137,127,279,152,128,432,304,112,160,48,104,200,96,72,184,112,104,1816,S24a
72,152,80,96,240,144,80,176,96,96,176,80,112,232,120,95,1160,1065,72,152,80,88,2376,S24a
72,152,80,96,192,96,72,200,128,72,160,88,96,192,96,80,200,120,64,176,112,72,1344,S24a
80,224,144,96,200,104,80,216,136,72,136,64,128,224,96,72,232,160,72,168,96,96,1496,S24a
72,184,112,88,168,80,80,184,104,64,136,72,152,192,40,104,184,80,88,168,80,104,1320,S24a
80,168,88,104,168,64,80,176,96,72,136,64,128,192,64,88,192,104,80,160,80,80,1272,S24a
64,176,112,96,144,48,88,184,96,72,96,24,136,176,40,80,168,88,88,176,88,104,1224,S24a
56,137,81,95,151,56,72,144,72,96,128,32,144,184,40,88,160,72,72,136,64,88,1128,S24a
80,160,80,80,144,64,72,152,80,72,120,48,136,200,64,80,184,104,64,168,104,88,1216,S24a
80,152,72,80,168,88,72,120,48,80,296,216,128,296,168,88,256,168,72,392,320,88,1768,S24a
56,144,88,96,144,48,80,144,64,80,136,56,144,240,96,88,192,104,88,192,104,96,1288,S24a
72,160,88,96,168,72,88,160,72,88,160,72,120,240,120,112,152,40,88,192,104,80,1312,S24a
80,176,96,88,136,48,88,144,56,80,152,72,128,216,88,88,200,112,64,176,112,88,1288,S24a
64,152,88,96,200,104,72,144,72,88,152,64,120,271,151,72,209,137,72,192,120,88,1408,S24a
104,176,72,128,152,24,80,120,40,88,240,152,152,176,24,104,488,384,88,160,72,96,1608,S24a
64,152,88,80,136,56,72,176,104,64,96,32,104,232,128,88,176,88,64,160,96,96,1224,S24a
88,168,80,80,168,88,72,176,104,80,560,480,88,376,288,96,136,40,72,144,72,80,1808,S24a
80,168,88,80,152,72,88,152,64,88,120,32,136,224,88,88,160,72,80,128,48,88,1192,S24a
72,152,80,80,152,72,88,184,96,88,128,40,128,512,384,72,168,96,80,128,48,96,1520,S24a
88,224,136,152,128,-24,120,184,64,104,144,40,160,184,24,112,208,96,96,152,56,104,1328,S24a
64,128,64,128,128,0,80,136,56,80,152,72,120,208,88,80,136,56,72,144,72,96,1128,S24a
88,136,48,96,176,80,80,152,72,72,120,48,128,216,88,88,184,96,80,168,88,96,1248,S24a
88,208,120,96,184,88,80,192,112,64,152,88,112,232,120,72,200,128,64,168,104,88,1424,S24a
64,168,104,112,192,80,80,160,80,72,120,48,128,200,72,72,200,128,64,168,104,96,1304,S24a
72,144,72,96,184,88,72,168,96,72,144,72,104,200,96,80,184,104,64,152,88,88,1264,S24a
80,152,72,88,168,80,72,128,56,80,152,72,112,224,112,96,184,88,72,168,96,96,1272,S24a
72,168,96,104,176,72,96,192,96,88,144,56,112,240,128,88,168,80,72,176,104,56,1320,S24a
64,152,88,80,168,88,80,152,72,80,120,40,144,256,112,72,144,72,72,240,168,88,1320,S24a
56,152,96,80,240,160,88,176,88,56,200,144,88,448,360,88,216,128,64,160,96,104,1696,S24a
88,144,56,104,160,56,80,160,80,96,120,24,128,216,88,96,160,64,88,160,72,112,1232,S24a
88,192,104,48,240,192,104,176,72,80,136,56,160,200,40,88,464,376,64,136,72,96,1640,S24a
80,160,80,80,152,72,72,152,80,72,96,24,144,200,56,64,144,80,72,136,64,80,1120,S24a
72,192,120,80,160,80,64,152,88,72,120,48,112,224,112,72,144,72,64,120,56,96,1208,S24a
72,144,72,72,128,56,96,136,40,112,168,56,152,192,40,80,584,504,64,112,48,104,1568,S24a
72,160,88,96,168,72,88,128,40,112,168,56,144,176,32,96,208,112,104,200,96,96,1304,S24a
96,168,72,104,264,160,72,176,104,96,744,648,128,104,-24,80,248,168,72,224,152,96,2024,S24a
72,160,88,88,152,64,104,144,40,80,448,368,160,296,136,80,128,48,80,152,72,88,1568,S24a
72,136,64,104,144,40,96,184,88,56,128,72,144,280,136,88,136,48,96,152,56,96,1256,S24a
88,136,48,88,128,40,96,128,32,88,144,56,144,224,80,64,192,128,88,168,80,72,1192,S24a
72,168,96,96,832,736,80,160,80,80,168,88,144,208,64,103,152,49,88,144,56,96,1928,S24a
87,160,73,103,176,73,119,120,1,95,496,401,111,168,57,87,216,129,71,208,137,88,1632,S24a
72,168,96,104,880,776,80,112,32,88,184,96,128,208,80,96,152,56,80,160,80,120,1984,S24a
72,168,96,112,184,72,88,144,56,112,176,64,120,360,240,104,152,48,56,208,152,104,1496,S24a
80,168,88,104,168,64,80,176,96,80,136,56,120,240,120,96,160,64,72,200,128,64,1312,S24a
80,176,96,96,192,96,80,168,88,80,144,64,120,264,144,96,168,72,80,224,144,72,1408,S24a
96,192,96,88,584,496,104,184,80,112,720,608,112,192,80,88,184,96,87,200,113,71,2327,S24a
88,160,72,128,160,32,136,136,0,120,552,432,144,144,0,96,176,80,80,176,96,72,1576,S24a
88,144,56,104,192,88,96,160,64,96,152,56,127,256,129,111,351,240,72,281,209,103,1639,S24a
111,144,33,95,208,113,80,120,40,87,160,73,136,232,96,112,176,64,80,200,120,104,1344,S24a
72,128,56,104,176,72,88,168,80,96,280,184,112,272,160,72,240,168,72,208,136,96,1568,S24a
88,160,72,120,184,64,112,144,32,96,224,128,152,176,24,120,496,376,64,136,72,112,1632,S24a
80,152,72,87,152,65,80,144,64,87,144,57,120,248,128,88,168,80,72,192,120,80,1280,S24a
88,144,56,88,160,72,80,120,40,79,144,65,143,208,65,71,136,65,79,176,97,87,1175,S24a
80,160,80,96,168,72,80,160,80,72,120,48,135,216,81,72,144,72,80,192,112,72,1232,S24a
88,168,80,88,152,64,80,176,96,80,112,32,128,224,96,80,144,64,72,184,112,88,1248,S24a
88,160,72,88,160,72,88,112,24,103,560,457,112,152,40,80,184,104,80,200,120,96,1624,S24a
80,144,64,88,144,56,80,152,72,80,128,48,120,208,88,88,160,72,72,192,120,80,1208,S24a
72,176,104,80,136,56,88,152,64,88,128,40,128,224,96,88,168,80,72,192,120,96,1272,S24a
64,144,80,88,160,72,64,152,88,88,128,40,120,288,168,80,136,56,72,184,112,104,1296,S24a
80,168,88,96,192,96,88,168,80,88,144,56,144,232,88,112,216,104,104,848,744,55,2023,S24a
96,152,56,88,144,56,79,128,49,80,160,80,112,200,88,88,120,32,80,168,88,96,1168,S24a
80,152,72,96,152,56,96,144,48,80,152,72,128,336,208,72,168,96,87,136,49,80,1320,S24a
88,160,72,136,136,0,120,120,0,104,200,96,152,152,0,88,168,80,104,128,24,104,1168,S24a
80,136,56,112,184,72,112,152,40,88,632,544,96,112,16,88,184,96,72,192,120,80,1672,S24a
88,152,64,95,176,81,88,336,248,96,136,40,144,200,56,96,168,72,64,248,184,87,1503,S24a
88,144,56,88,176,88,80,144,64,80,152,72,103,200,97,71,128,57,95,192,97,79,1215,S24a
79,152,73,95,184,89,119,159,40,112,265,153,143,207,64,128,721,593,64,168,104,16,1872,S24a
72,144,72,80,128,48,88,136,48,72,168,96,88,120,32,96,168,72,80,192,112,88,1144,S24a
80,136,56,112,192,80,104,192,88,31,600,569,112,112,0,96,192,96,72,192,120,88,1704,S24a
72,144,72,95,160,65,80,232,152,64,216,152,128,200,72,80,144,64,96,136,40,112,1344,S24a
88,136,48,120,176,56,112,160,48,88,2311,2223,128,129,1,79,376,297,71,160,89,87,3535,S24a
79,120,41,79,120,41,79,136,57,63,120,57,128,184,56,72,136,64,72,144,72,80,1040,S24a
80,152,72,96,152,56,112,160,48,63,152,89,168,192,24,88,176,88,87,112,25,104,1200,S24a
80,136,56,95,168,73,64,128,64,80,144,64,128,200,72,80,192,112,72,200,128,72,1240,S24a
80,152,72,95,200,105,64,104,40,72,240,168,104,128,24,103,160,57,104,160,56,88,1232,S24a
64,120,56,112,144,32,120,160,40,71,152,81,152,176,24,88,440,352,64,208,144,80,1480,S24a
72,152,80,112,160,48,104,144,40,64,176,112,144,184,40,96,160,64,119,144,25,103,1223,S24a
79,120,41,111,168,57,79,128,49,71,168,97,151,200,49,87,248,161,87,176,89,79,1287,S24a
80,128,48,80,144,64,88,120,32,64,136,72,144,184,40,96,216,120,96,232,136,80,1240,S24a
72,151,79,129,113,-16,127,1016,889,135,528,393,143,183,40,88,217,129,79,200,121,95,2503,S24a
71,168,97,95,144,49,87,208,121,87,167,80,128,216,88,80,168,88,72,176,104,88,1335,S24a
88,160,72,144,161,17,103,144,41,87,136,49,175,152,-23,119,552,433,119,135,16,96,1536,S24a
87,143,56,128,161,33,111,160,49,87,144,57,159,184,25,79,160,81,135,160,25,111,1223,S24a
71,176,105,95,176,81,79,160,81,63,144,81,143,200,57,87,136,49,79,223,144,96,1311,S24a
72,160,88,96,176,80,104,176,72,88,136,48,136,200,64,96,128,32,88,184,96,88,1248,S24a
72,145,73,95,184,89,79,168,89,71,144,73,135,183,48,88,137,49,79,176,97,79,1216,S24a
63,160,97,87,152,65,95,176,81,79,136,57,127,208,81,71,128,57,71,168,97,87,1215,S24a
71,176,105,79,167,88,72,177,105,71,127,56,104,209,105,79,104,25,71,192,121,79,1231,S24a
63,152,89,95,168,73,95,184,89,79,143,64,120,241,121,87,111,24,80,201,121,79,1279,S24a
87,144,57,103,144,41,119,144,25,79,136,57,159,200,41,71,112,41,103,144,41,103,1127,S24a
87,144,57,95,152,57,103,128,25,55,111,56,168,169,1,87,152,65,87,144,57,95,1095,S24a
71,144,73,103,168,65,111,192,81,63,192,129,111,136,25,87,160,73,95,128,33,95,1215,S24a
71,159,88,96,169,73,119,144,25,63,144,81,135,152,17,79,144,65,103,143,40,88,1143,S24a
72,152,80,112,176,64,96,152,56,48,161,113,111,168,57,87,112,25,87,200,113,71,1192,S24a
87,160,73,95,168,73,103,128,25,103,152,49,151,152,1,103,144,41,111,128,17,111,1143,S24a
87,136,49,95,144,49,95,135,40,72,193,121,135,280,145,79,80,1,127,200,73,95,1263,S24a
79,159,80,112,153,41,103,184,81,95,184,89,167,168,1,95,128,33,119,144,25,119,1239,S24a
103,127,24,112,113,1,103,136,33,103,472,369,159,160,1,71,104,33,135,136,1,111,1359,S24a
87,184,97,87,152,65,87,152,65,71,272,201,119,160,41,79,120,41,111,144,33,103,1287,S24a
87,175,88,104,160,56,112,145,33,79,159,80,120,225,105,95,120,25,111,959,848,88,2031,S24a
72,120,48,112,137,25,95,119,24,88,161,73,151,184,33,79,152,73,79,135,56,112,1120,S24a
87,152,65,87,128,41,87,160,73,71,103,32,128,201,73,95,120,25,95,176,81,103,1143,S24a
87,144,57,87,136,49,79,152,73,79,120,41,135,232,97,95,96,1,87,192,105,111,1183,S24a
88,153,65,103,152,49,87,160,73,63,88,25,143,192,49,103,104,1,87,184,97,95,1128,S24a
95,136,41,87,128,41,87,120,33,87,119,32,144,177,33,87,88,1,103,168,65,95,1031,S24a
95,112,17,103,184,81,79,616,537,95,143,48,112,216,104,72,96,24,64,168,104,80,1615,S24a
96,136,40,96,128,32,88,136,48,80,104,24,128,201,73,95,184,89,111,184,73,95,1168,S24a
96,153,57,95,128,33,87,152,65,71,104,33,135,208,73,103,104,1,111,160,49,127,1136,S24a
95,168,73,103,128,25,103,384,281,63,136,73,159,184,25,103,128,25,79,128,49,143,1399,S24a
127,216,89,127,151,24,112,161,49,79,128,49,167,168,1,119,120,1,111,136,25,135,1215,S24a
87,184,97,87,128,41,103,176,73,71,168,97,143,184,41,71,112,41,95,120,25,119,1191,S24a
87,111,24,128,241,113,87,143,56,96,137,41,159,232,73,79,136,57,87,192,105,95,1287,S24a
56,136,80,96,136,40,88,144,56,96,96,0,136,192,56,80,112,32,88,160,72,96,1072,S24a
72,152,80,112,160,48,104,136,32,96,121,25,167,168,1,95,112,17,95,128,33,111,1088,S24a
104,161,57,111,111,0,104,176,72,64,161,97,135,199,64,72,97,25,79,192,113,111,1208,S24a
95,144,49,111,207,96,104,224,120,72,120,48,128,232,104,72,1592,1520,80,192,112,96,2807,S24a
87,152,65,87,128,41,87,144,57,79,112,33,143,280,137,103,128,25,87,216,129,87,1247,S24a
87,144,57,87,128,41,95,144,49,95,128,33,151,176,25,95,128,33,119,159,40,120,1127,S24a
112,168,56,120,169,49,119,167,48,80,153,73,135,176,41,111,112,1,111,151,40,104,1200,S24a
87,192,105,119,184,65,119,184,65,71,168,97,143,168,25,95,136,41,103,488,385,143,1663,S24a
96,136,40,96,129,33,95,128,33,79,136,57,143,216,73,95,176,81,87,223,136,96,1240,S24a
88,160,72,96,152,56,96,136,40,88,152,64,136,161,25,103,144,41,119,120,1,135,1160,S24a
103,184,81,119,191,72,112,377,265,87,167,80,184,184,0,96,136,40,120,144,24,144,1527,S24a
112,185,73,143,175,32,120,161,41,95,135,40,184,185,1,95,127,32,120,145,25,127,1240,S24a
79,184,105,135,248,113,23,472,449,95,256,161,111,216,105,103,104,1,103,151,48,104,1735,S24a
120,176,56,112,137,25,111,151,40,128,169,41,191,223,32,112,112,0,152,152,0,152,1272,S24a
128,184,56,144,145,1,127,167,40,136,160,24,184,224,40,112,136,24,128,144,16,144,1304,S24a
104,176,72,136,152,16,104,128,24,104,177,73,143,215,72,120,120,0,96,169,73,127,1264,S24a
95,135,40,120,144,24,104,161,57,71,120,49,135,240,105,103,127,24,88,177,89,111,1215,S24a
96,145,49,87,128,41,103,152,49,87,111,24,144,225,81,111,112,1,87,159,72,96,1128,S24a
80,160,80,112,176,64,104,144,40,96,128,32,168,208,40,120,120,0,104,168,64,104,1208,S24a
104,176,72,112,176,64,120,160,40,80,144,64,152,184,32,96,136,40,104,160,56,112,1248,S24a
96,168,72,136,136,0,120,160,40,112,144,32,168,192,24,96,128,32,112,137,25,135,1200,S24a
104,160,56,120,168,48,112,152,40,80,224,144,136,168,32,120,120,0,120,136,16,136,1264,S24a
136,168,32,144,144,0,144,176,32,136,288,152,152,152,0,88,121,33,111,144,33,111,1304,S24a
127,152,25,159,184,25,135,135,0,112,232,120,136,264,128,120,200,80,128,128,0,104,1399,S24a
112,152,40,112,168,56,120,120,0,120,160,40,160,192,32,104,136,32,96,129,33,135,1192,S24a
104,104,0,152,152,0,120,144,24,128,176,48,160,200,40,64,120,56,120,177,57,119,1192,S24a
112,144,32,136,168,32,96,136,40,112,152,40,176,176,0,104,161,57,95,79,-16,136,1152,S24a
95,208,113,119,168,49,111,135,24,80,240,160,168,240,72,96,96,0,72,128,56,112,1327,S24a
112,168,56,112,136,24,96,120,24,96,136,40,184,184,0,104,136,32,112,136,24,128,1144,S24a
104,160,56,112,112,0,88,128,40,96,145,49,151,175,24,104,136,32,80,232,152,80,1168,S24a
87,119,32,104,120,16,96,120,24,88,136,48,152,184,32,112,240,128,72,176,104,88,1183,S24a
112,176,64,96,152,56,104,104,0,112,160,48,136,160,24,96,128,32,96,128,32,120,1128,S24a
96,136,40,136,136,0,112,136,24,96,136,40,168,224,56,96,136,40,96,136,40,112,1152,S24a
96,112,16,152,960,808,96,152,56,96,144,48,144,144,0,120,272,152,104,208,104,104,2096,S24a
88,136,48,96,128,32,96,120,24,88,136,48,144,184,40,104,168,64,80,152,72,120,1144,S24a
88,144,56,88,120,32,120,136,16,96,152,56,160,208,48,112,136,24,96,168,72,112,1176,S24a
88,120,32,120,120,0,112,112,0,88,152,64,160,168,8,104,192,88,88,160,72,104,1128,S24a
96,128,32,96,144,48,96,96,0,88,152,64,136,176,40,96,216,120,80,280,200,104,1296,S24a
96,136,40,120,160,40,104,152,48,88,160,72,128,200,72,96,136,40,80,176,96,88,1208,S24a
112,152,40,120,120,0,120,136,16,112,152,40,168,168,0,104,128,24,104,144,40,112,1112,S24a
88,128,40,104,152,48,104,160,56,88,144,56,144,200,56,96,176,80,80,240,160,96,1296,S24a
96,160,64,80,112,32,112,152,40,96,144,48,128,216,88,96,184,88,24,256,232,72,1296,S24a
112,168,56,144,160,16,120,160,40,128,152,24,168,232,64,104,128,24,112,136,24,120,1256,S24a
112,168,56,136,136,0,120,160,40,96,144,48,160,192,32,96,120,24,104,168,64,136,1224,S24a
80,96,16,128,128,0,96,128,32,80,112,32,160,208,48,104,104,0,88,160,72,104,1040,S24a
72,136,64,96,128,32,112,152,40,80,120,40,144,224,80,96,120,24,64,160,96,96,1136,S24a
80,128,48,104,152,48,96,120,24,88,152,64,128,248,120,96,168,72,72,160,88,88,1216,S24a
72,168,96,88,128,40,104,200,96,80,144,64,128,232,104,80,152,72,64,160,96,112,1296,S24a
104,168,64,120,160,40,144,144,0,104,920,816,136,152,16,88,144,56,96,144,48,112,1944,S24a
88,144,56,88,112,24,112,152,40,72,104,32,144,192,48,80,136,56,80,136,56,104,1080,S24a
64,136,72,88,120,32,112,160,48,80,136,56,128,184,56,88,144,56,80,136,56,104,1120,S24a
64,152,88,88,112,24,112,168,56,72,128,56,136,216,80,89,160,71,80,160,80,104,1200,S24a
72,160,88,112,136,24,112,168,56,72,152,80,144,232,88,112,120,8,104,520,416,104,1592,S24a
112,168,56,112,112,0,112,136,24,112,208,96,152,152,0,96,136,40,128,152,24,112,1176,S24a
88,120,32,128,128,0,112,160,48,72,136,64,128,376,248,88,344,256,96,216,120,96,1576,S24a
64,136,72,104,128,24,136,176,40,64,144,80,152,256,104,96,152,56,96,152,56,128,1272,S24a
72,112,40,96,104,8,120,144,24,80,136,56,168,200,32,112,160,48,104,192,88,112,1160,S24a
112,168,56,80,96,16,128,136,8,112,632,520,152,184,32,120,176,56,136,224,88,112,1728,S24a
96,120,24,112,112,0,96,128,32,80,128,48,168,224,56,88,144,56,96,128,32,128,1112,S24a
72,136,64,96,128,32,104,160,56,72,120,48,144,216,72,96,168,72,80,136,56,112,1176,S24a
96,152,56,120,120,0,144,160,16,104,136,32,184,200,16,96,128,32,112,160,48,120,1176,S24a
80,120,40,88,104,16,136,136,0,88,176,88,152,200,48,88,152,64,104,176,72,104,1168,S24a
64,152,88,96,136,40,112,144,32,88,1288,1200,152,216,64,96,144,48,128,160,32,120,2360,S24a
80,160,80,72,112,40,104,184,80,96,144,48,167,247,80,105,161,56,80,176,96,104,1288,S24a
74,162,88,112,104,-8,127,168,41,112,680,568,103,176,73,112,224,112,56,296,240,80,1890,S24a
64,152,88,88,112,24,72,152,80,80,160,80,136,208,72,80,192,112,79,136,57,128,1240,S24a
64,240,176,96,152,56,95,208,113,64,327,263,104,176,72,120,225,105,55,272,217,88,1688,S24a
88,152,64,104,224,120,104,168,64,88,800,712,80,160,80,80,160,80,64,168,104,88,1920,S24a
64,144,80,95,128,33,64,136,72,72,144,72,112,192,80,88,160,72,64,160,96,71,1135,S24a
64,184,120,88,128,40,80,128,48,72,152,80,128,168,40,80,128,48,87,144,57,96,1128,S24a
80,136,56,96,112,16,88,136,48,72,160,88,127,207,80,97,153,56,72,200,128,88,1192,S24a
63,175,112,105,169,64,80,200,120,80,184,104,120,208,88,96,200,104,47,160,113,87,1383,S24a
64,192,128,104,176,72,71,160,89,80,160,80,112,232,120,80,160,80,64,160,96,88,1328,S24a
64,192,128,88,160,72,88,176,88,80,176,96,112,208,96,96,192,96,48,144,96,87,1335,S24a
63,184,121,104,168,64,72,200,128,80,144,64,112,216,104,88,208,120,40,168,128,112,1400,S24a
80,176,96,96,112,16,95,168,73,72,136,64,119,191,72,80,153,73,55,144,89,87,1167,S24a
64,184,120,88,104,16,96,152,56,55,136,81,127,176,49,87,152,65,87,152,65,112,1168,S24a
80,176,96,88,112,24,80,136,56,87,167,80,120,216,96,104,185,81,79,160,81,111,1263,S24a
87,144,57,135,136,1,88,128,40,87,176,89,143,176,33,120,192,72,112,128,16,136,1216,S24a
79,160,81,104,160,56,64,168,104,64,192,128,128,216,88,96,216,120,63,160,97,96,1368,S24a
72,216,144,103,176,73,87,208,121,88,160,72,120,240,120,88,232,144,64,192,128,88,1512,S24a
71,216,145,96,168,72,87,216,129,71,120,49,135,240,105,103,200,97,55,152,97,95,1407,S24a
71,191,120,105,177,72,87,184,97,80,176,96,111,216,105,96,160,64,56,120,64,103,1327,S24a
80,176,96,96,152,56,88,185,97,79,176,97,143,255,112,104,305,201,80,224,144,96,1569,S24a
55,184,129,103,160,57,87,184,97,71,151,80,136,233,97,87,368,281,64,184,120,71,1535,S24a
71,175,104,104,153,49,63,176,113,72,192,120,112,208,96,87,168,81,72,184,112,63,1319,S24a
56,200,144,88,136,48,71,184,113,63,136,73,104,208,104,88,192,104,64,168,104,79,1303,S24a
64,192,128,88,144,56,88,176,88,80,128,48,128,248,120,63,144,81,64,184,120,72,1288,S24a
55,192,137,103,144,41,80,168,88,63,144,81,119,216,97,79,192,113,63,151,88,80,1287,S24a
64,193,129,88,144,56,87,168,81,79,160,81,103,200,97,87,184,97,56,144,88,87,1280,S24a
72,184,112,87,152,65,63,168,105,71,152,81,95,232,137,80,168,88,47,184,137,55,1295,S24a
79,192,113,87,144,57,80,160,80,64,144,80,111,208,97,79,208,129,31,144,113,79,1279,S24a
72,193,121,95,144,49,88,184,96,72,472,400,103,232,129,56,120,64,48,200,152,79,1624,S24a
87,160,73,96,128,32,103,152,49,71,144,73,128,192,64,80,168,88,88,120,32,111,1175,S24a
71,175,104,56,97,41,79,168,89,55,112,57,111,192,81,71,168,97,56,168,112,63,1143,S24a
72,152,80,96,136,40,79,152,73,71,120,49,119,216,97,71,192,121,47,168,121,79,1215,S24a
71,152,81,87,136,49,95,192,97,71,128,57,111,232,121,71,184,113,47,128,81,95,1247,S24a
71,160,89,95,144,49,87,136,49,64,128,64,127,167,40,88,177,89,55,96,41,103,1111,S24a
71,144,73,80,128,48,95,144,49,71,144,73,111,216,105,95,216,121,63,168,105,87,1247,S24a
79,176,97,88,136,48,79,160,81,71,127,56,113,209,96,79,184,105,79,168,89,71,1231,S24a
64,184,120,95,136,41,79,160,81,71,143,72,113,201,88,71,200,129,55,207,152,88,1319,S24a
63,192,129,79,120,41,79,136,57,79,160,81,112,168,56,87,200,113,87,192,105,79,1247,S24a
79,191,112,56,105,49,79,168,89,79,152,73,103,224,121,72,247,175,96,169,73,87,1343,S24a
71,200,129,71,112,41,79,176,97,63,136,73,119,192,73,103,216,113,71,135,64,88,1255,S24a
72,193,121,71,80,9,95,144,49,63,127,64,112,137,25,95,175,80,88,129,41,79,1064,S24a
47,184,137,95,128,33,80,176,96,79,152,73,103,159,56,88,168,80,88,112,24,112,1191,S24a
80,177,97,103,135,32,96,176,80,72,145,73,127,159,32,96,200,104,88,121,33,104,1217,S24a
79,168,89,87,104,17,95,151,56,56,136,80,121,193,72,87,176,89,71,184,113,87,1199,S24a
71,143,72,96,136,40,104,192,88,88,153,65,119,200,81,87,168,81,71,168,97,87,1247,S24a
63,160,97,95,119,24,104,185,81,79,152,73,112,264,152,87,160,73,71,184,113,87,1311,S24a
72,160,88,88,113,25,95,176,81,63,127,64,120,233,113,39,216,177,96,208,112,103,1336,S24a
71,168,97,87,128,41,95,176,81,79,152,73,127,200,73,71,192,121,79,184,105,79,1279,S24a
63,192,129,87,160,73,79,207,128,72,144,72,104,200,96,80,152,72,80,168,88,80,1303,S24a
63,175,112,88,144,56,80,185,105,63,127,64,112,225,113,79,168,89,79,175,96,80,1279,S24a
63,175,112,81,128,47,88,184,96,64,137,73,119,216,97,95,176,81,71,167,96,88,1271,S24a
63,160,97,71,128,57,87,167,80,72,128,56,128,240,112,56,153,97,79,144,65,87,1207,S24a
63,184,121,71,104,33,95,224,129,87,159,72,120,216,96,80,153,73,71,184,113,79,1303,S24a
71,152,81,111,176,65,71,160,89,71,128,57,111,215,104,80,168,88,80,169,89,87,1255,S24a
47,176,129,87,112,25,95,200,105,87,128,41,119,239,120,88,136,48,88,169,81,103,1263,S24a
72,201,129,71,104,33,71,151,80,72,144,72,104,201,97,79,168,89,79,151,72,80,1200,S24a
71,207,136,48,73,25,111,176,65,79,144,65,111,191,80,72,169,97,71,160,89,79,1199,S24a
79,167,88,80,105,25,87,136,49,87,168,81,111,200,89,87,175,88,80,113,33,111,1175,S24a
79,183,104,88,96,8,96,136,40,88,161,73,111,152,41,87,167,80,88,136,48,112,1143,S24a
79,128,49,111,159,48,80,240,160,88,169,81,127,207,80,88,161,73,87,175,88,96,1335,S24a
71,143,72,96,120,24,96,168,72,80,161,81,111,183,72,96,160,64,80,153,73,95,1183,S24a
87,184,97,95,88,-7,103,152,49,87,127,40,128,169,41,95,160,65,79,119,40,112,1111,S24a
103,159,56,112,120,8,120,176,56,88,137,49,143,176,33,87,135,48,96,121,25,111,1135,S24a
88,160,72,128,144,16,96,153,57,119,167,48,136,153,17,87,160,73,95,120,25,95,1152,S24a
87,160,73,103,111,8,120,160,40,88,161,73,103,143,40,88,184,96,80,144,64,64,1127,S24a
80,136,56,96,105,9,143,192,49,71,143,72,128,145,17,87,159,72,80,120,40,96,1096,S24a
71,136,65,87,111,24,104,176,72,80,168,88,80,241,161,95,192,97,95,207,112,96,1327,S24a
88,168,80,104,96,-8,104,145,41,79,159,80,136,145,9,87,175,88,88,104,16,112,1104,S24a
80,113,33,103,95,-8,104,128,24,80,192,112,120,169,49,79,160,81,71,136,65,103,1096,S24a
72,168,96,64,104,40,96,152,56,72,129,57,111,175,64,88,169,81,79,183,104,80,1160,S24a
72,168,96,72,120,48,88,160,72,80,144,64,120,201,81,79,175,96,64,152,88,88,1208,S24a
71,191,120,72,120,48,80,136,56,72,137,65,95,183,88,80,137,57,71,159,88,88,1151,S24a
63,175,112,72,112,40,80,144,64,72,160,88,48,624,576,40,248,208,104,144,40,80,1687,S24a
96,184,88,72,88,16,104,137,33,79,151,72,120,137,17,79,167,88,88,96,8,120,1080,S24a
80,161,81,79,103,24,88,144,56,72,137,65,111,167,56,96,209,113,71,160,89,79,1160,S24a
72,168,96,72,104,32,96,128,32,80,161,81,119,183,64,72,160,88,96,145,49,79,1128,S24a
71,144,73,119,128,9,87,111,24,80,152,72,128,160,32,88,192,104,96,169,73,95,1151,S24a
80,193,113,111,247,136,72,224,152,88,344,256,136,185,49,95,152,57,103,128,25,95,1568,S24a
80,160,80,96,81,-15,119,127,8,88,153,65,127,144,17,87,159,72,96,112,16,120,1056,S24a
80,160,80,104,121,17,103,152,49,79,240,161,119,247,128,64,128,64,96,152,56,96,1296,S24a
72,153,81,95,119,24,104,160,56,80,152,72,120,184,64,80,168,88,80,160,80,104,1200,S24a
88,136,48,112,120,8,104,128,24,88,169,81,119,183,64,104,800,696,88,176,88,88,1800,S24a
71,175,104,88,112,24,96,137,41,87,183,96,120,184,64,88,201,113,95,176,81,103,1271,S24a
88,208,120,88,136,48,96,161,65,87,176,89,119,207,88,96,193,97,95,175,80,88,1344,S24a
80,192,112,80,160,80,80,169,89,79,168,89,143,191,48,80,216,136,88,193,105,79,1368,S24a
88,208,120,112,168,56,88,184,96,72,168,96,104,193,89,71,223,152,64,136,72,80,1360,S24a
72,217,145,79,184,105,63,143,80,72,152,80,96,208,112,80,168,88,88,137,49,111,1320,S24a
80,177,97,103,111,8,80,152,72,88,225,137,135,175,40,80,153,73,111,119,8,112,1224,S24a
72,160,88,88,104,16,96,136,40,96,193,97,127,199,72,80,497,417,87,159,72,88,1536,S24a
80,176,96,88,121,33,87,152,65,87,183,96,96,192,96,96,224,128,80,136,56,96,1280,S24a
72,160,88,88,128,40,88,161,73,79,167,88,88,440,352,80,177,97,87,215,128,48,1496,S24a
64,201,137,103,136,33,95,151,56,72,168,96,112,192,80,80,160,80,80,184,104,112,1304,S24a
96,144,48,120,113,-7,119,143,24,80,192,112,144,200,56,96,224,128,88,193,105,95,1304,S24a
80,184,104,88,104,16,96,152,56,80,168,88,104,184,80,96,200,104,72,192,120,88,1272,S24a
71,167,96,88,81,-7,103,143,40,88,160,72,112,232,120,88,168,80,80,192,112,96,1239,S24a
82,210,128,128,120,-8,112,176,64,96,856,760,112,200,88,104,240,136,64,192,128,88,2082,S24a
72,152,80,104,136,32,88,184,96,80,168,88,120,208,88,96,200,104,32,152,120,88,1288,S24a
72,184,112,88,152,64,80,184,104,80,152,72,112,208,96,104,168,64,56,160,104,96,1304,S24a
80,176,96,88,128,40,88,176,88,88,144,56,120,200,80,88,128,40,72,200,128,80,1232,S24a
80,176,96,88,120,32,72,144,72,80,224,144,88,200,112,32,208,176,48,352,304,88,1512,S24a
88,168,80,80,120,40,88,152,64,88,168,80,112,216,104,104,184,80,64,192,128,96,1296,S24a
80,200,120,80,128,48,96,216,120,88,152,64,112,232,120,88,184,96,32,152,120,88,1352,S24a
72,192,120,88,144,56,80,200,120,88,208,120,112,208,96,88,160,72,48,200,152,96,1408,S24a
72,192,120,96,160,64,72,160,88,80,160,80,112,264,152,80,168,88,48,160,112,88,1352,S24a
56,200,144,96,152,56,72,168,96,80,144,64,120,264,144,96,176,80,48,184,136,88,1376,S24a
72,192,120,88,152,64,96,208,112,80,136,56,112,232,120,80,176,96,48,152,104,80,1328,S24a
64,176,112,88,144,56,80,152,72,88,168,80,104,256,152,88,160,72,64,168,104,104,1328,S24a
80,168,88,96,128,32,96,176,80,56,144,88,112,216,104,96,152,56,56,176,120,88,1248,S24a
72,152,80,104,136,32,88,136,48,64,144,80,120,200,80,88,168,80,56,136,80,88,1160,S24a
72,192,120,96,128,32,88,160,72,72,152,80,104,232,128,88,152,64,48,152,104,88,1256,S24a
64,144,80,96,160,64,64,136,72,72,144,72,120,216,96,72,152,80,64,160,96,88,1200,S24a
80,176,96,96,160,64,88,176,88,64,192,128,112,208,96,72,136,64,56,176,120,80,1304,S24a
64,160,96,96,144,48,80,136,56,72,168,96,112,216,104,80,160,80,56,168,112,88,1240,S24a
72,160,88,88,120,32,96,160,64,80,152,72,128,256,128,96,184,88,40,104,64,88,1224,S24a
88,168,80,104,104,0,96,112,16,96,192,96,128,136,8,96,160,64,72,112,40,128,1112,S24a
80,176,96,64,104,40,72,128,56,72,152,80,112,200,88,80,168,88,72,192,120,104,1224,S24a
72,184,112,88,136,48,96,136,40,72,160,88,120,176,56,80,168,88,64,160,96,88,1208,S24a
64,176,112,80,112,32,96,176,80,64,136,72,112,200,88,80,184,104,48,120,72,88,1192,S24a
64,152,88,88,136,48,80,160,80,48,128,80,112,200,88,88,152,64,64,144,80,88,1160,S24a
64,184,120,64,104,40,88,152,64,64,128,64,128,200,72,88,144,56,64,128,64,96,1136,S24a
72,176,104,80,120,40,104,184,80,56,144,88,120,232,112,80,152,72,64,128,64,80,1216,S24a
64,168,104,80,104,24,104,152,48,64,144,80,112,200,88,80,152,72,56,128,72,88,1136,S24a
72,176,104,80,120,40,80,152,72,64,144,80,112,208,96,72,160,88,64,144,80,80,1184,S24a
64,176,112,88,128,40,72,136,64,48,120,72,128,168,40,80,136,56,80,160,80,112,1136,S24a
88,176,88,80,104,24,96,128,32,80,176,96,136,272,136,72,448,376,72,504,432,80,1888,S24a
88,144,56,96,120,24,88,96,8,88,184,96,96,128,32,88,144,56,96,104,8,120,1040,S24a
72,112,40,120,128,8,80,144,64,80,152,72,112,144,32,88,240,152,64,144,80,88,1152,S24a
88,184,96,72,88,16,80,128,48,64,168,104,112,176,64,80,152,72,64,136,72,96,1128,S24a
80,160,80,80,104,24,96,120,24,72,248,176,128,184,56,72,136,64,64,128,64,96,1176,S24a
64,160,96,64,88,24,88,160,72,64,128,64,120,184,64,72,152,80,64,144,80,96,1112,S24a
72,136,64,72,88,16,96,168,72,64,136,72,120,224,104,64,152,88,40,144,104,80,1128,S24a
72,168,96,80,104,24,112,176,64,80,176,96,112,216,104,64,120,56,56,216,160,88,1264,S24a
80,144,64,88,104,16,104,160,56,72,136,64,128,192,64,88,184,96,56,144,88,88,1152,S24a
72,184,112,88,104,16,104,152,48,72,136,64,128,224,96,72,160,88,64,144,80,88,1192,S24a
56,176,120,64,88,24,96,176,80,56,160,104,80,232,152,88,176,88,8,160,152,80,1248,S24a
72,176,104,80,112,32,80,144,64,72,168,96,96,208,112,64,144,80,56,168,112,72,1192,S24a
72,176,104,88,152,64,80,160,80,72,248,176,104,160,56,88,280,192,96,144,48,96,1416,S24a
88,160,72,96,88,-8,96,88,-8,88,584,496,104,120,16,72,240,168,72,168,96,88,1536,S24a
56,144,88,80,104,24,88,120,32,64,168,104,104,184,80,72,168,96,72,120,48,160,1168,S24a
72,184,112,72,96,24,80,144,64,64,152,88,112,200,88,80,184,104,56,152,96,88,1200,S24a
72,168,96,72,104,32,88,144,56,64,152,88,112,200,88,64,168,104,56,160,104,88,1184,S24a
64,200,136,64,104,40,72,136,64,88,144,56,112,192,80,88,272,184,56,160,104,88,1296,S24a
64,176,112,96,120,24,72,144,72,64,176,112,112,216,104,64,200,136,72,152,80,80,1264,S24a
64,208,144,96,128,32,64,176,112,56,160,104,72,208,136,64,168,104,40,144,104,64,1256,S24a
40,168,128,72,128,56,72,152,80,64,136,72,104,232,128,80,144,64,56,168,112,80,1208,S24a
56,152,96,80,136,56,72,152,80,80,144,64,96,192,96,80,176,96,56,160,104,80,1192,S24a
64,160,96,64,120,56,72,120,48,72,168,96,96,216,120,72,144,72,64,168,104,72,1168,S24a
72,176,104,80,136,56,64,152,88,56,136,80,96,200,104,80,176,96,40,152,112,72,1200,S24a
64,168,104,64,112,48,72,128,56,72,160,88,112,224,112,64,176,112,48,144,96,88,1200,S24a
72,176,104,72,104,32,80,152,72,64,136,72,96,208,112,72,208,136,40,176,136,48,1208,S24a
71,128,57,103,128,25,95,152,57,80,152,72,112,224,112,80,144,64,64,184,120,64,1176,S24a
80,136,56,96,88,-8,96,112,16,80,152,72,112,160,48,80,168,88,56,168,112,80,1064,S24a
72,184,112,80,96,16,80,160,80,72,144,72,96,192,96,80,192,112,48,160,112,88,1216,S24a
64,184,120,72,96,24,88,176,88,56,136,80,104,160,56,72,160,88,48,160,112,104,1176,S24a
88,160,72,88,96,8,88,136,48,80,208,128,128,152,24,80,168,88,88,128,40,104,1152,S24a
80,176,96,80,80,0,88,128,40,72,184,112,104,184,80,88,176,88,56,144,88,80,1152,S24a
80,184,104,56,72,16,104,184,80,64,168,104,104,160,56,80,152,72,96,144,48,104,1168,S24a
80,192,112,56,64,8,104,168,64,87,160,73,112,200,88,88,208,120,64,200,136,80,1272,S24a
80,200,120,80,104,24,88,160,72,72,160,88,112,232,120,71,256,185,24,168,144,80,1360,S24a
64,192,128,128,176,48,120,208,88,80,208,128,120,184,64,96,200,104,104,224,120,104,1496,S24a
72,208,136,144,2856,2712,80,96,16,80,184,104,112,136,24,88,176,88,72,152,80,104,3912,S24a
64,160,96,96,160,64,80,184,104,64,136,72,104,232,128,72,160,88,64,192,128,80,1304,S24a
72,192,120,80,152,72,64,184,120,72,144,72,112,224,112,80,192,112,56,152,96,88,1328,S24a
72,184,112,88,160,72,88,168,80,80,136,56,104,232,128,64,160,96,56,152,96,88,1280,S24a
72,200,128,96,176,80,56,192,136,80,144,64,120,200,80,88,144,56,72,176,104,96,1328,S24a
80,192,112,96,136,40,88,176,88,72,128,56,112,240,128,56,184,128,64,168,104,88,1312,S24a
80,184,104,88,112,24,88,168,80,80,216,136,120,208,88,72,168,96,64,192,128,88,1336,S24a
64,168,104,96,136,40,72,152,80,80,144,64,96,184,88,79,176,97,64,136,72,88,1184,S24a
72,160,88,112,160,48,72,144,72,88,192,104,72,208,136,72,128,56,80,160,80,88,1240,S24a
64,160,96,112,136,24,80,128,48,80,248,168,80,320,240,80,224,144,56,224,168,88,1528,S24a
72,160,88,72,88,16,88,136,48,80,136,56,104,216,112,72,176,104,72,152,80,88,1152,S24a
80,184,104,80,136,56,80,176,96,72,160,88,104,200,96,80,144,64,64,160,96,104,1264,S24a
80,176,96,88,144,56,88,160,72,72,144,72,96,216,120,72,168,96,64,160,96,80,1248,S24a
72,160,88,96,152,56,80,152,72,80,144,64,96,208,112,64,176,112,56,152,96,72,1216,S24a
80,184,104,120,144,24,120,168,48,80,160,80,112,192,80,80,168,88,64,176,112,96,1288,S24a
80,184,104,96,160,64,56,152,96,80,136,56,104,184,80,96,184,88,64,152,88,104,1256,S24a
80,168,88,112,152,40,72,128,56,88,160,72,104,200,96,88,176,88,64,136,72,88,1208,S24a
63,184,121,88,128,40,80,168,88,80,152,72,96,192,96,72,152,80,64,160,96,96,1232,S24a
64,200,136,96,152,56,80,160,80,72,176,104,63,264,201,80,136,56,88,192,104,88,1368,S24a
80,168,88,80,128,48,80,160,80,88,160,72,96,192,96,88,144,56,56,152,96,104,1208,S24a
96,160,64,112,168,56,104,216,112,88,512,424,96,160,64,64,320,256,56,200,144,104,1840,S24a
104,176,72,128,152,24,112,192,80,80,160,80,127,168,41,88,176,88,96,120,24,104,1248,S24a
72,168,96,96,104,8,96,168,72,80,152,72,112,192,80,88,184,96,56,120,64,104,1192,S24a
80,184,104,80,80,0,112,120,8,80,184,104,127,159,32,96,209,113,72,144,72,96,1176,S24a
80,152,72,88,120,32,96,168,72,72,128,56,119,208,89,112,160,48,72,160,88,112,1208,S24a
72,240,168,104,160,56,96,200,104,80,168,88,104,232,128,72,144,72,72,136,64,104,1384,S24a
88,168,80,112,160,48,80,168,88,96,176,80,96,216,120,80,152,72,64,144,80,104,1288,S24a
72,176,104,104,160,56,80,176,96,80,136,56,120,232,112,56,160,104,72,144,72,96,1280,S24a
72,200,128,80,168,88,88,184,96,72,136,64,88,528,440,48,160,112,63,144,81,88,1608,S24a
64,152,88,112,152,40,88,128,40,80,152,72,128,208,80,88,152,64,80,168,88,104,1216,S24a
64,152,88,128,152,24,80,152,72,80,160,80,127,200,73,96,168,72,80,160,80,96,1240,S24a
80,184,104,112,144,32,80,144,64,80,144,64,120,192,72,88,176,88,80,184,104,96,1264,S24a
88,608,520,136,360,224,104,136,32,80,136,56,120,176,56,80,120,40,72,144,72,104,1784,S24a
97,137,40,63,39,-24,176,104,-72,161,1328,1167,96,480,384,120,168,48,120,312,192,105,2673,S22a
103,143,40,120,128,8,144,128,-16,152,344,192,128,616,488,112,216,104,88,744,656,104,2423,S22a
88,136,48,72,200,128,72,88,16,112,1904,1792,88,200,112,120,400,280,72,256,184,128,3312,S22a
96,144,48,80,208,128,64,103,39,129,417,288,104,296,192,88,360,272,104,224,120,80,1832,S22a
96,167,71,105,257,152,79,120,41,153,536,383,88,352,264,96,264,168,88,256,168,104,2056,S22a
80,152,72,88,232,144,72,96,24,120,712,592,88,224,136,128,344,216,72,288,216,80,2128,S22a
71,176,105,64,216,152,64,88,24,112,528,416,72,224,152,104,352,248,64,320,256,73,1977,S22a
80,168,88,80,216,136,64,104,40,96,1040,944,72,272,200,80,312,232,80,248,168,72,2432,S22a
80,191,111,73,248,175,65,137,72,120,544,424,71,216,145,96,344,248,64,319,255,73,2072,S22a
73,193,120,72,232,160,64,128,64,112,495,383,73,273,200,72,296,224,56,320,264,80,2017,S22a
55,120,65,88,224,136,63,79,16,97,1009,912,80,248,168,112,344,232,63,256,193,79,2359,S22a
57,169,112,80,151,71,81,144,63,112,697,585,120,896,776,80,360,280,71,328,257,80,2825,S22a
64,160,96,72,216,144,79,120,41,96,656,560,72,232,160,96,448,352,79,224,145,80,2136,S22a
56,120,64,64,191,127,65,120,55,113,353,240,80,351,271,81,369,288,88,287,199,88,1879,S22a
88,152,64,64,216,152,55,112,57,104,479,375,81,248,167,81,281,200,88,271,183,89,1848,S22a
79,136,57,80,232,152,80,136,56,112,528,416,112,320,208,79,248,169,63,456,393,80,2136,S22a
72,168,96,80,256,176,64,136,72,120,456,336,79,320,241,56,312,256,47,503,456,73,2224,S22a
55,128,73,71,239,168,57,144,87,97,465,368,79,1495,1416,120,473,353,63,647,584,80,3671,S22a
65,136,71,72,216,144,56,112,56,96,632,536,65,416,351,64,289,225,63,463,400,89,2353,S22a
55,87,32,64,201,137,64,128,64,79,575,496,65,504,439,73,1537,1464,64,327,263,73,3432,S22a
65,128,63,65,240,175,72,161,89,96,567,471,80,352,272,88,344,256,72,384,312,64,2240,S22a
72,135,63,64,217,153,72,175,103,80,449,369,79,376,297,80,367,287,65,288,223,57,2064,S22a
63,103,40,88,240,152,72,136,64,88,456,368,96,425,329,55,231,176,80,537,457,71,2199,S22a
63,119,56,64,192,128,64,121,57,103,535,432,80,400,320,81,360,279,64,432,368,73,2232,S22a
72,152,80,72,224,152,64,136,72,81,521,440,72,247,175,88,337,249,63,320,257,64,2001,S22a
86,161,75,72,234,162,61,118,57,103,402,299,61,510,449,81,490,409,61,420,359,110,2445,S22a
109,109,0,130,731,601,79,100,21,140,390,250,69,419,350,80,560,480,72,400,328,80,2789,S22a
60,123,63,78,208,130,80,129,49,121,641,520,90,300,210,89,299,210,81,380,299,120,2200,S22a
75,135,60,89,239,150,60,110,50,121,690,569,70,201,131,79,379,300,61,250,189,70,2074,S22a
70,180,110,70,251,181,70,130,60,129,597,468,72,383,311,69,439,370,51,370,319,80,2430,S22a
80,189,109,100,270,170,69,140,71,161,531,370,99,319,220,101,461,360,89,329,240,81,2320,S22a
111,270,159,80,560,480,110,120,10,190,470,280,91,400,309,80,3940,3860,70,140,70,91,5991,S22a
70,130,60,90,240,150,80,177,97,133,473,340,70,310,240,100,361,261,79,309,230,90,2090,S22a
88,128,40,104,312,208,56,144,88,152,648,496,80,360,280,71,432,361,64,368,304,88,2480,S22a
88,192,104,88,440,352,80,248,168,136,359,223,81,337,256,88,343,255,73,361,288,80,2360,S22a
72,176,104,72,216,144,64,120,56,121,512,391,80,400,320,80,200,120,80,368,288,72,2064,S22a
88,208,120,72,216,144,80,160,80,112,336,224,88,544,456,80,336,256,71,368,297,88,2256,S22a
88,168,80,71,248,177,56,136,80,136,344,208,88,480,392,111,648,537,64,448,384,96,2568,S22a
80,136,56,87,224,137,72,136,64,128,1271,1143,89,649,560,96,384,288,80,328,248,88,3216,S22a
72,176,104,80,256,176,63,160,97,112,488,376,72,312,240,96,415,319,89,289,200,95,2191,S22a
80,192,112,80,216,136,72,144,72,112,512,400,103,400,297,64,344,280,64,288,224,104,2200,S22a
80,192,112,104,304,200,88,831,743,81,169,88,103,608,505,72,312,240,72,367,295,65,2848,S22a
80,192,112,80,248,168,72,144,72,120,439,319,89,449,360,71,336,265,80,375,295,97,2280,S22a
105,169,64,80,224,144,72,136,64,128,615,487,81,376,295,65,305,240,64,392,328,103,2320,S22a
80,159,79,73,232,159,65,128,63,113,369,256,64,432,368,87,311,224,81,345,264,48,2024,S22a
64,128,64,80,224,144,64,128,64,128,279,151,89,424,335,113,393,280,88,328,240,96,2000,S22a
104,160,56,80,344,264,88,136,48,127,455,328,73,401,328,72,1151,1079,72,280,208,89,3016,S22a
72,119,47,80,241,161,64,152,88,127,416,289,71,351,280,96,801,705,80,184,104,95,2359,S22a
72,167,95,81,248,167,48,273,225,111,719,608,72,400,328,56,248,192,56,464,408,65,2584,S22a
79,175,96,65,208,143,72,153,81,95,295,200,81,416,335,97,640,543,64,224,160,88,2199,S22a
79,167,88,73,224,151,65,144,79,104,472,368,73,377,304,63,335,272,72,361,289,71,2151,S22a
80,183,103,72,232,160,64,145,81,104,703,599,80,320,240,65,320,255,65,544,479,89,2536,S22a
64,151,87,73,225,152,63,135,72,113,664,551,80,376,296,80,320,240,64,320,256,80,2271,S22a
80,112,32,88,216,128,80,96,16,112,2272,2160,56,1520,1464,104,472,368,72,536,464,89,5313,S22a
79,143,64,80,265,185,71,144,73,104,648,544,71,279,208,89,352,263,72,464,392,89,2384,S22a
64,137,73,63,224,161,55,111,56,105,584,479,73,216,143,104,336,232,72,305,233,63,1976,S22a
80,161,81,64,199,135,72,112,40,96,520,424,80,240,160,48,1584,1536,64,232,168,80,3128,S22a
64,113,49,63,207,144,72,144,72,88,329,241,64,375,311,81,344,263,64,344,280,96,1952,S22a
64,192,128,80,216,136,72,113,41,111,519,408,65,296,231,89,496,407,80,344,264,72,2248,S22a
72,152,80,56,240,184,64,144,80,96,504,408,80,360,280,80,352,272,64,328,264,81,2161,S22a
79,159,80,72,216,144,64,120,56,112,5929,5817,71,599,528,72,153,81,71,367,296,88,7631,S22a
72,137,65,56,183,127,56,112,56,88,408,320,72,392,320,80,640,560,64,216,152,88,2176,S22a
80,144,64,72,224,152,64,120,56,112,600,488,80,3681,3601,79,119,40,72,344,272,64,5296,S22a
72,144,72,72,200,128,64,120,56,128,512,384,80,464,384,80,144,64,64,312,248,88,1984,S22a
72,136,64,72,208,136,64,112,48,88,680,592,112,3520,3408,104,208,104,64,367,303,89,5320,S22a
72,112,40,64,192,128,56,112,56,72,504,432,64,232,168,64,336,272,64,312,248,71,1871,S22a
104,152,48,72,192,120,64,136,72,104,456,352,72,392,320,72,296,224,72,392,320,88,2104,S22a
80,120,40,72,256,184,40,168,128,112,1136,1024,56,232,176,80,360,280,64,344,280,72,2688,S22a
72,152,80,72,680,608,72,168,96,72,543,471,65,329,264,72,384,312,56,272,216,72,2600,S22a
64,143,79,73,225,152,56,120,64,96,439,343,73,681,608,104,232,128,56,367,311,65,2272,S22a
80,112,32,64,184,120,56,103,47,121,521,400,56,336,280,88,376,288,64,223,159,97,1952,S22a
81,113,32,87,215,128,81,113,32,143,735,592,89,265,176,63,351,288,65,257,192,80,2129,S22a
88,120,32,80,199,119,73,113,40,120,536,416,88,288,200,88,399,311,56,241,185,80,1976,S22a
80,136,56,72,224,152,56,120,64,103,551,448,64,289,225,88,295,207,64,521,457,80,2216,S22a
112,175,63,97,281,184,72,143,71,153,489,336,88,375,287,96,321,225,72,336,264,87,2207,S22a
80,144,64,87,240,153,88,135,47,96,537,441,72,559,487,64,288,224,56,513,457,80,2496,S22a
87,160,73,79,224,145,55,119,64,105,1624,1519,57,633,576,79,136,57,71,1191,1120,105,4192,S22a
71,111,40,64,192,128,64,104,40,112,584,472,72,320,248,113,329,216,64,287,223,80,2007,S22a
79,128,49,72,207,135,65,120,55,104,569,465,63,343,280,104,232,128,64,400,336,80,2079,S22a
81,128,47,72,216,144,64,96,32,129,481,352,79,319,240,137,808,671,73,209,136,87,2344,S22a
96,103,7,57,176,119,56,88,32,104,344,240,64,369,305,79,671,592,80,273,193,103,2127,S22a
71,111,40,80,192,112,64,80,16,120,392,272,89,312,223,104,345,241,63,479,416,72,1983,S22a
79,127,48,72,200,128,56,96,40,120,440,320,81,369,288,87,255,168,80,304,224,88,1879,S22a
81,152,71,88,256,168,64,136,72,88,584,496,65,5392,5327,81,240,159,80,488,408,73,7321,S22a
81,120,39,72,216,144,65,136,71,104,1529,1425,64,663,599,88,96,8,96,528,432,65,3353,S22a
64,120,56,80,216,136,72,104,32,104,456,352,72,336,264,96,280,184,72,328,256,80,1920,S22a
72,128,56,72,224,152,56,120,64,88,520,432,64,296,232,104,288,184,64,352,288,80,2008,S22a
88,136,48,88,256,168,72,120,48,184,488,304,80,344,264,112,464,352,64,736,672,72,2616,S22a
88,152,64,80,224,144,64,80,16,104,944,840,49,4800,4751,120,120,0,72,352,280,72,6744,S22a
56,120,64,56,184,128,63,104,41,96,536,440,64,360,296,88,304,216,72,312,240,80,2000,S22a
96,136,40,72,192,120,64,104,40,88,495,407,81,256,175,89,313,224,56,344,288,88,1928,S22a
64,151,87,73,249,176,72,103,31,129,1145,1016,64,288,224,111,256,145,48,279,231,65,2536,S22a
72,144,72,80,1048,968,56,104,48,104,536,432,64,664,600,104,200,96,64,223,159,89,3008,S22a
80,200,120,70,280,210,70,150,80,100,610,510,80,430,350,90,280,190,75,530,455,81,2561,S22a
90,120,30,70,210,140,70,100,30,110,1360,1250,60,5450,5390,100,210,110,70,390,320,90,7930,S22a
65,193,128,64,240,176,112,168,56,104,1176,1072,72,520,448,80,216,136,88,280,192,79,2872,S22a
112,504,392,128,144,16,161,160,-1,152,784,632,87,576,489,87,120,33,144,240,96,87,2615,S22a
71,112,41,80,191,111,80,105,25,111,591,480,104,304,200,80,384,304,72,185,113,103,1975,S22a
64,120,56,80,209,129,63,103,40,112,392,280,88,384,296,80,232,152,80,296,216,80,1816,S22a
80,136,56,88,216,128,80,120,40,128,416,288,104,376,272,80,200,120,80,288,208,72,1824,S22a
72,136,64,88,224,136,64,120,56,112,432,320,88,288,200,80,216,136,88,392,304,80,1888,S22a
105,104,-1,80,216,136,96,120,24,120,696,576,80,768,688,72,96,24,104,240,136,80,2320,S22a
72,136,64,80,216,136,64,96,32,80,328,248,104,360,256,79,224,145,103,288,185,88,1736,S22a
48,113,65,80,216,136,72,95,23,105,416,311,81,288,207,80,265,185,87,312,225,95,1800,S22a
64,120,56,72,200,128,80,112,32,112,408,296,80,353,273,103,231,128,104,639,535,88,2151,S22a
79,112,33,96,248,152,80,104,24,136,440,304,128,424,296,88,320,232,72,232,160,80,1960,S22a
80,136,56,96,320,224,80,160,80,160,312,152,128,343,215,105,433,328,96,272,176,80,2056,S22a
80,152,72,104,232,128,88,120,32,128,288,160,112,296,184,96,320,224,95,200,105,104,1712,S22a
88,192,104,64,192,128,88,144,56,151,248,97,136,384,248,72,272,200,103,272,169,110,1814,S22a
79,166,87,81,250,169,103,207,104,168,1672,1504,104,416,312,80,216,136,104,464,360,80,3471,S22a
81,161,80,96,880,784,80,136,56,120,240,120,144,328,184,112,224,112,80,288,208,88,2345,S22a
96,152,56,104,224,120,80,136,56,152,768,616,96,344,248,96,248,152,96,272,176,96,2240,S22a
80,152,72,104,232,128,88,144,56,176,336,160,159,688,529,112,184,72,136,1176,1040,80,2992,S22a
65,105,40,80,232,152,72,152,80,144,344,200,120,488,368,80,144,64,95,296,201,56,1817,S22a
87,152,65,95,560,465,80,168,88,111,248,137,87,400,313,103,192,89,95,543,448,80,2343,S22a
80,160,80,80,488,408,80,160,80,104,208,104,112,480,368,96,352,256,88,648,560,80,2576,S22a
80,152,72,88,248,160,72,200,128,128,312,184,96,400,304,95,247,152,113,441,328,88,2088,S22a
80,144,64,88,240,152,56,136,80,120,256,136,112,360,248,128,240,112,112,383,271,96,1855,S22a
80,168,88,87,216,129,72,120,48,144,296,152,128,568,440,104,248,144,120,328,208,104,2048,S22a
128,168,40,80,208,128,72,128,56,144,272,128,144,776,632,103,1752,1649,129,128,-1,112,3544,S22a
96,120,24,80,217,137,87,103,16,152,281,129,135,383,248,112,313,201,119,271,152,112,1800,S22a
104,136,32,104,384,280,144,375,231,153,257,104,136,536,400,112,240,128,104,328,224,96,2352,S22a
96,128,32,112,240,128,96,144,48,176,296,120,152,472,320,120,312,192,104,264,160,104,1960,S22a
128,136,8,112,816,704,129,128,-1,160,1056,896,88,552,464,88,89,1,111,783,672,72,3632,S22a
80,104,24,104,224,120,80,128,48,144,248,104,112,383,271,96,241,145,88,400,312,96,1824,S22a
95,136,41,79,207,128,81,113,32,128,304,176,111,488,377,104,264,160,79,496,417,88,2096,S22a
72,160,88,79,216,137,71,112,41,111,383,272,104,448,344,104,248,144,88,360,272,88,2015,S22a
95,151,56,128,265,137,111,175,64,176,312,136,128,408,280,112,264,152,128,280,152,80,1935,S22a
88,136,48,104,224,120,104,160,56,136,224,88,120,448,328,112,240,128,112,488,376,104,2024,S22a
136,136,0,185,921,736,71,112,41,144,376,232,112,448,336,104,264,160,112,344,232,120,2721,S22a
104,128,24,80,192,112,88,120,32,127,280,153,128,432,304,104,176,72,112,288,176,79,1695,S22a
96,128,32,88,201,113,104,136,32,128,216,88,112,360,248,103,304,201,96,224,128,119,1688,S22a
112,152,40,95,224,129,79,135,56,152,784,632,160,889,729,103,151,48,136,264,128,112,2711,S22a
103,127,24,88,200,112,80,128,48,152,280,128,176,480,304,120,256,136,104,296,192,112,1879,S22a
120,152,32,88,216,128,88,136,48,152,264,112,176,400,224,128,264,136,136,240,104,112,1784,S22a
112,152,40,104,224,120,88,120,32,144,312,168,192,512,320,104,296,192,120,256,136,128,2000,S22a
88,160,72,104,256,152,80,128,48,152,400,248,160,431,271,129,217,88,96,416,320,104,2112,S22a
112,144,32,112,263,151,112,144,32,193,361,168,200,1384,1184,88,120,32,120,304,184,111,2831,S22a
97,96,-1,87,216,129,79,144,65,143,256,113,127,351,224,104,368,264,96,272,176,112,1815,S22a
88,121,33,95,223,128,88,120,32,104,472,368,144,280,136,80,208,128,112,552,440,80,2056,S22a
73,72,-1,120,272,152,152,160,8,184,336,152,176,1144,968,88,128,40,128,296,168,80,2488,S22a
104,128,24,112,288,176,72,120,48,160,423,263,137,417,280,112,176,64,120,272,152,128,1952,S22a
112,128,16,112,248,136,64,96,32,152,936,784,152,368,216,96,240,144,72,352,280,88,2456,S22a
104,127,23,105,209,104,104,120,16,128,280,152,128,503,375,113,169,56,120,1088,968,127,2623,S22a
129,128,-1,112,248,136,112,128,16,176,352,176,200,328,128,128,248,120,152,280,128,104,1816,S22a
104,136,32,128,264,136,96,112,16,200,352,152,160,320,160,119,280,161,136,280,144,112,1856,S22a
120,105,-15,144,376,232,152,336,184,160,200,40,184,432,248,112,240,128,104,280,176,96,2065,S22a
105,145,40,112,240,128,103,176,73,144,2944,2800,119,904,785,127,528,401,159,311,152,152,5400,S22a
88,176,88,136,216,80,120,144,24,192,217,25,207,487,280,160,232,72,152,328,176,104,1904,S22a
104,184,80,104,240,136,112,152,40,168,768,600,168,256,88,136,216,80,136,288,152,104,2208,S22a
104,160,56,104,232,128,80,112,32,128,264,136,168,512,344,112,168,56,152,288,136,152,1888,S22a
128,152,24,104,1312,1208,136,103,-33,185,457,272,151,303,152,128,168,40,129,273,144,104,2872,S22a
103,144,41,104,216,112,96,96,0,144,256,112,143,375,232,137,241,104,136,383,247,33,1744,S22a
95,127,32,104,217,113,120,119,-1,136,248,112,152,328,176,128,440,312,128,232,104,120,1831,S22a
136,169,33,127,255,128,129,128,-1,160,224,64,176,376,200,136,247,111,129,249,120,120,1768,S22a
136,168,32,128,304,176,105,104,-1,208,280,72,176,328,152,136,312,176,128,240,112,160,1896,S22a
128,152,24,104,240,136,88,112,24,200,368,168,168,288,120,128,312,184,104,211,107,141,1824,S22a
128,168,40,96,248,152,128,152,24,168,439,271,161,873,712,104,160,56,112,320,208,112,2472,S22a
80,119,39,145,929,784,135,96,-39,183,720,537,120,359,239,104,200,96,136,313,177,127,2863,S22a
112,153,41,135,303,168,128,136,8,177,329,152,143,359,216,112,248,136,160,312,152,120,1960,S22a
119,143,24,112,224,112,96,112,16,184,528,344,96,280,184,152,256,104,152,288,136,128,1959,S22a
104,144,40,104,216,112,96,120,24,128,232,104,168,392,224,112,224,112,112,384,272,112,1824,S22a
136,1104,968,152,383,231,106,105,-1,176,360,184,176,336,160,136,264,128,128,248,120,128,2928,S22a
152,184,32,128,304,176,96,136,40,176,272,96,184,336,152,160,360,200,136,472,336,112,2176,S22a
143,184,41,103,207,104,97,96,-1,129,353,224,175,311,136,128,400,272,112,392,280,97,2040,S22a
137,136,-1,152,840,688,88,128,40,128,375,247,153,425,272,120,208,88,104,192,88,128,2432,S22a
129,209,80,128,391,263,129,153,24,168,416,248,160,432,272,144,200,56,160,344,184,112,2257,S22a
152,176,24,120,256,136,103,136,33,192,360,168,176,432,256,152,224,72,152,264,112,152,2000,S22a
112,144,32,128,280,152,160,184,24,200,784,584,135,263,128,121,281,160,151,256,105,103,2295,S22a
152,184,32,111,240,129,111,200,89,175,504,329,151,327,176,128,401,273,103,295,192,104,2255,S22a
112,160,48,128,1160,1032,80,112,32,152,336,184,112,704,592,104,144,40,112,344,232,112,3072,S22a
121,153,32,112,263,151,105,105,0,200,392,192,199,280,81,128,296,168,128,232,104,128,1849,S22a
128,151,23,153,280,127,153,168,15,225,353,128,199,336,137,152,376,224,128,256,128,128,2048,S22a
127,168,41,111,224,113,128,128,0,167,256,89,191,327,136,160,297,137,128,223,95,128,1751,S22a
135,208,73,135,1007,872,145,144,-1,175,952,777,120,896,776,104,112,8,152,296,144,128,3743,S22a
129,129,0,111,232,121,103,127,24,168,352,184,160,304,144,155,312,157,128,304,176,128,1888,S22a
88,144,56,104,208,104,96,128,32,160,472,312,120,456,336,128,664,536,104,264,160,120,2456,S22a
96,104,8,120,248,128,112,504,392,136,191,55,153,1417,1264,104,128,24,128,304,176,112,3008,S22a
104,184,80,103,240,137,96,136,40,152,264,112,159,344,185,144,272,128,111,264,153,127,1831,S22a
119,176,57,135,383,248,129,129,0,199,344,145,208,407,199,152,353,201,127,399,272,136,2327,S22a
152,176,24,112,648,536,112,137,25,143,223,80,152,376,224,128,664,536,88,200,112,112,2536,S22a
112,168,56,128,448,320,88,192,104,184,800,616,104,264,160,112,360,248,80,232,152,104,2568,S22a
96,152,56,96,568,472,88,144,56,144,415,271,137,321,184,144,528,384,104,320,216,112,2560,S22a
88,144,56,88,272,184,88,128,40,128,328,200,152,576,424,112,480,368,88,336,248,136,2400,S22a
111,144,33,104,623,519,80,128,48,137,321,184,136,288,152,112,328,216,128,239,111,112,2183,S22a
104,167,63,105,322,217,111,191,80,160,328,168,128,288,160,128,504,376,88,304,216,112,2216,S22a
104,136,32,104,232,128,113,113,0,151,439,288,104,696,592,128,368,240,96,904,808,80,2968,S22a
104,128,24,104,248,144,80,120,40,160,504,344,112,720,608,96,176,80,104,616,512,104,2616,S22a
104,104,0,88,216,128,104,128,24,152,568,416,120,280,160,128,431,303,97,305,208,104,2136,S22a
103,152,49,136,304,168,111,176,65,216,320,104,176,392,216,151,256,105,119,296,177,128,2024,S22a
144,224,80,79,199,120,104,129,25,183,391,208,136,313,177,135,271,136,112,296,184,96,1919,S22a
110,262,152,152,240,88,152,240,88,167,872,705,160,296,136,136,672,536,112,184,72,112,2878,S22a
120,175,55,120,136,16,106,105,-1,176,456,280,104,664,560,128,144,16,152,264,112,128,2072,S22a
128,216,88,128,168,40,128,168,40,168,400,232,136,240,104,152,264,112,136,248,112,112,1816,S22a
152,200,48,112,232,120,111,128,17,144,224,80,144,312,168,128,339,211,93,206,113,111,1752,S22a
112,192,80,96,224,128,89,89,0,159,295,136,136,312,176,104,328,224,88,248,160,112,1800,S22a
105,104,-1,72,200,128,97,96,-1,136,393,257,111,407,296,112,184,72,112,217,105,103,1704,S22a
80,112,32,80,208,128,88,96,8,128,688,560,96,224,128,105,344,239,88,385,297,87,2144,S22a
80,104,24,88,201,113,104,103,-1,96,393,297,103,448,345,103,255,152,80,208,128,120,1832,S22a
79,119,40,80,241,161,71,96,25,143,327,184,112,360,248,112,288,176,81,249,168,87,1767,S22a
103,160,57,79,192,113,96,96,0,152,520,368,111,335,224,96,481,385,80,264,184,87,2135,S22a
105,104,-1,97,224,127,73,113,40,119,272,153,103,351,248,97,521,424,56,248,192,80,1913,S22a
72,136,64,72,200,128,63,120,57,96,240,144,96,2184,2088,88,104,16,112,264,152,104,3352,S22a
88,121,33,88,208,120,80,96,16,104,312,208,104,312,208,112,312,200,72,200,128,104,1665,S22a
104,168,64,103,264,161,40,1320,1280,80,632,552,104,272,168,96,296,200,80,376,296,79,3407,S22a
80,128,48,80,1257,1177,89,127,38,136,248,112,161,433,272,96,224,128,104,288,184,88,2793,S22a
81,136,55,100,208,108,88,128,40,129,1377,1248,112,152,40,104,264,160,120,464,344,89,2818,S22a
88,136,48,95,215,120,88,112,24,152,282,130,119,351,232,96,256,160,96,320,224,80,1752,S22a
80,161,81,87,214,127,81,137,56,128,567,439,81,345,264,80,256,176,104,280,176,88,2048,S22a
57,127,70,111,513,402,111,143,32,176,431,255,112,337,225,104,352,248,120,272,152,104,2279,S22a
104,136,32,104,576,472,96,136,40,175,263,88,161,345,184,136,481,345,103,184,81,111,2232,S22a
87,176,89,135,656,521,118,151,33,136,241,105,192,376,184,127,248,121,127,376,249,95,2319,S22a
111,168,57,103,256,153,95,120,25,159,295,136,144,329,185,119,728,609,104,280,176,104,2280,S22a
112,112,0,104,248,144,88,112,24,144,288,144,168,344,176,120,304,184,104,455,351,105,1968,S22a
104,136,32,88,216,128,72,96,24,136,552,416,104,344,240,80,304,224,80,256,176,112,2016,S22a
104,136,32,104,208,104,112,133,21,130,283,153,112,312,200,120,248,128,104,472,368,104,1896,S22a
96,128,32,88,216,128,96,104,8,103,424,321,128,288,160,112,375,263,113,361,248,104,2000,S22a
96,136,40,112,239,127,80,120,40,136,305,169,128,584,456,88,216,128,80,504,424,88,2192,S22a
96,96,0,88,240,152,80,112,32,112,456,344,104,336,232,104,248,144,96,208,112,112,1808,S22a
112,152,40,113,674,561,79,135,56,120,272,152,152,497,345,103,183,80,120,272,152,104,2289,S22a
104,160,56,96,208,112,88,120,32,152,360,208,128,328,200,112,504,392,96,584,488,88,2352,S22a
104,184,80,88,256,168,80,1368,1288,80,136,56,128,417,289,127,160,33,119,271,152,80,2872,S22a
103,112,9,79,216,137,87,111,24,153,456,303,89,265,176,103,344,241,104,286,182,104,1894,S22a
88,152,64,87,216,129,79,112,33,111,472,361,91,272,181,112,336,224,88,224,136,112,1896,S22a
80,112,32,80,200,120,80,128,48,152,511,359,105,257,152,88,336,248,48,296,248,104,1944,S22a
89,121,32,88,224,136,88,128,40,176,504,328,80,200,120,112,320,208,80,232,152,104,1833,S22a
88,168,80,88,1864,1776,88,136,48,112,1520,1408,80,544,464,113,113,0,103,551,448,64,4960,S22a
104,176,72,71,184,113,88,120,32,128,280,152,112,432,320,88,192,104,104,264,160,104,1752,S22a
104,480,376,128,184,56,129,128,-1,176,280,104,152,1344,1192,104,208,104,113,296,183,104,3024,S22a
112,144,32,112,216,104,112,136,24,152,232,80,176,352,176,128,248,120,136,304,168,120,1752,S22a
112,168,56,104,208,104,129,128,-1,144,416,272,128,232,104,120,296,176,104,232,128,96,1776,S22a
104,128,24,88,184,96,112,121,9,127,472,345,103,287,184,128,313,185,103,623,520,104,2232,S22a
103,144,41,95,224,129,95,103,8,152,312,160,128,480,352,177,337,160,127,615,488,65,2280,S22a
72,129,57,87,199,112,88,120,32,112,216,104,112,520,408,104,152,48,111,336,225,112,1784,S22a
80,136,56,96,768,672,80,96,16,120,616,496,72,13505,13433,95,151,56,96,248,152,104,15624,S22a
96,199,103,113,185,72,120,120,0,136,552,416,128,360,232,112,256,144,111,240,129,120,2032,S22a
128,128,0,112,240,128,120,119,-1,177,641,464,96,488,392,104,144,40,112,272,160,103,2135,S22a
112,152,40,160,160,0,128,128,0,152,248,96,136,320,184,152,240,88,128,288,160,104,1640,S22a
104,160,56,120,152,32,127,112,-15,152,304,152,120,296,176,128,256,128,120,288,168,80,1648,S22a
80,120,40,71,168,97,114,113,-1,135,383,248,96,376,280,104,192,88,112,225,113,103,1680,S22a
96,128,32,103,208,105,89,88,-1,128,232,104,128,352,224,128,176,48,112,296,184,88,1568,S22a
88,120,32,104,208,104,105,104,-1,128,280,152,112,337,225,151,207,56,128,304,176,112,1672,S22a
112,128,16,104,199,95,114,113,-1,151,304,153,111,416,305,120,184,64,112,240,128,95,1679,S22a
120,184,64,104,224,120,104,1000,896,152,632,480,72,616,544,112,201,89,103,232,129,103,3192,S22a
88,161,73,71,184,113,79,120,41,111,256,145,103,383,280,96,272,176,88,217,129,105,1698,S22a
87,136,49,103,239,136,88,121,33,143,288,145,128,344,216,111,224,113,127,264,137,111,1727,S22a
80,136,56,103,200,97,103,120,17,120,392,272,112,344,232,103,288,185,112,288,176,112,1880,S22a
104,128,24,104,216,112,104,128,24,128,416,288,112,360,248,104,192,88,103,280,177,104,1824,S22a
112,152,40,104,224,120,112,128,16,176,280,104,136,432,296,103,167,64,137,336,199,96,1815,S22a
107,160,53,105,249,144,96,944,848,96,128,32,112,399,287,97,177,80,119,272,153,104,2433,S22a
104,104,0,104,216,112,113,112,-1,176,248,72,128,312,184,128,256,128,128,256,128,104,1608,S22a
80,160,80,104,208,104,88,120,32,144,264,120,104,352,248,120,232,112,104,232,128,96,1664,S22a
128,160,32,136,168,32,151,191,40,192,449,257,152,272,120,152,264,112,142,271,129,104,1879,S22a
136,200,64,152,200,48,128,192,64,184,408,224,136,392,256,104,264,160,112,248,136,96,2000,S22a
128,200,72,120,224,104,128,152,24,192,312,120,128,352,224,120,224,104,104,248,144,120,1832,S22a
96,192,96,152,168,16,169,168,-1,168,776,608,112,168,56,128,352,224,88,376,288,88,2288,S22a
87,120,33,71,208,137,79,112,33,136,624,488,111,976,865,80,112,32,112,704,592,88,2944,S22a
88,136,48,96,256,160,80,144,64,161,848,687,88,391,303,89,161,72,128,280,152,128,2344,S22a
95,136,41,104,208,104,103,88,-15,143,272,129,120,304,184,112,272,160,96,248,152,104,1632,S22a
104,192,88,112,1080,968,112,144,32,184,464,280,128,552,424,96,168,72,128,328,200,112,3040,S22a
128,280,152,112,432,320,129,128,-1,176,288,112,152,272,120,152,256,104,112,216,104,144,2016,S22a
128,192,64,128,224,96,128,136,8,192,384,192,136,608,472,136,1480,1344,136,352,216,128,3504,S22a
128,200,72,144,680,536,96,120,24,184,320,136,120,416,296,120,224,104,128,280,152,120,2360,S22a
112,176,64,88,504,416,88,136,48,152,408,256,120,416,296,96,232,136,96,272,176,112,2256,S22a
104,160,56,72,200,128,104,128,24,144,272,128,120,376,256,128,200,72,112,312,200,96,1744,S22a
104,136,32,104,216,112,104,112,8,144,441,297,103,496,393,79,168,89,111,280,169,95,1944,S22a
105,121,16,103,231,128,80,136,56,152,617,465,103,256,153,111,399,288,113,265,152,103,2128,S22a
96,145,49,87,824,737,87,128,41,127,248,121,127,304,177,127,688,561,104,232,128,103,2672,S22a
95,160,65,79,1504,1425,112,112,0,160,448,288,152,280,128,136,248,112,120,240,120,104,3096,S22a
104,168,64,80,216,136,87,87,0,177,329,152,152,280,128,151,720,569,136,415,279,105,2320,S22a
104,160,56,104,672,568,112,136,24,176,256,80,152,520,368,104,160,56,112,320,208,104,2328,S22a
112,160,48,96,488,392,96,144,48,152,280,128,128,616,488,136,1448,1312,120,232,112,104,3472,S22a
96,128,32,112,536,424,104,104,0,176,272,96,160,320,160,128,312,184,112,552,440,112,2336,S22a
128,192,64,128,272,144,128,184,56,160,312,152,143,848,705,128,1032,904,104,544,440,136,3520,S22a
128,160,32,112,241,129,120,119,-1,184,416,232,160,336,176,144,240,96,128,288,160,152,1952,S22a
128,160,32,112,224,112,120,152,32,168,401,233,143,391,248,112,273,161,135,359,224,104,2064,S22a
95,127,32,104,209,105,136,136,0,143,392,249,135,1480,1345,103,128,25,152,336,184,103,2911,S22a
103,136,33,103,224,121,104,104,0,119,440,321,95,424,329,120,207,87,112,720,608,97,2352,S22a
104,160,56,80,696,616,104,127,23,185,313,128,136,328,192,143,272,129,152,328,176,79,2303,S22a
104,136,32,104,223,119,89,104,15,169,1041,872,79,208,129,104,472,368,104,544,440,72,2800,S22a
104,160,56,80,208,128,96,96,0,152,472,320,88,360,272,120,320,200,104,272,168,80,1968,S22a
80,152,72,112,224,112,112,120,8,160,544,384,96,776,680,96,104,8,128,384,256,112,2416,S22a
88,120,32,96,280,184,96,120,24,168,488,320,104,296,192,120,280,160,104,336,232,104,2024,S22a
114,112,-2,112,240,128,89,88,-1,176,280,104,128,352,224,120,256,136,128,208,80,136,1672,S22a
136,216,80,104,712,608,136,160,24,216,288,72,176,272,96,128,280,152,120,248,128,104,2280,S22a
112,184,72,112,216,104,121,120,-1,176,448,272,112,431,319,113,241,128,136,488,352,120,2248,S22a
79,503,424,64,216,152,72,240,168,56,616,560,31,576,545,104,704,600,112,368,256,88,3311,S22a
128,168,40,103,80,-23,127,112,-15,152,1328,1176,128,6728,6600,111,152,41,152,264,112,112,8944,S22a
104,168,64,104,232,128,80,120,40,152,280,128,128,552,424,128,160,32,160,272,112,136,1920,S22a
112,200,88,112,256,144,121,120,-1,144,297,153,127,279,152,120,313,193,111,391,280,128,1984,S22a
104,144,40,104,208,104,89,88,-1,128,232,104,152,368,216,119,184,65,120,289,169,111,1624,S22a
88,168,80,104,232,128,105,104,-1,153,256,103,128,376,248,112,248,136,104,256,152,127,1767,S22a
96,128,32,88,217,129,79,103,24,128,224,96,136,361,225,136,287,151,120,329,209,96,1745,S22a
87,120,33,120,224,104,104,104,0,128,240,112,151,399,248,120,177,57,128,328,200,103,1695,S22a
103,168,65,103,200,97,96,96,0,151,304,153,135,416,281,112,256,144,112,368,256,104,1912,S22a
128,192,64,136,752,616,112,128,16,184,240,56,152,392,240,104,152,48,128,376,248,104,2336,S22a
112,136,24,96,208,112,96,96,0,176,320,144,120,304,184,112,344,232,88,408,320,96,1912,S22a
114,169,55,96,224,128,88,88,0,152,328,176,112,256,144,128,319,191,105,265,160,112,1761,S22a
88,192,104,80,200,120,80,80,0,168,320,152,120,376,256,152,472,320,152,520,368,104,2264,S22a
112,176,64,128,184,56,123,96,-27,168,312,144,152,336,184,112,264,152,120,272,152,104,1744,S22a
168,248,80,136,176,40,145,144,-1,192,696,504,128,239,111,136,369,233,128,288,160,112,2272,S22a
96,176,80,88,200,112,88,112,24,176,272,96,136,392,256,136,216,80,128,256,128,104,1728,S22a
120,144,24,104,200,96,80,112,32,128,1248,1120,104,304,200,104,280,176,112,360,248,88,2736,S22a
96,152,56,88,201,113,103,135,32,128,296,168,136,393,257,95,311,216,128,241,113,111,1840,S22a
112,144,32,111,680,569,88,1256,1168,96,136,40,128,816,688,88,400,312,95,280,185,112,3824,S22a
96,144,48,104,616,512,104,160,56,176,264,88,136,448,312,88,208,120,112,344,232,104,2288,S22a
104,136,32,128,264,136,121,121,0,175,767,592,136,288,152,128,280,152,104,264,160,112,2232,S22a
96,176,80,104,216,112,112,144,32,144,424,280,160,312,152,128,456,328,112,520,408,104,2352,S22a
104,168,64,112,240,128,104,848,744,144,426,282,126,422,296,104,496,392,104,232,128,120,2952,S22a
104,160,56,79,208,129,88,88,0,152,280,128,120,368,248,112,456,344,120,280,160,104,1944,S22a
112,168,56,112,256,144,120,184,64,184,296,112,152,400,248,136,264,128,128,256,128,128,1952,S22a
112,160,48,112,224,112,128,136,8,208,448,240,136,256,120,168,400,232,128,240,112,128,1992,S22a
127,175,48,104,248,144,104,96,-8,240,1033,793,111,231,120,152,305,153,127,535,408,104,2727,S22a
119,200,81,96,1465,1369,95,128,33,159,319,160,136,665,529,119,295,176,104,336,232,104,3512,S22a
105,160,55,128,240,112,129,129,0,151,671,520,104,209,105,112,344,232,119,320,201,103,2176,S22a
95,136,41,128,240,112,128,128,0,194,280,86,143,368,225,144,272,128,136,248,112,112,1784,S22a
152,184,32,111,248,137,120,120,0,184,280,96,160,319,159,129,249,120,128,264,136,128,1792,S22a
128,184,56,112,240,128,120,192,72,200,400,200,176,304,128,120,344,224,128,264,136,128,2056,S22a
144,168,24,120,240,120,128,128,0,208,296,88,176,312,136,136,248,112,160,360,200,128,1880,S22a
120,208,88,120,896,776,104,120,16,160,528,368,120,256,136,128,296,168,112,304,192,152,2760,S22a
96,168,72,104,232,128,121,120,-1,152,415,263,121,209,88,128,3000,2872,104,208,104,128,4480,S22a
104,136,32,80,184,104,104,120,16,144,224,80,136,432,296,104,256,152,128,384,256,96,1832,S22a
128,192,64,104,208,104,129,128,-1,184,312,128,160,360,200,128,664,536,128,208,80,136,2208,S22a
112,176,64,104,256,152,104,120,16,184,264,80,176,336,160,128,344,216,128,304,176,112,1912,S22a
112,192,80,104,272,168,128,152,24,176,288,112,136,728,592,136,920,784,128,288,160,104,2944,S22a
135,191,56,104,200,96,129,128,-1,176,305,129,151,351,200,128,593,465,127,280,153,127,2175,S22a
112,345,233,111,248,137,103,144,41,199,392,193,152,1360,1208,128,352,224,104,256,152,112,3209,S22a
95,136,41,96,200,104,128,128,0,119,280,161,135,432,297,119,168,49,128,672,544,112,2128,S22a
120,152,32,128,712,584,112,136,24,176,312,136,128,488,360,128,240,112,112,440,328,104,2584,S22a
128,184,56,152,176,24,143,128,-15,200,376,176,168,296,128,144,272,128,120,224,104,160,1816,S22a
104,184,80,128,160,32,153,152,-1,144,280,136,152,328,176,120,272,152,144,488,344,128,1992,S22a
104,120,16,112,256,144,120,120,0,128,472,344,112,912,800,96,328,232,120,320,200,112,2640,S22a
129,128,-1,128,232,104,127,112,-15,168,344,176,176,456,280,136,272,136,152,1744,1592,104,3392,S22a
80,168,88,96,1408,1312,104,128,24,151,311,160,161,673,512,119,143,24,153,409,256,152,3392,S22a
104,184,80,112,218,106,135,111,-24,191,287,96,183,360,177,119,255,136,128,241,113,112,1768,S22a
103,159,56,104,209,105,112,120,8,185,393,208,143,462,319,113,218,105,119,318,199,105,1984,S22a
87,128,41,111,231,120,129,129,0,176,279,103,152,329,177,143,223,80,137,440,303,145,1904,S22a
103,175,72,104,209,105,104,104,0,151,431,280,161,345,184,128,280,152,119,272,153,120,1936,S22a
128,152,24,103,208,105,104,104,0,199,368,169,160,271,111,137,345,208,96,280,184,128,1856,S22a
112,192,80,103,720,617,103,151,48,153,1305,1152,120,200,80,152,520,368,112,280,168,128,3496,S22a
80,144,64,104,1328,1224,112,136,24,128,320,192,160,408,248,112,224,112,127,335,208,113,3008,S22a
104,120,16,120,208,88,144,144,0,152,328,176,120,928,808,104,128,24,160,327,167,112,2295,S22a
104,136,32,120,223,103,106,105,-1,136,264,128,136,384,248,96,184,88,144,320,176,128,1744,S22a
120,184,64,96,1296,1200,112,176,64,160,527,367,136,265,129,120,1112,992,136,240,104,104,3904,S22a
96,176,80,120,487,367,120,152,32,169,217,48,160,296,136,128,224,96,128,296,168,80,1928,S22a
128,216,88,112,240,128,104,128,24,184,296,112,151,288,137,136,288,152,112,264,152,113,1833,S22a
111,217,106,95,223,128,104,128,24,152,256,104,120,336,216,128,233,105,126,519,393,112,2024,S22a
111,200,89,103,1631,1528,104,145,41,159,463,304,73,664,591,104,233,129,111,304,193,104,3744,S22a
128,168,40,112,408,296,136,136,0,184,272,88,184,240,56,128,280,152,152,264,112,128,1896,S22a
111,184,73,96,192,96,103,96,-7,168,400,232,144,248,104,136,431,295,121,409,288,103,2063,S22a
120,144,24,120,208,88,128,128,0,160,456,296,136,264,128,175,280,105,111,263,152,113,1856,S22a
128,160,32,96,200,104,128,128,0,168,232,64,144,344,200,144,264,120,160,680,520,128,2136,S22a
128,1144,1016,136,744,608,144,160,16,184,328,144,168,272,104,128,568,440,128,248,120,128,3592,S22a
112,168,56,128,248,120,160,160,0,176,272,96,160,344,184,128,464,336,80,1024,944,96,2776,S22a
80,120,40,104,232,128,120,136,16,120,368,248,144,224,80,112,375,263,113,377,264,128,1960,S22a
96,176,80,112,224,112,113,112,-1,136,424,288,120,264,144,112,336,224,80,280,200,112,1928,S22a
104,168,64,104,208,104,113,112,-1,152,305,153,119,247,128,128,376,248,112,480,368,104,2000,S22a
95,127,32,128,257,129,112,112,0,127,280,153,135,536,401,160,160,0,167,320,153,135,1927,S22a
128,160,32,143,1000,857,128,128,0,160,455,295,201,424,223,153,377,224,112,392,280,111,3047,S22a
104,136,32,103,208,105,120,120,0,136,248,112,136,455,319,105,241,136,128,288,160,95,1791,S22a
104,184,80,103,208,105,120,120,0,136,432,296,128,448,320,104,160,56,152,328,176,120,2000,S22a
104,160,56,104,209,105,104,104,0,136,320,184,112,328,216,120,232,112,103,280,177,112,1745,S22a
104,176,72,96,1840,1744,72,656,584,96,152,56,120,384,264,96,176,80,112,312,200,216,3912,S22a
96,112,16,96,600,504,64,144,80,120,248,128,120,734,614,74,106,32,96,312,216,80,2336,S22a
80,160,80,96,208,112,88,120,32,104,1224,1120,152,928,776,112,240,128,112,272,160,80,3232,S22a
89,113,24,112,224,112,105,104,-1,136,256,120,128,497,369,71,1095,1024,96,208,112,128,2625,S22a
96,161,65,79,208,129,71,119,48,136,360,224,104,448,344,104,208,104,112,297,185,103,1904,S22a
95,175,80,96,201,105,119,136,17,151,1095,944,136,273,137,127,728,601,87,264,177,103,2975,S22a
95,143,48,112,201,89,136,136,0,183,704,521,111,992,881,103,208,105,128,360,232,111,2855,S22a
112,144,32,112,224,112,136,136,0,136,696,560,104,616,512,120,824,704,112,385,273,111,3136,S22a
104,184,80,112,216,104,120,144,24,136,280,144,112,344,232,104,432,328,112,384,272,112,2096,S22a
112,152,40,104,208,104,120,136,16,160,288,128,144,512,368,112,264,152,136,408,272,120,2088,S22a
104,136,32,120,216,96,129,128,-1,128,384,256,128,456,328,96,312,216,104,256,152,104,1992,S22a
104,136,32,112,208,96,128,128,0,152,376,224,111,288,177,128,560,432,96,224,128,112,2032,S22a
104,136,32,104,200,96,129,128,-1,152,648,496,128,1000,872,96,488,392,128,344,216,112,3056,S22a
104,128,24,104,208,104,112,144,32,152,416,264,128,352,224,112,248,136,104,536,432,104,2136,S22a
105,104,-1,112,760,648,112,128,16,152,672,520,104,256,152,112,288,176,96,288,192,128,2624,S22a
112,152,40,112,208,96,120,144,24,136,600,464,136,1032,896,112,128,16,152,297,145,95,2656,S22a
104,160,56,104,184,80,112,128,16,128,464,336,128,241,113,127,471,344,112,265,153,103,2016,S22a
104,145,41,95,199,104,121,121,0,160,367,207,128,289,161,127,360,233,127,383,256,104,1968,S22a
88,104,16,112,216,104,120,120,0,151,344,193,127,288,161,127,1120,993,103,200,97,128,2520,S22a
87,192,105,103,208,105,104,104,0,192,408,216,127,272,145,128,304,176,111,704,593,104,2296,S22a
112,152,40,103,192,89,128,128,0,152,1072,920,128,1232,1104,112,368,256,111,360,249,72,3576,S22a
96,174,78,83,177,94,58,122,64,86,1894,1808,64,592,528,65,632,567,80,432,352,105,4128,S20a
89,208,119,64,360,296,57,152,95,72,1992,1920,80,329,249,95,568,473,81,497,416,119,4225,S20a
73,216,143,72,184,112,56,152,96,72,280,208,96,400,304,95,464,369,98,431,333,89,2216,S20a
87,262,175,64,160,96,56,144,88,64,760,696,57,1160,1103,64,856,792,88,416,328,105,3863,S20a
105,184,79,65,168,103,49,120,71,79,336,257,72,335,263,88,400,312,64,449,385,71,2063,S20a
67,207,140,65,168,103,56,129,73,72,280,208,96,351,255,89,329,240,88,320,232,80,1864,S20a
88,238,150,58,169,111,49,113,64,71,615,544,80,3769,3689,129,239,110,90,392,302,121,5656,S20a
84,167,83,73,168,95,49,136,87,79,1281,1202,64,335,271,120,376,256,80,385,305,103,2951,S20a
96,256,160,73,264,191,64,200,136,64,2017,1953,88,1208,1120,95,610,515,93,341,248,112,5008,S20a
103,175,72,66,152,86,65,152,87,88,312,224,72,520,448,64,673,609,71,535,464,80,2599,S20a
89,216,127,73,176,103,57,144,87,83,249,166,87,359,272,66,472,406,81,496,415,96,2208,S20a
43,176,133,64,168,104,49,128,79,96,392,296,57,448,391,96,608,512,72,431,359,106,2457,S20a
104,200,96,65,200,135,56,192,136,81,383,302,74,457,383,81,536,455,80,416,336,96,2480,S20a
89,224,135,72,184,112,57,176,119,105,384,279,80,368,288,96,808,712,88,481,393,113,2738,S20a
95,280,185,72,183,111,56,133,77,99,395,296,81,337,256,72,424,352,88,360,272,80,2192,S20a
95,279,184,64,176,112,56,127,71,113,289,176,89,352,263,80,432,352,80,800,720,88,2543,S20a
104,240,136,64,167,103,49,161,112,88,1296,1208,59,328,269,72,488,416,64,616,552,64,3360,S20a
72,176,104,63,184,121,56,184,128,71,336,265,88,392,304,72,488,416,56,984,928,75,2819,S20a
71,223,152,57,168,111,48,144,96,72,424,352,64,376,312,71,423,352,73,425,352,88,2271,S20a
80,265,185,55,199,144,40,152,112,80,312,232,57,312,255,72,368,296,64,400,336,71,2079,S20a
80,224,144,64,192,128,48,217,169,79,479,400,56,1247,1191,65,570,505,79,438,359,74,3441,S20a
72,248,176,72,232,160,40,224,184,80,568,488,68,320,252,72,336,264,64,608,544,71,2607,S20a
20,149,129,56,191,135,40,161,121,79,480,401,64,327,263,81,384,303,81,337,256,96,2125,S20a
79,247,168,72,208,136,48,162,114,78,349,271,73,345,272,72,408,336,80,408,328,80,2207,S20a
80,232,152,64,192,128,49,184,135,72,327,255,65,393,328,57,736,679,58,984,926,96,3144,S20a
71,232,161,72,248,176,56,248,192,72,513,441,71,319,248,56,424,368,64,680,616,89,2753,S20a
88,297,209,63,216,153,39,191,152,80,407,327,65,449,384,64,408,344,72,680,608,64,2712,S20a
64,264,200,64,215,151,41,186,145,87,871,784,66,312,246,72,592,520,57,432,375,80,2952,S20a
72,216,144,64,176,112,56,200,144,80,1168,1088,72,344,272,64,313,249,71,343,272,64,2824,S20a
72,224,152,84,191,107,57,201,144,72,455,383,73,377,304,64,488,424,64,383,319,74,2393,S20a
105,200,95,72,168,96,56,159,103,73,337,264,64,368,304,104,368,264,79,400,321,80,2080,S20a
112,256,144,72,176,104,56,192,136,79,3175,3096,73,1249,1176,55,1495,1440,96,376,280,104,7023,S20a
64,256,192,65,176,111,48,152,104,80,293,213,115,344,229,91,363,272,80,296,216,88,1968,S20a
81,232,151,65,181,116,43,155,112,72,376,304,64,480,416,80,504,424,72,528,456,100,2556,S20a
88,200,112,72,176,104,64,184,120,120,320,200,88,472,384,80,640,560,183,336,153,96,2424,S20a
96,201,105,72,240,168,48,864,816,92,1072,980,65,335,270,97,481,384,79,752,673,117,4062,S20a
77,174,97,64,168,104,56,208,152,80,504,424,64,352,288,87,425,338,71,463,392,88,2382,S20a
88,184,96,96,208,112,73,183,110,89,337,248,88,1088,1000,80,552,472,104,384,280,80,3016,S20a
81,209,128,64,207,143,34,160,126,90,281,191,96,408,312,80,351,271,96,384,288,89,2089,S20a
64,207,143,64,178,114,57,191,134,88,288,200,72,416,344,64,375,311,81,577,496,56,2288,S20a
72,271,199,57,161,104,64,199,135,81,328,247,105,393,288,71,448,377,79,576,497,88,2464,S20a
72,248,176,64,175,111,57,193,136,80,296,216,56,367,311,65,497,432,72,695,623,72,2543,S20a
57,184,127,48,144,96,48,160,112,72,416,344,72,376,304,80,464,384,80,760,680,88,2592,S20a
72,215,143,64,169,105,56,159,103,88,433,345,80,447,367,88,1216,1128,80,331,251,85,3055,S20a
56,191,135,65,169,104,48,184,136,80,360,280,72,457,385,79,575,496,72,472,400,96,2504,S20a
89,216,127,65,176,111,58,152,94,80,378,298,78,367,289,64,495,431,65,377,312,80,2241,S20a
80,232,152,56,160,104,56,192,136,71,319,248,65,353,288,87,496,409,79,424,345,72,2248,S20a
72,191,119,65,176,111,56,161,105,104,367,263,73,384,311,81,377,296,72,479,407,64,2199,S20a
72,185,113,64,160,96,56,151,95,89,457,368,55,335,280,73,425,352,56,672,616,80,2465,S20a
79,175,96,64,169,105,56,176,120,80,488,408,56,336,280,80,496,416,64,343,279,97,2280,S20a
96,240,144,63,184,121,56,191,135,97,256,159,64,432,368,73,387,314,70,877,807,89,2656,S20a
88,217,129,56,167,111,57,171,114,109,271,162,63,383,320,80,551,471,97,481,384,96,2337,S20a
88,224,136,64,191,127,64,177,113,87,376,289,72,376,304,79,552,473,80,352,272,88,2336,S20a
81,200,119,56,160,104,55,168,113,88,376,288,56,376,320,72,385,313,55,543,488,89,2297,S20a
89,209,120,56,176,120,56,176,120,96,344,248,64,400,336,72,320,248,80,344,264,80,2049,S20a
80,1055,975,57,169,112,56,288,232,104,456,352,56,344,288,72,920,848,72,760,688,65,4057,S20a
71,168,97,56,168,112,40,128,88,72,344,272,64,416,352,72,424,352,72,640,568,80,2368,S20a
73,176,103,65,160,95,65,161,96,88,287,199,65,369,304,79,367,288,65,832,767,73,2425,S20a
72,224,152,64,159,95,57,144,87,89,400,311,56,1032,976,71,872,801,65,392,327,81,3304,S20a
80,176,96,64,160,96,56,176,120,80,359,279,65,601,536,79,271,192,81,337,256,88,2168,S20a
97,161,64,64,168,104,56,160,104,88,231,143,73,424,351,88,449,361,80,495,415,96,2184,S20a
80,200,120,64,176,112,48,137,89,71,295,224,72,400,328,82,672,590,89,640,551,76,2596,S20a
87,207,120,64,176,112,49,176,127,87,248,161,64,434,370,119,350,231,73,504,431,81,2176,S20a
71,208,137,64,175,111,57,161,104,87,631,544,73,696,623,81,426,345,78,606,528,72,2975,S20a
128,185,57,65,159,94,65,136,71,113,520,407,65,344,279,121,393,272,64,343,279,112,2192,S20a
113,200,87,64,168,104,56,152,96,121,520,399,73,553,480,128,815,687,73,329,256,112,2849,S20a
112,208,96,56,160,104,57,146,89,103,390,287,72,520,448,129,728,599,72,880,808,114,3146,S20a
96,159,63,65,177,112,56,152,96,103,240,137,56,440,384,120,400,280,64,408,344,112,2088,S20a
112,200,88,56,160,104,64,144,80,121,408,287,80,360,280,145,416,271,72,312,240,129,2129,S20a
119,183,64,64,160,96,71,152,81,137,264,127,56,377,321,151,399,248,81,377,296,128,2040,S20a
128,184,56,72,169,97,63,167,104,128,424,296,64,376,312,120,408,288,89,367,278,129,2224,S20a
135,207,72,64,161,97,56,161,105,143,278,135,64,464,400,130,313,183,71,391,320,120,2095,S20a
112,223,111,56,168,112,56,160,104,120,392,272,72,376,304,112,328,216,67,561,494,111,2319,S20a
120,239,119,56,176,120,57,168,111,128,272,144,65,384,319,113,441,328,87,308,221,139,2127,S20a
128,248,120,56,184,128,65,160,95,184,328,144,64,360,296,224,816,592,65,337,272,119,2552,S20a
144,232,88,65,209,144,48,608,560,109,552,443,80,839,759,113,312,199,81,256,175,113,3121,S20a
129,240,111,56,192,136,64,200,136,145,272,127,64,1280,1216,113,704,591,72,272,200,120,3280,S20a
96,184,88,72,176,104,56,128,72,88,296,208,72,288,216,105,455,350,73,537,464,73,2137,S20a
81,208,127,64,200,136,65,192,127,73,513,440,71,352,281,71,568,497,79,327,248,81,2441,S20a
87,240,153,73,192,119,64,210,146,78,310,232,72,536,464,73,416,343,81,753,672,87,2744,S20a
72,224,152,57,192,135,56,219,163,62,654,592,64,751,687,73,376,303,81,576,495,80,3072,S20a
72,256,184,65,184,119,57,200,143,66,696,630,73,424,351,56,408,352,73,448,375,80,2696,S20a
64,216,152,73,168,95,72,202,130,71,430,359,74,976,902,71,664,593,81,400,319,72,3128,S20a
41,2704,2663,93,368,275,73,289,216,71,1815,1744,49,321,272,71,662,591,89,297,208,72,6528,S20a
72,184,112,72,200,128,62,168,106,73,320,247,80,320,240,72,786,714,86,286,200,72,2336,S20a
96,215,119,72,200,128,65,176,111,104,304,200,81,320,239,72,528,456,64,296,232,118,2157,S20a
96,209,113,71,178,107,54,173,119,89,448,359,56,304,248,81,552,471,72,383,311,97,2344,S20a
96,224,128,72,184,112,64,176,112,80,520,440,64,328,264,88,392,304,89,328,239,104,2256,S20a
112,240,128,65,192,127,80,168,88,128,544,416,88,543,455,74,329,255,97,264,167,88,2368,S20a
88,184,96,74,176,102,64,160,96,144,417,273,71,367,296,80,688,608,104,392,288,90,2474,S20a
88,208,120,81,184,103,64,168,104,80,536,456,57,1592,1535,72,280,208,80,295,215,105,3368,S20a
79,208,129,64,184,120,48,176,128,74,296,222,96,360,264,56,336,280,56,472,416,64,2096,S20a
96,200,104,64,184,120,56,184,128,88,296,208,72,376,304,55,400,345,72,872,800,56,2568,S20a
112,184,72,64,151,87,57,136,79,89,2120,2031,97,641,544,127,383,256,74,386,312,95,4096,S20a
104,224,120,56,176,120,47,143,96,73,312,239,73,369,296,87,512,425,72,352,280,88,2176,S20a
89,241,152,64,177,113,55,159,104,80,4023,3943,66,376,310,81,377,296,72,351,279,81,5785,S20a
65,177,112,65,168,103,55,160,105,64,407,343,64,353,289,71,920,849,80,383,303,80,2648,S20a
80,207,127,65,168,103,57,168,111,57,337,280,71,400,329,64,488,424,80,351,271,64,2183,S20a
64,256,192,55,176,121,55,161,106,71,366,295,81,361,280,63,783,720,81,5816,5735,80,7999,S20a
89,168,79,64,169,105,64,168,104,71,320,249,88,471,383,89,362,273,79,366,287,81,2105,S20a
63,128,65,56,175,119,49,147,98,86,357,271,65,409,344,63,463,400,89,681,592,89,2449,S20a
72,191,119,65,168,103,65,152,87,73,712,639,56,983,927,74,562,488,81,415,334,81,3264,S20a
75,175,100,57,273,216,29,30,1,82,481,399,57,345,288,71,391,320,73,329,256,72,2096,S20a
57,208,151,64,175,111,55,143,88,74,281,207,57,400,343,73,512,439,72,329,257,80,2128,S20a
71,207,136,65,176,111,50,161,111,96,320,224,64,360,296,55,1007,952,65,288,223,81,2600,S20a
36,155,119,65,185,120,40,159,119,56,348,292,3,340,337,65,377,312,65,335,270,79,1978,S20a
81,248,167,56,168,112,48,168,120,73,232,159,65,353,288,72,335,263,73,336,263,105,1945,S20a
72,177,105,64,175,111,56,144,88,81,240,159,49,368,319,65,473,408,71,503,432,72,2152,S20a
80,272,192,57,176,119,48,248,200,73,288,215,65,345,280,64,591,527,74,353,279,71,2344,S20a
64,217,153,62,182,120,56,185,129,88,312,224,80,465,385,72,518,446,72,312,240,97,2288,S20a
89,256,167,64,192,128,41,176,135,73,288,215,65,504,439,64,808,744,88,473,385,64,2761,S20a
65,200,135,65,168,103,49,168,119,57,392,335,89,352,263,73,768,695,73,384,311,65,2497,S20a
71,215,144,56,176,120,57,176,119,72,2769,2697,65,2295,2230,66,296,230,71,400,329,80,6407,S20a
71,238,167,64,184,120,41,168,127,81,409,328,79,391,312,81,1080,999,56,1328,1272,89,3887,S20a
73,209,136,57,159,102,56,160,104,57,6960,6903,65,417,352,55,391,336,80,584,504,64,8944,S20a
55,200,145,72,194,122,45,174,129,64,416,352,64,432,368,64,464,400,72,392,320,64,2336,S20a
62,210,148,54,166,112,49,168,119,65,320,255,64,400,336,69,496,427,66,488,422,80,2328,S20a
88,191,103,74,185,111,49,168,119,73,392,319,96,392,296,73,464,391,72,466,394,63,2321,S20a
80,248,168,72,240,168,40,192,152,72,255,183,82,377,295,80,474,394,86,351,265,79,2216,S20a
71,263,192,64,184,120,56,248,192,160,392,232,72,416,344,75,384,309,104,352,248,72,2311,S20a
62,174,112,48,184,136,48,172,124,53,580,527,64,360,296,56,728,672,72,352,280,64,2614,S20a
64,224,160,58,176,118,48,160,112,80,338,258,46,374,328,56,857,801,67,359,292,72,2560,S20a
65,231,166,57,201,144,39,167,128,66,215,149,57,418,361,72,474,402,1,197,196,88,1991,S20a
72,200,128,56,168,112,57,128,71,64,1736,1672,64,344,280,71,1296,1225,65,529,464,87,4488,S20a
67,208,141,72,352,280,64,200,136,71,464,393,81,336,255,64,408,344,72,480,408,72,2520,S20a
71,167,96,64,184,120,50,160,110,72,384,312,72,360,288,64,616,552,80,378,298,94,2343,S20a
72,216,144,56,176,120,48,160,112,72,313,241,80,342,262,73,401,328,80,352,272,65,2025,S20a
79,200,121,55,178,123,53,141,88,89,264,175,64,360,296,64,424,360,73,315,242,85,1967,S20a
88,209,121,63,207,144,49,168,119,71,368,297,80,408,328,64,368,304,72,347,275,60,2135,S20a
64,168,104,65,176,111,56,186,130,70,246,176,72,344,272,56,496,440,88,376,288,56,2048,S20a
72,199,127,65,177,112,55,208,153,47,760,713,64,504,440,79,608,529,72,359,287,88,2903,S20a
71,288,217,56,184,128,47,183,136,65,288,223,65,496,431,57,296,239,64,368,304,57,2160,S20a
73,256,183,64,176,112,64,200,136,72,249,177,87,376,289,80,488,408,71,423,352,64,2232,S20a
80,225,145,56,176,120,56,192,136,64,335,271,88,377,289,87,479,392,73,592,519,64,2440,S20a
88,272,184,57,161,104,72,216,144,88,415,327,72,440,368,73,376,303,65,344,279,80,2304,S20a
64,232,168,64,176,112,56,201,145,79,296,217,72,391,319,64,1658,1594,71,310,239,64,3328,S20a
80,191,111,64,168,104,65,184,119,65,328,263,73,384,311,73,392,319,104,336,232,104,2087,S20a
72,184,112,64,167,103,57,177,120,64,416,352,72,544,472,72,400,328,88,336,248,72,2296,S20a
81,209,128,64,176,112,48,184,136,72,360,288,64,384,320,80,512,432,64,280,216,72,2177,S20a
112,216,104,65,199,134,66,169,103,120,288,168,64,696,632,64,456,392,72,640,568,88,2752,S20a
112,216,104,80,192,112,64,192,128,121,272,151,80,489,409,87,567,480,72,327,255,80,2335,S20a
87,231,144,71,192,121,48,184,136,88,352,264,81,360,279,88,408,320,64,320,256,80,2127,S20a
80,232,152,64,183,119,57,209,152,80,360,280,64,399,335,73,537,464,72,376,304,114,2410,S20a
89,217,128,72,191,119,57,177,120,87,264,177,72,360,288,80,440,360,80,352,272,95,2096,S20a
80,264,184,65,192,127,56,184,128,80,455,375,83,401,318,96,1200,1104,65,344,279,104,3144,S20a
109,301,192,72,200,128,72,215,143,98,328,230,81,425,344,79,432,353,79,368,289,103,2372,S20a
102,263,161,63,191,128,49,209,160,72,272,200,64,383,319,65,521,456,72,376,304,104,2319,S20a
87,231,144,56,177,121,47,207,160,81,306,225,67,303,236,96,360,264,79,328,249,95,2007,S20a
97,234,137,63,191,128,55,184,129,120,407,287,81,394,313,87,574,487,73,641,568,80,2705,S20a
88,200,112,72,200,128,48,152,104,112,376,264,80,376,296,64,369,305,63,415,352,64,2152,S20a
72,225,153,63,175,112,57,183,126,97,289,192,72,328,256,66,383,317,73,416,343,81,2080,S20a
63,207,144,49,176,127,49,161,112,72,327,255,73,489,416,82,434,352,78,350,272,80,2224,S20a
80,232,152,56,168,112,64,192,128,80,432,352,64,1095,1031,73,505,432,96,303,207,81,3008,S20a
72,232,160,64,168,104,64,160,96,80,504,424,64,551,487,81,401,320,71,704,633,80,2800,S20a
69,225,156,56,160,104,56,256,200,59,896,837,72,1480,1408,63,800,737,65,191,126,57,4065,S20a
65,200,135,56,167,111,48,160,112,73,402,329,47,415,368,72,432,360,72,416,344,71,2263,S20a
73,264,191,64,168,104,56,160,104,56,728,672,71,480,409,56,808,752,128,352,224,72,3032,S20a
80,256,176,72,216,144,72,240,168,80,495,415,73,441,368,71,319,248,97,304,207,89,2360,S20a
64,201,137,56,168,112,48,168,120,64,344,280,73,400,327,71,2080,2009,72,443,371,93,3897,S20a
73,255,182,65,185,120,56,166,110,74,338,264,88,448,360,80,455,375,107,400,293,81,2328,S20a
87,216,129,63,176,113,56,184,128,80,368,288,80,1152,1072,73,231,158,65,275,210,77,2679,S20a
95,223,128,63,183,120,48,176,128,97,505,408,71,400,329,79,1335,1256,88,257,169,87,3166,S20a
95,183,88,64,168,104,56,159,103,66,377,311,104,448,344,89,535,446,81,545,464,87,2502,S20a
88,240,152,64,192,128,64,159,95,97,353,256,66,383,317,73,345,272,71,439,368,73,2184,S20a
77,222,145,63,168,105,56,176,120,71,384,313,71,336,265,88,400,312,72,288,216,80,2054,S20a
122,928,806,56,191,135,48,209,161,88,431,343,72,353,281,72,1479,1407,81,257,176,64,3912,S20a
80,216,136,65,169,104,48,151,103,58,233,175,64,351,287,74,401,327,80,328,248,79,1928,S20a
89,232,143,73,169,96,64,176,112,80,264,184,80,368,288,71,455,384,65,417,352,80,2161,S20a
79,215,136,56,168,112,56,191,135,76,392,316,73,401,328,65,656,591,80,343,263,81,2447,S20a
103,207,104,72,184,112,48,160,112,72,401,329,63,352,289,71,759,688,73,321,248,71,2455,S20a
47,200,153,56,176,120,48,200,152,56,296,240,63,425,362,79,567,488,72,504,432,72,2440,S20a
95,240,145,71,176,105,64,168,104,63,232,169,64,368,304,72,368,296,89,353,264,71,1976,S20a
49,192,143,64,153,89,55,152,97,48,239,191,81,328,247,72,401,329,72,328,256,72,1865,S20a
72,168,96,64,168,104,56,136,80,80,288,208,79,288,209,82,504,422,80,511,431,82,2145,S20a
121,200,79,81,408,327,80,177,97,88,551,463,88,649,561,80,735,655,73,401,328,104,3225,S20a
73,272,199,81,232,151,64,248,184,64,536,472,65,344,279,81,504,423,105,320,215,120,2576,S20a
82,256,174,64,232,168,49,225,176,80,431,351,81,344,263,89,496,407,89,384,295,113,2481,S20a
113,320,207,80,225,145,63,200,137,103,392,289,96,351,255,81,696,615,80,512,432,129,2825,S20a
104,295,191,65,192,127,57,184,127,88,480,392,88,392,304,89,3128,3039,73,480,407,88,5239,S20a
81,192,111,73,200,127,57,160,103,73,401,328,80,1439,1359,104,441,337,63,359,296,88,3280,S20a
89,264,175,65,184,119,57,152,95,73,257,184,88,399,311,81,1066,985,64,254,190,89,2665,S20a
97,280,183,65,216,151,57,200,143,96,488,392,73,424,351,73,584,511,81,330,249,86,2608,S20a
58,199,141,56,192,136,57,168,111,73,456,383,73,376,303,73,546,473,70,406,336,105,2448,S20a
65,384,319,56,176,120,49,208,159,81,409,328,65,487,422,63,2489,2426,75,367,292,80,4600,S20a
73,248,175,65,192,127,66,208,142,73,432,359,56,400,344,73,552,479,64,368,304,81,2481,S20a
81,312,231,57,176,119,65,176,111,80,648,568,56,456,400,80,2584,2504,105,319,214,130,4801,S20a
65,224,159,56,167,111,50,153,103,64,1248,1184,113,1024,911,97,408,311,71,368,297,88,3680,S20a
81,232,151,57,168,111,65,152,87,96,264,168,64,344,280,64,664,600,81,544,463,96,2464,S20a
55,207,152,64,231,167,53,169,116,88,400,312,56,680,624,73,648,575,72,288,216,56,2679,S20a
72,248,176,55,168,113,56,160,104,80,281,201,72,537,465,86,582,496,81,448,367,80,2504,S20a
80,223,143,73,289,216,64,191,127,97,353,256,80,401,321,63,487,424,80,336,256,73,2353,S20a
88,187,99,61,181,120,48,128,80,96,240,144,72,464,392,72,408,336,96,376,280,87,2071,S20a
95,216,121,70,168,98,65,136,71,72,272,200,80,408,328,80,368,288,80,456,376,104,2128,S20a
80,216,136,55,168,113,48,128,80,88,264,176,80,407,327,65,688,623,57,321,264,88,2280,S20a
88,208,120,66,192,126,48,145,97,87,263,176,72,448,376,72,424,352,72,792,720,72,2544,S20a
80,176,96,64,167,103,57,137,80,64,272,208,64,409,345,63,407,344,64,408,344,88,2064,S20a
80,192,112,56,160,104,48,168,120,80,240,160,72,375,303,81,954,873,76,310,234,72,2471,S20a
79,176,97,65,184,119,48,120,72,71,216,145,72,384,312,79,408,329,72,368,296,88,1944,S20a
87,151,64,56,168,112,56,130,74,70,310,240,55,528,473,72,720,648,80,273,193,67,2347,S20a
65,160,95,57,169,112,56,143,87,73,273,200,64,480,416,80,495,415,49,1009,960,73,2802,S20a
129,184,55,72,192,120,55,160,105,63,432,369,92,5073,4981,103,159,56,120,336,216,88,6624,S20a
80,159,79,73,168,95,57,137,80,79,327,248,72,409,337,64,447,383,73,305,232,104,2056,S20a
95,206,111,73,176,103,49,145,96,56,544,488,80,680,600,96,1376,1280,80,775,695,81,3983,S20a
71,175,104,56,169,113,55,127,72,72,655,583,89,785,696,87,400,313,97,713,616,86,3110,S20a
72,152,80,80,176,96,64,128,64,88,335,247,81,745,664,88,472,384,64,449,385,79,2536,S20a
72,160,88,64,168,104,55,136,81,73,368,295,71,424,353,80,311,231,64,369,305,64,2000,S20a
89,184,95,64,177,113,48,120,72,103,312,209,72,368,296,73,527,454,73,393,320,80,2161,S20a
95,168,73,80,192,112,63,152,89,87,255,168,81,424,343,64,392,328,65,377,312,88,2048,S20a
80,200,120,72,192,120,55,160,105,79,424,345,80,424,344,80,519,439,82,498,416,86,2503,S20a
97,208,111,73,184,111,65,153,88,72,360,288,72,3111,3039,72,609,537,71,311,240,80,5016,S20a
88,184,96,73,176,103,56,144,88,72,377,305,87,424,337,88,695,607,82,817,735,81,2898,S20a
96,200,104,79,168,89,71,144,73,64,463,399,65,330,265,79,543,464,72,393,321,78,2319,S20a
72,191,119,73,177,104,48,120,72,74,751,677,88,1176,1088,104,297,193,80,279,199,88,3079,S20a
80,208,128,64,168,104,56,128,72,88,352,264,88,896,808,95,8040,7945,104,496,392,72,10360,S20a
96,176,80,72,161,89,71,151,80,56,416,360,80,377,297,79,574,495,81,281,200,71,2207,S20a
95,175,80,73,169,96,56,120,64,88,311,223,81,432,351,89,377,288,80,392,312,88,2064,S20a
106,167,61,80,176,96,67,137,70,96,432,336,80,352,272,88,1208,1120,96,424,328,64,2960,S20a
87,191,104,55,159,104,66,144,78,88,313,225,80,432,352,88,368,280,88,304,216,88,1999,S20a
97,209,112,72,168,96,56,136,80,96,280,184,88,375,287,89,305,216,96,353,257,95,1921,S20a
80,216,136,64,168,104,56,136,80,89,392,303,96,344,248,87,1008,921,87,317,230,59,2640,S20a
112,200,88,72,168,96,56,131,75,85,380,295,72,400,328,97,584,487,81,241,160,90,2194,S20a
96,312,216,79,192,113,48,136,88,95,383,288,89,362,273,111,391,280,79,319,240,113,2208,S20a
96,248,152,76,175,99,57,144,87,81,328,247,73,457,384,96,960,864,80,336,256,72,2720,S20a
87,176,89,72,184,112,56,136,80,88,320,232,87,344,257,95,408,313,87,319,232,113,2000,S20a
96,215,119,72,168,96,56,160,104,65,304,239,73,337,264,104,351,247,105,352,247,89,1976,S20a
80,216,136,72,177,105,64,168,104,96,530,434,93,342,249,104,440,336,72,455,383,104,2432,S20a
95,183,88,57,168,111,41,128,87,81,353,272,88,360,272,89,511,422,73,896,823,89,2688,S20a
96,247,151,73,168,95,65,152,87,82,320,238,82,432,350,89,457,368,80,3375,3295,89,5240,S20a
73,177,104,64,168,104,56,144,88,64,568,504,80,983,903,87,408,321,121,450,329,70,2968,S20a
112,202,90,71,175,104,56,159,103,81,321,240,70,375,305,97,344,247,97,608,511,105,2289,S20a
103,210,107,54,166,112,56,160,104,80,305,225,71,384,313,62,367,305,72,279,207,81,1952,S20a
96,224,128,71,167,96,65,138,73,78,257,179,69,366,297,72,352,280,88,375,287,72,1951,S20a
96,194,98,62,174,112,41,105,64,72,312,240,72,464,392,79,447,368,73,576,503,97,2369,S20a
89,192,103,57,144,87,56,121,65,87,272,185,55,335,280,98,337,239,96,304,208,89,1794,S20a
87,480,393,65,175,110,66,145,79,97,584,487,64,361,297,88,375,287,81,241,160,96,2457,S20a
89,216,127,65,145,80,56,127,71,89,361,272,79,320,241,88,560,472,80,327,247,106,2162,S20a
80,184,104,56,155,99,53,109,56,105,409,304,80,1074,994,85,1477,1392,80,177,97,88,3673,S20a
104,191,87,72,160,88,56,129,73,80,3879,3799,73,1848,1775,89,392,303,95,328,233,88,7015,S20a
87,176,89,55,151,96,48,112,64,73,272,199,72,353,281,80,375,295,73,261,188,92,1792,S20a
104,208,104,71,184,113,56,128,72,103,304,201,71,352,281,95,439,344,89,489,400,96,2200,S20a
96,215,119,73,176,103,49,177,128,96,529,433,71,375,304,88,759,671,80,721,641,95,3047,S20a
96,192,96,56,160,104,63,160,97,72,296,224,72,367,295,112,393,281,72,735,663,80,2383,S20a
79,215,136,63,168,105,47,145,98,87,358,271,89,361,272,72,385,313,79,486,407,97,2215,S20a
112,248,136,80,191,111,50,225,175,96,544,448,97,384,287,98,1048,950,82,352,270,114,3106,S20a
97,210,113,71,158,87,65,160,95,80,320,240,64,416,352,73,360,287,97,449,352,112,2185,S20a
113,168,55,80,192,112,65,176,111,97,616,519,90,400,310,88,520,432,81,528,447,96,2696,S20a
134,222,88,65,168,103,57,184,127,88,320,232,97,376,279,97,432,335,112,1377,1265,96,3175,S20a
78,215,137,70,158,88,57,145,88,71,417,346,86,574,488,88,472,384,64,568,504,80,2629,S20a
91,264,173,73,176,103,65,169,104,72,327,255,81,359,278,81,361,280,81,552,471,96,2304,S20a
94,193,99,78,181,103,65,168,103,113,370,257,94,432,338,86,1046,960,105,344,239,89,2823,S20a
90,232,142,74,160,86,64,184,120,72,810,738,62,902,840,81,504,423,80,361,281,83,3236,S20a
112,217,105,71,169,98,62,183,121,87,295,208,81,480,399,89,512,423,88,329,241,95,2280,S20a
89,200,111,80,177,97,71,183,112,105,256,151,104,394,290,102,390,288,97,432,335,89,2121,S20a
95,200,105,63,152,89,56,143,87,96,305,209,87,447,360,89,392,303,96,312,216,97,2048,S20a
113,239,126,74,177,103,57,144,87,128,247,119,106,386,280,129,751,622,120,240,120,97,2281,S20a
95,231,136,89,248,159,65,193,128,136,647,511,112,321,209,96,552,456,120,311,191,113,2616,S20a
121,225,104,72,168,96,55,157,102,66,275,209,72,328,256,79,343,264,88,289,201,104,1889,S20a
104,208,104,72,167,95,65,137,72,104,264,160,96,360,264,96,3256,3160,95,160,65,79,4631,S20a
97,161,64,71,160,89,64,135,71,105,377,272,96,288,192,111,352,241,88,415,327,89,1977,S20a
95,440,345,87,208,121,63,160,97,95,392,297,104,455,351,105,537,432,79,256,177,87,2535,S20a
95,231,136,73,176,103,65,161,96,104,552,448,96,384,288,104,440,336,96,344,248,112,2400,S20a
120,240,120,80,185,105,63,159,96,104,352,248,120,368,248,128,433,305,87,327,240,121,2185,S20a
106,248,142,80,177,97,71,182,111,89,481,392,96,401,305,103,350,247,97,265,168,48,2152,S20a
88,256,168,72,184,112,65,152,87,96,352,256,96,385,289,87,431,344,97,320,223,96,2176,S20a
104,224,120,64,167,103,57,153,96,72,368,296,96,328,232,80,328,248,88,347,259,93,2008,S20a
98,249,151,63,158,95,56,168,112,96,280,184,72,336,264,96,328,232,88,360,272,80,1959,S20a
96,256,160,81,185,104,55,184,129,113,311,198,88,337,249,103,359,256,80,304,224,104,2040,S20a
104,247,143,65,177,112,58,177,119,97,280,183,95,343,248,89,272,183,88,304,216,80,1880,S20a
102,265,163,68,181,113,56,248,192,88,528,440,88,360,272,88,600,512,96,584,488,104,2870,S20a
88,184,96,72,176,104,65,176,111,88,768,680,88,372,284,76,451,375,81,289,208,88,2504,S20a
72,232,160,64,168,104,48,135,87,89,456,367,65,353,288,81,592,511,72,384,312,72,2392,S20a
96,184,88,64,168,104,56,152,96,81,1873,1792,79,319,240,96,2321,2225,94,247,153,88,5352,S20a
88,223,135,64,175,111,65,177,112,79,384,305,104,344,240,97,456,359,88,808,720,96,2663,S20a
105,224,119,64,160,96,64,152,88,96,760,664,96,296,200,88,440,352,88,352,264,88,2472,S20a
88,184,96,56,160,104,56,153,97,87,343,256,88,376,288,120,464,344,103,328,225,104,2112,S20a
120,212,92,68,172,104,56,136,80,73,600,527,72,976,904,72,888,816,80,256,176,96,3336,S20a
78,185,107,63,159,96,56,144,88,80,433,353,95,429,334,57,354,297,112,320,208,80,2104,S20a
71,223,152,63,168,105,48,152,104,56,855,799,65,1467,1402,69,590,521,89,264,175,72,3791,S20a
80,175,95,64,168,104,56,152,96,56,240,184,64,505,441,63,470,407,72,387,315,77,2174,S20a
74,224,150,65,176,111,57,160,103,80,279,199,72,985,913,69,392,323,80,472,392,64,2752,S20a
77,205,128,75,179,104,61,173,112,72,408,336,80,376,296,73,384,311,88,864,776,72,2661,S20a
81,183,102,65,180,115,54,181,127,56,304,248,65,392,327,56,400,344,96,511,415,97,2248,S20a
88,168,80,97,264,167,25,407,382,65,2051,1986,71,342,271,90,744,654,74,464,390,56,4496,S20a
118,128,10,92,177,85,56,96,40,89,432,343,89,303,214,66,289,223,81,424,343,80,1929,S20a
73,169,96,66,168,102,40,96,56,81,376,295,82,360,278,73,400,327,74,264,190,73,1906,S20a
74,152,78,65,176,111,41,104,63,81,328,247,65,408,343,65,456,391,57,392,335,83,2099,S20a
75,161,86,66,168,102,49,136,87,65,336,271,73,360,287,57,728,671,73,432,359,74,2395,S20a
89,160,71,65,168,103,50,128,78,73,320,247,73,360,287,73,369,296,79,327,248,90,1922,S20a
106,168,62,66,169,103,56,151,95,97,312,215,82,321,239,72,615,543,81,321,240,81,2138,S20a
97,160,63,81,184,103,49,120,71,97,344,247,81,312,231,105,352,247,97,287,190,82,1841,S20a
73,159,86,58,169,111,58,128,70,74,328,254,65,-704,-769,1065,1535,470,81,353,272,73,2041,S20a
82,160,78,60,175,115,41,105,64,76,329,253,81,288,207,72,406,334,90,361,271,97,1921,S20a
88,169,81,71,176,105,57,104,47,97,384,287,65,336,271,79,344,265,73,335,262,81,1929,S20a
96,151,55,74,177,103,56,120,64,96,392,296,80,304,224,89,328,239,64,328,264,80,1880,S20a
96,151,55,74,185,111,66,128,62,89,304,215,81,288,207,73,383,310,90,337,247,97,1873,S20a
89,184,95,65,168,103,48,88,40,121,256,135,81,288,207,97,376,279,81,320,239,81,1761,S20a
81,185,104,64,159,95,57,144,87,81,441,360,72,279,207,90,424,334,73,392,319,65,2089,S20a
82,168,86,66,152,86,66,161,95,89,440,351,82,344,262,65,368,303,65,279,214,81,1993,S20a
89,168,79,82,200,118,65,153,88,73,327,254,74,321,247,88,328,240,56,336,280,80,1913,S20a
89,192,103,74,168,94,58,143,85,74,353,279,74,360,286,65,304,239,65,328,263,73,1921,S20a
82,168,86,73,169,96,48,135,87,81,328,247,65,352,287,73,416,343,57,496,439,74,2138,S20a
80,159,79,73,176,103,49,128,79,81,304,223,81,328,247,-919,321,1240,73,303,230,74,1793,S20a
105,177,72,57,151,94,58,113,55,97,368,271,65,360,295,89,472,383,65,328,263,97,2066,S20a
94,160,66,58,167,109,49,121,72,81,288,207,82,328,246,74,320,246,73,456,383,98,1938,S20a
106,161,55,57,155,98,54,117,63,90,280,190,65,400,335,81,384,303,72,344,272,57,1898,S20a
98,393,295,80,224,144,56,167,111,82,393,311,73,368,295,88,367,279,82,328,246,82,2322,S20a
98,177,79,74,192,118,57,144,87,121,399,278,82,444,362,102,333,231,73,280,207,73,2042,S20a
89,200,111,65,176,111,58,152,94,107,336,229,89,384,295,89,648,559,82,368,286,81,2345,S20a
97,168,71,89,192,103,58,169,111,88,312,224,81,591,510,97,368,271,81,447,366,99,2346,S20a
89,193,104,65,175,110,49,152,103,88,336,248,81,464,383,81,616,535,81,457,376,96,2489,S20a
89,161,72,65,176,111,48,135,87,82,272,190,74,353,279,64,400,336,57,384,327,90,1971,S20a
73,208,135,57,176,119,48,152,104,73,352,279,57,430,373,65,354,289,73,312,239,81,2065,S20a
91,194,103,57,160,103,57,136,79,72,304,232,73,455,382,74,409,335,72,408,336,80,2146,S20a
74,178,104,65,175,110,58,153,95,73,256,183,72,456,384,72,328,256,73,352,279,89,1987,S20a
98,192,94,65,160,95,65,152,87,97,376,279,73,368,295,81,360,279,73,328,255,82,2018,S20a
72,200,128,65,191,126,49,176,127,73,304,231,73,408,335,74,369,295,73,359,286,98,2105,S20a
96,200,104,64,168,104,56,143,87,73,321,248,72,408,336,64,336,272,73,472,399,96,2144,S20a
105,192,87,74,176,102,57,144,87,93,432,339,65,440,375,73,744,671,81,311,230,106,2545,S20a
97,208,111,65,160,95,74,192,118,82,305,223,72,432,360,65,375,310,49,369,320,96,2137,S20a
80,224,144,65,168,103,57,160,103,73,344,271,74,360,286,89,400,311,82,344,262,81,2081,S20a
105,296,191,88,231,143,58,201,143,96,287,191,82,361,279,105,384,279,88,368,280,97,2225,S20a
113,232,119,84,192,108,64,176,112,89,312,223,90,352,262,97,337,240,88,431,343,73,2105,S20a
105,208,103,73,192,119,57,161,104,87,327,240,81,336,255,89,352,263,65,353,288,72,2001,S20a
82,280,198,73,199,126,58,289,231,106,304,198,74,392,318,65,392,327,78,601,523,81,2538,S20a
97,160,63,73,176,103,65,144,79,90,328,238,81,472,391,97,400,303,81,480,399,96,2256,S20a
97,208,111,65,168,103,57,168,111,81,304,223,98,384,286,81,344,263,73,312,239,65,1953,S20a
91,186,95,65,152,87,56,144,88,90,296,206,66,361,295,72,296,224,97,264,167,88,1787,S20a
112,175,63,66,177,111,57,135,78,97,352,255,82,368,286,81,753,672,88,342,254,98,2400,S20a
72,176,104,64,176,112,48,151,103,81,297,216,81,328,247,73,320,247,81,327,246,81,1856,S20a
104,200,96,73,192,119,57,168,111,88,296,208,97,360,263,73,360,287,73,320,247,81,1977,S20a
106,224,118,89,208,119,65,168,103,89,352,263,98,408,310,105,312,207,90,280,190,89,2041,S20a
113,176,63,89,184,95,73,128,55,105,297,192,105,447,342,106,761,655,80,320,240,105,2418,S20a
137,214,77,66,154,88,73,144,71,81,303,222,80,353,273,97,352,255,97,320,223,95,1935,S20a
106,186,80,74,152,78,73,144,71,97,391,294,90,345,255,105,328,223,89,679,590,97,2322,S20a
106,168,62,65,160,95,66,120,54,106,297,191,81,424,343,97,287,190,105,256,151,113,1825,S20a
129,209,80,72,175,103,65,120,55,90,248,158,89,-704,-793,1121,1336,215,90,320,230,116,1820,S20a
122,216,94,82,177,95,68,119,51,116,296,180,74,393,319,105,560,455,73,352,279,105,2218,S20a
106,193,87,73,160,87,73,128,55,105,280,175,97,312,215,97,312,215,89,360,271,88,1833,S20a
114,209,95,59,152,93,73,192,119,98,1576,1478,73,312,239,89,368,279,96,400,304,97,3306,S20a
89,176,87,74,152,78,74,120,46,82,528,446,81,384,303,90,320,230,73,264,191,89,2033,S20a
105,184,79,73,168,95,57,120,63,90,296,206,89,408,319,106,305,199,88,303,215,98,1882,S20a
99,185,86,65,160,95,65,136,71,73,375,302,81,321,240,97,320,223,89,320,231,105,1922,S20a
89,216,127,65,176,111,58,127,69,82,281,199,89,312,223,90,352,262,81,328,247,97,1889,S20a
112,208,96,65,167,102,57,145,88,98,296,198,81,326,245,108,298,190,89,312,223,97,1849,S20a
98,176,78,74,177,103,56,127,71,94,280,186,89,624,535,89,648,559,81,377,296,104,2513,S20a
97,184,87,72,159,87,66,113,47,88,272,184,88,424,336,112,247,135,81,336,255,90,1825,S20a
122,209,87,81,184,103,72,144,72,89,424,335,72,352,280,96,440,344,73,408,335,89,2250,S20a
97,208,111,58,152,94,65,120,55,98,296,198,90,407,317,90,401,311,97,328,231,104,2016,S20a
113,200,87,81,176,95,65,128,63,149,264,115,98,360,262,129,288,159,97,304,207,130,1850,S20a
80,200,120,64,160,96,64,160,96,89,592,503,88,792,704,113,408,295,81,312,231,81,2705,S20a
97,249,152,72,167,95,65,176,111,73,400,327,107,345,238,88,512,424,72,375,303,82,2306,S20a
129,216,87,71,174,103,74,146,72,97,328,231,81,399,318,82,457,375,72,439,367,82,2241,S20a
81,192,111,73,168,95,56,144,88,89,280,191,89,368,279,97,336,239,89,320,231,97,1905,S20a
98,176,78,65,168,103,65,136,71,106,296,190,89,320,231,97,384,287,104,416,312,105,2001,S20a
105,200,95,89,184,95,73,153,80,105,375,270,89,409,320,96,343,247,81,296,215,106,2066,S20a
114,177,63,73,159,86,65,120,55,97,312,215,82,400,318,97,304,207,89,288,199,98,1858,S20a
113,193,80,82,168,86,72,160,88,81,255,174,90,1281,1191,158,360,202,89,432,343,105,2954,S20a
89,192,103,72,175,103,57,144,87,74,512,438,97,335,238,97,441,344,73,279,206,90,2168,S20a
113,216,103,82,192,110,57,136,79,81,735,654,81,624,543,81,647,566,96,256,160,106,2912,S20a
106,208,102,57,176,119,66,152,86,81,336,255,90,344,254,112,312,200,98,344,246,65,1937,S20a
89,192,103,74,184,110,65,144,79,81,280,199,81,320,239,81,352,271,89,279,190,98,1849,S20a
113,232,119,81,184,103,73,136,63,130,336,206,113,512,399,80,447,367,129,296,167,121,2264,S20a
96,207,111,74,169,95,71,143,72,89,320,231,113,336,223,89,320,231,89,439,350,81,2015,S20a
82,209,127,72,184,112,65,144,79,96,351,255,105,320,215,98,400,302,105,400,295,105,2113,S20a
97,200,103,73,160,87,81,120,39,112,543,431,138,1120,982,106,2303,2197,88,408,320,97,4951,S20a
90,240,150,72,176,104,61,112,51,80,431,351,74,384,310,89,463,374,82,361,279,97,2264,S20a
121,247,126,65,160,95,65,144,79,81,336,255,81,336,255,88,887,799,89,584,495,96,2790,S20a
106,193,87,73,183,110,58,144,86,73,296,223,81,480,399,81,879,798,82,312,230,82,2569,S20a
113,192,79,76,168,92,66,144,78,105,289,184,97,343,246,97,1326,1229,89,266,177,88,2816,S20a
105,216,111,72,174,102,67,146,79,113,335,222,114,305,191,112,415,303,98,312,214,105,2008,S20a
137,202,65,81,176,95,64,144,80,96,463,367,98,536,438,106,752,646,112,304,192,73,2650,S20a
73,176,103,73,176,103,56,144,88,73,380,307,69,1010,941,113,233,120,105,360,255,90,2569,S20a
104,200,96,81,167,86,74,176,102,81,280,199,89,352,263,82,392,310,74,328,254,113,2008,S20a
105,207,102,81,184,103,66,145,79,96,327,231,98,328,230,105,328,223,89,456,367,113,2088,S20a
89,232,143,65,175,110,66,153,87,80,376,296,88,303,215,89,412,323,109,284,175,97,2032,S20a
119,144,25,135,104,-31,167,136,-31,120,1096,976,95,279,184,144,305,161,87,304,217,128,2496,S21a
103,96,-7,103,440,337,127,88,-39,111,480,369,111,216,105,135,232,97,72,328,256,119,1999,S21a
104,104,0,87,480,393,112,168,56,127,1272,1145,111,304,193,128,576,448,71,504,433,111,3519,S21a
127,128,1,135,103,-32,160,129,-31,95,464,369,87,328,241,119,240,121,71,296,225,119,1807,S21a
112,121,9,111,168,57,111,64,-47,119,496,377,103,288,185,143,208,65,79,336,257,127,1808,S21a
103,88,-15,135,88,-47,175,144,-31,103,1376,1273,79,392,313,151,311,160,88,473,385,135,3007,S21a
127,104,-23,143,120,-23,167,127,-40,112,673,561,95,272,177,167,335,168,80,336,256,112,2079,S21a
119,135,16,128,73,-55,175,192,17,111,432,321,111,287,176,144,241,97,79,312,233,135,1807,S21a
119,80,-39,151,96,-55,183,152,-31,111,616,505,88,336,248,159,224,65,79,344,265,127,1975,S21a
119,103,-16,136,136,0,152,113,-39,103,408,305,71,496,425,183,223,40,80,337,257,127,1943,S21a
111,128,17,159,168,9,151,112,-39,111,672,561,119,280,161,183,351,168,80,353,273,127,2191,S21a
127,96,-31,135,120,-15,191,144,-47,127,623,496,112,313,201,167,192,25,72,336,264,111,1935,S21a
120,97,-23,119,80,-39,183,159,-24,112,664,552,88,313,225,151,480,329,63,424,361,119,2336,S21a
127,248,121,135,111,-24,144,104,-40,128,561,433,111,335,224,144,345,201,79,528,449,95,2327,S21a
119,111,-8,136,104,-32,160,113,-47,111,528,417,87,240,153,135,232,97,87,359,272,120,1807,S21a
111,103,-8,120,89,-31,159,128,-31,103,575,472,88,224,136,152,272,120,72,328,256,112,1831,S21a
119,72,-47,119,95,-24,160,113,-47,119,551,432,80,233,153,127,216,89,71,416,345,119,1815,S21a
120,33,-87,143,103,-40,168,136,-32,88,561,473,87,231,144,144,425,281,71,296,225,135,1920,S21a
119,88,-31,135,87,-48,176,160,-16,120,641,521,79,279,200,-856,232,1088,80,361,281,119,1967,S21a
151,143,-8,120,64,-56,168,152,-16,120,608,488,80,257,177,143,192,49,79,304,225,143,1863,S21a
128,112,-16,144,120,-24,168,129,-39,103,488,385,71,271,200,136,192,56,72,344,272,112,1768,S21a
127,136,9,127,96,-31,175,135,-40,120,528,408,72,209,137,143,279,136,72,329,257,135,1847,S21a
127,103,-24,112,88,-24,168,128,-40,112,688,576,72,200,128,176,257,81,63,344,281,119,1927,S21a
128,96,-32,136,96,-40,168,128,-40,136,712,576,96,217,121,159,256,97,79,279,200,112,1896,S21a
112,72,-40,128,104,-24,152,120,-32,96,560,464,80,208,128,152,288,136,80,360,280,112,1824,S21a
127,72,-55,151,119,-32,168,128,-40,104,664,560,80,192,112,152,297,145,79,544,465,111,2127,S21a
135,64,-71,175,143,-32,184,160,-24,96,1033,937,87,224,137,167,264,97,71,352,281,143,2383,S21a
128,80,-48,136,80,-56,184,160,-24,112,576,464,72,209,137,159,287,128,72,369,297,127,1888,S21a
167,119,-48,128,96,-32,168,136,-32,104,640,536,64,192,128,152,208,56,80,336,256,136,1863,S21a
127,31,-96,160,120,-40,184,152,-32,112,713,601,72,183,111,152,208,56,72,304,232,120,1831,S21a
135,87,-48,152,96,-56,192,184,-8,144,664,520,72,240,168,144,176,32,64,344,280,128,1919,S21a
144,96,-48,152,128,-24,144,104,-40,104,376,272,96,216,120,176,272,96,72,304,232,120,1616,S21a
128,80,-48,152,168,16,208,232,24,96,1088,992,80,224,144,152,216,64,72,304,232,136,2448,S21a
136,112,-24,144,104,-40,168,144,-24,120,752,632,72,248,176,152,216,64,80,440,360,128,2144,S21a
128,120,-8,120,96,-24,160,120,-40,120,577,457,71,511,440,112,136,24,72,304,232,120,1984,S21a
136,80,-56,144,104,-40,160,128,-32,120,512,392,88,224,136,136,168,32,72,576,504,120,1912,S21a
152,88,-64,152,160,8,144,88,-56,136,480,344,80,312,232,152,280,128,72,296,224,120,1824,S21a
136,40,-96,136,112,-24,168,128,-40,136,664,528,96,192,96,176,240,64,88,320,232,112,1808,S21a
136,112,-24,160,128,-32,168,128,-40,120,456,336,64,736,672,120,144,24,104,432,328,120,2256,S21a
136,120,-16,128,112,-16,152,120,-32,112,456,344,72,960,888,120,152,32,72,376,304,136,2432,S21a
128,136,8,144,96,-48,184,160,-24,120,440,320,96,232,136,152,232,80,104,360,256,120,1776,S21a
144,112,-32,144,112,-32,168,136,-32,104,448,344,72,272,200,152,216,64,80,400,320,144,1840,S21a
144,88,-56,120,72,-48,216,168,-48,112,640,528,88,240,152,168,200,32,72,384,312,120,1912,S21a
120,96,-24,128,89,-39,175,135,-40,120,680,560,80,296,216,160,264,104,64,552,488,120,2232,S21a
136,96,-40,144,88,-56,176,160,-16,104,664,560,88,272,184,144,200,56,64,576,512,72,2128,S21a
120,40,-80,152,136,-16,224,144,-80,144,544,400,96,384,288,152,192,40,72,304,232,112,1856,S21a
144,104,-40,152,104,-48,176,136,-40,112,616,504,72,248,176,144,192,48,80,408,328,128,1936,S21a
144,112,-32,112,64,-48,200,176,-24,120,432,312,64,256,192,160,208,48,72,328,256,136,1712,S21a
160,128,-32,280,152,-128,176,288,112,160,712,552,64,248,184,136,160,24,80,352,272,104,2144,S21a
136,120,-16,136,120,-16,176,136,-40,160,752,592,80,232,152,152,320,168,72,416,344,128,2224,S21a
144,64,-80,161,128,-33,176,136,-40,96,424,328,72,264,192,128,192,64,72,328,256,128,1664,S21a
144,112,-32,168,136,-32,168,128,-40,152,520,368,96,264,168,128,160,32,80,320,240,120,1760,S21a
112,96,-16,128,104,-24,176,136,-40,104,712,608,96,184,88,128,216,88,80,424,344,120,1992,S21a
112,96,-16,152,112,-40,208,168,-40,104,624,520,88,240,152,152,192,40,80,416,336,104,1952,S21a
104,760,656,80,1736,1656,96,168,72,96,472,376,48,240,192,144,152,8,72,352,280,144,4024,S21a
120,128,8,128,96,-32,168,128,-40,128,384,256,96,240,144,144,584,440,72,344,272,136,2040,S21a
128,88,-40,152,112,-40,160,120,-40,104,520,416,96,264,168,152,168,16,80,336,256,120,1728,S21a
136,88,-48,128,80,-48,184,144,-40,112,592,480,80,504,424,128,152,24,104,344,240,104,2008,S21a
120,80,-40,128,96,-32,176,128,-48,112,600,488,80,272,192,136,144,8,88,304,216,120,1744,S21a
120,128,8,128,104,-24,184,112,-72,128,689,561,71,807,736,128,232,104,96,472,376,120,2664,S21a
120,48,-72,128,96,-32,184,136,-48,104,1376,1272,80,304,224,128,136,8,80,368,288,128,2592,S21a
136,144,8,136,88,-48,232,216,-16,144,4936,4792,104,360,256,128,216,88,96,536,440,112,6608,S21a
144,136,-8,120,112,-8,192,176,-16,128,1664,1536,80,224,144,152,176,24,88,360,272,128,2976,S21a
136,56,-80,128,96,-32,200,120,-80,120,416,296,96,208,112,168,432,264,88,408,320,120,1856,S21a
120,72,-48,152,128,-24,184,128,-56,120,664,544,72,264,192,136,152,16,88,328,240,120,1856,S21a
136,120,-16,144,112,-32,176,136,-40,120,528,408,72,248,176,128,176,48,64,288,224,120,1728,S21a
120,72,-48,120,80,-40,200,152,-48,120,536,416,88,232,144,128,168,40,80,352,272,96,1688,S21a
104,88,-16,160,152,-8,160,120,-40,112,808,696,64,416,352,104,296,192,64,312,248,104,2296,S21a
136,104,-32,136,96,-40,224,168,-56,112,504,392,96,312,216,128,160,32,72,376,304,160,1880,S21a
112,96,-16,144,96,-48,224,176,-48,96,432,336,80,248,168,136,192,56,72,336,264,112,1688,S21a
128,80,-48,120,96,-24,216,136,-80,112,472,360,88,264,176,136,216,80,88,360,272,120,1744,S21a
152,112,-40,104,24,-80,240,208,-32,128,976,848,64,288,224,152,208,56,80,320,240,120,2256,S21a
144,88,-56,144,80,-64,224,176,-48,128,584,456,80,304,224,144,192,48,72,304,232,120,1848,S21a
120,88,-32,152,88,-64,200,152,-48,192,768,576,80,208,128,152,200,48,72,288,216,136,1928,S21a
144,96,-48,104,64,-40,224,176,-48,112,664,552,104,240,136,128,216,88,72,344,272,112,1912,S21a
136,112,-24,96,64,-32,200,152,-48,120,856,736,80,304,224,128,160,32,80,312,232,104,2064,S21a
144,112,-32,120,72,-48,200,152,-48,112,632,520,80,216,136,152,192,40,72,528,456,96,2000,S21a
152,104,-48,152,104,-48,200,160,-40,120,664,544,64,288,224,136,200,64,48,368,320,128,2016,S21a
144,120,-24,136,96,-40,192,152,-40,128,688,560,80,216,136,160,224,64,72,296,224,120,1912,S21a
128,104,-24,152,120,-32,200,152,-48,104,640,536,64,232,168,144,224,80,80,376,296,120,1968,S21a
120,80,-40,104,64,-40,248,200,-48,136,696,560,96,392,296,120,296,176,88,272,184,136,2136,S21a
136,104,-32,112,56,-56,200,160,-40,128,624,496,48,272,224,136,144,8,64,304,240,128,1792,S21a
128,112,-16,112,80,-32,176,120,-56,120,664,544,80,264,184,136,200,64,64,320,256,128,1888,S21a
136,112,-24,120,64,-56,216,184,-32,96,672,576,64,192,128,160,216,56,80,368,288,152,1960,S21a
112,104,-8,136,104,-32,208,152,-56,120,744,624,80,200,120,168,168,0,80,336,256,120,1928,S21a
168,80,-88,128,88,-40,192,152,-40,104,1160,1056,80,320,240,136,184,48,72,264,192,112,2360,S21a
120,104,-16,128,96,-32,176,136,-40,96,1104,1008,88,752,664,144,600,456,64,320,256,128,3240,S21a
152,288,136,176,152,-24,232,192,-40,136,680,544,88,616,528,144,144,0,104,304,200,136,2512,S21a
144,128,-16,95,72,-23,192,144,-48,128,704,576,88,272,184,136,192,56,64,288,224,128,1928,S21a
128,112,-16,104,56,-48,224,184,-40,120,656,536,80,264,184,192,376,184,72,320,248,136,2104,S21a
144,104,-40,103,64,-39,200,168,-32,96,632,536,88,184,96,176,200,24,80,296,216,136,1784,S21a
132,132,0,100,62,-38,239,170,-69,116,670,554,85,1536,1451,169,300,131,101,402,301,138,3410,S21a
101,101,0,200,153,-47,270,232,-38,154,856,702,84,1018,934,132,248,116,84,454,370,116,3178,S21a
116,84,-32,147,94,-53,223,185,-38,138,818,680,85,254,169,169,232,63,84,370,286,153,2190,S21a
131,163,32,169,84,-85,217,286,69,116,554,438,63,333,270,131,184,53,85,402,317,131,2137,S21a
138,122,-16,132,78,-54,254,223,-31,147,749,602,84,200,116,154,232,78,85,439,354,61,2104,S21a
140,102,-38,138,100,-38,201,154,-47,116,448,332,116,401,285,138,185,47,100,432,332,123,1945,S21a
147,116,-31,184,100,-84,232,185,-47,131,516,385,85,332,247,116,139,23,100,448,348,100,1936,S21a
138,69,-69,169,116,-53,232,185,-47,131,749,618,100,254,154,169,169,0,100,417,317,147,2106,S21a
116,116,0,153,116,-37,200,153,-47,116,549,433,131,285,154,185,316,131,85,325,240,114,1974,S21a
131,84,-47,147,101,-46,216,178,-38,122,724,602,100,263,163,138,370,232,100,370,270,100,2190,S21a
170,123,-47,163,94,-69,238,207,-31,147,749,602,84,247,163,138,354,216,85,386,301,100,2260,S21a
147,100,-47,147,101,-46,184,147,-37,153,739,586,148,279,131,138,238,100,116,386,270,116,2106,S21a
107,207,100,163,116,-47,185,147,-38,116,506,390,100,264,164,116,185,69,85,480,395,107,2012,S21a
131,85,-46,131,84,-47,201,163,-38,116,740,624,78,286,208,146,447,301,69,401,332,150,2356,S21a
131,131,0,138,116,-22,170,123,-47,100,485,385,132,248,116,154,232,78,116,385,269,116,1836,S21a
138,100,-38,138,116,-22,185,154,-31,100,849,749,123,301,178,154,223,69,131,517,386,100,2360,S21a
138,100,-38,154,116,-38,170,123,-47,147,679,532,123,286,163,153,269,116,85,586,501,100,2259,S21a
85,132,47,138,122,-16,185,163,-22,100,771,671,100,270,170,131,247,116,85,401,316,132,2238,S21a
131,178,47,138,107,-31,179,163,-16,116,818,702,122,238,116,185,363,178,85,401,316,122,2390,S21a
116,116,0,138,85,-53,201,169,-32,116,702,586,132,232,100,154,270,116,84,416,332,132,2122,S21a
122,185,63,216,138,-78,232,216,-16,116,764,648,69,301,232,169,185,16,85,370,285,100,2259,S21a
116,54,-62,184,147,-37,153,116,-37,138,724,586,94,247,153,147,433,286,93,516,423,107,2344,S21a
131,100,-31,185,163,-22,185,138,-47,116,564,448,122,300,178,139,239,100,78,416,338,85,2005,S21a
132,132,0,153,138,-15,169,131,-38,101,787,686,100,216,116,185,200,15,85,339,254,116,2059,S21a
115,131,16,169,122,-47,179,132,-47,132,787,655,84,285,201,178,200,22,101,364,263,138,2159,S21a
124,153,29,131,100,-31,185,147,-38,116,733,617,107,386,279,169,185,16,84,385,301,170,2259,S21a
132,147,15,170,154,-16,169,132,-37,131,755,624,85,1203,1118,116,217,101,116,347,231,101,3056,S21a
116,100,-16,154,132,-22,185,153,-32,101,533,432,116,301,185,138,201,63,100,401,301,116,1937,S21a
124,124,0,147,116,-31,200,147,-53,138,733,595,101,223,122,163,247,84,85,386,301,131,2107,S21a
116,93,-23,154,123,-31,216,185,-31,116,702,586,78,301,223,147,278,131,85,355,270,131,2168,S21a
147,101,-46,147,115,-32,170,148,-22,122,855,733,85,332,247,154,170,16,84,370,286,131,2222,S21a
107,170,63,169,153,-16,163,132,-31,131,787,656,62,347,285,149,223,74,73,579,506,100,2491,S21a
116,85,-31,154,100,-54,201,154,-47,116,786,670,116,295,179,138,185,47,84,617,533,123,2345,S21a
100,78,-22,138,100,-38,185,138,-47,132,649,517,100,370,270,147,285,138,84,401,317,116,2137,S21a
116,62,-54,154,116,-38,201,154,-47,116,686,570,132,248,116,138,185,47,100,354,254,116,1921,S21a
138,116,-22,138,116,-22,185,169,-16,85,886,801,101,286,185,116,200,84,101,433,332,138,2344,S21a
116,138,22,201,179,-22,200,153,-47,116,771,655,101,348,247,154,401,247,101,533,432,122,2645,S21a
116,53,-63,317,185,-132,201,332,131,100,934,834,85,285,200,116,270,154,116,363,247,138,2560,S21a
132,85,-47,163,131,-32,185,154,-31,116,734,618,131,232,101,169,300,131,85,386,301,153,2175,S21a
131,100,-31,185,153,-32,195,163,-32,116,834,718,84,269,185,170,185,15,101,355,254,162,2221,S21a
163,78,-85,154,138,-16,179,148,-31,116,755,639,116,247,131,170,286,116,131,416,285,138,2206,S21a
138,100,-38,185,154,-31,216,178,-38,123,740,617,147,370,223,147,178,31,101,455,354,131,2306,S21a
122,53,-69,170,185,15,148,132,-16,116,818,702,116,401,285,169,200,31,85,416,331,123,2328,S21a
132,63,-69,153,153,0,163,116,-47,116,718,602,116,269,153,170,248,78,116,370,254,153,2090,S21a
132,63,-69,193,178,-15,192,160,-32,116,818,702,131,301,170,116,263,147,85,439,354,163,2385,S21a
148,79,-69,169,153,-16,185,132,-53,138,924,786,79,449,370,153,401,248,116,370,254,147,2655,S21a
122,122,0,147,147,0,170,132,-38,154,840,686,131,279,148,153,238,85,116,348,232,138,2244,S21a
138,101,-37,138,116,-22,169,138,-31,123,801,678,132,417,285,132,201,69,92,353,261,148,2275,S21a
132,132,0,169,154,-15,185,131,-54,132,818,686,138,254,116,185,401,216,100,417,317,147,2454,S21a
131,83,-48,155,138,-17,179,132,-47,146,849,703,69,286,217,169,269,100,85,364,279,138,2259,S21a
147,147,0,132,116,-16,170,116,-54,123,539,416,116,649,533,116,185,69,116,316,200,138,2206,S21a
132,317,185,178,178,0,170,123,-47,116,717,601,85,301,216,169,248,79,84,416,332,154,2454,S21a
153,200,47,154,132,-22,169,138,-31,116,664,548,85,270,185,153,253,100,132,417,285,132,2206,S21a
116,185,69,185,169,-16,201,147,-54,132,718,586,100,269,169,148,248,100,100,385,285,116,2237,S21a
147,200,53,170,116,-54,216,185,-31,116,787,671,84,301,217,200,347,147,101,370,269,132,2438,S21a
123,216,93,170,138,-32,217,185,-32,132,852,720,98,236,138,162,363,201,116,354,238,147,2491,S21a
138,170,32,216,185,-31,216,169,-47,132,680,548,84,269,185,201,270,69,85,332,247,147,2222,S21a
115,130,15,132,101,-31,184,169,-15,131,733,602,85,247,162,173,254,81,100,347,247,123,2104,S21a
107,107,0,200,163,-37,200,169,-31,131,802,671,100,317,217,147,254,107,93,300,207,148,2260,S21a
147,100,-47,184,153,-31,178,147,-31,116,733,617,100,213,113,157,241,84,101,317,216,154,2058,S21a
132,170,38,162,115,-47,232,185,-47,116,665,549,84,269,185,169,270,101,100,401,301,100,2175,S21a
148,148,0,153,122,-31,216,178,-38,101,771,670,85,332,247,170,254,84,85,417,332,100,2322,S21a
131,131,0,154,123,-31,216,194,-22,85,840,755,69,247,178,154,286,132,69,485,416,132,2438,S21a
178,131,-47,132,116,-16,185,154,-31,132,849,717,85,285,200,147,533,386,85,455,370,100,2623,S21a
147,147,0,185,154,-31,200,131,-69,138,771,633,69,263,194,169,307,138,79,402,323,116,2291,S21a
147,115,-32,170,148,-22,169,138,-31,116,764,648,69,299,230,171,240,69,100,370,270,147,2221,S21a
132,147,15,138,101,-37,184,153,-31,116,787,671,147,294,147,123,285,162,101,424,323,147,2338,S21a
148,85,-63,194,163,-31,216,169,-47,132,802,670,100,332,232,85,201,116,100,470,370,132,2354,S21a
169,85,-84,131,116,-15,185,147,-38,122,945,823,104,280,176,132,279,147,109,385,276,138,2375,S21a
131,131,0,154,132,-22,200,153,-47,132,734,602,84,786,702,170,332,162,85,455,370,131,2854,S21a
185,170,-15,131,100,-31,216,169,-47,116,702,586,78,217,139,147,324,177,107,361,254,163,2206,S21a
147,169,22,147,116,-31,216,181,-35,151,737,586,116,301,185,147,216,69,100,448,348,185,2353,S21a
153,153,0,163,132,-31,216,169,-47,116,718,602,85,348,263,222,222,0,132,495,363,170,2407,S21a
132,85,-47,147,131,-16,185,132,-53,122,686,564,101,301,200,138,185,47,132,401,269,138,2059,S21a
120,104,-16,138,117,-21,192,145,-47,132,834,702,116,269,153,201,248,47,84,354,270,163,2234,S21a
154,154,0,147,116,-31,185,131,-54,138,671,533,116,269,153,163,232,69,101,370,269,116,2059,S21a
163,78,-85,154,154,0,169,131,-38,100,718,618,138,323,185,147,216,69,95,398,303,169,2187,S21a
132,85,-47,163,163,0,153,122,-31,132,718,586,116,232,116,185,185,0,100,416,316,154,2075,S21a
131,131,0,148,116,-32,185,132,-53,138,902,764,139,286,147,153,216,63,85,470,385,116,2369,S21a
132,132,0,116,116,0,185,154,-31,100,748,648,93,216,123,185,238,53,116,364,248,169,2137,S21a
135,134,-1,135,97,-38,170,154,-16,131,787,656,116,278,162,136,269,133,85,470,385,147,2336,S21a
132,85,-47,147,116,-31,184,162,-22,116,702,586,138,254,116,185,216,31,116,386,270,184,2105,S21a
147,147,0,170,154,-16,163,132,-31,116,717,601,132,270,138,147,200,53,101,448,347,139,2207,S21a
131,131,0,170,170,0,153,116,-37,115,755,640,132,301,169,147,216,69,85,417,332,147,2253,S21a
162,131,-31,132,100,-32,201,148,-53,153,802,649,122,370,248,153,254,101,116,417,301,147,2369,S21a
138,138,0,116,116,0,185,131,-54,132,756,624,100,347,247,172,285,113,85,386,301,147,2306,S21a
131,131,0,154,154,0,147,116,-31,147,965,818,123,323,200,163,232,69,85,432,347,101,2454,S21a
147,132,-15,169,100,-69,185,154,-31,131,701,570,132,232,100,185,285,100,85,301,216,147,2052,S21a
154,85,-69,154,131,-23,170,138,-32,116,645,529,126,242,116,216,247,31,85,386,301,169,2043,S21a
154,154,0,232,132,-100,269,269,0,163,834,671,116,432,316,154,633,479,69,555,486,153,3162,S21a
153,84,-69,170,185,15,154,116,-38,123,824,701,101,279,178,216,301,85,100,401,301,185,2375,S21a
201,116,-85,201,154,-47,201,163,-38,153,686,533,100,301,201,154,201,47,115,332,217,169,2122,S21a
170,132,-38,169,138,-31,194,147,-47,154,702,548,116,401,285,132,370,238,100,664,564,154,2708,S21a
223,154,-69,169,147,-22,216,154,-62,147,764,617,107,323,216,147,232,85,93,416,323,138,2328,S21a
154,100,-54,154,132,-22,185,154,-31,131,670,539,132,279,147,169,238,69,132,417,285,201,2191,S21a
122,69,-53,154,138,-16,163,116,-47,147,787,640,100,316,216,147,216,69,85,470,385,131,2243,S21a
184,100,-84,185,154,-31,162,115,-47,148,965,817,85,401,316,154,223,69,94,317,223,178,2453,S21a
125,125,0,140,125,-15,203,140,-63,125,531,406,94,204,110,140,234,94,78,344,266,172,1875,S21a
125,94,-31,140,109,-31,203,156,-47,110,469,359,94,297,203,141,219,78,93,343,250,125,1812,S21a
156,203,47,141,141,0,203,125,-78,109,453,344,94,219,125,156,234,78,78,359,281,157,1891,S21a
125,94,-31,140,125,-15,187,125,-62,125,453,328,109,312,203,141,203,62,94,328,234,125,1765,S21a
172,172,0,125,78,-47,203,157,-46,109,343,234,125,235,110,156,250,94,93,406,313,125,1766,S21a
140,93,-47,125,94,-31,203,156,-47,110,766,656,78,265,187,172,297,125,78,360,282,156,2187,S21a
140,93,-47,172,141,-31,234,141,-93,140,421,281,141,235,94,156,250,94,94,344,250,140,1765,S21a
125,203,78,172,141,-31,187,156,-31,109,375,266,109,391,282,125,140,15,1094,422,-672,109,1937,S21a
141,78,-63,141,110,-31,203,140,-63,141,922,781,78,250,172,141,234,93,94,438,344,125,2297,S21a
141,125,-16,141,110,-31,187,140,-47,125,625,500,94,282,188,156,203,47,94,344,250,156,1985,S21a
141,78,-63,172,125,-47,188,141,-47,125,719,594,93,312,219,125,172,47,78,359,281,141,2047,S21a
125,78,-47,141,109,-32,172,141,-31,94,797,703,94,312,218,125,203,78,94,393,299,1125,3158,S21a
141,94,-47,156,125,-31,187,156,-31,1094,640,-454,94,282,188,140,203,63,78,390,312,125,2015,S21a
140,78,-62,172,140,-32,172,125,-47,125,719,594,78,266,188,140,219,79,93,359,266,109,2015,S21a
141,78,-63,141,110,-31,187,140,-47,110,657,547,78,250,172,140,234,94,94,312,218,141,1922,S21a
109,93,-16,141,110,-31,156,125,-31,109,672,563,93,359,266,141,187,46,96,283,187,156,1985,S21a
125,78,-47,172,140,-32,172,141,-31,109,656,547,78,266,188,125,265,140,79,344,265,125,2015,S21a
109,109,0,157,125,-32,172,141,-31,125,719,594,78,281,203,141,234,93,110,360,250,140,2109,S21a
140,93,-47,157,125,-32,172,157,-15,140,859,719,78,312,234,110,188,78,94,297,203,140,2171,S21a
125,47,-78,156,140,-16,156,141,-15,94,703,609,78,330,252,140,375,235,93,281,188,109,2126,S21a
172,79,-93,156,140,-16,172,141,-31,140,1312,1172,94,235,141,47,2485,2438,79,563,484,125,5080,S21a
141,47,-94,156,109,-47,172,141,-31,109,656,547,94,312,218,110,188,78,94,375,281,125,1953,S21a
125,63,-62,140,109,-31,187,141,-46,125,703,578,93,297,204,125,156,31,94,359,265,141,1969,S21a
125,63,-62,156,125,-31,171,125,-46,109,625,516,78,359,281,125,203,78,109,328,219,141,1969,S21a
141,78,-63,172,110,-62,187,140,-47,141,703,562,110,313,203,125,172,47,78,343,265,125,1984,S21a
141,110,-31,140,125,-15,156,140,-16,110,594,484,94,250,156,141,203,62,94,422,328,141,1985,S21a
141,78,-63,157,125,-32,188,157,-31,109,828,719,78,359,281,125,203,78,94,360,266,156,2266,S21a
172,62,-110,141,110,-31,172,140,-32,1125,703,-422,94,282,188,1140,203,-937,94,390,296,125,2015,S21a
125,93,-32,141,110,-31,187,156,-31,125,687,562,94,266,172,141,203,62,94,344,250,125,1984,S21a
141,31,-110,172,141,-31,172,141,-31,109,765,656,94,203,109,141,188,47,109,390,281,141,2000,S21a
125,62,-63,141,109,-32,172,141,-31,156,656,500,78,266,188,78,1859,1781,78,344,266,125,3562,S21a
125,93,-32,141,110,-31,187,140,-47,94,516,422,78,203,125,156,392,236,47,906,859,141,2501,S21a
140,109,-31,110,94,-16,156,125,-31,125,984,859,78,297,219,141,156,15,94,313,219,156,2234,S21a
156,172,16,141,109,-32,172,125,-47,157,750,593,110,282,172,140,234,94,94,297,203,156,2125,S21a
156,172,16,140,109,-31,188,141,-47,125,531,406,94,281,187,172,188,16,78,328,250,187,1937,S21a
125,109,-16,141,125,-16,172,110,-62,125,734,609,94,516,422,187,187,0,109,672,563,141,2594,S21a
140,140,0,141,141,0,172,109,-63,125,469,344,110,281,171,110,219,109,94,391,297,125,1875,S21a
140,140,0,110,78,-32,188,141,-47,109,455,346,31,1156,1125,140,343,203,63,469,406,141,2923,S21a
140,62,-78,141,110,-31,187,140,-47,125,375,250,110,297,187,141,203,62,78,344,266,141,1672,S21a
141,63,-78,140,109,-31,172,141,-31,125,625,500,109,281,172,125,172,47,78,344,266,125,1860,S21a
140,78,-62,140,109,-31,188,125,-63,125,344,219,125,281,156,141,297,156,78,328,250,125,1687,S21a
140,62,-78,141,110,-31,172,140,-32,110,596,486,93,281,188,140,203,63,78,328,250,125,1845,S21a
141,125,-16,157,110,-47,187,156,-31,156,844,688,109,250,141,156,281,125,78,750,672,156,2672,S21a
141,78,-63,109,109,0,204,141,-63,109,328,219,125,281,156,157,235,78,94,343,249,110,1625,S21a
125,94,-31,156,125,-31,172,125,-47,125,626,501,78,266,188,156,203,47,78,328,250,156,1923,S21a
156,94,-62,156,109,-47,172,141,-31,140,687,547,125,281,156,141,1188,1047,-891,-641,250,125,1984,S21a
125,78,-47,125,109,-16,156,110,-46,125,734,609,94,266,172,125,359,234,78,328,250,156,2140,S21a
156,93,-63,141,125,-16,157,110,-47,125,422,297,109,390,281,125,203,78,78,360,282,140,1843,S21a
141,79,-62,140,93,-47,188,172,-16,125,736,611,94,422,328,109,141,32,93,359,266,203,2205,S21a
172,94,-78,141,109,-32,172,141,-31,141,734,593,94,250,156,157,204,47,109,328,219,172,2032,S21a
141,94,-47,125,94,-31,187,125,-62,125,656,531,94,266,172,156,234,78,78,453,375,156,2078,S21a
157,78,-79,157,141,-16,172,109,-63,110,454,344,93,265,172,188,235,47,78,296,218,172,1750,S21a
141,94,-47,125,94,-31,171,125,-46,125,453,328,109,265,156,172,563,391,93,265,172,141,2000,S21a
187,109,-78,110,78,-32,188,141,-47,109,328,219,109,266,157,172,265,93,78,313,235,140,1640,S21a
158,111,-47,109,141,32,171,78,-93,172,484,312,78,266,188,140,437,297,78,406,328,125,2048,S21a
156,94,-62,140,109,-31,172,141,-31,125,781,656,125,469,344,140,187,47,109,375,266,156,2312,S21a
141,94,-47,141,109,-32,204,172,-32,125,703,578,125,250,125,188,188,0,94,375,281,156,2047,S21a
156,109,-47,141,141,0,172,109,-63,141,375,234,125,281,156,157,235,78,93,343,250,141,1734,S21a
140,62,-78,156,109,-47,174,143,-31,125,687,562,109,297,188,172,203,31,78,797,719,141,2439,S21a
140,172,32,187,156,-31,156,109,-47,141,1328,1187,-843,-734,109,141,172,31,94,406,312,1156,2765,S21a
141,63,-78,125,125,0,172,109,-63,125,656,531,125,282,157,140,156,16,109,375,266,140,1906,S21a
141,63,-78,140,109,-31,188,1125,937,-859,-562,297,109,250,141,140,172,32,93,312,219,141,1610,S21a
140,78,-62,125,94,-31,203,125,-78,156,359,203,156,281,125,156,203,47,78,282,204,140,1562,S21a
156,93,-63,125,94,-31,188,125,-63,125,328,203,125,500,375,157,266,109,94,422,328,156,1984,S21a
125,47,-78,141,125,-16,188,125,-63,110,391,281,141,328,187,141,141,0,109,375,266,156,1688,S21a
141,63,-78,156,156,0,156,109,-47,110,672,562,94,344,250,172,406,234,78,531,453,125,2406,S21a
188,78,-110,219,110,-109,265,218,-47,172,782,610,109,328,219,125,142,17,94,375,281,140,2173,S21a
141,79,-62,125,125,0,156,109,-47,109,375,266,94,344,250,140,328,188,78,328,250,125,1813,S21a
157,79,-78,125,93,-32,203,157,-46,109,671,562,110,297,187,141,172,31,78,375,297,156,2000,S21a
156,78,-78,141,109,-32,172,110,-62,125,422,297,93,281,188,156,234,78,78,360,282,156,1750,S21a
156,94,-62,125,93,-32,203,156,-47,141,797,656,78,344,266,141,156,15,94,391,297,158,2189,S21a
172,125,-47,141,94,-47,187,140,-47,141,750,609,94,329,235,140,218,78,94,391,297,141,2188,S21a
141,78,-63,141,125,-16,157,110,-47,125,703,578,78,281,203,156,250,94,78,391,313,156,2094,S21a
141,78,-63,125,94,-31,188,141,-47,109,422,313,93,375,282,156,468,312,78,438,360,140,2156,S21a
156,78,-78,125,109,-16,188,141,-47,140,734,594,94,266,172,172,218,46,94,314,220,141,2001,S21a
156,172,16,156,937,781,125,266,141,125,1062,937,78,344,266,125,156,31,94,422,328,141,3500,S21a
156,94,-62,141,94,-47,187,140,-47,125,750,625,94,250,156,141,172,31,78,406,328,125,2031,S21a
141,109,-32,157,110,-47,187,140,-47,125,719,594,78,375,297,125,125,0,94,359,265,141,2078,S21a
188,47,-141,172,141,-31,172,109,-63,125,470,345,110,266,156,156,250,94,94,359,265,141,1783,S21a
172,94,-78,141,94,-47,187,125,-62,140,718,578,94,313,219,141,187,46,94,282,188,140,1953,S21a
172,110,-62,140,109,-31,188,125,-63,141,750,609,109,281,172,157,219,62,109,391,282,156,2141,S21a
156,94,-62,156,109,-47,203,141,-62,140,1015,875,94,328,234,141,188,47,78,406,328,141,2422,S21a
140,78,-62,125,109,-16,156,110,-46,125,1095,970,78,344,266,125,203,78,78,359,281,156,2454,S21a
140,78,-62,156,109,-47,172,125,-47,141,1797,1656,-906,-656,250,140,234,94,78,344,266,125,2156,S21a
172,125,-47,125,79,-46,187,140,-47,125,922,797,109,344,235,125,125,0,94,312,218,157,2204,S21a
171,93,-78,125,78,-47,297,204,-93,187,1109,922,78,265,187,141,172,31,78,344,266,141,2406,S21a
172,78,-94,141,110,-31,203,125,-78,156,484,328,78,313,235,125,140,15,110,281,171,157,1688,S21a
157,78,-79,141,110,-31,172,125,-47,125,454,329,78,282,204,140,218,78,94,266,172,172,1705,S21a
156,78,-78,156,125,-31,172,125,-47,125,469,344,109,828,719,140,406,266,78,266,188,125,2422,S21a
156,46,-110,141,110,-31,187,125,-62,125,828,703,94,328,234,141,172,31,78,344,266,140,2093,S21a
172,78,-94,125,94,-31,171,140,-31,110,656,546,110,360,250,140,156,16,94,391,297,156,2031,S21a
140,62,-78,156,110,-46,187,125,-62,140,625,485,93,312,219,156,281,125,94,282,188,187,1984,S21a
156,78,-78,156,94,-62,187,141,-46,140,687,547,94,313,219,140,156,16,109,312,203,172,1953,S21a
142,94,-48,126,95,-31,188,156,-32,125,797,672,94,313,219,140,140,0,94,360,266,156,2111,S21a
141,250,109,156,125,-31,188,125,-63,141,547,406,94,391,297,140,375,235,78,406,328,125,2344,S21a
141,110,-31,125,93,-32,172,110,-62,125,422,297,93,234,141,141,219,78,93,390,297,156,1734,S21a
140,94,-46,125,109,-16,172,109,-63,125,532,407,109,312,203,156,234,78,79,391,312,141,1922,S21a
156,94,-62,140,109,-31,203,141,-62,109,390,281,110,314,204,172,578,406,78,438,360,156,2220,S21a
141,94,-47,125,109,-16,157,110,-47,109,859,750,78,297,219,187,266,79,78,343,265,157,2235,S21a
141,94,-47,141,109,-32,188,141,-47,125,734,609,110,266,156,172,234,62,78,360,282,140,2078,S21a
141,94,-47,125,94,-31,156,125,-31,109,687,578,94,281,187,158,236,78,78,406,328,141,2064,S21a
125,110,-15,125,94,-31,171,125,-46,109,328,219,93,187,94,156,281,125,78,375,297,125,1625,S21a
140,78,-62,140,140,0,157,110,-47,109,984,875,109,234,125,157,346,189,78,312,234,141,2345,S21a
141,94,-47,125,94,-31,203,156,-47,94,344,250,109,359,250,141,344,203,78,312,234,141,1844,S21a
109,125,16,125,125,0,156,109,-47,110,703,593,94,469,375,125,156,31,94,407,313,125,2219,S21a
141,47,-94,141,110,-31,171,140,-31,94,516,422,93,250,157,140,203,63,94,390,296,125,1781,S21a
156,109,-47,125,94,-31,172,125,-47,1109,359,-750,94,282,188,140,156,16,94,359,265,141,1625,S21a
156,109,-47,125,110,-15,156,109,-47,1109,703,-406,78,234,156,157,203,46,94,375,281,125,1968,S21a
156,109,-47,125,110,-15,172,125,-47,109,359,250,111,314,203,156,188,32,93,359,266,141,1705,S21a
141,63,-78,140,125,-15,187,109,-78,125,391,266,125,265,140,141,250,109,78,313,235,140,1656,S21a
140,62,-78,125,110,-15,171,125,-46,140,656,516,94,219,125,156,203,47,109,343,234,125,1843,S21a
141,63,-78,140,125,-15,172,125,-47,109,390,281,110,360,250,125,172,47,93,296,203,157,1688,S21a
141,63,-78,125,109,-16,172,125,-47,110,328,218,110,250,140,172,204,32,78,718,640,141,1938,S21a
203,203,0,93,47,-46,218,156,-62,140,453,313,94,344,250,140,140,0,63,328,265,141,1812,S21a
1125,62,-1063,141,110,-31,172,125,-47,109,359,250,94,250,156,156,188,32,78,359,281,141,1594,S21a
125,94,-31,109,109,0,157,94,-63,110,375,265,110,281,171,172,172,0,63,328,265,141,1594,S21a
140,140,0,94,94,0,1156,109,-1047,125,469,344,94,297,203,172,359,187,78,328,250,157,1953,S21a
109,62,-47,141,110,-31,172,140,-32,110,407,297,109,218,109,172,203,31,96,330,234,125,1595,S21a
141,79,-62,140,125,-15,156,109,-47,125,469,344,109,437,328,156,156,0,94,360,266,156,1891,S21a
125,109,-16,141,110,-31,172,125,-47,125,312,187,110,297,187,156,203,47,78,375,297,141,1672,S21a
125,93,-32,157,110,-47,172,140,-32,125,375,250,110,266,156,203,203,0,125,453,328,125,1765,S21a
141,172,31,125,110,-15,172,125,-47,125,390,265,78,281,203,141,188,47,78,502,424,125,1893,S21a
172,141,-31,141,141,0,172,109,-63,109,406,297,110,250,140,172,219,47,78,406,328,157,1829,S21a
125,62,-63,157,125,-32,172,110,-62,125,390,265,94,266,172,156,219,63,109,343,234,125,1640,S21a
140,109,-31,125,110,-15,156,109,-47,109,375,266,109,281,172,141,235,94,93,359,266,172,1750,S21a
141,78,-63,156,125,-31,188,141,-47,140,1031,891,78,1283,1205,140,187,47,78,344,266,125,3314,S21a
125,109,-16,141,94,-47,187,141,-46,109,328,219,109,375,266,140,109,-31,109,453,344,141,1750,S21a
140,93,-47,125,79,-46,218,171,-47,110,735,625,62,281,219,141,203,62,78,375,297,156,2093,S21a
141,78,-63,125,1110,985,-828,-891,-63,125,313,188,109,265,156,188,203,15,94,360,266,156,1594,S21a
125,62,-63,1141,1141,0,-844,-891,-47,110,375,265,94,297,203,187,1219,1032,-922,-641,281,172,1734,S21a
1156,78,-1078,156,141,-15,187,125,-62,125,328,203,125,312,187,188,203,15,94,329,235,156,1672,S21a
125,94,-31,125,109,-16,157,110,-47,109,328,219,109,594,485,172,250,78,78,312,234,141,1938,S21a
157,78,-79,125,125,0,172,110,-62,109,297,188,93,265,172,172,313,141,125,312,187,125,1625,S21a
188,63,-125,140,125,-15,203,125,-78,125,328,203,94,250,156,203,344,141,93,314,221,156,1705,S21a
156,109,-47,125,94,-31,187,125,-62,109,312,203,125,281,156,188,313,125,109,375,266,125,1734,S21a
125,46,-79,125,125,0,188,110,-78,109,312,203,94,313,219,172,422,250,78,250,172,156,1734,S21a
157,94,-63,125,94,-31,203,141,-62,125,687,562,78,234,156,157,282,125,78,281,203,125,1938,S21a
125,94,-31,109,109,0,219,156,-63,172,1063,891,94,265,171,157,204,47,78,359,281,125,2375,S21a
141,94,-47,125,93,-32,188,125,-63,125,328,203,110,391,281,172,281,109,94,360,266,125,1797,S21a
141,63,-78,156,125,-31,203,140,-63,1110,844,-266,62,453,391,172,203,31,94,406,312,157,2391,S21a
157,125,-32,172,141,-31,187,125,-62,125,391,266,125,250,125,203,234,31,94,330,236,140,1736,S21a
125,62,-63,141,125,-16,188,125,-63,110,735,625,78,281,203,156,219,63,93,297,204,156,2000,S21a
141,79,-62,125,125,0,171,125,-46,125,390,265,94,281,187,203,250,47,94,282,188,140,1672,S21a
125,78,-47,140,125,-15,172,93,-79,125,391,266,125,281,156,221,330,109,78,250,172,156,1704,S21a
141,141,0,125,78,-47,187,140,-47,125,313,188,125,297,172,187,203,16,94,328,234,156,1656,S21a
156,125,-31,125,109,-16,188,110,-78,125,343,218,1110,281,-829,204,219,15,78,375,297,141,1703,S21a
156,125,-31,125,125,0,156,93,-63,125,328,203,110,235,125,172,344,172,125,312,187,142,1704,S21a
141,78,-63,156,125,-31,203,141,-62,125,687,562,94,250,156,188,235,47,93,281,188,125,1922,S21a
125,125,0,156,156,0,203,78,-125,141,734,593,94,329,235,187,203,16,93,265,172,141,2031,S21a
141,94,-47,141,109,-32,203,141,-62,156,672,516,78,281,203,188,266,78,78,187,109,172,1922,S21a
127,111,-16,1156,109,-1047,219,157,-62,140,1062,922,94,281,187,188,391,203,141,531,390,141,2783,S21a
125,109,-16,125,109,-16,188,141,-47,109,297,188,125,312,187,141,235,94,78,297,219,140,1640,S21a
141,78,-63,141,141,0,203,156,-47,141,859,718,110,235,125,172,234,62,78,375,297,188,2266,S21a
140,94,-46,140,109,-31,187,125,-62,125,687,562,94,235,141,172,250,78,94,265,171,172,1937,S21a
125,62,-63,157,125,-32,188,141,-47,109,734,625,110,266,156,172,203,31,78,297,219,125,1953,S21a
156,78,-78,142,95,-47,203,141,-62,125,344,219,93,796,703,141,688,547,94,344,250,125,2611,S21a
156,110,-46,140,109,-31,187,125,-62,109,406,297,109,297,188,219,422,203,78,281,203,141,1891,S21a
110,94,-16,156,125,-31,172,125,-47,110,360,250,109,453,344,172,343,171,94,391,297,109,2000,S21a
141,62,-79,157,141,-16,188,125,-63,109,453,344,110,533,423,141,219,78,109,359,250,141,2033,S21a
156,93,-63,141,94,-47,188,156,-32,125,594,469,78,344,266,109,156,47,78,344,266,125,1906,S21a
141,78,-63,172,94,-78,203,672,469,93,718,625,63,297,234,125,157,32,93,359,266,156,2531,S21a
140,109,-31,141,109,-32,188,141,-47,109,672,563,62,250,188,140,172,32,109,343,234,125,1921,S21a
156,78,-78,125,109,-16,188,141,-47,109,344,235,109,297,188,140,172,32,93,265,172,125,1531,S21a
141,78,-63,156,110,-46,203,171,-32,110,922,812,94,252,158,156,203,47,78,344,266,140,2220,S21a
125,94,-31,156,125,-31,187,125,-62,140,1437,1297,-890,-750,140,172,172,0,94,281,187,157,1641,S21a
188,94,-94,203,172,-31,203,156,-47,125,781,656,94,359,265,188,219,31,78,625,547,125,2531,S21a
141,78,-63,141,125,-16,188,125,-63,141,750,609,94,203,109,172,219,47,141,516,375,125,2141,S21a
156,109,-47,125,125,0,156,110,-46,109,640,531,95,236,141,172,219,47,78,250,172,172,1861,S21a
141,94,-47,156,125,-31,218,140,-78,125,422,297,94,313,219,140,156,16,125,281,156,172,1703,S21a
156,78,-78,140,109,-31,188,125,-63,125,344,219,94,234,140,172,203,31,94,266,172,156,1515,S21a
156,109,-47,141,141,0,156,94,-62,109,359,250,94,234,140,172,188,16,94,328,234,156,1609,S21a
140,78,-62,125,125,0,203,125,-78,141,359,218,110,235,125,172,187,15,94,360,266,125,1594,S21a
141,125,-16,141,109,-32,188,125,-63,125,703,578,125,266,141,219,281,62,94,375,281,156,2140,S21a
141,94,-47,172,125,-47,218,172,-46,125,687,562,1109,297,-812,156,219,63,109,422,313,125,2141,S21a
125,93,-32,141,94,-47,203,141,-62,140,422,282,109,250,141,156,406,250,78,281,203,141,1828,S21a
142,126,-16,125,94,-31,172,125,-47,125,312,187,141,266,125,156,234,78,79,266,187,156,1579,S21a
140,78,-62,140,93,-47,203,125,-78,141,344,203,141,297,156,156,187,31,94,344,250,125,1593,S21a
140,93,-47,125,94,-31,188,125,-63,125,328,203,127,283,156,156,234,78,110,375,265,125,1657,S21a
187,109,-78,141,109,-32,203,125,-78,110,313,203,140,297,157,234,234,0,78,359,281,172,1718,S21a
156,94,-62,156,125,-31,187,125,-62,125,312,187,141,250,109,188,188,0,93,406,313,156,1656,S21a
156,78,-78,172,125,-47,219,141,-78,140,328,188,140,265,125,219,219,0,94,328,234,141,1625,S21a
157,79,-78,156,109,-47,219,141,-78,1156,406,-750,140,281,141,219,297,78,125,312,187,188,1813,S21a
173,94,-79,142,111,-31,218,125,-93,125,390,265,141,313,172,172,468,296,94,297,203,156,1954,S21a
157,125,-32,141,94,-47,250,156,-94,125,344,219,156,266,110,203,250,47,93,297,204,187,1719,S21a
204,125,-79,172,125,-47,250,141,-109,141,422,281,141,328,187,172,219,47,78,281,203,156,1797,S21a
171,109,-62,109,78,-31,234,156,-78,125,297,172,141,266,125,203,219,16,78,328,250,125,1578,S21a
140,78,-62,1156,125,-1031,234,125,-109,140,500,360,109,329,220,157,266,109,78,266,188,156,1845,S21a
141,94,-47,140,93,-47,219,157,-62,109,312,203,110,781,671,157,344,187,94,313,219,172,2266,S21a
92,716,624,96,616,520,112,480,368,80,864,784,104,392,288,80,496,416,96,312,216,72,3948,S19a
104,544,440,96,632,536,80,223,143,72,1233,1161,95,367,272,88,434,346,126,423,297,80,3936,S19a
104,296,192,88,472,384,104,208,104,72,232,160,88,384,296,80,280,200,72,240,168,64,2176,S19a
88,264,176,96,728,632,104,248,144,72,440,368,88,264,176,88,312,224,80,288,208,56,2600,S19a
80,616,536,72,320,248,72,208,136,72,392,320,88,256,168,80,376,296,72,192,120,64,2424,S19a
72,304,232,72,664,592,128,192,64,72,312,240,88,248,160,80,272,192,88,272,184,56,2320,S19a
72,272,200,80,352,272,80,216,136,56,336,280,88,264,176,56,280,224,96,344,248,56,2120,S19a
72,272,200,96,432,336,96,224,128,104,296,192,80,448,368,80,280,200,88,344,256,64,2360,S19a
104,264,160,88,1072,984,128,592,464,72,320,248,80,768,688,80,296,216,72,296,224,72,3680,S19a
49,257,208,104,2232,2128,96,248,152,80,1280,1200,96,544,448,72,304,232,104,288,184,64,5217,S19a
88,264,176,80,1224,1144,112,216,104,72,345,273,87,263,176,80,328,248,96,248,152,56,2944,S19a
80,664,584,96,656,560,112,216,104,80,432,352,104,216,112,56,304,248,112,240,128,48,2776,S19a
72,272,200,104,416,312,88,216,128,80,520,440,128,328,200,80,840,760,80,168,88,55,2815,S19a
96,424,328,112,360,248,112,216,104,72,328,256,96,288,192,64,256,192,96,632,536,56,2560,S19a
88,336,248,72,1080,1008,136,240,104,64,568,504,88,288,200,80,224,144,104,312,208,64,3112,S19a
72,248,176,96,440,344,80,216,136,80,376,296,96,368,272,72,1168,1096,104,1513,1409,63,4392,S19a
96,264,168,112,336,224,104,216,112,80,384,304,96,280,184,80,1832,1752,152,552,400,72,3936,S19a
80,256,176,80,384,304,89,192,103,80,328,248,112,264,152,80,232,152,81,264,183,80,2000,S19a
96,448,352,80,728,648,88,168,80,72,544,472,96,312,216,80,408,328,104,328,224,80,3016,S19a
72,256,184,96,464,368,104,216,112,72,248,176,104,472,368,64,248,184,120,296,176,56,2256,S19a
96,296,200,104,777,673,127,215,88,80,328,248,104,408,304,80,256,176,112,288,176,56,2624,S19a
86,248,162,89,625,536,80,208,128,64,288,224,104,720,616,88,272,184,88,552,464,72,2985,S19a
120,344,224,96,760,664,96,240,144,80,528,448,96,897,801,79,879,800,112,376,264,79,4103,S19a
88,376,288,88,320,232,80,224,144,80,328,248,112,408,296,72,400,328,104,312,208,72,2440,S19a
80,272,192,80,289,209,103,215,112,80,361,281,127,215,88,80,273,193,127,215,88,56,1896,S19a
72,249,177,111,319,208,96,160,64,80,328,248,112,400,288,64,216,152,120,201,81,71,1944,S19a
80,304,224,120,320,200,112,233,121,79,392,313,87,295,208,88,320,232,120,240,120,48,2152,S19a
55,327,272,121,680,559,88,192,104,72,344,272,96,377,281,79,231,152,120,272,152,72,2495,S19a
112,264,152,104,328,224,112,176,64,88,384,296,104,335,231,73,265,192,112,264,152,64,2080,S19a
112,272,160,105,425,320,111,223,112,80,448,368,88,584,496,80,257,177,111,408,297,64,2681,S19a
79,471,392,104,536,432,104,200,96,80,344,264,113,576,463,96,280,184,112,697,585,71,3175,S19a
79,239,160,88,416,328,120,256,136,80,264,184,96,328,232,64,224,160,112,480,368,88,2295,S19a
63,239,176,88,208,120,104,208,104,65,272,207,96,320,224,56,1232,1176,88,240,152,64,2783,S19a
95,343,248,88,1000,912,105,280,175,88,528,440,96,329,233,71,295,224,104,225,121,55,3055,S19a
87,265,178,111,487,376,112,216,104,64,281,217,103,287,184,88,288,200,104,264,160,80,2168,S19a
103,287,184,80,225,145,103,223,120,80,424,344,112,264,152,72,296,224,120,296,176,56,2071,S19a
80,249,169,103,1159,1056,80,304,224,80,1752,1672,96,296,200,80,272,192,112,264,152,56,4352,S19a
72,273,201,95,239,144,88,217,129,63,288,225,103,287,184,104,224,120,96,208,112,57,1793,S19a
79,303,224,88,289,201,95,280,185,63,560,497,111,359,248,72,209,137,103,239,136,72,2311,S19a
80,281,201,95,632,537,103,207,104,64,569,505,111,296,185,79,255,176,104,400,296,64,2704,S19a
80,529,449,79,263,184,104,225,121,71,736,665,87,343,256,104,352,248,64,384,320,72,2904,S19a
80,362,282,102,270,168,80,217,137,79,511,432,88,257,169,87,287,200,104,249,145,47,2200,S19a
79,279,200,112,776,664,96,320,224,72,928,856,104,768,664,88,305,217,103,439,336,64,3879,S19a
71,319,248,88,609,521,103,216,113,79,431,352,104,305,201,95,264,169,95,239,144,81,2464,S19a
128,304,176,112,648,536,129,225,96,79,447,368,88,264,176,80,233,153,103,248,145,79,2448,S19a
95,591,496,104,456,352,104,192,88,96,464,368,96,224,128,80,281,201,111,216,105,79,2503,S19a
104,424,320,96,264,168,112,241,129,79,384,305,111,288,177,63,240,177,111,271,160,80,2192,S19a
104,433,329,87,239,152,104,344,240,72,705,633,95,256,161,79,280,201,103,224,121,64,2545,S19a
88,272,184,88,337,249,79,223,144,72,384,312,104,641,537,87,264,177,111,287,176,72,2480,S19a
112,369,257,95,328,233,87,240,153,63,440,377,111,431,320,80,233,153,111,295,184,88,2424,S19a
95,344,249,87,1400,1313,71,199,128,80,521,441,87,424,337,79,208,129,112,224,112,71,3391,S19a
112,313,201,103,904,801,111,304,193,87,456,369,103,255,152,72,241,169,103,223,120,73,2769,S19a
104,288,184,129,897,768,79,263,184,80,545,465,103,600,497,79,408,329,79,303,224,88,3392,S19a
89,944,855,80,280,200,103,224,121,71,663,592,104,345,241,71,255,184,104,232,128,40,2983,S19a
80,265,185,127,280,153,103,200,97,71,343,272,80,424,344,57,216,159,88,208,120,72,2008,S19a
55,256,201,111,328,217,103,208,105,87,296,209,95,296,201,72,208,136,111,264,153,55,1911,S19a
71,296,225,87,272,185,103,216,113,79,336,257,79,296,217,79,240,161,95,256,161,48,1960,S19a
103,424,321,103,1008,905,103,159,56,64,297,233,103,248,145,79,240,161,119,200,81,67,2643,S19a
95,248,153,112,263,151,104,225,121,63,311,248,104,225,121,79,255,176,96,201,105,63,1791,S19a
79,592,513,71,224,153,87,256,169,87,1064,977,87,232,145,63,1000,937,103,352,249,47,3767,S19a
71,264,193,103,575,472,96,217,121,79,351,272,80,265,185,79,624,545,103,192,89,80,2568,S19a
71,327,256,81,457,376,111,192,81,79,367,288,80,480,400,80,217,137,103,208,105,63,2311,S19a
104,407,303,104,1088,984,104,201,97,79,519,440,89,384,295,89,417,328,87,208,121,79,3303,S19a
103,3543,3440,80,392,312,88,193,105,79,343,264,88,273,185,71,439,368,112,232,120,80,5495,S19a
79,328,249,87,439,352,96,192,96,72,321,249,103,312,209,79,232,153,111,200,89,64,2088,S19a
71,272,201,63,216,153,119,263,144,73,449,376,111,456,345,80,184,104,79,232,153,80,2152,S19a
80,416,336,95,344,249,79,248,169,71,312,241,96,439,343,72,217,145,103,224,121,47,2247,S19a
71,233,162,118,255,137,103,247,144,72,248,176,80,369,289,104,296,192,95,208,113,55,1911,S19a
79,367,288,80,233,153,95,224,129,55,327,272,88,217,129,63,240,177,103,208,105,72,1888,S19a
88,265,177,71,208,137,87,240,153,79,272,193,119,447,328,80,217,137,111,191,80,65,1905,S19a
79,256,177,103,248,145,112,216,104,79,279,200,96,241,145,79,224,145,103,208,105,55,1727,S19a
55,327,272,80,216,136,96,273,177,64,264,200,96,256,160,87,239,152,95,176,81,79,1830,S19a
88,265,177,79,207,128,104,209,105,71,352,281,112,231,119,56,313,257,87,224,137,80,1881,S19a
72,495,423,97,273,176,96,192,96,80,359,279,105,225,120,64,288,224,96,200,104,56,2088,S19a
95,367,272,80,241,161,79,208,129,64,1840,1776,88,448,360,96,328,232,96,208,112,64,3704,S19a
88,248,160,64,192,128,80,168,88,80,376,296,104,376,272,72,201,129,95,208,113,55,1824,S19a
80,224,144,128,272,144,103,200,97,64,351,287,97,281,184,80,175,95,81,217,136,72,1792,S19a
80,232,152,88,264,176,104,232,128,80,351,271,105,233,128,104,216,112,128,232,104,64,1824,S19a
80,216,136,72,240,168,64,192,128,72,320,248,96,240,144,88,224,136,104,200,96,64,1696,S19a
80,240,160,80,296,216,88,224,136,72,488,416,104,233,129,71,247,176,120,208,88,88,2024,S19a
95,224,129,79,232,153,111,264,153,79,440,361,87,240,153,95,256,161,127,224,97,56,1936,S19a
81,281,200,103,240,137,104,223,119,89,681,592,103,279,176,81,265,184,104,280,176,72,2321,S19a
104,280,176,104,232,128,112,240,128,64,327,263,89,289,200,80,232,152,104,232,128,80,1912,S19a
87,344,257,88,240,152,96,280,184,80,320,240,88,384,296,80,256,176,128,280,152,72,2176,S19a
80,240,160,80,288,208,104,224,120,80,288,208,104,280,176,104,224,120,96,200,104,72,1816,S19a
88,240,152,80,248,168,88,240,152,80,304,224,112,256,144,80,280,200,104,216,112,80,1864,S19a
88,816,728,120,328,208,104,208,104,80,304,224,96,256,160,72,231,159,113,225,112,72,2440,S19a
96,304,208,96,976,880,88,296,208,88,328,240,104,272,168,80,232,152,96,240,144,56,2704,S19a
88,320,232,88,248,160,104,256,152,88,512,424,104,232,128,72,272,200,128,224,96,72,2136,S19a
112,272,160,112,312,200,80,264,184,72,480,408,104,248,144,80,232,152,120,208,88,80,2096,S19a
96,247,151,105,225,120,128,256,128,80,376,296,95,248,153,80,216,136,104,224,120,56,1848,S19a
88,272,184,79,256,177,104,256,152,72,328,256,104,280,176,96,200,104,104,224,120,64,1880,S19a
88,304,216,104,280,176,104,304,200,104,352,248,96,248,152,96,272,176,96,216,120,96,2072,S19a
80,232,152,72,224,152,88,232,144,96,264,168,96,256,160,88,200,112,112,1416,1304,80,2904,S19a
112,264,152,80,216,136,96,208,112,80,200,120,120,296,176,88,200,112,128,248,120,80,1712,S19a
101,293,192,103,280,177,87,288,201,80,384,304,104,319,215,89,369,280,96,248,152,71,2252,S19a
80,336,256,96,272,176,80,160,80,87,367,280,113,489,376,88,192,104,87,304,217,80,2200,S19a
88,311,223,89,321,232,96,280,184,88,376,288,112,792,680,72,272,200,104,232,128,72,2656,S19a
80,216,136,88,215,127,96,153,57,80,312,232,104,248,144,104,200,96,87,240,153,80,1664,S19a
80,232,152,88,216,128,112,144,32,72,224,152,96,248,152,104,232,128,80,232,152,80,1608,S19a
80,208,128,80,208,128,96,152,56,87,216,129,104,264,160,104,248,144,88,256,168,80,1632,S19a
72,216,144,96,224,128,104,200,96,80,192,112,104,375,271,105,217,112,112,264,152,72,1760,S19a
56,376,320,120,464,344,101,200,99,88,240,152,88,216,128,96,216,120,104,192,88,80,1984,S19a
104,264,160,104,232,128,104,184,80,72,256,184,48,1240,1192,104,352,248,112,296,184,72,2896,S19a
80,208,128,80,216,136,104,200,96,72,224,152,104,256,152,80,232,152,96,224,128,64,1624,S19a
80,232,152,80,200,120,112,192,80,80,208,128,112,240,128,87,232,145,80,208,128,72,1584,S19a
104,200,96,87,216,129,112,192,80,80,160,80,128,280,152,88,200,112,104,208,104,72,1528,S19a
104,208,104,96,232,136,104,200,96,80,216,136,112,272,160,88,200,112,96,240,144,80,1648,S19a
88,264,176,104,280,176,112,224,112,88,576,488,96,208,112,88,240,152,88,208,120,64,2064,S19a
104,192,88,80,216,136,104,192,88,88,264,176,104,240,136,80,224,144,88,184,96,72,1584,S19a
73,161,88,88,200,112,112,176,64,88,216,128,88,304,216,80,208,128,112,176,64,80,1521,S19a
95,192,97,80,192,112,112,176,64,88,200,112,120,264,144,88,208,120,103,184,81,72,1488,S19a
80,184,104,80,208,128,104,168,64,88,200,112,120,272,152,80,200,120,88,200,112,80,1512,S19a
72,160,88,103,232,129,104,208,104,80,192,112,104,272,168,96,184,88,104,200,96,80,1528,S19a
88,176,88,88,232,144,104,184,80,80,168,88,128,280,152,88,192,104,104,192,88,80,1504,S19a
48,184,136,104,216,112,96,152,56,88,224,136,104,256,152,104,240,136,96,176,80,88,1536,S19a
80,176,96,96,232,136,96,176,80,88,128,40,112,296,184,88,192,104,87,248,161,80,1528,S19a
80,208,128,64,488,424,88,168,80,88,240,152,96,272,176,64,184,120,96,240,144,80,1880,S19a
80,160,80,80,216,136,104,176,72,80,136,56,112,296,184,88,152,64,112,240,128,80,1456,S19a
88,192,104,72,200,128,96,176,80,80,160,80,96,824,728,88,264,176,96,704,608,64,2584,S19a
72,184,112,80,224,144,80,168,88,88,152,64,104,296,192,88,200,112,80,224,144,72,1520,S19a
88,168,80,88,216,128,104,184,80,80,160,80,96,274,178,86,174,88,104,224,120,80,1480,S19a
96,152,56,88,216,128,103,176,73,72,152,80,112,288,176,80,152,72,96,208,112,72,1416,S19a
88,152,64,88,208,120,112,192,80,80,168,88,104,312,208,80,168,88,104,240,136,72,1512,S19a
73,169,96,104,232,128,95,168,73,88,160,72,103,288,185,88,168,80,103,208,105,72,1465,S19a
97,153,56,80,208,128,104,168,64,80,192,112,128,272,144,88,192,104,96,184,88,80,1449,S19a
80,232,152,64,192,128,104,160,56,80,248,168,88,272,184,80,264,184,96,216,120,80,1664,S19a
88,224,136,72,184,112,88,152,64,80,208,128,104,264,160,80,192,112,96,184,88,80,1488,S19a
80,184,104,80,208,128,80,136,56,72,144,72,104,280,176,96,168,72,104,184,80,71,1375,S19a
88,168,80,88,208,120,96,152,56,80,168,88,112,288,176,80,168,88,104,200,96,72,1424,S19a
80,168,88,80,216,136,96,152,56,80,176,96,104,264,160,104,176,72,104,200,96,80,1432,S19a
80,160,80,88,224,136,96,168,72,88,168,80,112,280,168,96,184,88,112,192,80,80,1456,S19a
112,200,88,80,216,136,104,184,80,80,184,104,104,256,152,104,200,96,104,184,80,72,1496,S19a
80,184,104,72,232,160,128,288,160,88,296,208,112,239,127,97,225,128,128,240,112,80,1784,S19a
80,192,112,80,232,152,80,200,120,88,240,152,104,224,120,88,216,128,96,200,104,80,1584,S19a
111,208,97,80,200,120,104,192,88,80,184,104,104,240,136,80,224,144,96,208,112,80,1536,S19a
104,216,112,104,224,120,120,200,80,88,200,112,112,256,144,80,600,520,64,408,344,96,2200,S19a
80,208,128,72,208,136,88,184,96,79,167,88,105,313,208,88,176,88,104,200,96,64,1520,S19a
88,168,80,72,416,344,128,200,72,80,216,136,104,312,208,80,184,104,104,304,200,80,1880,S19a
72,360,288,80,520,440,88,168,80,80,208,128,111,488,377,80,184,104,87,264,177,48,2240,S19a
72,504,432,88,232,144,104,192,88,71,335,264,81,1505,1424,72,224,152,80,232,152,64,3288,S19a
80,160,80,72,200,128,96,160,64,80,280,200,104,456,352,88,224,136,88,248,160,80,1808,S19a
88,200,112,80,208,128,96,184,88,80,360,280,104,736,632,72,224,152,80,248,168,64,2224,S19a
80,216,136,80,208,128,80,160,80,96,208,112,104,568,464,80,184,104,80,232,152,80,1856,S19a
80,256,176,72,200,128,88,160,72,80,208,128,96,344,248,112,256,144,88,256,168,80,1760,S19a
80,288,208,88,216,128,96,184,88,80,216,136,104,296,192,80,208,128,80,184,104,88,1680,S19a
136,232,96,80,200,120,96,160,64,104,224,120,96,296,200,112,320,208,88,224,136,80,1736,S19a
80,256,176,88,216,128,96,152,56,80,232,152,104,256,152,40,272,232,104,176,72,80,1640,S19a
88,224,136,88,216,128,80,144,64,88,168,80,104,272,168,104,184,80,88,216,128,80,1504,S19a
80,192,112,88,224,136,104,184,80,72,176,104,96,256,160,80,200,120,80,216,136,72,1520,S19a
112,216,104,64,192,128,88,152,64,80,184,104,80,224,144,88,240,152,80,168,88,88,1464,S19a
88,192,104,80,208,128,80,152,72,80,248,168,104,696,592,72,216,144,88,240,152,80,2032,S19a
80,216,136,64,208,144,80,136,56,80,184,104,104,272,168,80,232,152,88,176,88,80,1504,S19a
80,232,152,80,208,128,80,120,40,80,168,88,104,256,152,88,176,88,80,192,112,72,1424,S19a
71,199,128,96,544,448,96,160,64,104,367,263,105,801,696,88,176,88,88,224,136,80,2551,S19a
104,200,96,80,184,104,96,152,56,104,184,80,96,280,184,104,200,96,80,232,152,88,1520,S19a
136,224,88,80,200,120,80,160,80,88,168,80,96,352,256,96,216,120,104,256,152,80,1656,S19a
96,216,120,80,200,120,88,144,56,80,192,112,104,240,136,80,200,120,96,208,112,80,1480,S19a
88,224,136,80,216,136,88,152,64,80,168,88,104,256,152,96,176,80,96,200,104,64,1456,S19a
104,240,136,80,208,128,104,160,56,80,256,176,120,216,96,104,224,120,88,256,168,88,1648,S19a
96,232,136,88,240,152,112,176,64,88,248,160,104,248,144,104,208,104,80,208,128,88,1648,S19a
103,191,88,80,184,104,80,144,64,112,560,448,88,744,656,80,176,96,88,280,192,88,2367,S19a
84,191,107,80,208,128,80,144,64,80,328,248,88,264,176,88,336,248,104,272,168,80,1823,S19a
72,240,168,88,264,176,40,144,104,80,351,271,129,241,112,88,576,488,95,191,96,80,2087,S19a
96,224,128,72,184,112,80,144,64,104,216,112,120,272,152,80,200,120,88,176,88,80,1496,S19a
96,248,152,96,224,128,72,144,72,88,248,160,104,216,112,104,256,152,88,192,104,88,1616,S19a
80,216,136,80,192,112,88,176,88,80,232,152,80,240,160,80,208,128,88,200,112,88,1552,S19a
80,288,208,80,208,128,88,136,48,88,288,200,104,192,88,80,248,168,88,264,176,80,1704,S19a
72,208,136,104,224,120,88,176,88,80,208,128,104,280,176,80,184,104,88,200,112,79,1559,S19a
80,216,136,80,200,120,80,144,64,80,184,104,104,232,128,88,192,104,104,200,96,72,1440,S19a
96,208,112,88,208,120,88,152,64,72,209,137,111,215,104,104,216,112,96,176,80,71,1455,S19a
80,232,152,72,224,152,96,168,72,72,192,120,96,224,128,104,201,97,95,183,88,80,1504,S19a
104,232,128,80,224,144,104,191,87,80,225,145,112,215,103,65,289,224,128,208,80,80,1664,S19a
88,192,104,72,201,129,103,174,71,89,913,824,96,168,72,112,217,105,79,183,104,88,2136,S19a
88,240,152,88,480,392,112,192,80,80,257,177,103,223,120,104,224,120,88,192,104,80,1888,S19a
88,191,103,80,809,729,72,136,64,104,280,176,104,216,112,112,257,145,79,224,145,87,2200,S19a
104,239,135,88,240,152,113,193,80,80,311,231,104,185,81,96,224,128,104,240,136,80,1712,S19a
96,224,128,80,208,128,96,152,56,80,168,88,112,240,128,88,200,112,88,216,128,80,1488,S19a
39,191,152,88,224,136,112,168,56,88,264,176,112,208,96,88,199,111,88,201,113,80,1535,S19a
88,265,177,87,664,577,95,224,129,79,519,440,105,184,79,104,241,137,112,264,152,88,2449,S19a
79,264,185,80,231,151,104,192,88,96,256,160,97,225,128,104,256,152,96,208,112,88,1720,S19a
88,240,152,88,239,151,81,176,95,89,193,104,128,248,120,88,225,137,95,199,104,72,1592,S19a
88,256,168,96,232,136,104,184,80,80,208,128,112,240,128,104,232,128,88,200,112,88,1640,S19a
55,288,233,95,223,128,88,160,72,88,224,136,112,248,136,96,199,103,89,234,145,79,1655,S19a
88,281,193,71,247,176,48,145,97,87,239,152,112,272,160,96,177,81,87,239,152,72,1672,S19a
80,192,112,80,216,136,88,191,103,81,169,88,128,264,136,104,216,112,80,232,152,64,1544,S19a
112,216,104,104,225,121,102,159,57,88,232,144,112,304,192,24,537,513,103,327,224,79,2079,S19a
112,248,136,112,256,144,120,192,72,80,240,160,104,280,176,104,352,248,104,208,104,72,1848,S19a
103,223,120,80,225,145,79,199,120,80,168,88,104,328,224,96,209,113,88,223,135,72,1647,S19a
104,240,136,88,225,137,79,191,112,80,201,121,94,287,193,104,208,104,104,224,120,104,1680,S19a
80,240,160,80,225,145,79,223,144,80,232,152,104,232,128,104,257,153,87,167,80,88,1664,S19a
96,200,104,64,200,136,112,144,32,80,232,152,104,424,320,104,176,72,88,216,128,80,1672,S19a
87,184,97,96,200,104,88,168,80,80,456,376,88,1736,1648,120,152,32,120,808,688,88,3792,S19a
79,192,113,64,192,128,96,136,40,80,232,152,88,224,136,88,184,96,88,216,128,87,1463,S19a
104,184,80,80,192,112,120,160,40,80,232,152,104,192,88,96,216,120,79,200,121,104,1480,S19a
96,192,96,72,160,88,112,160,48,88,240,152,104,215,111,97,233,136,88,192,104,72,1464,S19a
88,176,88,56,168,112,104,159,55,73,201,128,104,216,112,96,176,80,88,192,104,88,1376,S19a
88,200,112,88,175,87,113,153,40,87,192,105,104,200,96,112,217,105,87,184,97,71,1392,S19a
103,208,105,95,160,65,111,144,33,79,184,105,103,184,81,104,184,80,87,192,105,80,1336,S19a
136,216,80,88,168,80,119,176,57,63,192,129,111,208,97,87,176,89,104,216,112,79,1431,S19a
104,209,105,87,160,73,136,168,32,71,232,161,103,216,113,103,616,513,79,168,89,103,1872,S19a
80,241,161,63,384,321,103,176,73,87,199,112,96,785,689,79,184,105,79,256,177,79,2304,S19a
104,200,96,72,185,113,95,152,57,87,224,137,103,232,129,87,319,232,105,256,151,80,1648,S19a
104,208,104,111,208,97,160,215,55,80,217,137,103,208,105,103,175,72,88,193,105,79,1503,S19a
104,193,89,103,175,72,128,169,41,87,206,119,104,200,96,104,176,72,96,184,88,80,1383,S19a
112,201,89,111,167,56,104,152,48,72,177,105,103,215,112,112,193,81,87,215,128,72,1392,S19a
79,200,121,103,159,56,128,176,48,80,185,105,103,207,104,112,168,56,88,200,112,80,1375,S19a
72,168,96,96,152,56,104,152,48,80,216,136,88,216,128,80,496,416,80,240,160,80,1720,S19a
104,136,32,120,176,56,120,152,32,80,232,152,96,200,104,104,176,72,80,208,128,88,1368,S19a
96,184,88,112,152,40,128,168,40,80,216,136,104,224,120,96,176,80,80,192,112,88,1400,S19a
104,200,96,104,248,144,56,80,24,80,232,152,104,208,104,88,192,104,80,216,136,80,1456,S19a
88,216,128,104,160,56,136,168,32,96,240,144,119,232,113,88,184,96,104,200,96,80,1480,S19a
104,216,112,104,184,80,104,144,40,80,192,112,88,208,120,104,176,72,88,216,128,72,1408,S19a
88,184,96,112,336,224,112,176,64,88,240,152,112,208,96,112,264,152,88,264,176,80,1752,S19a
88,192,104,96,168,72,96,168,72,80,400,320,128,192,64,80,432,352,56,232,176,80,1864,S19a
96,184,88,88,192,104,112,176,64,80,192,112,96,248,152,80,184,104,72,224,152,72,1472,S19a
80,208,128,104,200,96,112,192,80,80,192,112,104,232,128,80,184,104,88,208,120,72,1488,S19a
104,216,112,88,192,104,120,176,56,80,184,104,96,248,152,80,152,72,88,239,151,81,1488,S19a
80,232,152,96,176,80,120,184,64,72,184,112,104,296,192,95,208,113,88,200,112,88,1568,S19a
88,216,128,96,824,728,120,200,80,72,480,408,111,296,185,72,168,96,88,568,480,88,2840,S19a
80,192,112,88,192,104,88,152,64,80,536,456,104,712,608,80,208,128,80,232,152,88,2312,S19a
81,161,80,104,176,72,104,160,56,72,168,96,96,216,120,104,168,64,80,192,112,80,1321,S19a
104,184,80,80,184,104,88,144,56,80,216,136,88,168,80,104,184,80,79,176,97,88,1344,S19a
105,177,72,96,160,64,128,151,23,72,249,177,127,208,81,88,200,112,87,184,97,87,1416,S19a
96,167,71,113,169,56,135,168,33,87,192,105,127,215,88,113,201,88,104,240,136,104,1456,S19a
88,169,81,128,160,32,128,167,39,72,177,105,128,208,80,120,184,64,88,200,112,80,1345,S19a
111,216,105,103,232,129,87,128,41,79,216,137,55,632,577,103,192,89,103,856,753,47,2519,S19a
88,241,153,95,272,177,95,176,81,79,520,441,79,184,105,95,160,65,103,255,152,64,1872,S19a
87,176,89,95,176,81,127,168,41,87,192,105,111,240,129,71,160,89,87,192,105,79,1383,S19a
87,215,128,88,193,105,128,184,56,79,240,161,103,216,113,79,224,145,63,167,104,72,1511,S19a
88,217,129,103,184,81,151,200,49,63,216,153,111,216,105,95,192,97,79,192,113,79,1496,S19a
79,208,129,95,231,136,112,177,65,79,887,808,88,945,857,55,607,552,80,137,57,55,3247,S19a
104,209,105,79,216,137,87,144,57,87,224,137,103,223,120,88,201,113,71,423,352,80,1720,S19a
79,239,160,88,200,112,112,176,64,80,256,176,104,208,104,89,192,103,88,200,112,80,1551,S19a
80,200,120,80,216,136,80,160,80,80,208,128,79,240,161,80,201,121,79,239,160,104,1568,S19a
104,176,72,88,240,152,80,160,80,96,185,89,103,239,136,96,200,104,80,232,152,88,1520,S19a
104,201,97,79,215,136,104,160,56,88,176,88,120,224,104,136,200,64,104,216,112,88,1480,S19a
80,216,136,88,241,153,95,143,48,88,264,176,128,208,80,104,273,169,95,199,104,96,1640,S19a
104,232,128,80,208,128,128,192,64,72,224,152,120,224,104,104,200,96,104,200,96,96,1576,S19a
72,168,96,64,184,120,104,144,40,104,208,104,104,192,88,112,168,56,88,176,88,88,1328,S19a
80,208,128,88,224,136,104,160,56,72,232,160,88,384,296,120,248,128,80,160,80,80,1696,S19a
96,200,104,88,416,328,144,200,56,96,176,80,112,240,128,96,184,88,104,208,104,80,1704,S19a
112,192,80,88,216,128,104,160,56,80,184,104,112,240,128,96,184,88,80,200,120,104,1480,S19a
104,192,88,96,200,104,112,160,48,80,168,88,112,239,127,97,177,80,88,240,152,96,1472,S19a
88,192,104,104,232,128,104,168,64,88,176,88,96,736,640,104,792,688,88,496,408,96,2888,S19a
80,224,144,80,192,112,112,168,56,88,208,120,112,208,96,104,184,80,88,216,128,88,1488,S19a
96,176,80,72,208,136,80,152,72,88,256,168,104,208,104,88,200,112,96,208,112,72,1480,S19a
88,216,128,80,240,160,104,200,96,79,240,161,96,224,128,88,224,136,88,192,104,72,1608,S19a
80,224,144,80,224,144,104,152,48,80,208,128,112,224,112,104,184,80,72,192,120,80,1488,S19a
87,208,121,80,216,136,88,168,80,72,248,176,104,232,128,72,168,96,80,168,88,88,1496,S19a
104,207,103,81,209,128,136,216,80,88,248,160,112,224,112,88,216,128,80,176,96,104,1600,S19a
104,200,96,80,216,136,120,184,64,88,240,152,104,232,128,88,216,128,80,184,104,88,1560,S19a
104,216,112,88,600,512,128,208,80,88,240,152,112,216,104,88,512,424,88,176,88,72,2240,S19a
88,159,71,89,273,184,96,176,80,104,912,808,104,176,72,80,360,280,104,288,184,104,2448,S19a
80,256,176,72,728,656,88,152,64,88,1192,1104,104,184,80,72,160,88,79,208,129,79,2959,S19a
87,224,137,80,240,160,112,200,88,96,232,136,112,224,112,80,208,128,80,240,160,87,1655,S19a
104,208,104,88,240,152,112,200,88,96,208,112,104,232,128,104,168,64,95,224,129,79,1559,S19a
80,232,152,71,224,153,79,192,113,103,352,249,64,192,128,87,248,161,79,232,153,80,1752,S19a
72,233,161,79,248,169,79,296,217,79,535,456,104,185,81,87,312,225,79,216,137,79,2104,S19a
89,273,184,79,232,153,63,175,112,104,257,153,55,288,233,79,192,113,71,160,89,63,1640,S19a
79,208,129,63,232,169,55,176,121,111,264,153,79,279,200,56,280,224,88,216,128,80,1735,S19a
87,263,176,64,217,153,87,143,56,80,280,200,72,201,129,88,207,119,80,176,96,56,1543,S19a
80,241,161,79,231,152,64,168,104,80,280,200,80,1993,1913,87,311,224,80,169,89,63,3456,S19a
96,240,144,80,216,136,104,160,56,88,240,152,80,208,128,88,208,120,80,184,104,64,1520,S19a
96,224,128,80,192,112,112,168,56,80,224,144,104,216,112,88,176,88,88,200,112,96,1496,S19a
88,216,128,88,192,104,128,152,24,88,200,112,112,216,104,96,184,88,80,168,88,104,1432,S19a
64,192,128,80,184,104,112,160,48,80,200,120,88,264,176,88,216,128,88,144,56,96,1456,S19a
88,216,128,64,216,152,80,168,88,80,208,128,88,240,152,96,184,88,79,248,169,72,1552,S19a
96,208,112,88,192,104,128,160,32,96,224,128,96,232,136,88,184,96,88,168,80,72,1440,S19a
80,208,128,80,224,144,120,168,48,72,296,224,104,208,104,80,200,120,88,216,128,64,1584,S19a
72,208,136,80,216,136,88,168,80,80,343,263,81,185,104,80,240,160,88,240,152,72,1672,S19a
104,256,152,72,184,112,104,160,56,80,343,263,105,233,128,88,376,288,88,184,96,88,1824,S19a
80,976,896,104,1168,1064,96,144,48,80,320,240,104,184,80,72,280,208,80,216,136,80,3368,S19a
88,232,144,80,192,112,72,160,88,79,288,209,64,384,320,88,200,112,88,176,88,79,1711,S19a
112,184,72,80,208,128,96,160,64,80,192,112,88,240,152,88,192,104,80,160,80,80,1416,S19a
96,224,128,80,216,136,104,168,64,88,224,136,112,264,152,72,208,136,96,192,96,80,1576,S19a
80,233,153,80,304,224,112,240,128,88,348,260,92,948,856,96,272,176,64,176,112,80,2601,S19a
87,160,73,71,175,104,88,121,33,79,216,137,79,687,608,72,209,137,87,199,112,80,1847,S19a
64,296,232,88,216,128,80,153,73,79,303,224,88,608,520,88,280,192,88,216,128,80,2152,S19a
88,201,113,63,192,129,63,127,64,88,200,112,80,264,184,96,209,113,87,207,120,80,1480,S19a
56,224,168,72,184,112,104,200,96,88,216,128,88,584,496,80,337,257,87,208,121,71,2024,S19a
80,240,160,80,184,104,112,192,80,88,216,128,96,248,152,96,208,112,104,184,80,80,1552,S19a
88,200,112,88,192,104,88,176,88,80,208,128,88,232,144,96,200,104,72,176,104,96,1480,S19a
71,175,104,80,168,88,112,192,80,88,200,112,96,232,136,105,192,87,88,200,112,80,1439,S19a
80,192,112,88,216,128,112,168,56,72,224,152,88,240,152,80,160,80,80,216,136,80,1496,S19a
80,176,96,80,192,112,96,160,64,80,192,112,80,216,136,104,184,80,88,192,104,88,1400,S19a
80,488,408,80,200,120,112,192,80,80,280,200,104,1256,1152,88,528,440,96,280,184,88,3312,S19a
80,160,80,79,199,120,88,105,17,87,231,144,105,201,96,104,232,128,80,208,128,88,1424,S19a
88,208,120,79,168,89,103,128,25,88,200,112,87,216,129,95,168,73,87,224,137,79,1391,S19a
56,168,112,79,184,105,104,136,32,104,192,88,87,216,129,104,184,80,79,184,105,79,1343,S19a
111,216,105,71,184,113,103,151,48,89,177,88,112,216,104,96,176,80,87,167,80,96,1383,S19a
87,216,129,87,200,113,103,144,41,80,280,200,111,183,72,96,208,112,88,272,184,89,1592,S19a
87,239,152,80,249,169,79,143,64,88,296,208,104,184,80,96,249,153,79,279,200,80,1719,S19a
80,224,144,112,217,105,103,159,56,81,177,96,79,199,120,104,153,49,79,207,128,88,1424,S19a
96,200,104,80,184,104,80,121,41,79,175,96,96,216,120,88,192,104,72,216,144,80,1384,S19a
88,248,160,72,185,113,87,127,40,88,200,112,88,192,104,104,185,81,79,167,88,80,1384,S19a
88,216,128,88,168,80,128,160,32,72,208,136,104,256,152,80,176,96,80,160,80,80,1424,S19a
80,208,128,80,192,112,104,144,40,80,232,152,112,217,105,87,199,112,88,216,128,72,1480,S19a
88,208,120,72,176,104,112,208,96,80,304,224,96,225,129,71,191,120,80,208,128,80,1600,S19a
104,200,96,88,192,104,80,160,80,80,920,840,96,152,56,80,360,280,104,216,112,80,2280,S19a
80,984,904,104,448,344,96,136,40,80,232,152,111,191,80,96,249,153,88,207,119,81,2528,S19a
104,184,80,96,200,104,96,136,40,72,184,112,104,192,88,96,168,72,96,192,96,80,1336,S19a
96,200,104,104,232,128,104,136,32,80,192,112,96,200,104,72,513,441,71,175,104,120,1768,S19a
88,192,104,104,472,368,88,144,56,80,200,120,88,224,136,88,192,104,80,864,784,72,2360,S19a
95,216,121,80,232,152,80,136,56,80,208,128,104,208,104,80,232,152,80,232,152,104,1568,S19a
72,248,176,80,208,128,96,152,56,80,216,136,104,248,144,104,224,120,80,200,120,72,1568,S19a
80,160,80,80,200,120,80,136,56,80,208,128,80,192,112,104,200,96,80,224,144,72,1392,S19a
88,288,200,104,208,104,96,152,56,72,184,112,104,208,104,103,168,65,88,256,168,88,1552,S19a
112,208,96,88,256,168,104,136,32,88,216,128,104,208,104,96,152,56,88,216,128,80,1472,S19a
103,192,89,96,232,136,104,160,56,72,232,160,112,192,80,88,168,80,80,208,128,80,1464,S19a
96,200,104,104,232,128,112,136,24,72,208,136,104,224,120,104,176,72,88,192,104,72,1440,S19a
104,176,72,104,224,120,112,152,40,80,208,128,136,216,80,104,168,64,104,176,72,80,1400,S19a
104,200,96,88,216,128,104,144,40,80,208,128,112,192,80,104,160,56,104,216,112,88,1424,S19a
72,176,104,104,224,120,104,128,24,80,208,128,96,200,104,112,168,56,88,192,104,88,1384,S19a
104,408,304,88,192,104,88,144,56,80,208,128,96,176,80,95,168,73,88,200,112,88,1584,S19a
80,208,128,88,216,128,104,160,56,80,208,128,96,224,128,88,152,64,80,232,152,80,1480,S19a
96,208,112,88,264,176,96,152,56,80,247,167,89,241,152,80,1072,992,104,447,343,81,2712,S19a
88,192,104,104,248,144,96,592,496,96,616,520,104,168,64,87,296,209,79,232,153,64,2408,S19a
88,248,160,88,216,128,104,136,32,80,216,136,112,208,96,103,264,161,104,264,160,80,1632,S19a
80,232,152,96,280,184,135,184,49,80,264,184,111,296,185,56,240,184,64,176,112,80,1752,S19a
79,207,128,88,225,137,128,184,56,88,216,128,103,224,121,87,176,89,79,216,137,88,1536,S19a
71,184,113,88,320,232,63,167,104,88,201,113,103,200,97,103,176,73,79,224,145,71,1543,S19a
80,185,105,79,447,368,112,192,80,80,472,392,136,184,48,112,265,153,63,192,129,79,2016,S19a
103,207,104,96,241,145,111,175,64,88,160,72,112,241,129,103,151,48,96,224,128,79,1478,S19a
88,200,112,104,529,425,127,207,80,96,216,120,112,233,121,95,176,81,95,272,177,64,1897,S19a
80,209,129,103,223,120,152,216,64,80,169,89,111,247,136,105,168,63,88,216,128,88,1536,S19a
96,209,113,103,232,129,119,160,41,87,183,96,128,240,112,89,144,55,104,216,112,80,1464,S19a
96,225,129,95,216,121,111,167,56,80,232,152,112,192,80,80,192,112,80,176,96,80,1480,S19a
88,208,120,96,224,128,128,168,40,88,240,152,120,200,80,96,184,88,88,168,80,80,1472,S19a
96,200,104,104,192,88,128,184,56,96,200,104,128,217,89,87,199,112,104,184,80,72,1448,S19a
88,168,80,96,481,385,135,183,48,96,225,129,111,199,88,88,184,96,96,224,128,88,1752,S19a
88,184,96,88,192,104,104,168,64,80,472,392,112,200,88,80,208,128,80,192,112,88,1704,S19a
96,224,128,104,648,544,112,200,88,88,280,192,104,272,168,48,296,248,40,200,160,82,2202,S19a
96,200,104,80,208,128,104,176,72,72,248,176,88,200,112,88,168,80,80,215,135,80,1495,S19a
104,232,128,96,224,128,128,183,55,89,193,104,120,248,128,88,168,80,88,184,96,88,1520,S19a
104,176,72,96,224,128,104,184,80,73,192,119,127,240,113,104,168,64,88,192,104,71,1447,S19a
88,208,120,96,248,152,80,160,80,96,176,80,128,240,112,104,168,64,104,287,183,81,1568,S19a
88,216,128,104,224,120,128,192,64,88,312,224,120,232,112,88,415,327,105,209,104,88,1888,S19a
80,192,112,104,224,120,112,176,64,88,296,208,104,208,104,80,208,128,88,216,128,80,1600,S19a
88,200,112,104,224,120,128,176,48,96,224,128,112,240,128,72,216,144,104,232,128,80,1592,S19a
104,184,80,96,224,128,128,192,64,88,200,112,128,256,128,80,160,80,104,200,96,96,1512,S19a
104,192,88,88,264,176,96,160,64,88,184,96,112,216,104,88,184,96,104,184,80,96,1480,S19a
112,200,88,88,232,144,112,184,72,88,208,120,128,248,120,104,184,80,96,216,120,104,1576,S19a
112,192,80,104,248,144,128,192,64,80,304,224,112,264,152,104,1032,928,79,168,89,80,2480,S19a
80,208,128,79,328,249,88,160,72,80,232,152,88,184,96,88,192,104,88,208,120,72,1584,S19a
88,200,112,72,576,504,103,176,73,88,184,96,95,240,145,80,168,88,103,240,137,71,1855,S19a
95,192,97,87,232,145,95,168,73,72,208,136,119,232,113,88,152,64,104,248,144,63,1495,S19a
87,168,81,95,232,137,112,168,56,88,216,128,112,224,112,88,216,128,96,264,168,80,1568,S19a
79,176,97,71,200,129,111,175,64,72,248,176,112,240,128,64,185,121,95,224,129,71,1519,S19a
104,191,87,80,273,193,47,151,104,80,200,120,112,224,112,120,217,97,104,168,64,87,1511,S19a
120,216,96,79,664,585,103,176,73,87,248,161,103,216,113,95,223,128,80,217,137,87,2047,S19a
72,329,257,103,279,176,112,200,88,80,288,208,128,217,89,87,199,112,97,240,143,80,1832,S19a
80,248,168,104,552,448,88,160,72,80,240,160,120,209,89,95,175,80,88,240,152,64,1888,S19a
104,256,152,104,304,200,96,240,144,96,280,184,112,240,128,80,240,160,112,208,96,104,1872,S19a
96,232,136,112,752,640,120,440,320,80,304,224,111,264,153,96,287,191,81,185,104,80,2544,S19a
105,273,168,104,384,280,57,232,175,80,544,464,136,880,744,136,232,96,72,728,656,128,3401,S19a
80,248,168,105,224,119,128,192,64,80,232,152,112,208,96,88,176,88,80,208,128,80,1568,S19a
86,222,136,96,224,128,128,192,64,88,280,192,96,216,120,32,303,271,97,209,112,80,1726,S19a
72,208,136,104,248,144,136,192,56,88,192,104,104,216,112,80,184,104,88,200,112,88,1528,S19a
80,208,128,80,200,120,120,200,80,104,208,104,96,200,104,80,168,88,80,208,128,80,1472,S19a
80,208,128,88,248,160,120,200,80,96,200,104,88,200,112,104,160,56,80,192,112,80,1488,S19a
80,208,128,64,216,152,88,200,112,88,288,200,88,192,104,96,232,136,80,208,128,71,1615,S19a
80,264,184,88,224,136,104,216,112,104,384,280,112,184,72,80,200,120,96,200,104,80,1752,S19a
104,200,96,88,224,136,128,192,64,88,216,128,128,240,112,88,176,88,104,232,128,80,1560,S19a
56,216,160,64,168,104,128,208,80,80,351,271,105,209,104,88,216,128,80,280,200,64,1712,S19a
104,239,135,57,425,368,144,208,64,104,199,95,113,217,104,104,160,56,104,192,88,80,1720,S19a
72,240,168,80,192,112,96,200,104,88,208,120,96,256,160,104,208,104,88,240,152,80,1624,S19a
80,241,161,88,240,152,104,208,104,103,288,185,104,224,120,96,240,144,56,248,192,88,1777,S19a
88,264,176,87,200,113,127,191,64,89,769,680,96,367,271,96,465,369,104,256,152,63,2575,S19a
79,216,137,71,184,113,111,167,56,80,809,729,88,192,104,79,672,593,96,224,128,63,2527,S19a
79,224,145,87,216,129,103,175,72,104,185,81,103,240,137,103,183,80,80,241,161,79,1543,S19a
79,240,161,79,224,145,103,152,49,86,407,321,104,217,113,79,184,105,87,240,153,79,1743,S19a
103,271,168,80,217,137,111,175,64,88,240,152,112,225,113,103,183,80,96,249,153,87,1647,S19a
95,247,152,80,256,176,96,201,105,87,240,153,111,223,112,104,201,97,87,215,128,80,1663,S19a
104,224,120,96,248,152,104,193,89,87,248,161,111,240,129,95,248,153,79,239,160,72,1712,S19a
104,233,129,95,271,176,144,216,72,80,240,160,112,264,152,88,208,120,80,376,296,64,1872,S19a
63,240,177,103,1103,1000,112,168,56,104,384,280,104,208,104,88,192,104,80,832,752,80,3207,S19a
79,239,160,88,608,520,104,184,80,104,256,152,96,1136,1040,88,536,448,88,536,448,104,3599,S19a
88,312,224,96,320,224,88,192,104,80,216,136,96,232,136,80,168,88,104,264,160,80,1784,S19a
104,256,152,103,224,121,112,184,72,80,256,176,112,224,112,80,192,112,88,216,128,88,1640,S19a
88,192,104,96,224,128,120,200,80,88,184,96,112,216,104,104,167,63,97,225,128,88,1496,S19a
87,239,152,80,216,136,112,208,96,80,232,152,112,296,184,88,192,104,104,232,128,72,1687,S19a
166,166,0,104,216,112,112,152,40,104,248,144,112,439,327,89,129,40,120,184,64,88,1622,S18a
104,160,56,104,104,0,104,248,144,104,880,776,88,440,352,96,136,40,88,184,96,112,2264,S18a
96,172,76,84,100,16,120,176,56,96,240,144,88,359,271,105,121,16,88,216,128,96,1480,S18a
88,168,80,112,136,24,104,144,40,104,240,136,88,248,160,120,240,120,104,208,104,96,1480,S18a
80,168,88,144,145,1,95,135,40,88,240,152,88,304,216,112,216,104,80,200,120,104,1512,S18a
80,160,80,104,160,56,88,128,40,104,216,112,79,360,281,136,480,344,72,193,121,78,1775,S18a
80,192,112,80,160,80,88,96,8,88,225,137,95,351,256,104,105,1,79,279,200,80,1488,S18a
72,153,81,95,143,48,80,128,48,80,257,177,95,264,169,111,311,200,72,200,128,88,1544,S18a
72,128,56,80,136,56,96,136,40,88,264,176,80,256,176,128,257,129,87,303,216,104,1584,S18a
104,184,80,88,153,65,103,120,17,87,256,169,87,208,121,119,344,225,71,232,161,112,1609,S18a
72,105,33,112,112,0,112,112,0,103,183,80,112,240,128,128,184,56,72,216,144,96,1248,S18a
64,97,33,104,136,32,95,72,-23,95,264,169,111,175,64,129,488,359,105,313,208,87,1632,S18a
80,112,32,104,216,112,87,120,33,95,199,104,81,273,192,87,104,17,79,160,81,144,1328,S18a
47,96,49,96,136,40,80,80,0,88,216,128,96,248,152,104,104,0,71,232,161,80,1192,S18a
88,120,32,80,112,32,104,104,0,104,248,144,112,264,152,128,184,56,80,208,128,104,1344,S18a
104,128,24,88,112,24,105,104,-1,104,208,104,80,200,120,104,152,48,80,168,88,103,1175,S18a
80,144,64,96,120,24,104,104,0,104,248,144,136,208,72,136,176,40,80,168,88,88,1256,S18a
112,152,40,120,120,0,128,128,0,72,184,112,112,168,56,136,216,80,72,200,128,112,1280,S18a
104,144,40,104,128,24,88,127,39,81,1153,1072,128,928,800,88,272,184,72,208,136,104,3064,S18a
64,112,48,104,105,1,88,87,-1,80,184,104,88,224,136,120,128,8,80,200,120,88,1128,S18a
80,112,32,88,112,24,113,112,-1,80,192,112,80,192,112,120,136,16,72,175,103,89,1120,S18a
80,128,48,105,136,31,104,120,16,88,199,111,105,185,80,112,144,32,72,152,80,96,1160,S18a
88,144,56,105,105,0,120,119,-1,96,152,56,104,200,96,112,128,16,72,192,120,96,1136,S18a
48,104,56,113,113,0,111,119,8,104,225,121,111,191,80,136,192,56,80,168,88,96,1208,S18a
120,160,40,128,129,1,97,96,-1,87,191,104,88,152,64,120,176,56,72,184,112,88,1176,S18a
80,136,56,80,168,88,104,136,32,88,201,113,103,407,304,104,105,1,71,199,128,80,1432,S18a
80,152,72,88,144,56,80,128,48,96,224,128,96,488,392,144,145,1,87,239,152,88,1608,S18a
80,129,49,79,112,33,103,144,41,87,168,81,79,407,328,120,176,56,81,153,72,79,1368,S18a
71,152,81,111,128,17,103,120,17,103,215,112,105,496,391,113,153,40,71,152,81,87,1503,S18a
79,127,48,112,137,25,87,119,32,89,169,80,103,280,177,103,136,33,64,176,112,95,1239,S18a
104,136,32,96,96,0,128,128,0,96,176,80,111,312,201,111,128,17,72,184,112,87,1247,S18a
88,144,56,88,88,0,112,111,-1,73,185,112,104,312,208,120,120,0,80,200,120,95,1255,S18a
104,128,24,104,104,0,104,104,0,80,192,112,128,200,72,296,408,112,88,104,16,104,1344,S18a
104,127,23,105,105,0,105,104,-1,95,184,89,80,416,336,136,136,0,72,184,112,96,1352,S18a
96,128,32,88,112,24,88,120,32,72,208,136,40,192,152,112,113,1,79,183,104,104,1160,S18a
88,168,80,88,89,1,119,175,56,80,159,79,89,233,144,112,184,72,80,168,88,104,1280,S18a
88,152,64,120,121,1,95,119,24,104,240,136,128,232,104,112,288,176,88,160,72,104,1416,S18a
72,152,80,72,112,40,104,136,32,80,232,152,80,256,176,144,176,32,72,200,128,104,1368,S18a
56,112,56,80,128,48,88,112,24,88,215,127,73,449,376,128,129,1,63,167,104,80,1392,S18a
63,151,88,64,192,128,73,73,0,75,239,164,80,328,248,112,144,32,72,248,176,72,1447,S18a
56,144,88,64,192,128,80,97,17,79,256,177,79,400,321,119,119,0,80,209,129,87,1504,S18a
72,137,65,87,215,128,80,120,40,104,296,192,80,249,169,143,248,105,71,215,144,96,1576,S18a
87,136,49,55,184,129,71,103,32,80,201,121,87,343,256,104,137,33,63,183,120,104,1391,S18a
87,152,65,79,184,105,104,104,0,103,928,825,79,232,153,120,120,0,72,192,120,80,1992,S18a
79,120,41,72,174,102,74,82,8,104,184,80,88,272,184,152,208,56,64,208,144,88,1336,S18a
89,129,40,64,176,112,72,72,0,80,888,808,88,176,88,88,128,40,80,192,112,88,1849,S18a
88,112,24,72,176,104,80,112,32,80,192,112,80,304,224,128,144,16,80,184,104,80,1304,S18a
48,96,48,72,200,128,72,120,48,88,312,224,88,184,96,103,183,80,73,145,72,80,1320,S18a
80,144,64,72,208,136,80,104,24,72,288,216,88,128,40,136,192,56,64,152,88,104,1320,S18a
80,136,56,80,199,119,81,105,24,80,256,176,88,192,104,152,288,136,64,168,104,96,1440,S18a
80,136,56,80,200,120,104,104,0,96,224,128,88,176,88,128,256,128,72,144,72,96,1336,S18a
72,128,56,64,168,104,89,88,-1,88,208,120,80,512,432,96,112,16,80,200,120,80,1496,S18a
72,96,24,64,176,112,80,96,16,96,200,104,88,336,248,112,113,1,87,199,112,64,1280,S18a
88,144,56,64,192,128,80,120,40,72,296,224,80,312,232,120,160,40,80,168,88,80,1472,S18a
104,144,40,64,184,120,79,120,41,90,215,125,88,441,353,96,144,48,80,200,120,80,1528,S18a
72,96,24,80,208,128,80,96,16,104,232,128,88,432,344,120,184,64,88,192,104,80,1520,S18a
88,152,64,64,201,137,47,199,152,64,1256,1192,88,233,145,111,127,16,80,201,121,87,2456,S18a
55,111,56,80,209,129,79,111,32,56,233,177,87,151,64,136,208,72,64,160,96,112,1295,S18a
71,128,57,71,199,128,105,104,-1,80,225,145,71,255,184,129,136,7,64,217,153,87,1351,S18a
80,129,49,79,184,105,88,88,0,87,216,129,103,199,96,120,185,65,87,192,105,79,1272,S18a
88,145,57,79,168,89,96,95,-1,96,208,112,104,257,153,103,160,57,71,176,105,95,1304,S18a
71,128,57,63,191,128,81,81,0,103,240,137,103,184,81,119,168,49,71,183,112,104,1279,S18a
79,136,57,71,208,137,80,120,40,79,284,205,75,180,105,104,184,80,63,192,129,79,1383,S18a
84,56,-28,63,175,112,81,80,-1,72,161,89,79,200,121,120,136,16,80,200,120,95,1103,S18a
80,112,32,72,176,104,72,72,0,64,216,152,72,184,112,183,288,105,72,264,192,103,1415,S18a
80,136,56,72,184,112,80,104,24,71,176,105,80,280,200,112,144,32,80,232,152,103,1359,S18a
80,112,32,72,176,104,72,96,24,80,184,104,104,232,128,120,184,64,64,200,136,103,1287,S18a
72,128,56,64,176,112,96,96,0,80,192,112,104,256,152,112,128,16,80,192,112,80,1248,S18a
64,128,64,56,280,224,80,136,56,80,280,200,88,176,88,120,232,112,80,192,112,80,1504,S18a
72,152,80,72,160,88,88,88,0,88,440,352,114,168,54,104,184,80,120,176,56,112,1480,S18a
80,120,40,64,176,112,88,88,0,96,408,312,80,432,352,136,376,240,64,264,200,80,1944,S18a
80,112,32,64,176,112,72,96,24,56,192,136,96,296,200,129,129,0,79,231,152,80,1312,S18a
80,112,32,56,176,120,80,88,8,80,200,120,80,216,136,112,144,32,72,176,104,80,1192,S18a
88,112,24,72,176,104,105,104,-1,56,192,136,120,368,248,96,128,32,72,184,112,88,1352,S18a
64,112,48,64,240,176,112,240,128,80,256,176,72,312,240,105,105,0,63,191,128,63,1519,S18a
80,129,49,79,184,105,87,103,16,64,225,161,95,176,81,111,152,41,63,167,104,88,1224,S18a
87,127,40,80,184,104,80,145,65,95,632,537,95,239,144,128,249,121,87,248,161,79,1903,S18a
63,95,32,72,185,113,88,87,-1,88,217,129,111,215,104,128,160,32,72,168,96,80,1207,S18a
71,104,33,63,168,105,80,112,32,79,152,73,95,440,345,111,111,0,79,217,138,63,1367,S18a
79,112,33,64,169,105,72,72,0,79,232,153,87,288,201,120,136,16,79,184,105,95,1288,S18a
104,120,16,71,184,113,104,104,0,80,208,128,88,272,184,152,176,24,80,184,104,95,1343,S18a
112,152,40,64,216,152,72,120,48,64,240,176,80,240,160,128,288,160,80,208,128,80,1544,S18a
64,104,40,64,191,127,105,105,0,72,216,144,80,272,192,112,112,0,88,240,152,88,1328,S18a
72,104,32,80,184,104,88,88,0,56,232,176,80,288,208,128,200,72,72,208,136,64,1368,S18a
72,128,56,72,176,104,80,96,16,64,200,136,96,208,112,152,208,56,72,176,104,104,1296,S18a
72,144,72,72,176,104,96,96,0,72,216,144,80,160,80,128,216,88,72,160,88,88,1256,S18a
80,128,48,56,256,200,96,136,40,88,336,248,72,224,152,120,152,32,72,184,112,88,1504,S18a
80,112,32,64,192,128,80,96,16,80,328,248,96,192,96,128,184,56,47,168,121,80,1352,S18a
72,120,48,72,176,104,80,96,16,80,192,112,80,256,176,129,129,0,71,175,104,104,1248,S18a
80,112,32,64,184,120,88,104,16,56,216,160,104,208,104,119,168,49,72,168,96,80,1240,S18a
80,128,48,64,192,128,81,80,-1,72,224,152,104,168,64,152,224,72,72,184,112,112,1312,S18a
64,168,104,48,208,160,144,200,56,80,408,328,88,512,424,136,1088,952,80,248,168,80,2912,S18a
104,136,32,48,160,112,80,88,8,88,224,136,88,248,160,184,185,1,87,263,176,96,1400,S18a
80,121,41,55,183,128,81,80,-1,80,201,121,79,160,81,119,184,65,63,175,112,104,1208,S18a
87,119,32,72,753,681,55,136,81,71,256,185,79,1288,1209,151,312,161,119,656,537,63,3583,S18a
88,136,48,63,167,104,80,88,8,56,185,129,95,375,280,137,193,56,79,192,113,112,1448,S18a
89,129,40,71,176,105,72,88,16,95,463,368,97,313,216,135,312,177,104,231,127,104,1816,S18a
85,125,40,79,184,105,72,120,48,104,272,168,88,376,288,128,128,0,80,200,120,96,1501,S18a
88,120,32,96,128,32,80,96,16,80,216,136,88,184,96,128,152,24,80,192,112,128,1216,S18a
79,136,57,87,152,65,80,104,24,104,2016,1912,104,336,232,120,144,24,72,232,160,120,3240,S18a
104,160,56,80,81,1,104,135,31,97,232,135,111,336,225,121,121,0,79,207,128,72,1344,S18a
72,176,104,55,40,-15,120,160,40,104,176,72,88,216,128,120,136,16,72,224,152,88,1216,S18a
95,151,56,80,81,1,112,112,0,87,215,128,88,216,128,112,144,32,80,160,80,112,1191,S18a
104,128,24,81,81,0,112,111,-1,88,216,128,104,144,40,136,184,48,72,160,88,120,1144,S18a
105,137,32,88,89,1,111,110,-1,72,168,96,120,184,64,161,161,0,79,184,105,127,1160,S18a
128,152,24,64,192,128,97,96,-1,80,200,120,129,168,39,152,161,9,79,184,105,103,1256,S18a
86,151,65,80,200,120,65,64,-1,81,200,119,104,177,73,136,167,31,72,176,104,120,1255,S18a
80,104,24,71,167,96,73,73,0,79,183,104,105,289,184,143,112,-31,79,191,112,104,1223,S18a
112,112,0,71,168,97,80,80,0,80,192,112,104,152,48,151,224,73,79,160,81,119,1207,S18a
80,97,17,63,176,113,80,80,0,64,192,128,103,144,41,136,184,48,79,152,73,128,1153,S18a
112,111,-1,64,177,113,73,39,-34,97,249,152,88,128,40,112,272,160,103,192,89,112,1280,S18a
80,104,24,72,168,96,80,80,0,64,192,128,95,280,185,128,144,16,80,192,112,80,1240,S18a
87,120,33,72,184,112,80,80,0,72,200,128,88,200,112,96,176,80,80,216,136,104,1280,S18a
96,120,24,80,184,104,80,80,0,80,208,128,104,160,56,128,184,56,80,168,88,104,1208,S18a
104,112,8,80,176,96,80,80,0,80,232,152,96,120,24,152,248,96,72,216,144,96,1280,S18a
104,104,0,72,200,128,72,72,0,64,320,256,80,256,176,144,248,104,72,192,120,104,1496,S18a
80,104,24,48,176,128,64,88,24,64,192,128,88,184,96,128,216,88,88,200,112,88,1248,S18a
112,112,0,72,184,112,80,80,0,96,184,88,104,208,104,152,200,48,80,208,128,96,1272,S18a
72,128,56,80,184,104,72,96,24,48,176,128,72,272,200,128,192,64,80,232,152,112,1392,S18a
120,144,24,72,176,104,73,72,-1,80,192,112,88,184,96,136,136,0,80,200,120,112,1216,S18a
96,128,32,64,192,128,72,72,0,80,216,136,80,560,480,112,113,1,87,263,176,112,1656,S18a
113,112,-1,64,177,113,72,71,-1,80,208,128,80,184,104,112,200,88,80,192,112,112,1256,S18a
88,120,32,80,184,104,105,104,-1,80,233,153,87,191,104,152,240,88,80,144,64,104,1320,S18a
80,136,56,80,169,89,80,79,-1,80,184,104,96,609,513,103,79,-24,96,208,112,104,1568,S18a
104,112,8,64,168,104,81,80,-1,72,176,104,80,280,200,104,112,8,80,168,88,120,1216,S18a
87,136,49,71,168,97,72,71,-1,80,177,97,95,200,105,143,207,64,73,176,103,96,1231,S18a
96,129,33,63,168,105,80,80,0,87,184,97,103,232,129,135,176,41,79,152,73,111,1232,S18a
113,112,-1,64,177,113,80,80,0,79,200,121,103,439,336,113,113,0,79,160,81,103,1384,S18a
56,103,47,64,169,105,55,88,33,71,159,88,72,545,473,111,128,17,79,152,73,95,1439,S18a
103,136,33,56,168,112,80,95,15,80,169,89,87,504,417,128,128,0,79,231,152,89,1520,S18a
79,112,33,64,168,104,80,80,0,103,1312,1209,95,359,264,112,80,-32,80,233,153,95,2439,S18a
71,104,33,64,168,104,72,72,0,71,192,121,80,232,152,112,208,96,48,136,88,96,1208,S18a
80,112,32,55,168,113,88,88,0,80,192,112,88,272,184,112,112,0,72,184,112,112,1240,S18a
80,104,24,64,184,120,96,96,0,80,192,112,79,183,104,128,177,49,80,136,56,112,1184,S18a
80,136,56,64,176,112,80,79,-1,81,201,120,72,224,152,104,144,40,72,152,80,104,1216,S18a
88,120,32,64,176,112,80,87,7,89,217,128,71,343,272,137,168,31,81,153,72,96,1360,S18a
104,120,16,72,168,96,81,81,0,87,215,128,104,448,344,136,137,1,87,191,104,80,1440,S18a
112,176,64,72,184,112,80,136,56,88,432,344,104,480,376,112,128,16,80,176,96,96,1808,S18a
72,96,24,64,168,104,64,64,0,72,200,128,80,192,112,120,168,48,72,192,120,96,1176,S18a
80,104,24,72,592,520,104,104,0,104,712,608,88,216,128,112,113,1,79,191,112,95,2127,S18a
152,176,24,64,168,104,80,96,16,72,336,264,88,184,96,128,176,48,72,160,88,88,1384,S18a
95,136,41,80,167,87,82,81,-1,80,208,128,103,415,312,177,209,32,80,184,104,103,1503,S18a
88,128,40,56,160,104,72,96,24,80,192,112,56,400,344,103,88,-15,64,224,160,88,1376,S18a
95,143,48,56,160,104,81,80,-1,56,192,136,88,384,296,104,128,24,72,169,97,87,1343,S18a
104,137,33,71,160,89,88,87,-1,72,192,120,96,248,152,129,129,0,63,183,120,120,1256,S18a
87,128,41,71,176,105,88,88,0,103,223,120,104,225,121,128,128,0,79,167,88,104,1239,S18a
80,113,33,64,207,143,72,136,64,72,488,416,104,345,241,103,248,145,95,232,137,71,1840,S18a
87,136,49,55,168,113,72,71,-1,64,177,113,103,312,209,120,224,104,127,200,73,103,1391,S18a
79,128,49,55,160,105,72,72,0,55,184,129,87,248,161,135,184,49,71,160,89,103,1239,S18a
88,104,16,64,176,112,64,96,32,72,176,104,80,632,552,88,120,32,80,176,96,79,1559,S18a
56,96,40,64,176,112,80,96,16,80,256,176,104,256,152,119,184,65,80,176,96,88,1328,S18a
80,112,32,64,168,104,64,64,0,63,184,121,104,216,112,120,152,32,64,192,128,64,1152,S18a
80,128,48,56,168,112,72,72,0,96,216,120,104,232,128,136,200,64,80,152,72,104,1272,S18a
88,128,40,64,176,112,80,96,16,88,184,96,96,208,112,128,192,64,80,152,72,96,1232,S18a
80,112,32,64,192,128,80,120,40,112,272,160,112,408,296,112,120,8,72,184,112,96,1504,S18a
88,128,40,56,160,104,71,56,-15,96,232,136,80,184,104,136,168,32,72,152,80,80,1160,S18a
80,112,32,56,168,112,80,312,232,144,344,200,80,256,176,128,152,24,80,168,88,104,1616,S18a
72,120,48,64,176,112,88,336,248,72,224,152,88,240,152,112,152,40,64,168,104,72,1488,S18a
80,120,40,64,176,112,80,240,160,72,176,104,96,288,192,120,175,55,58,137,79,79,1391,S18a
80,112,32,64,176,112,80,144,64,104,184,80,96,224,128,136,136,0,72,176,104,80,1232,S18a
56,120,64,72,384,312,64,208,144,88,288,200,80,152,72,112,200,88,80,176,96,96,1624,S18a
80,128,48,80,176,96,88,88,0,88,216,128,104,184,80,112,176,64,80,128,48,96,1192,S18a
113,112,-1,56,169,113,71,104,33,55,184,129,63,167,104,121,152,31,64,153,89,79,1120,S18a
72,297,225,79,192,113,88,103,15,56,208,152,96,248,152,128,128,0,72,201,129,95,1472,S18a
88,168,80,72,216,144,80,80,0,80,208,128,104,176,72,112,176,64,80,160,80,96,1280,S18a
80,128,48,64,176,112,64,64,0,64,176,112,88,144,56,128,176,48,64,176,112,112,1152,S18a
104,136,32,80,184,104,80,80,0,96,200,104,112,472,360,136,360,224,96,224,128,95,1751,S18a
102,142,40,57,161,104,64,64,0,80,184,104,80,168,88,112,128,16,72,200,128,104,1151,S18a
80,128,48,63,160,97,72,88,16,80,160,80,80,264,184,176,200,24,88,264,176,128,1392,S18a
96,128,32,64,176,112,96,96,0,80,232,152,144,256,112,112,168,56,72,200,128,88,1344,S18a
96,112,16,80,168,88,80,104,24,104,288,184,144,392,248,120,232,112,80,208,128,96,1600,S18a
112,112,0,80,176,96,88,120,32,120,200,80,104,448,344,120,121,1,79,223,144,104,1504,S18a
97,96,-1,80,200,120,88,120,32,80,192,112,96,224,128,136,168,32,72,224,152,88,1312,S18a
104,128,24,64,168,104,81,80,-1,104,224,120,112,288,176,128,184,56,80,224,144,88,1384,S18a
88,128,40,64,168,104,89,88,-1,48,176,128,88,192,104,136,168,32,56,184,128,80,1184,S18a
79,119,40,64,168,104,80,56,-24,88,217,129,87,167,80,120,216,96,72,177,105,87,1207,S18a
72,128,56,56,185,129,71,79,8,104,208,104,105,177,72,135,255,120,80,176,96,104,1312,S18a
63,120,57,63,192,129,79,104,25,55,216,161,88,184,96,127,248,121,79,208,129,79,1351,S18a
63,119,56,64,168,104,89,89,0,72,272,200,103,167,64,128,368,240,72,209,137,79,1471,S18a
80,136,56,63,184,121,79,136,57,71,200,129,112,224,112,136,168,32,87,224,137,103,1375,S18a
87,111,24,80,193,113,95,128,33,88,232,144,80,232,152,152,208,56,80,216,136,88,1408,S18a
87,168,81,72,200,128,80,144,64,88,239,151,80,265,185,104,104,0,63,200,137,112,1432,S18a
80,160,80,80,1128,1048,88,240,152,112,264,152,80,232,152,136,137,1,95,207,112,80,2448,S18a
152,192,40,80,184,104,80,80,0,64,216,152,88,192,104,176,256,80,80,184,104,112,1416,S18a
81,121,40,64,176,112,72,72,0,88,208,120,80,208,128,136,208,72,80,168,88,80,1241,S18a
80,112,32,72,168,96,80,80,0,104,208,104,96,152,56,120,248,128,80,192,112,112,1272,S18a
64,120,56,64,168,104,80,80,0,80,200,120,104,168,64,128,264,136,112,160,48,128,1288,S18a
72,120,48,64,168,104,81,80,-1,80,216,136,104,176,72,128,224,96,80,104,24,120,1208,S18a
56,112,56,72,184,112,82,56,-26,96,208,112,96,160,64,136,448,312,80,200,120,96,1464,S18a
104,144,40,80,184,104,72,72,0,72,224,152,104,136,32,152,336,184,88,208,120,104,1408,S18a
96,128,32,72,200,128,72,424,352,96,224,128,64,440,376,112,113,1,103,199,96,80,1808,S18a
64,128,64,72,168,96,81,80,-1,96,184,88,177,176,-1,136,216,80,80,208,128,96,1256,S18a
72,304,232,80,272,192,80,120,40,72,265,193,95,567,472,96,120,24,80,209,129,79,1936,S18a
169,169,0,80,104,24,120,120,0,104,280,176,104,352,248,96,112,16,96,184,88,80,1401,S18a
200,232,32,96,136,40,88,112,24,104,296,192,96,320,224,120,121,1,87,175,88,104,1496,S18a
167,136,-31,135,127,-8,88,304,216,113,368,255,152,217,65,103,143,40,96,176,80,104,1575,S18a
152,112,-40,136,137,1,96,95,-1,112,193,81,71,223,152,120,176,56,96,208,112,96,1240,S18a
216,215,-1,113,184,71,97,96,-1,112,184,72,120,160,40,144,248,104,88,152,64,112,1351,S18a
160,137,-23,95,168,73,95,80,-15,119,192,73,95,127,32,153,193,40,79,111,32,120,1128,S18a
185,160,-25,105,153,48,79,104,25,119,199,80,129,129,0,151,248,97,71,151,80,104,1248,S18a
136,95,-41,104,137,33,64,95,31,137,440,303,137,224,87,121,121,0,88,184,96,103,1399,S18a
184,144,-40,104,184,80,71,56,-15,144,264,120,128,200,72,128,160,32,104,208,104,128,1344,S18a
152,120,-32,128,128,0,88,144,56,95,136,41,111,192,81,144,224,80,87,120,33,120,1184,S18a
171,136,-35,112,144,32,104,103,-1,121,185,64,111,152,41,136,176,40,80,120,40,120,1136,S18a
160,128,-32,88,128,40,104,104,0,128,192,64,112,144,32,192,224,32,88,200,112,104,1224,S18a
121,80,-41,113,225,112,96,96,0,120,224,104,96,384,288,128,128,0,80,168,88,88,1393,S18a
177,136,-41,95,152,57,112,112,0,104,256,152,88,144,56,120,296,176,80,200,120,80,1376,S18a
152,120,-32,112,144,32,105,104,-1,112,208,96,104,136,32,176,224,48,80,112,32,128,1176,S18a
178,144,-34,112,200,88,96,96,0,128,264,136,112,152,40,160,176,16,88,152,64,112,1296,S18a
176,136,-40,96,184,88,80,96,16,72,176,104,104,200,96,160,488,328,104,256,152,104,1640,S18a
184,152,-32,80,81,1,87,199,112,112,152,40,80,312,232,136,104,-32,64,152,88,88,1240,S18a
168,136,-32,112,136,24,88,120,32,96,161,65,87,143,56,152,248,96,96,176,80,72,1192,S18a
160,136,-24,113,113,0,87,151,64,128,216,88,96,160,64,152,208,56,80,152,72,136,1272,S18a
152,112,-40,96,136,40,79,112,33,96,176,80,80,136,56,144,168,24,72,152,80,152,1144,S18a
160,96,-64,120,152,32,80,113,33,151,215,64,104,168,64,160,216,56,80,184,104,129,1273,S18a
183,127,-56,104,184,80,88,136,48,135,241,106,88,143,55,152,168,16,80,128,48,128,1255,S18a
183,127,-56,120,176,56,88,144,56,128,225,97,95,151,56,152,184,32,96,232,136,113,1352,S18a
168,128,-40,104,160,56,97,96,-1,128,232,104,104,112,8,168,241,73,71,176,105,112,1257,S18a
183,144,-39,119,88,-31,95,127,32,136,169,33,127,160,33,151,184,33,79,127,48,119,1118,S18a
167,112,-55,95,136,41,80,79,-1,137,217,80,80,192,112,160,160,0,72,168,96,88,1152,S18a
175,112,-63,103,168,65,80,56,-24,127,224,97,95,136,41,152,168,16,79,152,73,103,1119,S18a
160,104,-56,111,224,113,96,96,0,96,176,80,104,160,56,143,128,-15,96,152,56,103,1143,S18a
167,128,-39,95,111,16,88,120,32,104,161,57,87,287,200,184,152,-32,72,201,129,103,1263,S18a
151,119,-32,113,137,24,80,80,0,127,231,104,72,177,105,135,168,33,87,232,145,87,1231,S18a
160,128,-32,96,153,57,88,88,0,103,184,81,127,184,57,127,135,8,81,185,104,127,1184,S18a
168,128,-40,111,151,40,97,97,0,103,184,81,71,160,89,160,160,0,79,168,89,103,1151,S18a
175,128,-47,128,128,0,79,112,33,127,152,25,128,232,104,135,135,0,81,193,112,104,1184,S18a
160,136,-24,88,120,32,72,112,40,128,168,40,80,320,240,168,216,48,88,176,88,96,1344,S18a
159,128,-31,96,136,40,89,88,-1,112,224,112,88,176,88,160,200,40,80,208,128,96,1256,S18a
152,112,-40,88,144,56,89,88,-1,112,192,80,104,256,152,153,153,0,79,199,120,128,1272,S18a
208,168,-40,96,136,40,104,136,32,128,344,216,104,200,96,144,184,40,80,184,104,104,1456,S18a
192,136,-56,112,144,32,88,120,32,128,280,152,96,192,96,144,201,57,95,175,80,96,1344,S18a
136,88,-48,128,168,40,80,120,40,127,272,145,80,169,89,135,255,120,112,264,152,112,1448,S18a
184,152,-32,112,128,16,88,152,64,136,288,152,80,208,128,128,184,56,72,184,112,96,1392,S18a
183,127,-56,112,144,32,88,104,16,128,208,80,104,233,129,135,167,32,88,168,80,112,1263,S18a
168,136,-32,112,137,25,103,151,48,136,184,48,88,241,153,151,208,57,79,183,104,112,1352,S18a
168,153,-15,95,160,65,87,127,40,112,328,216,96,184,88,104,161,57,144,223,79,105,1441,S18a
167,111,-56,129,160,31,88,129,41,111,168,57,87,383,296,120,152,32,80,241,161,111,1455,S18a
175,144,-31,119,176,57,87,151,64,137,360,223,89,177,88,152,176,24,80,216,136,96,1496,S18a
176,120,-56,111,144,33,79,112,33,127,184,57,80,152,72,144,216,72,71,256,185,127,1311,S18a
154,129,-25,112,128,16,80,160,80,136,192,56,87,343,256,130,130,0,79,175,96,112,1369,S18a
200,160,-40,136,137,1,87,150,63,153,337,184,80,256,176,152,176,24,80,232,152,104,1552,S18a
200,144,-56,112,136,24,88,120,32,143,271,128,80,160,80,144,216,72,80,209,129,112,1368,S18a
176,120,-56,112,168,56,80,80,0,112,208,96,88,192,104,136,168,32,72,256,184,120,1312,S18a
160,696,536,112,496,384,128,144,16,104,224,120,103,200,97,128,192,64,88,184,96,112,2248,S18a
152,96,-56,136,137,1,79,159,80,128,256,128,104,496,392,136,224,88,80,240,160,104,1712,S18a
176,112,-64,128,160,32,88,120,32,128,208,80,152,128,-24,152,264,112,104,160,56,128,1280,S18a
168,120,-48,136,137,1,87,135,48,128,168,40,112,152,40,176,288,112,80,160,80,120,1280,S18a
184,152,-32,88,89,1,79,159,80,144,896,752,104,153,49,127,151,24,80,232,152,72,1904,S18a
160,120,-40,96,144,48,80,96,16,120,248,128,104,144,40,152,168,16,80,192,112,104,1216,S18a
151,111,-40,128,160,32,80,128,48,128,169,41,87,191,104,136,137,1,55,208,153,103,1207,S18a
168,112,-56,128,152,24,88,120,32,128,160,32,112,176,64,160,161,1,79,175,96,112,1168,S18a
168,112,-56,120,144,24,80,128,48,128,152,24,104,184,80,161,161,0,63,175,112,104,1160,S18a
168,128,-40,128,121,-7,87,151,64,136,312,176,208,408,200,128,184,56,80,168,88,96,1568,S18a
176,136,-40,129,129,0,79,160,81,151,159,8,128,368,240,160,344,184,89,240,151,106,1642,S18a
216,168,-48,120,121,1,88,143,55,128,185,57,119,160,41,135,264,129,87,479,392,113,1633,S18a
176,136,-40,96,96,0,72,120,48,95,176,81,95,416,321,136,136,0,80,208,128,80,1368,S18a
168,112,-56,120,120,0,71,112,41,128,160,32,104,208,104,128,160,32,63,176,113,111,1159,S18a
143,128,-15,96,144,48,80,103,23,89,217,128,80,520,440,152,344,192,80,264,184,88,1808,S18a
144,112,-32,64,336,272,80,184,104,104,216,112,104,144,40,128,192,64,80,216,136,104,1504,S18a
167,136,-31,72,136,64,88,288,200,128,312,184,176,280,104,128,224,96,104,208,104,104,1688,S18a
224,288,64,112,152,40,104,192,88,128,256,128,88,208,120,136,168,32,88,232,144,80,1576,S18a
184,160,-24,104,136,32,104,112,8,128,216,88,104,208,104,160,192,32,88,216,128,104,1344,S18a
200,168,-32,88,288,200,96,208,112,128,280,152,80,136,56,128,168,40,88,192,104,96,1536,S18a
152,112,-40,128,129,1,87,143,56,152,240,88,88,184,96,144,168,24,80,192,112,120,1288,S18a
200,152,-48,136,320,184,88,176,88,112,264,152,88,192,104,128,152,24,80,200,120,104,1560,S18a
184,136,-48,112,113,1,87,143,56,160,264,104,80,208,128,152,153,1,79,191,112,112,1320,S18a
192,136,-56,120,121,1,95,135,40,160,248,88,96,152,56,152,184,32,96,176,80,128,1280,S18a
200,128,-72,144,176,32,104,128,24,128,280,152,104,216,112,160,384,224,80,329,249,103,1744,S18a
175,119,-56,120,168,48,88,112,24,128,208,80,96,168,72,136,184,48,80,152,72,112,1223,S18a
159,127,-32,88,112,24,88,128,40,112,192,80,104,152,48,136,392,256,88,216,128,113,1432,S18a
168,136,-32,88,120,32,72,129,57,127,159,32,88,241,153,136,168,32,79,216,137,127,1296,S18a
192,136,-56,112,137,25,71,120,49,111,287,176,104,232,128,137,153,16,79,192,113,103,1360,S18a
167,136,-31,104,104,0,79,367,288,137,273,136,80,184,104,151,224,73,63,223,160,96,1607,S18a
135,104,-31,80,144,64,87,111,24,145,321,176,103,159,56,145,225,80,80,200,120,96,1360,S18a
168,112,-56,112,168,56,96,96,0,144,224,80,95,240,145,160,200,40,88,208,120,128,1376,S18a
184,128,-56,136,216,80,80,96,16,128,232,104,96,144,48,128,200,72,72,176,104,112,1304,S18a
168,112,-56,120,159,39,81,209,128,232,792,560,80,416,336,112,113,1,95,199,104,104,2104,S18a
151,120,-31,112,128,16,80,112,32,120,160,40,80,176,96,176,176,0,64,144,80,120,1136,S18a
152,88,-64,128,160,32,72,104,32,120,184,64,104,160,56,144,296,152,128,232,104,128,1352,S18a
192,136,-56,152,216,64,104,136,32,248,728,480,104,184,80,136,176,40,71,216,145,88,1880,S18a
168,112,-56,104,152,48,88,104,16,136,192,56,104,168,64,176,208,32,112,576,464,152,1664,S18a
152,120,-32,120,184,64,80,136,56,176,728,552,80,176,96,128,200,72,64,240,176,112,1896,S18a
192,160,-32,152,1312,1160,80,208,128,128,288,160,80,176,96,144,192,48,80,216,136,88,2640,S18a
200,128,-72,120,152,32,72,120,48,112,616,504,104,160,56,152,360,208,80,224,144,96,1856,S18a
152,104,-48,104,136,32,80,88,8,112,192,80,104,120,16,184,360,176,104,248,144,128,1376,S18a
168,112,-56,112,152,40,80,104,24,128,328,200,80,104,24,136,288,152,88,320,232,105,1513,S18a
168,112,-56,120,176,56,80,104,24,119,184,65,104,144,40,168,384,216,88,216,128,112,1432,S18a
144,104,-40,144,793,649,79,111,32,72,153,81,79,160,81,111,135,24,80,176,96,72,1704,S18a
162,128,-34,135,464,329,88,127,39,112,217,105,95,184,89,127,152,25,87,168,81,111,1551,S18a
196,156,-40,111,168,57,95,224,129,175,240,65,119,343,224,136,169,33,103,160,57,103,1563,S18a
134,104,-30,121,121,0,110,135,25,199,648,449,135,240,105,112,136,24,104,240,136,87,1711,S18a
151,104,-47,112,112,0,80,120,40,103,151,48,105,217,112,103,119,16,80,193,113,96,1112,S18a
135,96,-39,120,176,56,80,80,0,128,192,64,120,120,0,128,184,56,80,152,72,96,1096,S18a
135,104,-31,96,128,32,72,72,0,128,192,64,104,160,56,136,160,24,80,136,56,120,1072,S18a
128,80,-48,120,144,24,88,88,0,120,184,64,128,128,0,136,176,40,88,144,56,104,1048,S18a
151,120,-31,112,136,24,80,79,-1,121,201,80,80,80,0,144,320,176,112,176,64,104,1216,S18a
168,128,-40,120,144,24,72,104,32,144,200,56,112,176,64,136,216,80,104,240,136,128,1336,S18a
136,112,-24,80,112,32,72,120,48,104,152,48,104,192,88,136,168,32,72,176,104,96,1128,S18a
128,88,-40,120,144,24,97,96,-1,112,200,88,136,136,0,128,192,64,112,312,200,112,1280,S18a
152,104,-48,136,152,16,88,120,32,104,184,80,104,128,24,144,184,40,80,144,64,104,1120,S18a
120,72,-48,128,152,24,88,96,8,96,192,96,104,184,80,136,160,24,80,184,104,128,1168,S18a
144,88,-56,120,152,32,104,104,0,104,184,80,104,152,48,128,167,39,88,145,57,128,1120,S18a
168,128,-40,80,81,1,87,111,24,128,168,40,128,304,176,136,137,1,79,159,80,113,1201,S18a
136,80,-56,88,145,57,79,95,16,88,192,104,96,184,88,128,208,80,96,184,88,112,1200,S18a
161,160,-1,64,104,40,96,272,176,152,337,185,135,479,344,128,184,56,80,152,72,96,1784,S18a
135,80,-55,103,159,56,80,112,32,104,288,184,160,417,257,135,136,1,104,160,56,103,1455,S18a
143,96,-47,111,151,40,88,96,8,129,224,95,105,177,72,120,199,79,88,161,73,103,1207,S18a
152,104,-48,111,144,33,96,96,0,111,200,89,103,144,41,127,256,129,95,152,57,103,1199,S18a
120,79,-41,120,129,9,87,136,49,111,168,57,103,208,105,128,144,16,79,144,65,104,1112,S18a
184,152,-32,112,256,144,88,103,15,112,185,73,96,176,80,112,264,152,96,160,64,96,1392,S18a
143,104,-39,95,144,49,80,104,24,104,192,88,103,152,49,112,168,56,80,136,56,112,1112,S18a
208,176,-32,96,128,32,96,96,0,104,184,80,112,144,32,128,176,48,80,144,64,104,1152,S18a
216,216,0,128,128,0,88,176,88,144,464,320,88,240,152,128,128,0,72,152,80,95,1599,S18a
185,152,-33,120,144,24,80,136,56,112,256,144,80,240,160,128,152,24,80,168,88,104,1352,S18a
168,128,-40,120,136,16,88,120,32,104,184,80,112,192,80,96,144,48,80,176,96,87,1167,S18a
136,105,-31,112,144,32,80,96,16,128,167,39,88,161,73,136,208,72,79,168,89,128,1177,S18a
192,152,-40,104,120,16,88,104,16,112,200,88,104,424,320,128,144,16,88,184,96,96,1424,S18a
183,144,-39,96,152,56,96,608,512,160,368,208,104,136,32,128,200,72,176,280,104,112,2000,S18a
168,128,-40,120,121,1,87,127,40,88,152,64,103,528,425,136,200,64,88,264,176,88,1608,S18a
152,112,-40,96,160,64,72,112,40,80,192,112,96,128,32,136,200,64,176,240,64,112,1256,S18a
184,128,-56,104,144,40,97,96,-1,104,183,79,89,145,56,136,184,48,80,192,112,128,1200,S18a
176,136,-40,120,121,1,87,120,33,119,152,33,103,144,41,151,183,32,80,168,88,128,1152,S18a
144,104,-40,104,184,80,89,88,-1,88,177,89,103,167,64,128,144,16,80,184,104,96,1144,S18a
168,136,-32,80,120,40,89,88,-1,112,185,73,103,135,32,112,145,33,79,160,81,119,1088,S18a
168,104,-64,120,160,40,81,80,-1,112,192,80,88,153,65,144,144,0,71,160,89,112,1105,S18a
192,153,-39,120,120,0,79,111,32,129,160,31,88,168,80,136,177,41,79,159,80,129,1177,S18a
215,176,-39,120,120,0,103,511,408,144,288,144,89,329,240,144,144,0,79,176,97,111,1855,S18a
176,120,-56,104,145,41,87,96,9,127,184,57,87,159,72,128,160,32,80,161,81,128,1153,S18a
207,184,-23,104,143,39,81,105,24,95,167,72,96,209,113,144,144,0,64,160,96,103,1215,S18a
175,136,-39,79,128,49,104,104,0,96,168,72,88,136,48,152,152,0,72,176,104,120,1120,S18a
176,120,-56,104,144,40,88,88,0,112,184,72,80,120,40,144,176,32,80,168,88,128,1128,S18a
200,160,-40,104,136,32,96,96,0,120,192,72,88,152,64,128,160,32,72,192,120,128,1216,S18a
202,168,-34,96,136,40,105,104,-1,104,184,80,72,128,56,152,192,40,80,176,96,112,1200,S18a
144,112,-32,96,136,40,80,104,24,104,144,40,104,272,168,88,56,-32,72,216,144,88,1128,S18a
143,112,-31,88,152,64,72,72,0,104,200,96,80,144,64,112,152,40,80,176,96,104,1112,S18a
168,112,-56,104,160,56,88,88,0,112,192,80,88,112,24,176,208,32,72,152,80,104,1128,S18a
144,96,-48,128,184,56,88,88,0,120,200,80,80,112,32,160,216,56,80,184,104,136,1216,S18a
168,112,-56,136,144,8,96,136,40,128,208,80,96,152,56,176,248,72,96,176,80,120,1296,S18a
240,200,-40,144,704,560,80,80,0,128,672,544,80,136,56,104,160,56,88,168,80,120,2240,S18a
176,152,-24,104,176,72,64,96,32,96,176,80,80,320,240,128,129,1,63,191,128,104,1344,S18a
168,112,-56,128,152,24,72,120,48,112,192,80,88,288,200,129,129,0,55,207,152,88,1288,S18a
160,128,-32,112,152,40,72,96,24,128,168,40,80,255,175,121,81,-40,88,192,104,96,1168,S18a
176,128,-48,96,119,23,106,105,-1,128,184,56,80,136,56,128,152,24,80,160,80,104,1088,S18a
152,104,-48,104,184,80,81,80,-1,112,192,80,96,128,32,152,184,32,88,168,80,104,1144,S18a
215,183,-32,88,97,9,87,119,32,128,144,16,88,216,128,120,176,56,80,224,144,112,1271,S18a
151,95,-56,112,169,57,80,79,-1,128,200,72,113,112,-1,136,224,88,88,192,104,112,1183,S18a
152,104,-48,113,113,0,87,144,57,127,184,57,111,208,97,168,168,0,87,176,89,143,1240,S18a
161,161,0,87,111,24,88,128,40,112,320,208,80,328,248,136,105,-31,87,200,113,79,1432,S18a
167,112,-55,128,128,0,79,120,41,111,176,65,80,192,112,128,144,16,55,168,113,87,1127,S18a
168,121,-47,95,176,81,80,80,0,95,200,105,79,176,97,120,160,40,80,192,112,103,1208,S18a
176,137,-39,95,176,81,79,88,9,127,223,96,104,161,57,112,184,72,71,152,81,104,1225,S18a
175,143,-32,112,145,33,95,128,33,136,288,152,104,152,48,144,176,32,88,216,128,111,1359,S18a
176,129,-47,120,472,352,88,176,88,104,232,128,80,232,152,128,152,24,80,192,112,88,1673,S18a
144,104,-40,104,184,80,80,80,0,120,208,88,95,136,41,136,168,32,80,160,80,104,1144,S18a
176,120,-56,104,184,80,88,88,0,104,208,104,96,128,32,136,184,48,80,160,80,96,1168,S18a
208,176,-32,104,136,32,88,224,136,120,320,200,88,200,112,168,304,136,80,208,128,96,1664,S18a
160,96,-64,120,168,48,80,112,32,120,216,96,104,128,24,136,184,48,88,160,72,128,1192,S18a
152,104,-48,104,144,40,88,112,24,112,200,88,80,168,88,136,192,56,96,168,72,120,1208,S18a
200,376,176,88,383,295,89,161,72,96,208,112,88,160,72,128,160,32,80,160,80,96,1704,S18a
232,200,-32,104,160,56,72,128,56,80,280,200,64,168,104,136,168,32,80,184,104,88,1376,S18a
120,64,-56,112,192,80,88,104,16,104,176,72,88,160,72,136,168,32,72,176,104,104,1144,S18a
160,104,-56,128,168,40,89,88,-1,128,184,56,104,184,80,128,129,1,79,191,112,120,1168,S18a
232,192,-40,120,408,288,104,144,40,128,184,56,104,120,16,160,216,56,80,176,96,112,1552,S18a
184,128,-56,112,153,41,103,151,48,136,360,224,112,136,24,152,208,56,80,184,104,112,1432,S18a
152,88,-64,144,168,24,88,240,152,144,824,680,103,168,65,128,216,88,88,216,128,120,2040,S18a
138,104,-34,112,200,88,80,96,16,80,432,352,80,472,392,152,448,296,104,288,184,88,2128,S18a
135,103,-32,121,193,72,88,87,-1,112,216,104,72,248,176,112,80,-32,80,208,128,104,1239,S18a
127,71,-56,128,184,56,96,200,104,113,224,111,88,176,88,128,200,72,88,216,128,104,1375,S18a
152,104,-48,120,200,80,96,88,-8,136,225,89,103,176,73,127,216,89,87,199,112,88,1296,S18a
144,88,-56,104,144,40,88,121,33,87,168,81,95,152,57,135,184,49,79,208,129,95,1160,S18a
167,111,-56,137,137,0,87,128,41,103,151,48,88,144,56,136,185,49,88,200,112,64,1120,S18a
160,128,-32,111,152,41,71,112,41,111,152,41,79,152,73,152,152,0,79,176,97,88,1112,S18a
176,136,-40,111,176,65,104,104,0,127,208,81,127,136,9,144,192,48,64,872,808,88,1912,S18a
72,104,32,64,184,120,72,72,0,72,200,128,80,159,79,113,153,40,72,183,111,65,1120,S18a
112,144,32,80,183,103,81,113,32,79,168,89,87,144,57,144,200,56,80,216,136,80,1248,S18a
113,112,-1,80,176,96,80,80,0,56,176,120,95,256,161,135,104,-31,88,240,152,96,1240,S18a
80,104,24,80,208,128,80,112,32,80,240,160,104,120,16,128,200,72,80,184,104,104,1272,S18a
80,80,0,80,176,96,80,112,32,80,184,104,113,112,-1,136,208,72,80,192,112,88,1152,S18a
88,104,16,80,184,104,72,72,0,80,184,104,72,393,321,127,128,1,103,207,104,104,1376,S18a
80,96,16,80,176,96,80,80,0,80,168,88,80,160,80,160,161,1,79,167,88,120,1128,S18a
64,120,56,64,152,88,72,104,32,48,153,105,71,759,688,104,120,16,80,184,104,88,1680,S18a
88,112,24,72,208,136,80,672,592,136,480,344,96,176,80,120,136,16,80,200,120,88,2072,S18a
72,112,40,79,176,97,72,96,24,80,160,80,104,336,232,128,88,-40,80,200,120,80,1248,S18a
80,112,32,64,177,113,88,87,-1,104,216,112,96,176,80,136,168,32,80,161,81,111,1208,S18a
80,120,40,80,184,104,81,80,-1,88,280,192,96,185,89,135,183,48,96,184,88,129,1345,S18a
72,96,24,72,168,96,80,40,-40,88,208,120,88,201,113,143,167,24,88,201,113,120,1201,S18a
79,95,16,72,176,104,71,56,-15,96,176,80,104,201,97,183,288,105,87,263,176,129,1384,S18a
88,104,16,73,177,104,88,88,0,71,160,89,103,192,89,128,128,0,79,175,96,112,1136,S18a
78,203,125,62,172,110,62,125,63,78,500,422,78,422,344,93,437,344,47,250,203,62,2171,S16a
78,141,63,62,159,97,47,63,16,62,1572,1510,62,359,297,78,281,203,32,204,172,46,2825,S16a
63,125,62,63,188,125,31,156,125,47,539,492,63,360,297,78,390,312,79,219,140,94,2071,S16a
78,141,63,62,156,94,47,140,93,78,360,282,62,250,188,93,297,204,62,234,172,78,1656,S16a
62,140,78,70,179,109,78,157,79,62,218,156,63,313,250,78,422,344,62,203,141,62,1694,S16a
63,125,62,63,157,94,62,140,78,78,250,172,63,313,250,78,453,375,63,219,156,47,1704,S16a
93,156,63,78,234,156,16,1016,1000,78,1031,953,78,219,141,94,297,203,62,125,63,93,3171,S16a
78,172,94,63,141,78,62,109,47,63,250,187,63,313,250,78,281,203,62,250,188,62,1578,S16a
62,125,63,62,172,110,47,125,78,78,250,172,62,437,375,94,313,219,62,250,188,62,1734,S16a
47,141,94,62,172,110,46,140,94,63,266,203,78,312,234,94,375,281,63,203,140,79,1688,S16a
78,141,63,78,156,78,78,156,78,63,188,125,62,812,750,63,610,547,62,296,234,63,2422,S16a
63,125,62,63,156,93,47,125,78,63,204,141,62,609,547,62,140,78,79,267,188,62,1688,S16a
63,156,93,63,172,109,47,141,94,78,187,109,63,1641,1578,-906,-531,375,62,250,188,78,2094,S16a
78,187,109,63,157,94,62,156,94,62,406,344,78,391,313,47,937,890,63,672,609,78,2984,S16a
78,125,47,78,752,674,46,156,110,265,750,485,94,156,62,78,625,547,47,156,109,78,2798,S16a
78,141,63,62,140,78,63,125,62,78,188,110,47,390,343,94,172,78,63,188,125,62,1406,S16a
94,250,156,78,203,125,63,204,141,62,328,266,62,922,860,78,140,62,63,141,78,62,2250,S16a
78,140,62,63,157,94,46,125,79,62,171,109,63,297,234,110,172,62,63,172,109,94,1328,S16a
79,125,46,63,157,94,62,125,63,78,187,109,78,360,282,109,203,94,78,234,156,62,1453,S16a
78,125,47,94,203,109,47,141,94,78,234,156,63,250,187,94,485,391,93,328,235,93,1859,S16a
93,125,32,78,187,109,49,190,141,62,140,78,78,299,221,98,187,89,69,194,125,93,1415,S16a
62,141,79,62,171,109,47,117,70,79,210,131,63,235,172,94,234,140,47,203,156,78,1389,S16a
62,109,47,78,172,94,47,140,93,63,203,140,63,188,125,105,198,93,63,192,129,81,1283,S16a
78,234,156,63,172,109,47,203,156,63,235,172,62,265,203,110,250,140,79,235,156,62,1656,S16a
63,125,62,63,156,93,79,172,93,73,198,125,63,266,203,94,265,171,63,250,187,63,1495,S16a
93,156,63,47,141,94,62,125,63,62,250,188,62,281,219,78,203,125,62,187,125,94,1437,S16a
62,140,78,63,125,62,63,172,109,63,172,109,62,281,219,125,219,94,83,239,156,94,1442,S16a
63,125,62,63,156,93,63,141,78,78,188,110,78,437,359,109,203,94,78,203,125,78,1531,S16a
62,172,110,62,140,78,63,125,62,78,1043,965,62,187,125,94,329,235,78,187,109,94,2277,S16a
1062,109,-953,78,161,83,62,156,94,63,156,93,79,235,156,109,203,94,62,187,125,47,1254,S16a
125,141,16,62,172,110,62,187,125,78,219,141,78,234,156,110,215,105,62,156,94,94,1418,S16a
78,125,47,63,141,78,62,203,141,62,172,110,62,406,344,94,187,93,63,172,109,110,1516,S16a
79,125,46,63,172,109,63,250,187,78,297,219,63,235,172,109,187,78,78,172,94,78,1516,S16a
125,187,62,63,172,109,63,156,93,78,203,125,63,188,125,125,234,109,78,219,141,78,1437,S16a
93,125,32,62,172,110,62,156,94,62,984,922,78,1219,1141,-906,-750,156,62,234,172,63,2203,S16a
93,125,32,62,156,94,47,156,109,63,156,93,63,219,156,1109,219,-890,78,187,109,78,1296,S16a
63,141,78,62,156,94,63,156,93,47,219,172,63,266,203,93,172,79,62,173,111,109,1392,S16a
78,140,62,63,141,78,78,187,109,47,188,141,78,187,109,110,203,93,63,141,78,94,1281,S16a
78,203,125,47,735,688,62,156,94,94,344,250,62,172,110,78,1546,1468,79,219,140,63,3438,S16a
78,187,109,63,188,125,62,172,110,47,172,125,62,359,297,109,406,297,47,203,156,78,1765,S16a
63,157,94,46,156,110,62,156,94,47,234,187,47,282,235,109,203,94,62,330,268,47,1565,S16a
47,141,94,62,172,110,62,156,94,63,172,109,62,203,141,94,219,125,62,156,94,63,1282,S16a
94,125,31,63,141,78,78,172,94,47,187,140,78,156,78,110,360,250,62,219,157,78,1438,S16a
62,109,47,63,156,93,63,157,94,62,187,125,47,219,172,109,234,125,63,250,187,63,1375,S16a
62,125,63,47,172,125,78,156,78,78,219,141,62,187,125,125,203,78,63,141,78,109,1312,S16a
63,141,78,63,141,78,78,140,62,63,219,156,63,172,109,109,187,78,63,141,78,94,1235,S16a
62,125,63,62,156,94,47,125,78,47,578,531,63,266,203,125,781,656,62,265,203,94,2390,S16a
62,125,63,62,156,94,62,156,94,63,188,125,62,265,203,101,173,72,61,139,78,1078,2280,S16a
63,141,78,62,174,112,62,156,94,62,281,219,78,235,157,109,203,94,93,234,141,78,1502,S16a
78,188,110,78,171,93,78,141,63,62,953,891,78,219,141,94,203,109,47,172,125,94,2141,S16a
62,125,63,62,171,109,63,141,78,63,203,140,63,203,140,110,203,93,47,172,125,94,1312,S16a
78,172,94,62,156,94,79,141,62,63,281,218,79,172,93,110,219,109,1063,172,-891,109,1422,S16a
93,156,63,62,187,125,63,157,94,47,359,312,63,188,125,93,265,172,78,250,172,110,1672,S16a
94,156,62,63,156,93,63,157,94,62,187,125,63,211,148,109,218,109,63,235,172,78,1398,S16a
78,157,79,46,156,110,62,172,110,47,172,125,62,421,359,110,204,94,78,187,109,78,1547,S16a
62,172,110,62,187,125,63,156,93,32,360,328,62,234,172,125,266,141,78,265,187,63,1703,S16a
78,234,156,63,203,140,63,172,109,63,391,328,62,640,578,94,157,63,31,1140,1109,78,3015,S16a
63,125,62,63,156,93,63,141,78,47,312,265,79,266,187,94,172,78,78,187,109,63,1422,S16a
62,125,63,62,171,109,63,110,47,62,250,188,62,500,438,78,156,78,63,234,171,94,1640,S16a
47,156,109,47,141,94,78,156,78,47,188,141,62,281,219,109,172,63,62,218,156,94,1406,S16a
78,125,47,63,141,78,78,140,62,63,203,140,79,235,156,94,219,125,78,406,328,62,1531,S16a
63,125,62,63,157,94,62,172,110,46,187,141,63,172,109,111,298,187,63,188,125,78,1377,S16a
94,140,46,63,157,94,78,167,89,63,188,125,62,234,172,94,219,125,78,176,98,93,1374,S16a
78,125,47,78,171,93,63,141,78,94,234,140,63,219,156,110,188,78,62,172,110,93,1343,S16a
93,171,78,79,157,78,78,156,78,47,187,140,79,219,140,94,203,109,63,172,109,94,1359,S16a
63,141,78,62,156,94,62,203,141,63,172,109,62,1423,1361,79,235,156,62,297,235,46,2673,S16a
63,141,78,62,140,78,79,157,78,62,172,110,62,234,172,94,406,312,63,219,156,62,1531,S16a
93,140,47,78,209,131,78,187,109,47,172,125,63,250,187,110,250,140,78,250,172,78,1536,S16a
78,125,47,63,1157,1094,-922,-844,78,47,187,140,63,203,140,94,188,94,62,187,125,63,1266,S16a
94,203,109,62,172,110,47,109,62,63,203,140,47,203,156,94,547,453,63,172,109,78,1687,S16a
64,147,83,56,150,94,47,125,78,79,204,125,62,187,125,125,250,125,63,188,125,78,1329,S16a
63,172,109,63,156,93,47,141,94,63,188,125,62,234,172,78,1187,1109,-937,-812,125,125,1391,S16a
63,110,47,47,156,109,47,141,94,46,171,125,79,204,125,109,171,62,63,172,109,63,1188,S16a
78,156,78,62,141,79,62,156,94,31,187,156,78,219,141,109,297,188,62,234,172,78,1468,S16a
47,141,94,78,172,94,62,141,79,62,171,109,63,219,156,110,172,62,62,156,94,110,1282,S16a
63,125,62,63,156,93,63,141,78,62,219,157,62,203,141,109,203,94,78,187,109,94,1328,S16a
47,125,78,63,141,78,62,172,110,62,187,125,78,281,203,110,235,125,62,234,172,109,1484,S16a
78,156,78,62,156,94,63,141,78,62,203,141,78,203,125,125,219,94,78,187,109,63,1328,S16a
56,118,62,78,156,78,79,164,85,63,219,156,78,250,172,94,297,203,63,219,156,78,1501,S16a
78,125,47,47,140,93,79,172,93,47,188,141,78,234,156,110,219,109,62,203,141,94,1375,S16a
93,140,47,63,2377,2314,94,140,46,94,1094,1000,63,438,375,78,297,219,46,156,110,62,4704,S16a
78,141,63,62,156,94,62,125,63,62,187,125,63,328,265,110,188,78,62,219,157,109,1453,S16a
47,140,93,63,157,94,62,140,78,63,203,140,63,250,187,78,188,110,62,172,110,78,1328,S16a
109,156,47,78,203,125,63,156,93,78,235,157,78,265,187,94,172,78,80,189,109,94,1470,S16a
63,141,78,63,172,109,47,141,94,46,171,125,63,172,109,110,188,78,61,171,110,78,1234,S16a
62,140,78,63,157,94,62,125,63,31,187,156,78,219,141,109,281,172,63,297,234,47,1453,S16a
46,125,79,62,156,94,62,156,94,47,155,108,62,281,219,94,250,156,47,172,125,63,1358,S16a
78,140,62,63,157,94,62,140,78,47,188,141,62,172,110,93,1328,1235,-922,-797,125,62,1390,S16a
62,109,47,63,172,109,63,125,62,63,969,906,62,817,755,53,298,245,63,219,156,31,2740,S16a
63,125,62,63,141,78,62,141,79,62,203,141,62,203,141,125,234,109,47,156,109,79,1282,S16a
78,159,81,62,141,79,78,156,78,31,187,156,63,219,156,94,219,125,47,125,78,78,1284,S16a
63,125,62,63,172,109,68,130,62,47,188,141,78,250,172,109,187,78,79,172,93,63,1287,S16a
110,141,31,62,156,94,63,156,93,63,188,125,62,172,110,109,203,94,78,172,94,94,1282,S16a
62,140,78,94,235,141,68,122,54,47,219,172,68,208,140,110,297,187,78,235,157,62,1518,S16a
94,172,78,78,203,125,31,172,141,78,328,250,62,281,219,109,281,172,63,282,219,62,1781,S16a
79,141,62,78,172,94,62,141,79,93,203,110,47,281,234,109,187,78,63,204,141,78,1407,S16a
62,125,63,62,140,78,47,94,47,62,250,188,47,234,187,1094,235,-859,67,254,187,63,1395,S16a
1062,109,-953,47,141,94,62,125,63,47,172,125,62,250,188,93,203,110,1062,203,-859,62,1265,S16a
78,109,31,63,156,93,1047,125,-922,47,157,110,62,250,188,125,203,78,62,172,110,78,1250,S16a
62,125,63,78,171,93,47,125,78,47,188,141,62,266,204,125,312,187,78,234,156,94,1515,S16a
109,141,32,62,156,94,47,109,62,78,156,78,63,204,141,109,250,141,93,265,172,78,1359,S16a
47,94,47,63,156,93,63,157,94,62,187,125,78,250,172,109,188,79,78,203,125,78,1313,S16a
109,140,31,63,157,94,62,140,78,63,172,109,47,234,187,94,188,94,78,219,141,93,1343,S16a
110,156,46,79,157,78,62,125,63,62,251,189,63,156,93,125,219,94,63,141,78,78,1283,S16a
109,156,47,47,172,125,47,125,78,62,203,141,62,187,125,125,188,63,62,172,110,78,1281,S16a
73,120,47,63,156,93,63,125,62,63,219,156,63,266,203,94,172,78,62,140,78,94,1292,S16a
63,110,47,78,172,94,62,125,63,78,187,109,47,266,219,94,172,78,1062,172,-890,62,1266,S16a
78,125,47,62,140,78,63,141,78,47,438,391,62,265,203,110,297,187,63,156,93,63,1625,S16a
78,125,47,62,173,111,48,125,77,47,203,156,62,265,203,125,188,63,62,155,93,78,1312,S16a
110,125,15,79,172,93,63,157,94,62,234,172,47,187,140,110,485,375,62,187,125,78,1625,S16a
63,110,47,78,169,91,79,141,62,63,203,140,63,313,250,125,234,109,78,203,125,94,1467,S16a
62,125,63,62,172,110,62,125,63,62,218,156,47,250,203,125,235,110,62,971,909,78,2174,S16a
94,125,31,47,156,109,63,141,78,47,172,125,62,172,110,78,203,125,62,219,157,78,1266,S16a
63,125,62,63,172,109,31,109,78,63,203,140,47,219,172,110,235,125,62,187,125,78,1328,S16a
63,172,109,64,158,94,62,141,79,62,156,94,78,203,125,94,219,125,78,156,78,94,1299,S16a
47,109,62,63,204,141,46,156,110,47,203,156,62,203,141,125,594,469,63,188,125,47,1704,S16a
110,141,31,63,141,78,62,125,63,62,187,125,63,188,125,109,187,78,63,172,109,78,1219,S16a
62,125,63,62,156,94,63,1125,1062,-937,-812,125,78,218,140,125,204,79,62,156,94,94,1266,S16a
109,156,47,62,156,94,63,110,47,62,234,172,78,203,125,109,234,125,47,454,407,78,1625,S16a
63,138,75,63,141,78,78,141,63,62,171,109,63,235,172,109,1203,1094,-938,-453,485,78,1654,S16a
31,140,109,110,188,78,78,141,63,78,171,93,79,188,109,141,172,31,78,203,125,78,1281,S16a
47,125,78,63,172,109,62,125,63,62,187,125,63,204,141,125,187,62,63,141,78,78,1219,S16a
78,140,62,63,188,125,47,140,93,63,204,141,78,234,156,94,219,125,78,171,93,47,1343,S16a
63,156,93,63,157,94,1062,125,-937,78,187,109,63,156,93,125,203,78,63,125,62,79,1188,S16a
94,188,94,62,172,110,62,140,78,63,156,93,78,219,141,109,188,79,62,140,78,63,1266,S16a
78,141,63,62,140,78,63,141,78,47,172,125,62,203,141,94,156,62,78,141,63,62,1156,S16a
94,156,62,47,141,94,63,141,78,62,203,141,1047,174,-873,93,218,125,63,219,156,78,1330,S16a
78,125,47,62,156,94,63,156,93,47,188,141,62,167,105,66,187,121,47,156,109,63,1198,S16a
68,177,109,63,277,214,40,212,172,63,375,312,47,219,172,172,1047,875,47,187,140,78,2572,S16a
78,125,47,63,156,93,63,157,94,46,156,110,47,219,172,109,171,62,63,141,78,63,1188,S16a
79,125,46,78,188,110,47,127,80,62,250,188,62,203,141,125,203,78,62,140,78,79,1315,S16a
94,110,16,62,171,109,63,125,62,63,219,156,63,156,93,110,204,94,62,171,109,47,1203,S16a
78,156,78,62,156,94,63,188,125,62,156,94,62,187,125,94,188,94,78,172,94,78,1281,S16a
62,171,109,63,583,520,62,328,266,63,328,265,47,188,141,93,172,79,62,531,469,93,2394,S16a
47,125,78,47,156,109,47,94,47,47,641,594,94,1015,921,63,172,109,63,235,172,62,2500,S16a
62,140,78,47,158,111,47,141,94,47,172,125,62,735,673,93,218,125,63,219,156,78,1861,S16a
62,156,94,62,156,94,47,141,94,78,187,109,63,235,172,93,203,110,62,187,125,78,1343,S16a
62,156,94,63,172,109,62,234,172,63,736,673,47,266,219,93,390,297,63,309,246,47,2310,S16a
62,156,94,63,172,109,62,156,94,47,219,172,47,156,109,94,266,172,47,140,93,78,1343,S16a
67,145,78,63,172,109,47,141,94,62,156,94,78,203,125,110,235,125,62,218,156,141,1411,S16a
94,157,63,62,171,109,78,188,110,62,234,172,63,188,125,109,328,219,62,187,125,78,1531,S16a
78,125,47,63,172,109,63,125,62,63,203,140,63,172,109,113,207,94,62,141,79,62,1207,S16a
78,172,94,62,156,94,62,172,110,78,187,109,78,219,141,125,281,156,63,141,78,94,1422,S16a
62,140,78,63,327,264,78,188,110,47,187,140,63,219,156,94,203,109,63,141,78,78,1483,S16a
63,156,93,78,203,125,63,172,109,47,172,125,78,250,172,110,188,78,62,156,94,62,1359,S16a
62,171,109,94,422,328,63,172,109,1063,219,-844,62,187,125,110,188,78,62,141,79,62,1562,S16a
79,141,62,63,172,109,62,203,141,47,234,187,63,219,156,110,281,171,79,188,109,62,1500,S16a
62,140,78,78,188,110,62,140,78,63,172,109,78,203,125,110,203,93,79,141,62,78,1265,S16a
78,156,78,78,1172,1094,-937,-844,93,63,157,94,62,218,156,78,219,141,63,125,62,63,1266,S16a
62,156,94,63,203,140,63,156,93,63,250,187,63,204,141,93,218,125,80,143,63,78,1408,S16a
62,140,78,63,172,109,63,157,94,46,171,125,47,204,157,93,640,547,78,141,63,78,1703,S16a
63,141,78,62,156,94,62,141,79,62,171,109,63,204,141,93,218,125,63,157,94,78,1266,S16a
78,140,62,63,157,94,62,140,78,63,188,125,62,187,125,110,203,93,78,172,94,63,1250,S16a
62,141,79,62,156,94,62,125,63,47,187,140,1063,172,-891,125,219,94,62,187,125,79,1266,S16a
79,172,93,63,172,109,47,156,109,47,188,141,47,156,109,125,250,125,78,203,125,78,1375,S16a
62,171,109,63,157,94,62,140,78,47,172,125,47,156,109,110,204,94,46,125,79,62,1187,S16a
46,187,141,63,219,156,78,156,78,1063,469,-594,62,172,110,93,218,125,63,172,109,63,1656,S16a
63,141,78,62,172,110,62,187,125,47,157,110,46,249,203,94,282,188,78,234,156,78,1500,S16a
78,141,63,63,188,125,63,172,109,47,234,187,63,235,172,109,187,78,78,188,110,62,1407,S16a
47,157,110,62,171,109,63,157,94,62,156,94,62,203,141,94,281,187,110,313,203,78,1516,S16a
78,125,47,62,171,109,63,141,78,63,188,125,62,187,125,125,250,125,63,141,78,95,1298,S16a
62,125,63,78,172,94,62,125,63,62,203,141,47,172,125,125,234,109,78,187,109,94,1312,S16a
47,125,78,63,141,78,62,125,63,62,234,172,47,156,109,110,282,172,78,171,93,79,1313,S16a
47,109,62,78,203,125,47,127,80,62,1234,1172,63,125,62,78,203,125,63,250,187,47,2298,S16a
62,125,63,62,172,110,78,140,62,47,172,125,63,188,125,109,203,94,62,141,79,93,1234,S16a
46,125,79,62,156,94,78,156,78,31,156,125,63,188,125,94,218,124,63,141,78,78,1218,S16a
67,149,82,62,172,110,1062,140,-922,63,172,109,63,266,203,109,203,94,94,156,62,63,1321,S16a
94,141,47,78,172,94,62,125,63,47,187,140,63,172,109,94,250,156,63,219,156,78,1344,S16a
78,235,157,78,187,109,63,125,62,63,203,140,47,141,94,125,234,109,78,141,63,62,1328,S16a
62,140,78,63,172,109,63,141,78,46,203,157,62,172,110,93,234,141,62,156,94,63,1281,S16a
88,150,62,62,156,94,63,141,78,47,187,140,47,219,172,109,187,78,63,180,117,46,1266,S16a
47,125,78,1047,141,-906,63,125,62,63,188,125,62,234,172,94,203,109,78,203,125,47,1266,S16a
63,141,78,62,156,94,62,140,78,63,188,125,62,141,79,125,250,125,56,134,78,62,1212,S16a
62,140,78,78,188,110,62,140,78,63,188,125,62,187,125,125,235,110,62,195,133,50,1323,S16a
54,148,94,62,171,109,63,141,78,47,172,125,78,203,125,94,203,109,63,156,93,79,1273,S16a
62,141,79,62,171,109,63,125,62,47,188,141,47,187,140,94,204,110,62,140,78,47,1203,S16a
47,140,93,47,172,125,47,297,250,78,188,110,62,234,172,109,344,235,93,250,157,78,1703,S16a
63,188,125,62,156,94,78,140,62,47,157,110,1093,218,-875,110,172,62,78,157,79,62,1250,S16a
78,141,63,62,156,94,63,125,62,63,172,109,78,188,110,125,218,93,78,157,79,62,1219,S16a
93,138,45,51,160,109,47,109,62,63,172,109,63,188,125,93,187,94,47,109,62,63,1126,S16a
78,140,62,63,141,78,62,125,63,62,187,125,63,141,78,109,187,78,63,141,78,78,1140,S16a
93,140,47,63,172,109,63,141,78,47,156,109,62,156,94,94,188,94,62,125,63,78,1156,S16a
63,141,78,62,156,94,63,1109,1046,-937,-828,109,63,172,109,94,172,78,63,109,46,110,1141,S16a
63,141,78,63,250,187,63,172,109,47,1812,1765,47,828,781,94,235,141,62,187,125,78,3703,S16a
47,141,94,63,141,78,62,109,47,47,203,156,63,297,234,62,750,688,78,156,78,47,1844,S16a
47,141,94,68,162,94,63,125,62,47,188,141,62,171,109,110,172,62,63,141,78,78,1178,S16a
94,156,62,94,863,769,63,109,46,63,282,219,93,172,79,109,218,109,63,141,78,62,2003,S16a
47,687,640,94,547,453,78,141,63,62,297,235,62,140,78,116,210,94,62,125,63,78,2225,S16a
62,125,63,62,156,94,62,125,63,62,234,172,58,199,141,109,234,125,47,172,125,62,1307,S16a
94,141,47,78,172,94,78,156,78,47,219,172,78,265,187,94,172,78,63,141,78,94,1360,S16a
94,156,62,63,157,94,62,109,47,62,359,297,47,907,860,78,406,328,109,251,142,110,2455,S16a
78,156,78,63,172,109,47,109,62,79,188,109,62,187,125,110,235,125,78,172,94,78,1297,S16a
78,156,78,62,172,110,62,125,63,62,156,94,62,172,110,109,219,110,62,140,78,78,1218,S16a
63,110,47,62,156,94,62,94,32,62,172,110,62,171,109,110,219,109,47,172,125,94,1188,S16a
62,142,80,62,140,78,63,110,47,78,203,125,62,172,110,93,187,94,63,156,93,63,1173,S16a
78,140,62,63,141,78,47,125,78,78,156,78,63,203,140,94,156,62,79,172,93,78,1171,S16a
63,141,78,47,140,93,63,110,47,62,218,156,63,172,109,94,203,109,79,204,125,78,1266,S16a
78,1125,1047,-937,-843,94,62,140,78,63,188,125,78,172,94,93,484,391,79,219,140,63,1548,S16a
78,125,47,62,140,78,78,156,78,47,141,94,63,172,109,109,250,141,78,219,141,93,1296,S16a
79,125,46,63,172,109,63,156,93,63,188,125,62,141,79,109,250,141,62,187,125,78,1297,S16a
78,138,60,52,161,109,63,141,78,78,172,94,78,250,172,109,203,94,78,141,63,62,1268,S16a
78,141,63,47,156,109,63,125,62,78,203,125,63,172,109,110,188,78,46,1109,1063,-938,1156,S16a
78,172,94,62,156,94,47,125,78,62,219,157,62,186,124,109,187,78,78,141,63,94,1280,S16a
78,160,82,78,172,94,63,172,109,78,156,78,63,172,109,94,187,93,63,141,78,47,1207,S16a
62,156,94,62,203,141,62,156,94,47,203,156,63,141,78,109,219,110,47,140,93,47,1265,S16a
93,156,63,62,172,110,62,109,47,63,234,171,63,141,78,78,184,106,63,141,78,109,1246,S16a
78,172,94,62,171,109,63,94,31,78,563,485,78,156,78,78,880,802,62,203,141,94,2333,S16a
78,171,93,63,157,94,1047,140,-907,63,188,125,62,140,78,94,188,94,62,156,94,63,1203,S16a
79,141,62,1063,172,-891,62,172,110,62,187,125,63,156,93,110,204,94,62,125,63,62,1219,S16a
47,141,94,78,156,78,62,156,94,47,172,125,78,156,78,78,205,127,47,141,94,78,1205,S16a
1063,188,-875,62,172,110,47,125,78,62,203,141,62,141,79,104,205,101,63,172,109,89,1295,S16a
79,141,62,63,187,124,47,157,110,93,203,110,62,172,110,93,172,79,78,156,78,62,1250,S16a
78,172,94,62,172,110,62,140,78,63,204,141,62,109,47,94,219,125,78,187,109,63,1266,S16a
78,141,63,62,156,94,62,140,78,63,219,156,63,141,78,109,200,91,63,157,94,62,1216,S16a
63,149,86,63,172,109,47,172,125,63,188,125,62,172,110,93,203,110,62,172,110,78,1306,S16a
62,125,63,62,156,94,47,141,94,62,156,94,62,140,78,94,204,110,46,133,87,63,1118,S16a
62,140,78,63,156,93,63,141,78,47,172,125,62,140,78,110,204,94,62,140,78,78,1171,S16a
63,141,78,62,156,94,62,141,79,62,187,125,63,188,125,93,226,133,47,156,109,47,1242,S16a
63,172,109,78,187,109,63,125,62,79,230,151,94,156,62,109,219,110,62,125,63,47,1261,S16a
63,188,125,62,328,266,78,187,109,63,172,109,63,172,109,94,188,94,62,140,78,63,1438,S16a
156,234,78,62,156,94,63,141,78,62,203,141,94,1172,1078,-906,-797,109,47,156,109,47,1312,S16a
63,141,78,62,172,110,46,140,94,63,156,93,79,157,78,109,187,78,63,141,78,47,1141,S16a
78,156,78,62,156,94,63,172,109,62,141,79,62,156,94,94,187,93,63,172,109,78,1218,S16a
63,157,94,62,172,110,62,203,141,78,890,812,78,157,79,78,234,156,62,250,188,79,2142,S16a
62,125,63,62,172,110,62,171,109,79,172,93,63,157,94,109,203,94,62,156,94,62,1218,S16a
78,141,63,62,156,94,62,172,110,78,187,109,63,172,109,110,250,140,63,172,109,78,1328,S16a
63,172,109,47,188,141,62,218,156,47,141,94,62,250,188,109,187,78,79,188,109,62,1406,S16a
62,172,110,62,156,94,62,172,110,62,234,172,78,156,78,94,219,125,63,156,93,110,1375,S16a
110,172,62,47,156,109,63,172,109,47,188,141,78,156,78,63,1375,1312,94,736,642,78,3033,S16a
78,109,31,94,172,78,63,156,93,63,157,94,62,156,94,94,187,93,47,125,78,78,1140,S16a
62,156,94,63,156,93,63,157,94,62,1171,1109,-937,-828,109,110,188,78,62,156,94,47,1203,S16a
94,187,93,63,157,94,62,172,110,46,171,125,79,188,109,103,194,91,62,131,69,71,1271,S16a
78,141,63,62,156,94,62,140,78,79,172,93,63,172,109,94,235,141,62,218,156,78,1312,S16a
93,140,47,78,157,79,62,140,78,47,188,141,62,172,110,93,453,360,78,203,125,78,1531,S16a
78,140,62,78,188,110,62,156,94,47,187,140,63,141,78,125,203,78,47,203,156,78,1296,S16a
79,157,78,62,156,94,62,141,79,62,218,156,63,157,94,110,201,91,62,154,92,62,1246,S16a
62,140,78,63,172,109,63,156,93,63,157,94,78,171,93,110,204,94,46,140,94,63,1203,S16a
62,234,172,78,188,110,62,187,125,63,719,656,47,141,94,62,812,750,78,188,110,78,2547,S16a
62,125,63,78,187,109,63,157,94,47,156,109,62,156,94,94,484,390,63,250,187,32,1547,S16a
78,141,63,62,156,94,62,141,79,46,187,141,63,203,140,94,172,78,63,313,250,78,1391,S16a
63,125,62,79,157,78,62,140,78,63,172,109,78,203,125,96,189,93,63,157,94,62,1205,S16a
93,140,47,63,157,94,62,156,94,62,203,141,78,187,109,79,281,202,62,344,282,46,1514,S16a
63,125,62,78,156,78,78,172,94,47,172,125,78,172,94,109,219,110,62,140,78,47,1203,S16a
78,140,62,67,162,95,47,140,93,47,157,110,62,187,125,110,156,46,63,172,109,47,1161,S16a
78,203,125,62,156,94,78,141,63,62,218,156,78,157,79,93,250,157,46,140,94,78,1343,S16a
94,156,62,63,156,93,63,141,78,62,172,110,94,265,171,94,266,172,78,234,156,94,1484,S16a
83,192,109,79,172,93,63,219,156,47,188,141,62,140,78,110,266,156,62,203,141,94,1474,S16a
78,187,109,63,172,109,63,141,78,47,141,94,78,156,78,109,187,78,63,141,78,62,1187,S16a
94,156,62,63,156,93,63,141,78,47,172,125,47,1079,1032,110,712,602,62,203,141,62,2681,S16a
63,141,78,78,187,109,63,188,125,31,156,125,1063,156,-907,110,204,94,62,187,125,63,1282,S16a
1063,125,-938,78,172,94,62,156,94,47,188,141,62,156,94,109,1266,1157,-922,-829,93,63,1297,S16a
78,141,63,78,172,94,62,125,63,78,218,140,63,157,94,78,218,140,63,188,125,78,1297,S16a
63,141,78,63,141,78,62,172,110,31,203,172,78,211,133,78,219,141,62,234,172,47,1368,S16a
47,126,79,63,157,94,62,156,94,47,187,140,63,188,125,78,172,94,78,187,109,63,1236,S16a
63,125,62,63,157,94,46,125,79,78,203,125,62,140,78,94,203,109,47,547,500,47,1547,S16a
63,157,94,62,187,125,63,172,109,47,172,125,78,141,63,93,250,157,62,140,78,47,1266,S16a
63,125,62,78,172,94,63,172,109,47,156,109,63,156,93,78,235,157,62,1203,1141,-906,1313,S16a
63,141,78,62,156,94,63,156,93,63,157,94,78,187,109,78,188,110,62,156,94,78,1219,S16a
62,156,94,63,156,93,63,125,62,47,188,141,78,172,94,93,328,235,62,234,172,94,1453,S16a
63,110,47,62,187,125,63,188,125,47,172,125,62,172,110,93,187,94,62,172,110,62,1250,S16a
47,141,94,62,187,125,63,141,78,47,343,296,63,204,141,62,171,109,63,188,125,47,1422,S16a
78,140,62,78,157,79,62,156,94,47,203,156,78,141,63,93,218,125,63,157,94,62,1234,S16a
62,143,81,67,150,83,62,187,125,63,204,141,78,171,93,79,172,93,63,141,78,78,1246,S16a
62,156,94,63,156,93,47,157,110,47,305,258,62,594,532,46,203,157,78,250,172,78,1899,S16a
47,125,78,63,188,125,46,140,94,47,141,94,62,125,63,78,219,141,62,250,188,78,1266,S16a
78,172,94,47,141,94,62,140,78,47,203,156,63,157,94,78,234,156,78,187,109,63,1297,S16a
46,140,94,63,156,93,63,141,78,47,172,125,47,109,62,78,250,172,63,172,109,63,1203,S16a
79,141,62,63,188,125,46,140,94,47,1219,1172,-938,-828,110,94,1797,1703,62,125,63,62,2844,S16a
63,156,93,63,157,94,62,1156,1094,-938,-797,141,62,187,125,89,183,94,62,171,109,79,1292,S16a
46,140,94,63,1156,1093,-921,-843,78,37,178,141,63,156,93,78,188,110,62,156,94,47,1178,S16a
47,203,156,62,203,141,31,187,156,63,188,125,62,172,110,94,234,140,47,172,125,63,1422,S16a
62,140,78,78,406,328,63,297,234,78,266,188,94,187,93,78,172,94,78,172,94,31,1671,S16a
47,140,93,79,172,93,63,157,94,62,187,125,63,156,93,110,235,125,62,172,110,46,1265,S16a
62,141,79,62,171,109,47,122,75,81,190,109,62,172,110,109,219,110,46,156,110,78,1249,S16a
78,141,63,62,765,703,63,141,78,47,203,156,78,188,110,78,203,125,47,468,421,63,2172,S16a
62,125,63,62,187,125,47,127,80,62,156,94,63,172,109,109,219,110,78,250,172,62,1298,S16a
78,125,47,62,187,125,47,157,110,31,125,94,78,188,110,93,156,63,62,453,391,94,1485,S16a
62,171,109,63,157,94,62,156,94,62,172,110,62,156,94,109,219,110,62,187,125,78,1296,S16a
63,188,125,62,172,110,62,156,94,62,187,125,63,157,94,109,1218,1109,-921,-703,218,78,1453,S16a
62,187,125,62,172,110,69,162,93,63,203,140,79,204,125,93,1296,1203,-921,-765,156,78,1537,S16a
94,172,78,63,172,109,63,1156,1093,-937,-797,140,63,172,109,110,219,109,63,188,125,46,1328,S16a
125,203,78,78,203,125,63,188,125,47,375,328,62,156,94,94,203,109,78,188,110,93,1609,S16a
78,125,47,78,172,94,47,172,125,62,203,141,62,172,110,93,234,141,63,266,203,78,1422,S16a
1063,156,-907,78,174,96,62,187,125,63,172,109,47,156,109,110,203,93,47,157,110,62,1267,S16a
62,124,62,63,157,94,62,156,94,47,165,118,62,496,434,78,157,79,62,156,94,78,1489,S16a
62,125,63,62,156,94,47,125,78,47,172,125,62,156,94,94,187,93,63,125,62,63,1109,S16a
78,141,63,62,187,125,47,157,110,47,484,437,63,438,375,78,140,62,63,172,109,78,1797,S16a
63,109,46,63,172,109,47,1110,1063,-938,-829,109,79,172,93,78,235,157,47,172,125,62,1203,S16a
78,141,63,62,156,94,62,109,47,47,188,141,62,156,94,94,172,78,62,141,79,46,1109,S16a
63,125,62,63,141,78,62,109,47,47,203,156,63,141,78,78,218,140,63,141,78,63,1141,S16a
78,140,62,47,141,94,47,109,62,63,156,93,79,172,93,78,235,157,62,187,125,47,1187,S16a
62,109,47,62,156,94,63,110,47,62,156,94,62,1156,1094,-906,-812,94,62,218,156,63,1156,S16a
78,140,62,63,141,78,62,125,63,78,156,78,63,141,78,109,172,63,62,203,141,62,1140,S16a
62,140,78,63,219,156,63,156,93,78,157,79,78,187,109,94,219,125,62,203,141,62,1343,S16a
79,141,62,47,172,125,47,125,78,47,156,109,47,188,141,93,187,94,47,156,109,79,1204,S16a
80,158,78,63,1188,1125,-954,-860,94,63,125,62,78,219,141,94,187,93,79,219,140,78,1314,S16a
63,125,62,63,157,94,62,140,78,63,156,93,78,172,94,94,156,62,63,157,94,47,1110,S16a
63,156,93,63,141,78,78,141,63,78,156,78,62,156,94,110,203,93,78,1203,1125,-921,1235,S16a
62,141,79,62,156,94,62,125,63,62,156,94,63,156,93,94,188,94,62,390,328,63,1375,S16a
62,140,78,63,172,109,63,141,78,62,172,110,62,156,94,109,187,78,63,172,109,63,1203,S16a
63,141,78,62,156,94,63,110,47,62,171,109,63,141,78,109,188,79,78,156,78,47,1110,S16a
63,157,94,78,171,93,63,157,94,48,189,141,63,141,78,93,609,516,63,205,142,52,1681,S16a
80,155,75,62,174,112,47,127,80,78,156,78,63,188,125,78,172,94,47,156,109,62,1190,S16a
78,156,78,63,188,125,62,148,86,109,500,391,78,156,78,94,266,172,62,187,125,63,1664,S16a
63,141,78,63,156,93,63,141,78,62,172,110,78,172,94,93,218,125,63,250,187,63,1313,S16a
62,141,79,78,156,78,62,156,94,47,375,328,78,266,188,93,281,188,62,172,110,62,1609,S16a
63,125,62,63,234,171,79,172,93,63,705,642,62,187,125,79,266,187,63,156,93,63,1908,S16a
62,156,94,63,172,109,47,125,78,63,172,109,62,203,141,94,219,125,62,187,125,63,1297,S16a
109,187,78,63,141,78,62,187,125,47,125,78,63,204,141,78,265,187,63,250,187,63,1422,S16a
62,140,78,63,157,94,62,156,94,47,166,119,79,188,109,78,1062,984,79,719,640,63,2651,S16a
78,140,62,63,188,125,78,908,830,78,797,719,78,172,94,78,187,109,63,172,109,47,2611,S16a
62,141,79,62,156,94,67,147,80,47,156,109,63,141,78,94,156,62,63,172,109,47,1116,S16a
47,141,94,47,156,109,47,157,110,62,171,109,63,141,78,109,188,79,62,156,94,47,1157,S16a
78,156,78,47,141,94,78,140,62,63,188,125,62,140,78,110,188,78,62,141,79,46,1140,S16a
63,141,78,47,141,94,62,140,78,63,188,125,62,125,63,93,218,125,79,219,140,78,1250,S16a
78,156,78,63,157,94,62,109,47,62,203,141,63,156,93,85,164,79,78,140,62,63,1148,S16a
62,140,78,63,157,94,62,156,94,47,172,125,78,172,94,93,203,110,78,453,375,62,1515,S16a
62,125,63,78,172,94,47,125,78,47,172,125,62,125,63,93,234,141,63,266,203,62,1281,S16a
63,156,93,63,156,93,63,141,78,63,172,109,62,141,79,109,218,109,1063,282,-781,93,1359,S16a
79,188,109,62,156,94,63,125,62,78,188,110,62,172,110,93,171,78,77,171,94,78,1249,S16a
63,172,109,63,563,500,62,140,78,63,300,237,63,172,109,94,219,125,63,297,234,62,1925,S16a
78,156,78,62,187,125,47,141,94,78,172,94,78,187,109,110,204,94,62,437,375,47,1531,S16a
47,141,94,62,171,109,47,141,94,63,156,93,63,157,94,109,218,109,63,203,140,79,1266,S16a
78,141,63,78,156,78,62,156,94,78,206,128,72,291,219,94,221,127,59,179,120,71,1421,S16a
63,156,93,63,157,94,76,154,78,62,250,188,78,156,78,109,234,125,78,156,78,79,1342,S16a
62,187,125,63,188,125,47,140,93,1032,222,-810,50,175,125,93,312,219,63,188,125,78,1490,S16a
79,172,93,63,157,94,62,136,74,63,172,109,63,141,78,109,218,109,47,157,110,78,1231,S16a
79,157,78,62,156,94,62,156,94,47,219,172,62,141,79,109,250,141,62,250,188,62,1391,S16a
78,156,78,79,172,93,63,125,62,63,188,125,78,156,78,109,266,157,62,218,156,79,1360,S16a
63,141,78,63,156,93,63,141,78,78,172,94,62,140,78,125,204,79,62,390,328,78,1422,S16a
62,125,63,62,172,110,62,156,94,62,187,125,63,157,94,109,234,125,78,219,141,78,1328,S16a
94,156,62,63,172,109,63,1141,1078,-938,-781,157,78,156,78,109,203,94,62,156,94,78,1281,S16a
78,156,78,63,172,109,62,156,94,47,313,266,62,156,94,94,219,125,62,171,109,79,1422,S16a
93,140,47,78,172,94,63,156,93,63,157,94,62,171,109,110,204,94,78,171,93,63,1234,S16a
62,125,63,78,156,78,62,140,78,47,205,158,78,140,62,110,243,133,63,157,94,62,1228,S16a
78,140,62,47,157,110,62,140,78,63,172,109,63,141,78,109,218,109,63,157,94,62,1187,S16a
94,157,63,62,156,94,62,156,94,78,266,188,78,156,78,125,219,94,62,156,94,78,1344,S16a
62,141,79,62,171,109,47,141,94,62,203,141,63,141,78,93,172,79,78,140,62,78,1187,S16a
78,141,63,78,187,109,47,141,94,78,203,125,62,125,63,125,203,78,62,125,63,94,1219,S16a
62,156,94,63,203,140,63,172,109,47,203,156,63,141,78,94,203,109,78,156,78,63,1297,S16a
62,125,63,78,172,94,47,140,93,63,172,109,63,156,93,94,188,94,62,156,94,63,1172,S16a
47,172,125,78,188,110,62,140,78,63,219,156,63,547,484,62,141,79,62,140,78,47,1594,S16a
31,156,125,63,172,109,63,141,78,47,156,109,47,140,93,94,188,94,78,172,94,62,1187,S16a
62,141,79,62,156,94,62,140,78,63,188,125,62,203,141,108,235,127,78,156,78,78,1297,S16a
47,125,78,78,172,94,46,125,79,78,200,122,63,141,78,110,219,109,78,219,141,78,1279,S16a
78,156,78,63,156,93,63,141,78,62,1172,1110,-938,-828,110,82,222,140,78,281,203,79,1379,S16a
62,156,94,63,188,125,47,140,93,47,188,141,78,172,94,109,187,78,63,172,109,78,1281,S16a
63,157,94,62,171,109,63,141,78,63,313,250,62,140,78,94,219,125,62,172,110,47,1360,S16a
78,140,62,78,188,110,47,140,93,78,172,94,63,141,78,94,187,93,63,141,78,78,1187,S16a
1062,172,-890,62,172,110,62,109,47,62,281,219,78,156,78,79,188,109,62,172,110,78,1328,S16a
47,156,109,47,188,141,47,172,125,47,156,109,63,156,93,94,188,94,62,125,63,78,1219,S16a
47,110,63,62,172,110,62,171,109,47,172,125,63,157,94,93,187,94,63,172,109,78,1219,S16a
63,156,93,63,188,125,47,109,62,47,219,172,94,188,94,109,203,94,62,172,110,78,1313,S16a
78,188,110,62,156,94,63,141,78,78,171,93,1063,188,-875,94,219,125,62,187,125,78,1328,S16a
78,187,109,63,172,109,47,156,109,63,406,343,63,1188,1125,-906,-828,78,62,172,110,62,1515,S16a
71,143,72,71,172,101,60,141,81,51,153,102,63,141,78,109,203,94,78,187,109,78,1218,S16a
94,188,94,78,189,111,62,125,63,78,234,156,63,141,78,125,219,94,62,187,125,78,1361,S16a
78,125,47,62,156,94,63,141,78,47,140,93,63,188,125,78,156,78,63,188,125,62,1156,S16a
62,1125,1063,-922,-813,109,47,141,94,62,141,79,62,171,109,94,174,80,63,172,109,94,1205,S16a
78,156,78,63,188,125,62,156,94,47,125,78,62,187,125,79,172,93,63,250,187,47,1281,S16a
63,110,47,62,187,125,47,188,141,31,109,78,78,203,125,78,141,63,78,172,94,47,1157,S16a
63,163,100,62,172,110,78,203,125,62,140,78,79,188,109,94,219,125,47,172,125,78,1335,S16a
62,125,63,62,172,110,62,156,94,47,1141,1094,-938,-828,110,87,165,78,47,110,63,78,1119,S16a
62,156,94,47,625,578,63,172,109,63,141,78,62,140,78,94,188,94,62,125,63,78,1625,S16a
63,141,78,62,140,78,78,157,79,46,171,125,79,172,93,110,235,125,47,156,109,47,1219,S16a
78,187,109,47,188,141,62,140,78,63,157,94,62,156,94,62,250,188,62,250,188,78,1406,S16a
63,125,62,63,172,109,47,141,94,62,140,78,63,157,94,78,156,78,62,156,94,63,1110,S16a
47,156,109,47,156,109,63,157,94,46,187,141,63,281,218,78,188,110,62,187,125,78,1390,S16a
79,141,62,78,188,110,62,142,80,62,156,94,63,172,109,78,172,94,62,109,47,78,1158,S16a
62,187,125,63,157,94,62,218,156,78,219,141,63,203,140,110,219,109,62,156,94,78,1437,S16a
63,125,62,78,188,110,62,172,110,46,140,94,63,172,109,94,172,78,78,172,94,69,1210,S16a
62,140,78,63,172,109,63,172,109,47,141,94,78,156,78,94,203,109,62,156,94,63,1203,S16a
78,156,78,62,156,94,63,141,78,62,187,125,94,157,63,93,203,110,62,156,94,78,1234,S16a
47,141,94,63,172,109,62,172,110,62,156,94,63,156,93,94,188,94,62,234,172,78,1297,S16a
78,125,47,78,172,94,47,141,94,47,156,109,78,156,78,94,188,94,62,140,78,63,1141,S16a
78,156,78,62,172,110,62,109,47,78,188,110,63,172,109,78,328,250,78,188,110,93,1406,S16a
78,390,312,79,766,687,78,141,63,62,218,156,79,188,109,78,203,125,47,141,94,62,2109,S16a
47,125,78,62,171,109,47,141,94,63,156,93,63,547,484,78,172,94,47,719,672,62,2093,S16a
63,141,78,63,156,93,1063,141,-922,62,156,94,63,172,109,94,172,78,62,141,79,64,1143,S16a
78,156,78,78,1156,1078,-922,-843,79,62,140,78,78,172,94,94,188,94,62,203,141,62,1234,S16a
62,141,79,78,171,93,63,141,78,63,156,93,63,157,94,93,171,78,63,125,62,78,1140,S16a
62,141,79,62,156,94,62,140,78,63,172,109,78,157,79,109,265,156,78,203,125,78,1312,S16a
62,125,63,78,172,94,62,140,78,78,157,79,62,171,109,94,188,94,47,156,109,78,1187,S16a
47,125,78,62,172,110,47,125,78,62,156,94,78,188,110,93,156,63,62,125,63,78,1125,S16a
72,416,344,88,9096,9008,80,160,80,96,360,264,112,400,288,120,176,56,64,400,336,80,11088,S17a
64,176,112,80,144,64,80,200,120,72,296,224,80,272,192,80,208,128,56,224,168,80,1600,S17a
64,160,96,72,152,80,80,160,80,72,264,192,80,240,160,96,160,64,80,184,104,80,1400,S17a
88,232,144,72,152,80,80,176,96,96,192,96,96,248,152,88,120,32,80,200,120,96,1416,S17a
72,160,88,72,128,56,80,168,88,80,200,120,64,272,208,96,152,56,72,184,112,72,1336,S17a
88,184,96,72,136,64,88,152,64,72,184,112,96,224,128,96,160,64,64,176,112,80,1296,S17a
88,176,88,64,120,56,80,168,88,80,2456,2376,64,192,128,72,360,288,64,192,128,72,3736,S17a
64,136,72,80,104,24,72,184,112,64,216,152,88,280,192,104,168,64,80,256,176,88,1432,S17a
80,240,160,72,176,104,120,264,144,80,168,88,72,264,192,112,184,72,80,216,136,88,1600,S17a
80,192,112,80,144,64,88,192,104,88,240,152,80,208,128,80,160,80,48,192,144,80,1408,S17a
72,200,128,64,136,72,88,176,88,64,184,120,80,224,144,104,192,88,40,152,112,64,1328,S17a
80,176,96,88,144,56,96,176,80,80,144,64,96,280,184,104,176,72,72,200,128,96,1392,S17a
80,160,80,72,144,72,64,160,96,80,152,72,56,232,176,88,176,88,64,160,96,80,1264,S17a
64,144,80,64,136,72,64,168,104,56,176,120,56,208,152,96,208,112,72,160,88,88,1288,S17a
104,176,72,88,144,56,80,152,72,56,160,104,80,192,112,96,184,88,64,152,88,80,1240,S17a
72,168,96,88,152,64,80,160,80,72,168,96,80,216,136,88,160,72,56,168,112,88,1280,S17a
88,184,96,80,120,40,88,192,104,72,152,80,80,240,160,72,208,136,64,152,88,88,1336,S17a
72,152,80,64,128,64,96,184,88,64,296,232,112,544,432,96,192,96,64,152,88,80,1728,S17a
72,152,80,80,136,56,64,112,48,64,224,160,112,280,168,112,336,224,80,192,112,88,1520,S17a
56,144,88,56,128,72,88,184,96,64,360,296,80,792,712,64,152,88,80,232,152,64,2056,S17a
72,192,120,72,152,80,80,160,80,48,536,488,40,184,144,72,272,200,64,200,136,80,1776,S17a
72,184,112,88,160,72,72,152,80,80,248,168,88,208,120,96,168,72,80,192,112,88,1400,S17a
88,160,72,88,160,72,48,216,168,80,200,120,88,240,152,104,144,40,80,200,120,80,1400,S17a
72,144,72,72,160,88,72,144,72,72,192,120,88,232,144,96,168,72,72,160,88,80,1280,S17a
72,152,80,88,160,72,64,152,88,64,208,144,64,216,152,104,192,88,64,160,96,64,1304,S17a
64,144,80,88,152,64,72,160,88,48,200,152,80,208,128,88,208,120,48,160,112,72,1304,S17a
88,168,80,96,152,56,56,176,120,64,168,104,72,232,160,88,200,112,64,160,96,64,1320,S17a
80,168,88,80,152,72,56,152,96,64,224,160,88,208,120,72,232,160,56,136,80,88,1360,S17a
72,152,80,88,144,56,64,144,80,56,216,160,80,264,184,80,176,96,40,184,144,64,1344,S17a
64,144,80,96,152,56,64,152,88,64,160,96,80,256,176,104,176,72,48,200,152,72,1312,S17a
72,168,96,80,160,80,64,184,120,88,152,64,64,232,168,136,208,72,64,152,88,96,1352,S17a
88,160,72,72,152,80,56,136,80,88,176,88,80,192,112,120,176,56,56,144,88,104,1240,S17a
80,152,72,72,144,72,72,152,80,80,176,96,64,208,144,80,176,96,64,136,72,80,1224,S17a
80,152,72,96,160,64,72,128,56,72,168,96,80,208,128,96,176,80,56,176,120,40,1208,S17a
64,168,104,96,144,48,64,184,120,72,112,40,72,232,160,104,152,48,56,192,136,88,1272,S17a
64,168,104,80,160,80,80,152,72,72,184,112,96,216,120,104,464,360,80,184,104,64,1592,S17a
72,112,40,96,152,56,72,128,56,64,184,120,80,200,120,112,200,88,56,152,96,72,1200,S17a
80,136,56,104,168,64,64,144,80,88,168,80,72,232,160,104,208,104,24,184,160,80,1320,S17a
72,160,88,80,160,80,88,160,72,88,848,760,88,224,136,80,160,80,80,192,112,88,1992,S17a
96,168,72,80,160,80,64,144,80,88,184,96,80,288,208,88,248,160,80,168,88,96,1456,S17a
64,184,120,80,176,96,56,144,88,88,208,120,72,240,168,136,216,80,72,200,128,96,1464,S17a
96,264,168,112,208,96,64,128,64,80,656,576,72,248,176,96,192,96,72,216,144,80,1992,S17a
88,184,96,96,176,80,72,160,88,80,184,104,88,256,168,120,232,112,72,184,112,104,1480,S17a
80,176,96,96,184,88,56,152,96,80,224,144,72,208,136,80,160,80,48,216,168,80,1400,S17a
104,216,112,104,192,88,72,152,80,80,224,144,112,336,224,88,176,88,80,152,72,112,1560,S17a
96,176,80,96,168,72,72,168,96,80,192,112,88,272,184,136,168,32,80,200,120,96,1440,S17a
120,208,88,120,192,72,80,144,64,80,464,384,96,216,120,104,192,88,80,160,80,96,1672,S17a
112,200,88,80,768,688,72,184,112,72,280,208,56,704,648,96,776,680,88,232,144,88,3232,S17a
96,536,440,72,160,88,80,152,72,80,232,152,96,256,160,112,200,88,88,216,128,104,1856,S17a
96,208,112,104,184,80,80,152,72,88,240,152,96,288,192,104,176,72,88,192,104,80,1520,S17a
80,160,80,112,192,80,96,208,112,80,440,360,88,280,192,96,304,208,80,152,72,64,1800,S17a
80,192,112,64,152,88,72,152,80,88,192,104,80,248,168,120,152,32,88,184,96,96,1368,S17a
88,136,48,80,152,72,64,160,96,80,200,120,104,216,112,104,192,88,80,192,112,96,1344,S17a
80,152,72,96,168,72,64,152,88,80,176,96,80,216,136,72,160,88,72,160,88,96,1280,S17a
72,168,96,80,176,96,72,144,72,104,288,184,96,224,128,104,200,96,72,192,120,96,1488,S17a
88,200,112,104,184,80,72,160,88,80,224,144,88,448,360,104,192,88,64,200,136,96,1704,S17a
88,136,48,112,168,56,88,144,56,96,424,328,80,288,208,104,176,72,64,192,128,96,1624,S17a
88,192,104,80,136,56,64,128,64,80,208,128,80,232,152,104,208,104,72,192,120,96,1392,S17a
96,168,72,80,168,88,64,144,80,80,192,112,80,200,120,104,224,120,48,176,128,104,1376,S17a
80,136,56,88,152,64,80,152,72,80,216,136,104,208,104,104,224,120,56,152,96,88,1328,S17a
64,168,104,80,152,72,64,160,96,80,160,80,64,304,240,112,200,88,56,224,168,72,1440,S17a
128,272,144,96,176,80,72,120,48,80,576,496,72,952,880,80,160,80,56,248,192,88,2592,S17a
72,200,128,80,128,48,72,128,56,72,296,224,88,304,216,112,168,56,72,208,136,96,1528,S17a
96,176,80,96,168,72,64,112,48,88,240,152,96,280,184,104,200,96,64,264,200,112,1552,S17a
88,160,72,96,168,72,40,168,128,104,208,104,72,312,240,120,936,816,64,168,104,72,2192,S17a
72,208,136,96,152,56,80,152,72,64,216,152,88,448,360,96,152,56,80,200,120,80,1608,S17a
96,144,48,72,136,64,64,120,56,72,216,144,88,224,136,136,200,64,56,176,120,96,1312,S17a
96,160,64,88,168,80,80,152,72,88,152,64,96,336,240,104,152,48,88,176,88,96,1392,S17a
88,184,96,104,184,80,72,128,56,72,208,136,80,176,96,112,216,104,80,144,64,88,1328,S17a
56,144,88,64,136,72,56,128,72,80,184,104,64,200,136,112,160,48,80,184,104,80,1216,S17a
80,128,48,88,144,56,72,144,72,80,168,88,80,224,144,96,144,48,64,176,112,80,1208,S17a
104,136,32,80,136,56,56,128,72,80,152,72,48,208,160,104,176,72,64,152,88,80,1168,S17a
72,152,80,72,128,56,72,120,48,80,168,88,80,208,128,112,184,72,72,168,96,72,1200,S17a
80,152,72,64,152,88,72,152,80,80,152,72,64,248,184,112,144,32,56,176,120,104,1280,S17a
88,136,48,104,160,56,64,120,56,80,168,88,80,184,104,112,168,56,72,168,96,80,1184,S17a
80,136,56,72,136,64,72,192,120,80,120,40,72,248,176,88,168,80,72,168,96,64,1232,S17a
88,144,56,72,128,56,72,152,80,64,144,80,80,248,168,112,168,56,56,168,112,96,1248,S17a
88,168,80,88,168,80,72,176,104,88,168,80,72,232,160,96,304,208,80,144,64,72,1432,S17a
80,184,104,72,160,88,56,176,120,72,136,64,80,240,160,96,160,64,56,168,112,80,1304,S17a
96,168,72,88,160,72,56,144,88,96,880,784,88,184,96,96,272,176,64,224,160,112,2144,S17a
104,160,56,88,160,72,72,144,72,88,184,96,80,248,168,112,192,80,80,192,112,104,1384,S17a
104,184,80,96,176,80,72,152,80,96,808,712,80,368,288,96,176,80,80,184,104,112,2160,S17a
104,144,40,80,160,80,56,144,88,72,160,88,64,232,168,104,192,88,88,176,88,96,1304,S17a
88,160,72,88,168,80,64,176,112,96,168,72,80,256,176,144,208,64,96,184,88,96,1416,S17a
88,176,88,80,152,72,64,160,96,88,160,72,80,280,200,-872,200,1072,72,192,120,96,1416,S17a
88,192,104,72,344,272,80,536,456,72,168,96,96,272,176,112,184,72,40,200,160,104,2000,S17a
80,144,64,88,144,56,56,192,136,72,136,64,64,312,248,32,192,160,48,184,136,88,1392,S17a
72,136,64,88,160,72,64,200,136,72,144,72,80,216,136,112,176,64,48,136,88,88,1256,S17a
88,168,80,104,200,96,64,536,472,88,280,192,96,264,168,112,176,64,64,176,112,96,1896,S17a
64,136,72,88,144,56,80,192,112,80,184,104,80,264,184,104,184,80,64,184,120,88,1376,S17a
88,168,80,56,152,96,72,152,80,104,264,160,104,424,320,88,152,64,56,224,168,80,1616,S17a
96,168,72,72,144,72,88,144,56,96,192,96,88,312,224,96,152,56,88,176,88,96,1384,S17a
88,176,88,88,176,88,56,184,128,88,192,104,48,296,248,104,424,320,64,216,152,112,1776,S17a
88,160,72,64,152,88,64,136,72,80,240,160,88,272,184,112,184,72,80,176,96,128,1448,S17a
80,160,80,64,144,80,64,152,88,80,176,96,64,192,128,88,480,392,80,128,48,96,1528,S17a
106,186,80,88,176,88,72,200,128,96,208,112,112,576,464,96,200,104,80,192,112,88,1826,S17a
88,184,96,104,184,80,96,192,96,72,216,144,88,448,360,96,184,88,72,176,104,96,1680,S17a
88,152,64,88,144,56,72,136,64,80,176,96,96,352,256,96,128,32,80,192,112,88,1368,S17a
96,152,56,88,128,40,88,128,40,88,184,96,80,424,344,80,144,64,56,168,112,96,1424,S17a
64,160,96,80,160,80,72,128,56,80,240,160,64,360,296,80,152,72,72,280,208,72,1552,S17a
72,136,64,80,136,56,56,136,80,72,160,88,56,288,232,104,136,32,40,168,128,72,1232,S17a
72,160,88,80,128,48,56,144,88,80,144,64,72,248,176,104,176,72,48,152,104,72,1224,S17a
88,184,96,88,136,48,96,152,56,96,200,104,80,368,288,80,160,80,40,136,96,72,1408,S17a
88,168,80,64,120,56,64,136,72,64,152,88,72,264,192,112,160,48,48,128,80,96,1224,S17a
72,160,88,72,120,48,56,112,56,72,152,80,72,336,264,104,176,72,56,120,64,80,1256,S17a
56,184,128,72,136,64,64,120,56,64,168,104,48,240,192,120,200,80,48,120,72,88,1256,S17a
64,152,88,64,128,64,88,168,80,64,144,80,96,544,448,64,168,104,56,384,328,72,1760,S17a
56,144,88,64,120,56,64,144,80,56,168,112,56,248,192,96,288,192,48,208,160,88,1408,S17a
80,144,64,88,152,64,72,136,64,64,160,96,96,336,240,88,144,56,64,136,72,104,1312,S17a
80,136,56,96,152,56,72,152,80,88,192,104,64,264,200,96,-848,-944,1080,1176,96,72,1296,S17a
72,152,80,88,112,24,88,136,48,88,392,304,80,152,72,88,232,144,56,144,88,80,1400,S17a
72,168,96,80,136,56,72,120,48,64,168,104,80,360,280,88,136,48,56,200,144,72,1360,S17a
88,168,80,80,168,88,48,136,88,72,128,56,72,256,184,104,176,72,32,136,104,72,1240,S17a
80,144,64,64,120,56,72,152,80,64,160,96,72,192,120,96,224,128,48,128,80,64,1184,S17a
72,136,64,80,136,56,64,128,64,80,120,40,80,224,144,88,192,104,56,136,80,80,1152,S17a
72,160,88,48,128,80,56,120,64,72,152,80,88,224,136,96,160,64,32,152,120,64,1160,S17a
56,144,88,88,160,72,64,96,32,72,168,96,64,208,144,88,224,136,64,152,88,72,1224,S17a
56,144,88,56,128,72,72,168,96,64,144,80,48,256,208,88,160,72,40,176,136,72,1248,S17a
72,120,48,96,152,56,64,144,80,64,168,104,48,296,248,96,464,368,88,192,104,80,1616,S17a
72,152,80,72,120,48,88,176,88,48,144,96,64,568,504,80,144,64,80,200,120,88,1592,S17a
72,128,56,88,144,56,64,120,56,64,168,104,72,240,168,72,184,112,72,200,128,80,1264,S17a
56,112,56,72,136,64,64,128,64,72,176,104,72,304,232,72,120,48,72,144,72,88,1208,S17a
56,160,104,72,152,80,48,128,80,48,224,176,72,232,160,88,208,120,72,136,64,80,1320,S17a
72,144,72,72,168,96,32,104,72,48,224,176,56,184,128,80,208,128,64,128,64,88,1248,S17a
56,112,56,64,128,64,72,136,64,48,160,112,72,216,144,88,176,88,48,160,112,80,1168,S17a
72,112,40,72,160,88,40,128,88,48,296,248,72,248,176,80,224,144,40,120,80,88,1376,S17a
64,160,96,56,120,64,64,136,72,80,176,96,64,240,176,80,168,88,48,144,96,88,1232,S17a
64,160,96,48,128,80,56,160,104,80,288,208,88,232,144,72,152,80,80,176,96,96,1392,S17a
48,104,56,80,144,64,56,120,64,64,208,144,88,200,112,128,224,96,56,136,80,88,1224,S17a
64,136,72,56,128,72,56,96,40,64,192,128,48,144,96,88,192,104,40,152,112,80,1120,S17a
72,128,56,80,136,56,72,128,56,72,208,136,96,392,296,80,136,56,56,160,104,72,1360,S17a
72,152,80,72,128,56,72,152,80,64,176,112,80,384,304,72,128,56,56,304,248,72,1496,S17a
56,144,88,48,120,72,64,160,96,32,320,288,72,256,184,80,168,88,96,160,64,88,1416,S17a
64,128,64,80,136,56,72,176,104,64,120,56,88,312,224,104,144,40,56,208,152,88,1312,S17a
72,112,40,80,136,56,64,168,104,48,120,72,72,296,224,96,144,48,80,160,80,80,1216,S17a
72,168,96,88,152,64,64,168,104,96,160,64,88,384,296,96,120,24,72,152,80,120,1424,S17a
88,152,64,72,160,88,80,136,56,72,176,104,72,416,344,96,160,64,80,144,64,96,1440,S17a
56,208,152,80,144,64,80,136,56,80,216,136,56,232,176,72,168,96,72,192,120,88,1384,S17a
48,184,136,72,160,88,56,128,72,80,176,96,72,328,256,96,144,48,64,208,144,96,1424,S17a
72,128,56,32,144,112,80,160,80,56,168,112,64,232,168,112,192,80,56,144,88,128,1296,S17a
88,152,64,56,136,80,72,128,56,72,312,240,88,232,144,96,208,112,56,144,88,96,1408,S17a
64,144,80,56,144,88,72,136,64,88,320,232,96,768,672,96,120,24,80,272,192,96,2000,S17a
80,168,88,88,152,64,88,184,96,112,160,48,112,368,256,80,128,48,72,216,144,88,1464,S17a
64,144,80,64,224,160,72,144,72,64,184,120,80,200,120,72,168,96,72,160,88,96,1320,S17a
80,160,80,72,144,72,88,144,56,64,184,120,72,256,184,120,208,88,56,184,128,104,1384,S17a
80,144,64,96,160,64,80,168,88,96,168,72,80,456,376,88,184,96,64,240,176,96,1616,S17a
64,144,80,64,136,72,72,104,32,56,192,136,72,184,112,104,168,64,80,128,48,96,1152,S17a
72,128,56,72,128,56,72,120,48,88,264,176,80,264,184,88,184,96,48,120,72,112,1320,S17a
56,128,72,88,128,40,72,144,72,56,168,112,64,240,176,112,176,64,48,152,104,104,1240,S17a
80,168,88,80,192,112,48,128,80,72,192,120,56,192,136,104,512,408,80,160,80,88,1632,S17a
72,168,96,88,160,72,80,208,128,96,120,24,72,264,192,96,184,88,80,200,120,96,1400,S17a
48,168,120,72,152,80,64,160,96,56,192,136,72,336,264,80,144,64,88,232,144,104,1488,S17a
72,184,112,64,120,56,88,168,80,48,176,128,88,184,96,64,216,152,56,-904,-960,1104,1248,S17a
72,136,64,80,168,88,40,144,104,24,248,224,72,184,112,88,688,600,80,136,56,80,1784,S17a
72,160,88,64,144,80,40,120,80,96,256,160,72,224,152,96,192,96,80,176,96,88,1360,S17a
64,120,56,88,152,64,64,128,64,72,328,256,96,208,112,72,184,112,56,136,80,88,1344,S17a
56,128,72,80,152,72,96,176,80,72,168,96,64,192,128,96,240,144,88,200,112,80,1336,S17a
72,128,56,56,128,72,48,128,80,64,224,160,64,176,112,104,232,128,40,144,104,104,1264,S17a
64,144,80,72,208,136,8,304,296,72,160,88,80,224,144,72,192,120,56,184,128,112,1528,S17a
88,152,64,64,136,72,56,96,40,64,240,176,80,200,120,88,200,112,56,168,112,104,1296,S17a
64,128,64,64,144,80,72,144,72,88,192,104,88,240,152,120,144,24,80,168,88,96,1256,S17a
80,136,56,72,136,64,80,160,80,72,168,96,72,216,144,96,168,72,16,200,184,72,1256,S17a
80,136,56,80,112,32,88,152,64,64,144,80,96,384,288,80,128,48,56,240,184,88,1384,S17a
80,136,56,88,136,48,80,160,80,72,176,104,72,208,136,120,248,128,64,160,96,80,1304,S17a
80,152,72,88,120,32,72,176,104,56,144,88,64,296,232,88,136,48,80,200,120,104,1328,S17a
80,144,64,56,128,72,80,152,72,64,168,104,72,320,248,80,152,72,56,184,128,96,1344,S17a
104,152,48,80,136,56,72,160,88,80,144,64,88,256,168,104,176,72,72,152,80,88,1264,S17a
88,144,56,88,168,80,72,136,64,72,144,72,88,216,128,96,184,88,64,160,96,96,1248,S17a
80,128,48,80,144,64,64,112,48,72,200,128,64,168,104,104,200,96,32,160,128,88,1200,S17a
56,144,88,80,104,24,80,160,80,64,136,72,80,208,128,112,160,48,56,184,128,104,1200,S17a
80,136,56,88,152,64,72,112,40,80,224,144,72,208,136,96,176,80,72,160,88,104,1272,S17a
64,136,72,72,152,80,72,176,104,80,168,88,80,216,136,104,144,40,72,192,120,96,1280,S17a
64,144,80,80,144,64,64,128,64,88,208,120,64,344,280,72,128,56,64,152,88,96,1344,S17a
88,144,56,88,152,64,64,128,64,80,184,104,32,240,208,88,128,40,80,200,120,104,1280,S17a
96,144,48,96,160,64,64,136,72,72,128,56,72,200,128,120,128,8,64,152,88,104,1152,S17a
88,152,64,72,152,80,80,144,64,80,136,56,80,224,144,104,200,96,64,144,80,80,1232,S17a
56,112,56,72,120,48,72,120,48,72,152,80,80,192,112,88,160,72,56,160,104,96,1112,S17a
72,128,56,80,136,56,64,128,64,56,136,80,64,232,168,96,152,56,48,192,144,104,1208,S17a
80,136,56,88,144,56,72,168,96,88,144,56,80,336,256,72,224,152,72,168,96,72,1392,S17a
72,128,56,72,136,64,80,136,56,72,192,120,80,192,112,120,208,88,56,192,136,112,1296,S17a
72,120,48,80,144,64,56,144,88,96,136,40,72,296,224,112,160,48,96,168,72,120,1288,S17a
96,184,88,56,152,96,32,304,272,88,152,64,80,336,256,128,224,96,64,200,136,128,1680,S17a
64,144,80,64,160,96,56,128,72,88,224,136,104,488,384,88,168,80,40,120,80,120,1552,S17a
80,144,64,88,176,88,72,128,56,80,216,136,96,256,160,112,208,96,56,160,104,104,1392,S17a
72,144,72,56,120,64,88,144,56,80,232,152,80,200,120,112,160,48,72,168,96,112,1280,S17a
112,192,80,96,168,72,88,144,56,80,280,200,112,200,88,112,408,296,80,136,56,112,1640,S17a
88,152,64,96,160,64,64,168,104,80,288,208,72,240,168,96,176,80,40,168,128,104,1456,S17a
88,136,48,72,168,96,48,144,96,72,152,80,88,240,152,112,200,88,24,176,152,120,1336,S17a
95,215,120,112,208,96,80,240,160,96,312,216,112,432,320,120,184,64,96,200,104,112,1903,S17a
80,168,88,96,168,72,88,168,80,88,200,112,104,432,328,80,184,104,64,232,168,104,1656,S17a
96,152,56,88,144,56,88,160,72,80,176,96,104,288,184,112,232,120,80,168,88,96,1416,S17a
88,128,40,72,120,48,88,168,80,72,152,80,104,288,184,112,176,64,40,184,144,96,1312,S17a
80,144,64,88,136,48,88,192,104,80,144,64,104,280,176,104,160,56,40,168,128,80,1304,S17a
64,160,96,72,144,72,64,144,80,80,184,104,72,208,136,80,160,80,64,176,112,80,1256,S17a
72,168,96,72,120,48,64,160,96,80,152,72,80,232,152,80,176,96,64,176,112,72,1256,S17a
48,152,104,72,144,72,72,152,80,80,176,96,72,152,80,96,208,112,40,136,96,72,1192,S17a
80,176,96,48,168,120,56,160,104,72,184,112,80,184,104,72,184,112,64,128,64,88,1272,S17a
72,168,96,80,152,72,80,176,96,64,160,96,88,208,120,64,160,96,48,168,120,80,1272,S17a
88,160,72,80,144,64,48,128,80,64,152,88,72,192,120,64,176,112,56,136,80,80,1168,S17a
56,144,88,80,144,64,80,160,80,64,136,72,80,192,112,72,144,72,64,176,112,56,1152,S17a
72,152,80,72,136,64,80,168,88,80,168,88,8,208,200,96,176,80,72,152,80,80,1240,S17a
80,144,64,72,112,40,80,160,80,72,152,80,64,192,128,88,168,80,64,160,96,80,1168,S17a
72,168,96,72,144,72,80,152,72,80,192,112,64,160,96,88,192,104,64,160,96,96,1264,S17a
56,504,448,72,152,80,64,184,120,56,136,80,64,208,144,72,152,80,64,152,88,72,1560,S17a
64,176,112,72,168,96,72,152,80,88,152,64,72,192,120,72,240,168,56,128,72,80,1288,S17a
80,168,88,80,144,64,72,152,80,64,152,88,80,192,112,120,176,56,64,160,96,-912,232,S17a
80,136,56,64,128,64,64,128,64,80,176,96,72,176,104,104,160,56,56,152,96,104,1160,S17a
88,168,80,72,144,72,72,136,64,80,152,72,88,176,88,88,168,80,72,160,88,96,1200,S17a
72,152,80,72,128,56,64,144,80,72,152,80,80,168,88,104,184,80,64,152,88,88,1168,S17a
72,184,112,80,184,104,48,136,88,80,136,56,72,216,144,104,168,64,56,144,88,96,1264,S17a
104,184,80,72,144,72,72,144,72,80,192,112,64,208,144,88,160,72,40,152,112,88,1272,S17a
72,168,96,80,152,72,80,144,64,72,160,88,80,184,104,96,176,80,72,160,88,96,1240,S17a
72,160,88,88,168,80,64,136,72,80,208,128,80,184,104,96,200,104,56,144,88,88,1288,S17a
72,160,88,64,144,80,64,120,56,72,152,80,80,192,112,104,176,72,64,160,96,88,1192,S17a
56,168,112,80,168,88,56,152,96,88,136,48,72,224,152,96,168,72,56,184,128,96,1296,S17a
72,136,64,80,152,72,72,144,72,72,456,384,112,384,272,88,152,64,48,192,144,96,1712,S17a
64,176,112,72,144,72,80,168,88,72,152,80,64,200,136,96,136,40,80,184,104,96,1256,S17a
88,168,80,64,144,80,72,144,72,80,152,72,88,216,128,104,160,56,72,184,112,96,1264,S17a
80,136,56,80,144,64,56,152,96,72,152,80,72,208,136,80,152,72,56,184,128,96,1224,S17a
80,136,56,80,152,72,64,136,72,64,176,112,80,184,104,120,176,56,64,160,96,88,1208,S17a
72,144,72,64,144,80,64,128,64,80,168,88,72,200,128,96,200,104,48,192,144,80,1256,S17a
72,136,64,72,280,208,72,272,200,80,240,160,88,400,312,120,200,80,80,168,88,80,1776,S17a
88,144,56,80,144,64,80,152,72,64,232,168,104,192,88,104,200,96,64,248,184,128,1440,S17a
56,160,104,88,152,64,72,152,80,64,288,224,88,192,104,104,240,136,64,296,232,80,1560,S17a
72,152,80,56,120,64,72,168,96,72,528,456,104,232,128,96,232,136,56,264,208,80,1776,S17a
88,160,72,88,152,64,80,152,72,72,216,144,104,224,120,96,200,104,48,184,136,72,1360,S17a
72,120,48,80,152,72,72,160,88,56,128,72,72,208,136,112,200,88,72,176,104,80,1224,S17a
72,120,48,80,144,64,56,152,96,80,176,96,96,248,152,96,176,80,64,176,112,80,1272,S17a
88,144,56,72,136,64,72,128,56,96,168,72,96,256,160,120,160,40,64,168,104,64,1224,S17a
104,168,64,96,168,72,64,120,56,72,160,88,72,184,112,112,160,48,72,176,104,96,1232,S17a
72,120,48,88,128,40,80,144,64,72,160,88,72,200,128,96,160,64,72,160,88,80,1152,S17a
64,144,80,72,136,64,64,120,56,80,168,88,56,152,96,104,176,72,64,168,104,80,1144,S17a
80,144,64,88,152,64,80,160,80,64,152,88,72,200,128,120,176,56,72,136,64,80,1200,S17a
72,152,80,88,176,88,72,168,96,56,216,160,64,176,112,96,192,96,80,168,88,80,1328,S17a
80,144,64,80,152,72,64,144,80,72,264,192,72,144,72,104,184,80,64,144,80,88,1264,S17a
64,176,112,56,128,72,64,136,72,88,184,96,88,168,80,96,176,80,56,152,96,80,1200,S17a
96,144,48,80,136,56,88,152,64,80,160,80,64,176,112,104,144,40,72,168,96,80,1160,S17a
80,136,56,80,136,56,88,192,104,96,184,88,80,248,168,120,224,104,48,168,120,88,1376,S17a
88,152,64,80,144,64,80,168,88,72,136,64,80,200,120,112,152,40,72,168,96,80,1200,S17a
56,128,72,80,152,72,72,152,80,88,160,72,80,184,104,112,168,56,80,160,80,88,1192,S17a
80,144,64,80,136,56,72,144,72,72,160,88,80,216,136,104,328,224,80,144,64,72,1344,S17a
64,152,88,72,160,88,64,104,40,80,200,120,40,232,192,120,152,32,88,232,144,96,1328,S17a
64,136,72,96,136,40,88,160,72,80,144,64,72,248,176,96,128,32,88,184,96,88,1224,S17a
80,152,72,96,152,56,72,128,56,88,160,72,80,200,120,120,144,24,72,176,104,112,1224,S17a
72,112,40,88,152,64,80,136,56,72,168,96,72,184,112,104,168,64,56,176,120,104,1200,S17a
72,128,56,80,144,64,88,152,64,80,144,64,72,200,128,120,160,40,64,168,104,88,1184,S17a
64,160,96,80,152,72,72,136,64,88,160,72,80,200,120,96,184,88,56,144,88,88,1224,S17a
56,144,88,72,128,56,112,264,152,80,176,96,104,200,96,88,152,64,72,168,96,96,1328,S17a
88,144,56,80,160,80,72,160,88,64,496,432,72,664,592,72,208,136,64,200,136,72,2104,S17a
80,152,72,64,128,64,64,120,56,72,208,136,80,168,88,88,200,112,80,208,128,96,1280,S17a
80,152,72,72,168,96,64,120,56,64,344,280,88,176,88,96,232,136,64,168,104,72,1432,S17a
80,168,88,72,144,72,56,160,104,40,152,112,72,192,120,96,168,72,64,192,128,88,1264,S17a
88,352,264,88,144,56,80,120,40,104,208,104,64,192,128,112,184,72,80,168,88,88,1456,S17a
64,160,96,80,152,72,40,128,88,64,176,112,64,192,128,80,152,72,56,168,112,104,1232,S17a
80,168,88,48,136,88,56,144,88,88,152,64,96,224,128,128,192,64,80,216,136,88,1320,S17a
56,152,96,72,160,88,48,152,104,72,176,104,72,160,88,104,216,112,64,152,88,88,1256,S17a
88,160,72,80,152,72,72,144,72,72,168,96,80,208,128,96,176,80,48,160,112,88,1256,S17a
64,144,80,80,176,96,48,120,72,64,184,120,72,192,120,104,176,72,48,144,96,72,1208,S17a
80,168,88,72,152,80,72,200,128,72,128,56,72,608,536,96,176,80,72,184,112,88,1704,S17a
80,160,80,48,128,80,64,144,80,64,152,88,72,176,104,96,168,72,64,152,88,96,1176,S17a
96,176,80,72,152,80,64,168,104,72,128,56,72,224,152,88,160,72,64,184,120,96,1288,S17a
88,160,72,80,136,56,72,160,88,72,136,64,72,240,168,80,176,96,56,144,88,104,1256,S17a
80,160,80,96,168,72,72,160,88,88,152,64,88,216,128,96,176,80,80,168,88,96,1296,S17a
72,144,72,80,136,56,80,160,80,80,176,96,88,200,112,80,168,88,64,-824,-888,1088,1248,S17a
80,160,80,72,136,64,64,200,136,88,104,16,56,232,176,96,168,72,40,232,192,96,1328,S17a
72,192,120,80,160,80,96,176,80,64,464,400,64,1336,1272,112,352,240,72,160,88,96,2936,S17a
72,136,64,80,144,64,64,136,72,72,320,248,72,168,96,88,216,128,72,144,72,104,1368,S17a
72,144,72,64,128,64,72,136,64,88,184,96,80,232,152,112,184,72,64,176,112,80,1264,S17a
80,144,64,64,136,72,72,192,120,64,136,72,64,256,192,104,144,40,64,184,120,104,1296,S17a
88,160,72,88,168,80,64,128,64,80,232,152,88,208,120,64,256,192,40,128,88,64,1344,S17a
88,136,48,72,152,80,64,136,72,88,144,56,80,224,144,104,136,32,72,184,112,96,1208,S17a
96,168,72,72,160,88,72,144,72,80,264,184,96,256,160,104,224,120,64,152,88,80,1448,S17a
88,192,104,80,176,96,64,152,88,88,872,784,72,448,376,104,208,104,72,200,128,104,2352,S17a
88,168,80,72,152,80,72,136,64,72,168,96,80,224,144,104,160,56,72,168,96,88,1264,S17a
104,176,72,88,192,104,72,160,88,88,152,64,80,240,160,104,128,24,72,208,136,104,1360,S17a
64,136,72,80,144,64,80,168,88,80,160,80,56,208,152,104,160,56,-928,224,1152,112,1312,S17a
64,112,48,64,136,72,64,120,56,64,168,104,72,704,632,72,104,32,72,272,200,88,1704,S17a
64,128,64,48,120,72,80,192,112,88,152,64,88,328,240,80,104,24,72,224,152,88,1336,S17a
80,136,56,72,248,176,80,248,168,64,128,64,80,336,256,96,152,56,64,208,144,88,1544,S17a
122,242,120,104,232,128,72,168,96,80,712,632,64,216,152,104,168,64,80,224,144,88,2050,S17a
80,192,112,88,160,72,72,160,88,80,264,184,104,368,264,80,192,112,96,248,152,96,1680,S17a
96,240,144,72,144,72,64,120,56,72,232,160,88,416,328,112,192,80,64,136,72,80,1560,S17a
72,160,88,56,120,64,64,160,96,64,184,120,72,304,232,32,232,200,56,128,72,96,1384,S17a
72,152,80,64,128,64,64,136,72,72,192,120,72,264,192,104,176,72,24,232,208,72,1352,S17a
80,152,72,56,120,64,64,184,120,72,96,24,80,288,208,88,112,24,64,200,136,80,1232,S17a
80,120,40,80,144,64,64,136,72,80,168,88,56,248,192,64,336,272,80,192,112,88,1432,S17a
64,128,64,64,120,56,72,152,80,64,152,88,80,352,272,112,216,104,48,120,72,80,1320,S17a
72,184,112,72,136,64,72,176,104,64,176,112,72,296,224,80,120,40,56,216,160,72,1376,S17a
80,160,80,88,152,64,48,152,104,48,168,120,64,288,224,96,176,80,64,176,112,56,1328,S17a
56,136,80,72,136,64,56,128,72,56,232,176,64,232,168,112,192,80,40,168,128,88,1312,S17a
40,136,96,64,128,64,64,224,160,56,144,88,48,248,200,136,160,24,64,200,136,72,1312,S17a
48,128,80,64,136,72,64,144,80,48,152,104,48,224,176,72,136,64,56,152,96,64,1136,S17a
72,144,72,64,128,64,56,144,88,48,184,136,48,200,152,88,152,64,64,184,120,72,1208,S17a
56,184,128,64,128,64,88,144,56,64,136,72,80,200,120,80,168,88,16,200,184,72,1232,S17a
64,144,80,56,128,72,56,152,96,32,168,136,64,240,176,80,192,112,56,152,96,88,1264,S17a
64,160,96,80,160,80,56,136,80,56,736,680,104,784,680,72,216,144,48,184,136,96,2472,S17a
64,152,88,72,120,48,72,152,80,56,176,120,56,368,312,88,184,96,64,168,104,64,1384,S17a
48,200,152,80,152,72,64,152,88,72,176,104,72,304,232,96,160,64,48,192,144,72,1408,S17a
72,152,80,80,136,56,64,144,80,64,144,80,88,328,240,80,136,56,64,176,112,-920,296,S17a
64,136,72,64,120,56,64,160,96,64,144,80,64,264,200,80,128,48,64,184,120,80,1216,S17a
56,152,96,64,128,64,56,136,80,56,440,384,64,824,760,72,160,88,64,448,384,72,2360,S17a
72,168,96,96,176,80,32,144,112,56,248,192,80,624,544,64,176,112,80,168,88,80,1784,S17a
48,128,80,80,128,48,72,352,280,120,264,144,56,256,200,96,312,216,56,208,152,96,1744,S17a
64,152,88,72,128,56,72,136,64,64,136,72,64,272,208,104,144,40,40,192,152,72,1232,S17a
80,160,80,56,128,72,64,168,104,56,376,320,88,256,168,96,176,80,72,168,96,88,1520,S17a
80,168,88,64,240,176,56,280,224,80,152,72,56,992,936,72,112,40,56,240,184,72,2256,S17a
88,168,80,72,144,72,48,112,64,72,168,96,48,232,184,88,160,72,48,152,104,88,1224,S17a
64,152,88,72,144,72,64,112,48,56,168,112,88,336,248,40,384,344,64,160,96,88,1544,S17a
72,152,80,72,160,88,40,104,64,72,216,144,64,1168,1104,96,240,144,56,240,184,80,2360,S17a
64,152,88,64,136,72,64,128,64,80,192,112,56,424,368,80,128,48,56,160,104,80,1400,S17a
72,152,80,88,144,56,64,160,96,72,120,48,64,336,272,120,240,120,16,312,296,72,1536,S17a
72,184,112,64,128,64,48,144,96,40,176,136,56,216,160,88,160,72,48,200,152,72,1280,S17a
64,120,56,80,152,72,64,152,88,72,152,80,80,216,136,96,136,40,64,184,120,104,1216,S17a
80,176,96,56,176,120,104,216,112,64,472,408,80,688,608,40,168,128,72,304,232,104,2304,S17a
56,160,104,64,136,72,56,128,72,64,208,144,56,280,224,128,168,40,48,-848,-896,1096,1328,S17a
96,160,64,72,144,72,48,136,88,72,120,48,64,200,136,88,152,64,56,160,104,80,1152,S17a
80,152,72,64,120,56,40,136,96,64,160,96,72,240,168,96,160,64,64,176,112,80,1224,S17a
72,160,88,96,352,256,16,584,568,80,592,512,72,344,272,72,176,104,56,168,112,80,2456,S17a
64,128,64,72,128,56,72,152,80,56,152,96,64,208,144,64,192,128,-960,160,1120,64,1184,S17a
64,136,72,96,144,48,88,160,72,56,112,56,80,224,144,88,144,56,48,144,96,80,1144,S17a
64,128,64,96,128,32,56,128,72,64,136,72,88,208,120,88,128,40,64,160,96,96,1112,S17a
64,128,64,96,128,32,64,120,56,56,160,104,72,224,152,112,192,80,64,160,96,80,1192,S17a
80,136,56,88,136,48,64,144,80,88,128,40,64,208,144,80,136,56,56,168,112,88,1144,S17a
64,128,64,80,128,48,56,120,64,64,152,88,56,152,96,104,160,56,56,144,88,72,1056,S17a
72,144,72,80,112,32,64,144,80,80,144,64,56,160,104,88,232,144,72,136,64,80,1152,S17a
72,144,72,80,144,64,64,112,48,72,184,112,56,144,88,88,168,80,48,152,104,80,1128,S17a
88,160,72,64,120,56,56,144,88,64,136,72,56,176,120,104,152,48,64,136,72,88,1112,S17a
72,136,64,88,144,56,56,152,96,64,120,56,64,200,136,96,144,48,64,160,96,88,1144,S17a
72,144,72,56,112,56,56,104,48,64,184,120,48,160,112,80,144,64,64,160,96,104,1112,S17a
72,136,64,72,128,56,72,144,72,72,144,72,72,160,88,104,168,64,64,144,80,80,1104,S17a
72,152,80,72,128,56,72,176,104,72,160,88,64,208,144,96,152,56,72,160,88,104,1240,S17a
72,152,80,56,120,64,56,128,72,64,160,96,64,192,128,80,176,96,48,168,120,72,1168,S17a
88,168,80,64,120,56,56,136,80,56,144,88,64,192,128,72,144,72,48,160,112,96,1160,S17a
72,120,48,80,136,56,64,136,72,88,184,96,72,200,128,88,144,56,56,160,104,88,1168,S17a
88,136,48,96,168,72,48,120,72,80,136,56,64,160,96,96,360,264,64,128,64,96,1304,S17a
72,240,168,96,192,96,72,136,64,88,248,160,88,376,288,72,192,120,72,120,48,104,1608,S17a
80,192,112,64,160,96,64,136,72,72,224,152,88,256,168,72,224,152,64,168,104,96,1456,S17a
80,136,56,72,136,64,64,128,64,72,144,72,80,200,120,128,176,48,72,176,104,88,1184,S17a
80,144,64,80,144,64,64,168,104,64,120,56,96,216,120,104,160,56,88,152,64,88,1192,S17a
64,152,88,72,128,56,72,152,80,80,176,96,96,296,200,104,200,96,72,160,88,96,1360,S17a
80,168,88,48,168,120,64,152,88,80,168,88,80,192,112,112,168,56,64,168,104,88,1272,S17a
80,160,80,72,152,80,64,128,64,96,304,208,80,168,88,88,744,656,80,184,104,88,1928,S17a
80,176,96,64,368,304,64,536,472,80,536,456,48,168,120,88,168,80,80,176,96,104,2232,S17a
88,152,64,72,136,64,72,144,72,72,152,80,80,184,104,112,168,56,72,144,72,96,1176,S17a
88,160,72,88,160,72,56,120,64,80,160,80,56,144,88,136,200,64,72,144,72,104,1192,S17a
88,176,88,72,144,72,72,152,80,96,160,64,64,160,96,96,216,120,64,152,88,88,1248,S17a
80,152,72,72,144,72,64,120,56,88,176,88,64,160,96,112,168,56,56,152,96,112,1184,S17a
96,152,56,88,200,112,64,160,96,72,184,112,80,160,80,96,160,64,64,176,112,88,1280,S17a
88,160,72,104,136,32,80,136,56,88,168,80,88,192,104,64,144,80,80,184,104,96,1216,S17a
104,192,88,120,184,64,56,168,112,72,128,56,80,152,72,112,160,48,96,160,64,88,1232,S17a
80,136,56,80,144,64,64,120,56,96,384,288,88,192,104,104,272,168,80,152,72,-912,488,S17a
80,176,96,72,136,64,64,136,72,80,136,56,72,144,72,112,336,224,104,200,96,88,1352,S17a
72,160,88,96,152,56,64,152,88,80,120,40,80,232,152,80,160,80,64,160,96,96,1232,S17a
80,152,72,72,136,64,64,144,80,80,288,208,80,176,96,96,160,64,72,168,96,88,1312,S17a
88,144,56,80,128,48,72,152,80,64,120,56,88,208,120,104,144,40,72,160,88,96,1152,S17a
72,160,88,72,120,48,80,168,88,72,144,72,72,216,144,72,144,72,72,152,80,96,1200,S17a
80,120,40,80,136,56,88,168,80,72,232,160,88,408,320,128,256,128,80,128,48,88,1536,S17a
96,136,40,88,136,48,80,152,72,56,136,80,32,168,136,104,144,40,72,168,96,96,1136,S17a
64,112,48,72,136,64,80,144,64,88,152,64,88,208,120,104,200,96,72,160,88,88,1200,S17a
80,120,40,80,136,56,64,272,208,88,168,80,128,192,64,112,456,344,72,136,64,72,1552,S17a
72,168,96,88,136,48,72,160,88,64,152,88,64,192,128,96,152,56,72,160,88,88,1208,S17a
80,160,80,64,112,48,72,136,64,64,184,120,80,160,80,120,360,240,72,160,88,80,1352,S17a
72,176,104,80,152,72,64,144,80,88,152,64,80,200,120,120,168,48,72,192,120,80,1264,S17a
72,152,80,96,168,72,48,288,240,88,192,104,80,168,88,104,208,104,48,144,96,88,1408,S17a
72,128,56,88,128,40,88,144,56,72,144,72,88,176,88,80,136,56,72,160,88,96,1112,S17a
72,152,80,72,120,48,72,152,80,56,152,96,80,152,72,112,160,48,80,192,112,96,1176,S17a
72,160,88,72,152,80,80,152,72,64,160,96,64,152,88,96,168,72,64,160,96,96,1200,S17a
80,152,72,80,136,56,80,144,64,80,192,112,80,176,96,104,264,160,72,144,72,88,1296,S17a
88,136,48,88,136,48,72,128,56,88,160,72,72,160,88,104,168,64,64,128,64,104,1120,S17a
88,176,88,64,120,56,64,168,104,80,136,56,88,184,96,120,176,56,112,152,40,112,1224,S17a
80,144,64,56,120,64,64,128,64,64,168,104,64,152,88,104,168,64,64,168,104,104,1152,S17a
96,168,72,88,152,64,80,168,88,80,128,48,80,192,112,88,160,72,72,160,88,96,1224,S17a
64,136,72,80,144,64,80,160,80,88,160,72,72,232,160,88,264,176,64,152,88,96,1344,S17a
72,152,80,80,160,80,64,112,48,88,192,104,96,216,120,120,184,64,72,176,104,104,1296,S17a
96,144,48,80,128,48,72,160,88,72,120,48,88,208,120,120,128,8,104,200,96,88,1176,S17a
104,1048,944,98,950,852,75,250,175,66,536,470,100,1000,900,152,574,422,90,448,358,98,4904,S14a
57,200,143,72,216,144,49,167,118,82,305,223,64,376,312,89,193,104,71,207,136,81,1745,S14a
113,159,46,81,192,111,66,121,55,112,623,511,66,224,158,90,241,151,48,151,103,129,1840,S14a
81,200,119,56,168,112,81,128,47,114,272,158,80,880,800,120,720,600,64,247,183,121,2736,S14a
80,663,583,74,185,111,40,104,64,89,304,215,65,248,183,81,295,214,81,209,128,105,2113,S14a
89,192,103,65,183,118,97,161,64,96,272,176,73,320,247,80,207,127,73,217,144,105,1657,S14a
81,169,88,49,168,119,73,151,78,97,208,111,81,288,207,89,303,214,74,233,159,89,1609,S14a
57,129,72,73,184,111,81,127,46,97,249,152,96,280,184,97,304,207,88,224,136,112,1609,S14a
112,191,79,41,167,126,49,128,79,97,225,128,76,303,227,73,977,904,72,216,144,89,2296,S14a
90,313,223,49,224,175,57,119,62,90,368,278,73,272,199,74,280,206,74,272,198,121,1969,S14a
90,200,110,81,176,95,65,121,56,97,239,142,73,344,271,98,216,118,81,408,327,89,1793,S14a
120,191,71,66,160,94,66,121,55,96,231,135,90,272,182,81,296,215,73,297,224,113,1681,S14a
134,216,82,69,184,115,65,120,55,97,240,143,74,800,726,97,616,519,73,199,126,115,2490,S14a
104,183,79,41,153,112,64,128,64,89,216,127,89,264,175,97,200,103,78,199,121,113,1456,S14a
97,160,63,65,168,103,57,121,64,80,215,135,58,856,798,97,592,495,58,224,166,121,2457,S14a
106,201,95,49,150,101,59,98,39,113,264,151,88,688,600,129,312,183,81,247,166,89,2049,S14a
89,209,120,73,192,119,72,152,80,121,287,166,74,752,678,161,297,136,80,240,160,128,2257,S14a
97,209,112,42,167,125,58,143,85,89,241,152,73,336,263,105,449,344,64,223,159,114,1882,S14a
105,193,88,49,175,126,49,112,63,97,224,127,58,288,230,81,266,185,64,447,383,131,1836,S14a
81,169,88,48,175,127,41,104,63,98,273,175,48,368,320,107,240,133,65,224,159,136,1689,S14a
89,160,71,46,160,114,57,104,47,104,248,144,65,760,695,105,208,103,64,199,135,105,1944,S14a
81,184,103,74,200,126,74,112,38,105,272,167,74,464,390,98,224,126,57,184,127,97,1737,S14a
89,192,103,74,185,111,48,111,63,114,320,206,90,1065,975,68,327,259,41,329,288,65,2594,S14a
65,192,127,50,160,110,48,120,72,104,320,216,57,248,191,101,240,139,73,192,119,112,1584,S14a
130,185,55,64,168,104,72,135,63,97,249,152,73,472,399,114,672,558,74,216,142,113,2210,S14a
98,168,70,73,168,95,56,167,111,98,184,86,82,409,327,97,312,215,73,208,135,121,1737,S14a
105,216,111,48,176,128,57,96,39,113,304,191,56,736,680,105,295,190,74,249,175,113,2185,S14a
113,192,79,64,160,96,65,96,31,112,248,136,81,912,831,97,240,143,73,216,143,137,2201,S14a
107,195,88,74,175,101,75,97,22,112,328,216,72,311,239,97,225,128,48,176,128,105,1612,S14a
106,169,63,74,152,78,65,80,15,121,247,126,65,321,256,97,336,239,102,207,105,90,1602,S14a
89,192,103,73,168,95,48,128,80,97,199,102,49,433,384,89,216,127,80,512,432,81,1929,S14a
89,175,86,50,161,111,49,96,47,105,1392,1287,89,984,895,97,528,431,80,3368,3288,90,6794,S14a
97,184,87,65,175,110,50,105,55,97,224,127,73,375,302,74,417,343,48,200,152,105,1785,S14a
105,224,119,89,600,511,74,151,77,114,377,263,73,224,151,81,760,679,57,192,135,98,2626,S14a
113,208,95,49,160,111,65,128,63,113,232,119,65,280,215,81,232,151,57,143,86,122,1505,S14a
145,232,87,58,416,358,58,128,70,106,344,238,49,256,207,105,335,230,65,152,87,122,1985,S14a
121,216,95,89,216,127,65,127,62,97,273,176,57,256,199,105,272,167,89,247,158,89,1696,S14a
121,225,104,65,199,134,71,144,73,98,215,117,82,337,255,41,256,215,83,209,126,113,1698,S14a
129,257,128,97,207,110,81,104,23,113,257,144,72,320,248,113,233,120,72,214,142,113,1705,S14a
112,237,125,91,202,111,73,143,70,106,256,150,66,360,294,106,200,94,81,208,127,106,1712,S14a
121,225,104,80,191,111,89,136,47,129,664,535,90,536,446,105,777,672,80,239,159,90,2858,S14a
105,256,151,89,192,103,73,160,87,105,216,111,81,383,302,81,233,152,81,400,319,89,1929,S14a
106,208,102,97,207,110,89,145,56,96,215,119,82,440,358,82,216,134,74,264,190,90,1785,S14a
130,249,119,81,223,142,82,121,39,120,303,183,90,1488,1398,65,512,447,74,536,462,82,3514,S14a
98,255,157,50,177,127,65,112,47,121,248,127,72,335,263,97,241,144,80,232,152,89,1689,S14a
106,183,77,90,208,118,74,137,63,121,408,287,74,264,190,114,320,206,65,247,182,128,1895,S14a
121,256,135,98,208,110,97,184,87,121,216,95,73,344,271,113,344,231,81,208,127,106,1866,S14a
114,184,70,89,256,167,90,192,102,97,280,183,66,272,206,82,224,142,88,256,168,97,1761,S14a
73,169,96,73,167,94,89,135,46,130,234,104,65,351,286,105,288,183,73,209,136,105,1658,S14a
121,216,95,82,192,110,82,120,38,122,263,141,83,865,782,113,424,311,74,239,165,106,2425,S14a
113,200,87,97,184,87,105,160,55,113,216,103,65,352,287,105,224,119,41,192,151,122,1650,S14a
129,200,71,105,208,103,105,193,88,129,311,182,74,297,223,97,440,343,73,224,151,113,1986,S14a
106,169,63,81,184,103,81,135,54,114,209,95,81,319,238,126,225,99,74,233,159,112,1586,S14a
104,183,79,90,193,103,90,135,45,113,208,95,83,409,326,105,176,71,98,250,152,62,1616,S14a
138,233,95,88,191,103,82,137,55,121,271,150,92,297,205,106,224,118,56,224,168,121,1698,S14a
145,184,39,89,343,254,89,185,96,105,304,199,97,264,167,98,296,198,90,248,158,98,1922,S14a
66,592,526,80,207,127,82,129,47,105,214,109,75,442,367,105,584,479,82,223,141,107,2498,S14a
111,213,102,58,178,120,81,136,55,106,200,94,82,352,270,97,222,125,66,280,214,114,1695,S14a
121,224,103,98,193,95,66,144,78,105,216,111,56,328,272,105,264,159,89,232,143,113,1714,S14a
129,200,71,65,696,631,73,184,111,138,400,262,74,247,173,98,465,367,81,456,375,112,2760,S14a
97,216,119,41,144,103,74,119,45,115,225,110,73,393,320,88,206,118,74,257,183,106,1666,S14a
122,184,62,58,168,110,119,121,2,104,199,95,82,352,270,43,296,253,80,256,176,97,1673,S14a
137,207,70,66,176,110,97,185,88,112,280,168,80,280,200,89,239,150,82,233,151,88,1688,S14a
113,199,86,58,192,134,41,105,64,89,216,127,41,647,606,89,248,159,57,233,176,72,1912,S14a
106,201,95,82,176,94,81,152,71,81,184,103,82,376,294,88,200,112,89,591,502,65,1945,S14a
122,284,162,86,205,119,72,120,48,106,431,325,90,201,111,81,880,799,72,207,135,106,2434,S14a
97,241,144,81,192,111,73,136,63,129,216,87,81,335,254,114,217,103,57,232,175,105,1674,S14a
144,232,88,81,263,182,82,289,207,121,159,38,66,433,367,89,240,151,81,240,159,81,1937,S14a
114,201,87,65,159,94,91,185,94,105,463,358,90,1161,1071,104,415,311,58,289,231,97,2970,S14a
113,192,79,74,160,86,81,160,79,113,312,199,73,336,263,97,303,206,82,274,192,97,1834,S14a
121,201,80,56,168,112,72,159,87,114,209,95,89,423,334,89,320,231,57,264,207,113,1857,S14a
105,184,79,50,208,158,106,184,78,97,233,136,57,727,670,145,648,503,74,256,182,106,2546,S14a
130,216,86,41,169,128,64,143,79,105,233,128,64,351,287,89,249,160,41,247,206,89,1697,S14a
112,184,72,56,168,112,80,144,64,104,199,95,73,560,487,90,185,95,81,320,239,81,1841,S14a
128,191,63,42,176,134,74,137,63,112,208,96,49,784,735,97,1239,1142,66,217,151,97,3049,S14a
113,168,55,73,192,119,81,104,23,113,248,135,73,232,159,105,256,151,42,200,158,105,1505,S14a
105,752,647,97,720,623,73,160,87,126,376,250,73,272,199,89,368,279,57,312,255,89,3049,S14a
114,191,77,67,177,110,66,128,62,105,240,135,66,536,470,113,320,207,73,224,151,89,1905,S14a
121,208,87,49,160,111,73,136,63,97,200,103,73,352,279,90,208,118,73,224,151,97,1585,S14a
121,200,79,57,168,111,81,128,47,114,232,118,66,601,535,96,198,102,65,226,161,65,1818,S14a
112,191,79,74,177,103,82,112,30,97,210,113,80,295,215,113,232,119,72,264,192,113,1594,S14a
129,216,87,48,168,120,59,143,84,99,193,94,81,343,262,98,473,375,73,240,167,113,1889,S14a
121,192,71,57,200,143,72,128,56,113,233,120,49,343,294,66,193,127,81,176,95,89,1554,S14a
113,208,95,57,167,110,50,105,55,81,192,111,56,408,352,97,176,79,73,208,135,89,1553,S14a
97,216,119,42,160,118,57,136,79,98,208,110,81,328,247,98,208,110,49,203,154,94,1553,S14a
98,193,95,40,168,128,73,144,71,129,216,87,73,328,255,106,224,118,73,216,143,72,1561,S14a
139,185,46,40,168,128,90,136,46,88,224,136,84,792,708,105,304,199,73,256,183,97,2162,S14a
129,287,158,114,225,111,97,176,79,129,256,127,65,600,535,105,168,63,82,280,198,49,2041,S14a
121,256,135,65,169,104,56,87,31,106,240,134,73,456,383,122,208,86,74,240,166,106,1762,S14a
145,224,79,50,176,126,49,128,79,114,216,102,58,504,446,113,336,223,65,256,191,106,1946,S14a
81,239,158,76,185,109,57,129,72,105,247,142,57,336,279,105,288,183,42,184,142,113,1721,S14a
90,208,118,64,176,112,57,96,39,123,272,149,82,569,487,112,567,455,74,248,174,104,2240,S14a
114,225,111,74,168,94,57,136,79,105,184,79,73,424,351,115,231,116,57,209,152,122,1699,S14a
121,199,78,49,185,136,89,128,39,129,287,158,74,321,247,89,232,143,57,183,126,114,1649,S14a
97,255,158,82,192,110,81,128,47,90,473,383,97,216,119,81,304,223,80,232,152,112,1912,S14a
111,200,89,57,152,95,65,88,23,97,336,239,90,224,134,89,280,191,73,223,150,98,1601,S14a
105,231,126,73,176,103,82,113,31,98,264,166,82,280,198,89,328,239,72,208,136,-903,697,S14a
112,215,103,81,161,80,73,136,63,95,215,120,90,249,159,106,304,198,80,208,128,113,1601,S14a
133,215,82,73,160,87,81,121,40,97,231,134,97,273,176,96,240,144,82,207,125,129,1576,S14a
105,225,120,64,151,87,81,127,46,106,233,127,97,264,167,42,208,166,89,208,119,113,1529,S14a
120,247,127,82,176,94,74,105,31,121,255,134,90,216,126,114,264,150,74,185,111,121,1569,S14a
106,217,111,73,168,95,73,152,79,112,200,88,105,344,239,88,192,104,100,184,84,105,1562,S14a
113,287,174,66,152,86,81,144,63,98,193,95,81,272,191,98,240,142,89,200,111,97,1585,S14a
100,216,116,73,168,95,81,112,31,97,248,151,73,272,199,97,728,631,89,248,159,114,2106,S14a
98,208,110,69,169,100,64,135,71,98,328,230,90,417,327,80,175,95,82,297,215,129,1858,S14a
112,200,88,65,176,111,72,111,39,98,425,327,97,368,271,121,368,247,81,224,143,113,1985,S14a
97,196,99,71,165,94,81,137,56,97,328,231,97,336,239,96,207,111,81,312,231,81,1762,S14a
89,216,127,73,161,88,88,120,32,112,280,168,80,480,400,113,184,71,89,224,135,89,1754,S14a
114,225,111,65,152,87,89,128,39,105,232,127,81,287,206,91,225,134,81,256,175,81,1586,S14a
130,200,70,66,152,86,90,144,54,113,305,192,81,399,318,97,201,104,88,239,151,81,1721,S14a
105,160,55,66,152,86,89,145,56,89,293,204,84,299,215,89,223,134,89,233,144,89,1594,S14a
105,201,96,72,158,86,82,121,39,105,288,183,89,304,215,-919,192,1111,81,248,167,73,1585,S14a
106,176,70,68,160,92,103,104,1,114,393,279,89,239,150,90,320,230,97,241,144,112,1745,S14a
97,217,120,66,168,102,65,271,206,99,312,213,74,361,287,97,264,167,90,279,189,89,1961,S14a
104,263,159,66,160,94,73,152,79,101,1113,1012,81,3034,2953,80,214,134,82,224,142,97,5257,S14a
89,217,128,73,199,126,66,161,95,81,495,414,98,280,182,82,417,335,89,344,255,97,2210,S14a
123,193,70,73,176,103,73,121,48,121,527,406,90,272,182,130,241,111,72,327,255,97,1954,S14a
97,205,108,60,155,95,66,137,71,125,351,226,81,400,319,97,377,280,97,351,254,73,2049,S14a
98,193,95,73,160,87,80,120,40,105,304,199,89,265,176,80,198,118,81,273,192,105,1618,S14a
122,209,87,89,175,86,89,144,55,129,328,199,89,320,231,81,680,599,80,1120,1040,105,3081,S14a
112,224,112,73,176,103,65,112,47,105,361,256,95,351,256,112,182,70,90,361,271,88,1855,S14a
113,175,62,73,153,80,87,142,55,122,305,183,98,279,181,70,201,131,80,256,176,97,1608,S14a
113,176,63,73,168,95,73,143,70,138,512,374,98,241,143,97,256,159,80,224,144,97,1817,S14a
121,233,112,71,167,96,73,128,55,96,303,207,97,304,207,57,176,119,73,296,223,73,1680,S14a
130,224,94,49,136,87,97,152,55,129,344,215,80,192,112,105,263,158,66,224,158,99,1634,S14a
156,248,92,98,185,87,81,135,54,122,432,310,90,225,135,113,207,94,90,248,158,106,1786,S14a
122,232,110,82,168,86,97,144,47,106,248,142,73,280,207,81,192,111,82,288,206,113,1665,S14a
115,208,93,65,152,87,90,120,30,97,624,527,97,264,167,89,979,890,86,213,127,104,2664,S14a
120,200,80,64,151,87,82,105,23,98,335,237,91,220,129,109,260,151,82,201,119,129,1601,S14a
105,183,78,73,152,79,65,128,63,65,352,287,88,208,120,97,264,167,81,256,175,105,1648,S14a
113,224,111,82,192,110,73,104,31,113,928,815,81,288,207,122,433,311,89,263,174,107,2539,S14a
106,257,151,105,223,118,81,184,103,137,328,191,81,416,335,73,232,159,81,304,223,105,2049,S14a
73,208,135,79,176,97,73,159,86,90,417,327,90,521,431,120,183,63,73,312,239,65,2041,S14a
74,248,174,97,192,95,81,160,79,105,384,279,90,1823,1733,97,184,87,82,233,151,97,3321,S14a
73,192,119,97,216,119,57,160,103,89,328,239,97,952,855,113,568,455,74,320,246,60,2796,S14a
104,231,127,81,184,103,64,160,96,107,432,325,105,768,663,98,209,111,80,839,759,145,2968,S14a
107,224,117,81,200,119,73,168,95,90,1096,1006,97,176,79,105,264,159,74,473,399,105,2706,S14a
105,200,95,74,176,102,66,168,102,105,520,415,98,288,190,114,352,238,90,329,239,113,2146,S14a
112,232,120,82,185,103,81,175,94,113,631,518,74,265,191,136,287,151,98,209,111,120,2104,S14a
89,223,134,83,185,102,72,128,56,113,320,207,90,440,350,114,200,86,88,1032,944,113,2641,S14a
112,184,72,73,168,95,97,176,79,105,991,886,113,665,552,113,591,478,66,217,151,120,3112,S14a
104,200,96,57,160,103,105,160,55,121,344,223,88,352,264,114,223,109,74,313,239,138,1890,S14a
98,176,78,90,1312,1222,89,200,111,97,585,488,80,239,159,105,248,143,73,316,243,86,3162,S14a
49,201,152,73,176,103,73,160,87,72,303,231,82,313,231,98,240,142,88,239,151,105,1737,S14a
105,192,87,66,152,86,89,144,55,97,329,232,81,271,190,122,3240,3118,73,320,247,98,4746,S14a
81,160,79,81,176,95,73,129,56,104,463,359,90,224,134,73,328,255,81,240,159,90,1810,S14a
113,215,102,66,161,95,64,119,55,106,321,215,96,327,231,107,208,101,90,241,151,112,1704,S14a
112,200,88,89,184,95,90,176,86,114,329,215,89,439,350,89,208,119,57,224,167,129,1889,S14a
98,265,167,65,175,110,83,137,54,114,424,310,105,207,102,114,353,239,89,615,526,114,2290,S14a
128,216,88,74,160,86,89,144,55,104,288,184,81,367,286,106,265,159,73,304,231,114,1858,S14a
97,175,78,58,161,103,80,144,64,105,305,200,104,503,399,121,176,55,82,272,190,97,1833,S14a
96,168,72,85,160,75,98,144,46,105,2009,1904,89,312,223,120,391,271,89,480,391,106,3770,S14a
97,184,87,81,168,87,89,127,38,90,945,855,82,264,182,73,224,151,73,224,151,88,2224,S14a
98,183,85,66,153,87,89,135,46,106,569,463,73,200,127,113,271,158,82,233,151,106,1850,S14a
121,217,96,65,151,86,81,145,64,105,319,214,89,296,207,89,201,112,88,272,184,105,1706,S14a
130,241,111,73,184,111,73,96,23,120,408,288,96,336,240,113,208,95,81,248,167,114,1835,S14a
129,232,103,73,160,87,89,168,79,105,360,255,89,240,151,105,231,126,91,257,166,114,1762,S14a
137,224,87,65,160,95,98,168,70,114,296,182,97,360,263,114,217,103,89,231,142,122,1778,S14a
137,231,94,58,145,87,80,184,104,105,223,118,99,281,182,81,280,199,82,552,470,129,2025,S14a
97,208,111,72,168,96,73,151,78,49,569,520,89,231,142,114,745,631,81,488,407,113,2673,S14a
114,216,102,74,169,95,81,160,79,105,632,527,81,776,695,121,335,214,82,217,135,114,2619,S14a
105,240,135,82,185,103,89,144,55,105,928,823,81,184,103,113,400,287,97,288,191,121,2490,S14a
98,273,175,81,183,102,89,152,63,89,481,392,99,240,141,114,335,221,82,249,167,113,2026,S14a
89,249,160,97,208,111,81,184,103,104,415,311,98,377,279,80,239,159,74,240,166,105,2017,S14a
105,256,151,90,200,110,73,152,79,106,384,278,104,759,655,115,185,70,97,2273,2176,120,4329,S14a
89,272,183,90,208,118,66,153,87,90,384,294,104,344,240,97,263,166,98,273,175,120,2017,S14a
97,239,142,91,185,94,81,120,39,106,968,862,105,176,71,89,264,175,89,192,103,105,2249,S14a
97,207,110,74,152,78,73,137,64,89,360,271,97,280,183,112,224,112,82,248,166,89,1697,S14a
90,200,110,81,169,88,81,145,64,64,814,750,74,202,128,48,287,239,89,296,207,113,2226,S14a
129,176,47,89,184,95,65,121,56,96,256,160,96,375,279,96,177,81,88,239,151,113,1641,S14a
97,216,119,74,160,86,76,144,68,98,281,183,80,304,224,97,200,103,90,239,149,98,1642,S14a
89,192,103,81,168,87,81,120,39,97,272,175,89,304,215,105,216,111,81,480,399,113,1865,S14a
105,191,86,74,168,94,74,113,39,97,279,182,82,809,727,113,431,318,90,289,199,81,2361,S14a
74,192,118,65,161,96,72,136,64,120,328,208,65,520,455,89,344,255,81,295,214,130,2106,S14a
105,216,111,66,160,94,89,120,31,82,896,814,90,817,727,120,375,255,89,256,167,129,2969,S14a
97,216,119,65,159,94,82,145,63,121,336,215,89,568,479,121,504,383,81,240,159,122,2290,S14a
113,215,102,57,153,96,72,120,48,104,263,159,90,385,295,113,248,135,88,232,144,105,1721,S14a
112,240,128,81,192,111,57,104,47,113,312,199,64,456,392,89,224,135,81,240,159,89,1857,S14a
57,208,151,57,152,95,82,185,103,104,391,287,82,329,247,82,295,213,82,569,487,105,2234,S14a
114,249,135,88,192,104,81,136,55,113,248,135,89,391,302,97,249,152,98,456,358,105,2026,S14a
89,216,127,72,168,96,73,160,87,89,368,279,104,376,272,105,216,111,96,248,152,106,1858,S14a
129,208,79,98,208,110,90,184,94,121,432,311,97,274,177,88,391,303,90,216,126,89,2002,S14a
97,200,103,80,166,86,90,106,16,97,367,270,97,265,168,89,471,382,83,409,326,114,2098,S14a
96,215,119,75,169,94,81,120,39,123,297,174,89,312,223,96,286,190,75,218,143,111,1728,S14a
105,184,79,72,1136,1064,73,200,127,113,360,247,73,240,167,121,272,151,82,280,198,106,2778,S14a
114,225,111,57,143,86,81,120,39,97,297,200,88,296,208,56,240,184,88,223,135,106,1650,S14a
112,288,176,73,175,102,81,96,15,101,425,324,95,375,280,97,280,183,90,272,182,97,2008,S14a
105,192,87,73,175,102,65,80,15,106,634,528,96,230,134,122,265,143,81,216,135,104,1896,S14a
97,216,119,73,176,103,65,144,79,97,200,103,89,432,343,96,168,72,105,248,143,104,1688,S14a
105,216,111,74,168,94,64,111,47,89,257,168,72,328,256,88,192,104,97,256,159,105,1633,S14a
105,176,71,88,175,87,81,121,40,104,223,119,107,321,214,72,183,111,105,240,135,97,1536,S14a
129,256,127,105,201,96,96,176,80,97,184,87,87,328,241,80,144,64,89,247,158,114,1650,S14a
121,168,47,82,184,102,73,128,55,122,216,94,73,320,247,98,176,78,98,201,103,105,1498,S14a
115,257,142,89,192,103,89,96,7,104,360,256,82,728,646,112,560,448,89,208,119,121,2522,S14a
98,240,142,97,224,127,89,144,55,105,288,183,89,-760,-849,1097,1208,111,89,200,111,91,1635,S14a
106,216,110,106,224,118,80,200,120,145,272,127,81,320,239,105,352,247,81,304,223,88,1976,S14a
114,192,78,82,192,110,74,112,38,105,432,327,65,433,368,72,151,79,105,256,151,106,1874,S14a
97,223,126,106,241,135,73,111,38,114,312,198,98,209,111,104,280,176,97,288,191,72,1736,S14a
105,215,110,83,185,102,89,123,34,110,1068,958,97,242,145,105,262,157,106,233,127,90,2418,S14a
106,167,61,103,201,98,81,160,79,98,336,238,90,424,334,41,175,134,89,241,152,97,1801,S14a
115,241,126,97,208,111,74,136,62,122,367,245,105,272,167,98,273,175,89,600,511,96,2193,S14a
1097,1192,95,106,216,110,73,128,55,96,416,320,108,200,92,89,272,183,88,216,128,89,2729,S14a
128,224,96,89,184,95,88,111,23,114,513,399,114,191,77,115,281,166,73,248,175,72,1824,S14a
105,239,134,107,274,167,80,103,23,105,448,343,80,304,224,90,208,118,80,320,240,106,2002,S14a
105,257,152,88,199,111,73,144,71,113,351,238,74,265,191,105,232,127,82,224,142,120,1792,S14a
97,255,158,107,234,127,56,127,71,113,384,271,97,-680,-777,1098,1208,110,98,200,102,106,1834,S14a
129,280,151,97,224,127,66,88,22,114,409,295,64,199,135,107,248,141,81,561,480,128,2137,S14a
96,215,119,105,231,126,82,161,79,113,240,127,97,304,207,106,241,135,96,208,112,96,1696,S14a
130,224,94,97,231,134,83,114,31,121,416,295,96,199,103,89,280,191,81,193,112,112,1769,S14a
101,264,163,96,192,96,73,184,111,113,231,118,82,409,327,88,183,95,99,225,126,90,1778,S14a
113,247,134,90,201,111,81,151,70,107,345,238,89,255,166,66,257,191,97,520,423,113,2089,S14a
113,279,166,81,177,96,73,151,78,130,312,182,98,456,358,106,209,103,97,391,294,98,2073,S14a
105,296,191,105,224,119,73,152,79,121,288,167,82,440,358,106,185,79,97,423,326,121,2129,S14a
121,240,119,89,192,103,73,120,47,114,312,198,82,232,150,90,224,134,97,208,111,142,1670,S14a
112,280,168,104,232,128,73,144,71,105,240,135,89,472,383,105,192,87,98,201,103,120,1881,S14a
113,280,167,89,192,103,74,128,54,121,264,143,114,320,206,121,432,311,81,161,80,112,1889,S14a
113,232,119,89,208,119,49,120,71,113,344,231,106,265,159,120,223,103,90,256,166,98,1746,S14a
121,305,184,88,199,111,74,129,55,113,343,230,98,320,222,122,216,94,89,225,136,104,1841,S14a
145,264,119,80,200,120,73,152,79,145,288,143,120,288,168,113,231,118,81,217,136,89,1729,S14a
121,648,527,97,264,167,89,120,31,113,327,214,97,753,656,97,344,247,82,255,173,108,2819,S14a
129,264,135,81,296,215,89,177,88,103,287,184,98,200,102,89,231,142,82,217,135,102,1774,S14a
130,199,69,74,241,167,81,112,31,129,664,535,106,217,111,-903,287,1190,81,344,263,89,2153,S14a
88,200,112,88,175,87,73,129,56,104,1688,1584,72,247,175,114,216,102,102,296,194,65,3016,S14a
89,215,126,82,170,88,65,127,62,105,239,134,98,273,175,90,208,118,73,199,126,89,1520,S14a
114,232,118,89,192,103,65,71,6,113,313,200,88,272,184,113,320,207,73,183,110,130,1713,S14a
105,216,111,73,160,87,66,120,54,121,385,264,104,223,119,90,480,390,90,224,134,113,1921,S14a
113,263,150,82,177,95,82,153,71,112,311,199,114,248,134,98,264,166,91,184,93,106,1706,S14a
105,240,135,82,184,102,66,112,46,114,241,127,112,352,240,105,224,119,81,240,159,112,1705,S14a
142,255,113,74,168,94,63,104,41,122,296,174,89,272,183,137,257,120,88,199,111,127,1678,S14a
155,233,78,73,184,111,56,128,72,121,247,126,115,273,158,97,245,148,93,171,78,122,1603,S14a
129,248,119,73,167,94,66,120,54,114,273,159,90,360,270,113,216,103,89,192,103,121,1697,S14a
131,265,134,65,159,94,82,129,47,129,335,206,90,224,134,130,288,158,74,201,127,129,1730,S14a
131,256,125,65,160,95,81,112,31,137,456,319,90,168,78,145,353,208,88,256,168,128,1889,S14a
129,256,127,96,199,103,81,144,63,122,256,134,81,312,231,121,248,127,98,273,175,89,1777,S14a
114,240,126,97,192,95,82,137,55,97,248,151,81,703,622,130,321,191,97,215,118,114,2170,S14a
122,281,159,89,183,94,83,137,54,121,456,335,81,248,167,130,248,118,81,208,127,89,1850,S14a
121,232,111,81,185,104,80,111,31,106,352,246,90,152,62,121,304,183,90,240,150,98,1674,S14a
98,224,126,65,168,103,57,104,47,90,368,278,82,208,126,113,529,416,88,167,79,113,1881,S14a
106,281,175,63,168,105,80,127,47,97,352,255,81,896,815,130,288,158,98,272,174,106,2490,S14a
97,208,111,81,184,103,64,144,80,119,728,609,96,528,432,113,200,87,81,240,159,121,2353,S14a
112,207,95,73,183,110,74,132,58,133,293,160,97,616,519,105,208,103,73,208,135,89,1936,S14a
105,236,131,77,172,95,66,121,55,129,504,375,73,184,111,128,320,192,82,232,150,113,1882,S14a
137,288,151,90,184,94,82,120,38,121,328,207,96,280,184,113,224,111,89,273,184,120,1817,S14a
121,200,79,81,167,86,73,121,48,104,376,272,97,776,679,97,328,231,81,233,152,137,2338,S14a
121,264,143,82,185,103,72,95,23,105,367,262,74,282,208,128,496,368,73,200,127,64,1953,S14a
74,169,95,74,161,87,80,150,70,98,394,296,73,191,118,112,231,119,82,201,119,97,1594,S14a
98,224,126,89,175,86,90,169,79,130,569,439,89,256,167,88,175,87,83,297,214,71,1936,S14a
113,240,127,64,168,104,80,142,62,90,433,343,90,217,127,105,240,135,82,208,126,104,1752,S14a
121,232,111,48,280,232,89,119,30,89,881,792,89,648,559,137,240,103,97,224,127,104,2728,S14a
120,239,119,81,177,96,65,136,71,114,208,94,89,400,311,112,184,72,89,224,135,113,1681,S14a
131,233,102,81,160,79,97,184,87,162,384,222,105,208,103,121,271,150,67,233,166,145,1818,S14a
136,216,80,81,160,79,82,152,70,121,296,175,113,305,192,136,232,96,98,255,157,105,1721,S14a
115,273,158,74,184,110,73,152,79,153,418,265,95,790,695,115,448,333,89,241,152,121,2627,S14a
135,247,112,72,160,88,80,128,48,124,288,164,120,247,127,114,257,143,97,200,103,104,1631,S14a
137,232,95,73,168,95,73,120,47,120,232,112,97,784,687,105,288,183,98,191,93,74,2089,S14a
95,271,176,66,200,134,72,176,104,129,1015,886,99,153,54,107,256,149,89,208,119,97,2376,S14a
104,223,119,65,168,103,89,120,31,121,256,135,89,504,415,104,167,63,98,216,118,90,1744,S14a
129,296,167,97,200,103,73,104,31,145,265,120,96,479,383,122,168,46,81,232,151,121,1865,S14a
146,257,111,72,175,103,90,160,70,107,216,109,82,393,311,129,432,303,80,167,87,178,1978,S14a
81,263,182,90,177,87,90,120,30,147,377,230,88,231,143,104,265,161,88,224,136,105,1762,S14a
146,201,55,89,184,95,80,217,137,112,206,94,106,361,255,105,176,71,89,215,126,105,1665,S14a
129,208,79,82,177,95,105,152,47,121,232,111,105,632,527,121,343,222,89,225,136,153,2122,S14a
134,280,146,89,192,103,81,136,55,89,224,135,97,344,247,146,184,38,89,224,135,129,1713,S14a
121,184,63,81,176,95,81,88,7,113,295,182,98,208,110,97,240,143,81,192,111,90,1473,S14a
105,217,112,73,175,102,82,112,30,91,272,181,81,320,239,106,193,87,81,232,151,97,1618,S14a
121,240,119,89,176,87,72,136,64,129,304,175,81,368,287,122,215,93,89,345,256,137,1921,S14a
97,193,96,65,152,87,89,136,47,138,344,206,89,288,199,128,256,128,89,344,255,113,1826,S14a
115,201,86,81,184,103,89,112,23,121,280,159,97,512,415,128,512,384,97,248,151,129,2178,S14a
137,208,71,73,176,103,81,160,79,129,288,159,97,761,664,112,294,182,97,226,129,97,2210,S14a
97,249,152,65,169,104,64,128,64,120,430,310,98,289,191,122,319,197,99,193,94,106,1883,S14a
130,290,160,49,151,102,97,145,48,104,471,367,81,233,152,104,240,136,88,480,392,145,2155,S14a
130,208,78,74,153,79,97,200,103,129,248,119,88,823,735,138,440,302,96,353,257,137,2562,S14a
107,185,78,64,160,96,89,176,87,112,543,431,105,249,144,113,256,143,90,208,118,105,1882,S14a
89,176,87,82,183,101,82,137,55,114,352,238,98,448,350,105,208,103,89,231,142,131,1866,S14a
98,184,86,82,152,70,81,152,71,106,264,158,89,440,351,129,200,71,97,216,119,121,1729,S14a
114,200,86,82,161,79,81,127,46,97,288,191,89,369,280,121,184,63,96,223,127,122,1674,S14a
114,201,87,64,167,103,106,144,38,90,1248,1158,106,184,78,130,304,174,89,201,112,113,2562,S14a
106,232,126,72,200,128,98,463,365,90,617,527,97,208,111,121,288,167,97,272,175,89,2369,S14a
144,231,87,89,224,135,82,224,142,121,424,303,98,360,262,97,240,143,82,232,150,113,2048,S14a
130,176,46,90,281,191,73,112,39,97,1400,1303,98,201,103,121,264,143,74,248,174,121,2803,S14a
121,177,56,88,215,127,66,128,62,97,256,159,73,361,288,88,183,95,75,193,118,113,1626,S14a
97,216,119,97,216,119,73,112,39,130,225,95,88,488,400,122,136,14,104,264,160,98,1755,S14a
114,272,158,90,232,142,74,96,22,113,280,167,81,568,487,130,131,1,87,414,327,137,2130,S14a
98,448,350,82,233,151,89,152,63,137,272,135,57,464,407,105,184,79,97,256,159,114,2123,S14a
105,207,102,105,233,128,72,160,88,113,320,207,97,360,263,121,231,110,90,265,175,138,1914,S14a
111,223,112,80,208,128,49,152,103,130,224,94,97,-600,-697,1097,1304,207,90,384,294,113,2008,S14a
97,160,63,97,216,119,73,120,47,120,264,144,105,320,215,145,248,103,72,223,151,90,1641,S14a
113,247,134,107,257,150,73,151,78,122,241,119,89,816,727,136,439,303,114,304,190,146,2601,S14a
97,200,103,73,208,135,49,119,70,105,249,144,80,576,496,104,327,223,98,304,206,89,2072,S14a
89,184,95,104,230,126,83,153,70,121,248,127,106,439,333,123,217,94,98,233,135,129,1833,S14a
107,240,133,97,216,119,81,150,69,122,290,168,82,400,318,113,208,95,95,278,183,105,1887,S14a
81,216,135,81,208,127,82,184,102,97,312,215,105,424,319,161,383,222,90,281,191,130,2138,S14a
105,143,38,89,184,95,81,152,71,114,249,135,82,360,278,128,199,71,97,288,191,122,1697,S14a
97,201,104,104,215,111,81,137,56,104,280,176,105,503,398,49,136,87,90,248,158,81,1801,S14a
97,184,87,89,208,119,86,144,58,154,280,126,108,480,372,113,200,87,97,249,152,113,1858,S14a
106,240,134,89,192,103,73,128,55,137,280,143,97,400,303,130,257,127,89,231,142,89,1817,S14a
81,200,119,73,209,136,72,152,80,121,199,78,97,705,608,105,272,167,72,280,208,81,2098,S14a
98,217,119,65,191,126,90,153,63,105,240,135,105,319,214,98,224,126,99,273,174,96,1713,S14a
97,240,143,81,192,111,73,112,39,98,312,214,97,1200,1103,105,449,344,80,262,182,122,2889,S14a
97,200,103,81,184,103,73,128,55,81,225,144,80,367,287,89,192,103,74,296,222,113,1705,S14a
57,169,112,56,168,112,80,128,48,76,240,164,106,344,238,81,216,135,82,215,133,82,1562,S14a
97,272,175,73,184,111,73,128,55,137,248,111,81,424,343,113,192,79,88,263,175,114,1825,S14a
105,240,135,66,185,119,81,192,111,96,200,104,80,407,327,81,161,80,88,272,184,89,1746,S14a
153,239,86,82,200,118,82,168,86,114,401,287,89,272,183,81,256,175,81,208,127,105,1849,S14a
97,152,55,98,233,135,72,199,127,105,193,88,81,472,391,129,368,239,89,263,174,114,1994,S14a
113,215,102,66,185,119,73,176,103,81,208,127,81,704,623,98,233,135,81,256,175,63,2040,S14a
1089,1199,110,50,208,158,50,193,143,122,335,213,98,233,135,97,312,215,81,264,183,137,2881,S14a
81,136,55,114,232,118,72,136,64,98,1647,1549,113,321,208,90,239,149,82,297,215,89,3097,S14a
99,184,85,99,208,109,89,136,47,106,360,254,114,296,182,138,288,150,82,232,150,98,1802,S14a
82,184,102,82,216,134,65,120,55,90,242,152,72,920,848,97,312,215,73,320,247,97,2411,S14a
129,271,142,98,873,775,97,152,55,105,263,158,74,361,287,113,208,95,81,257,176,79,2464,S14a
114,168,54,106,200,94,99,161,62,129,312,183,97,296,199,130,224,94,73,296,223,130,1787,S14a
113,232,119,95,223,128,90,209,119,153,374,221,74,362,288,89,216,127,74,232,158,97,1945,S14a
97,216,119,113,264,151,81,182,101,145,281,136,90,529,439,89,144,55,81,415,334,138,2169,S14a
79,271,192,89,241,152,81,143,62,121,337,216,89,384,295,112,199,87,91,209,118,105,1889,S14a
104,231,127,89,200,111,81,152,71,146,249,103,81,320,239,105,192,87,89,248,159,104,1696,S14a
97,233,136,88,215,127,73,128,55,153,296,143,90,496,406,130,200,70,95,240,145,106,1914,S14a
113,232,119,105,200,95,89,135,46,122,225,103,113,319,206,130,281,151,97,472,375,162,2026,S14a
143,212,69,91,193,102,89,127,38,154,296,142,106,273,167,146,280,134,89,216,127,137,1734,S14a
96,224,128,101,208,107,80,104,24,112,239,127,99,425,326,122,176,54,98,240,142,122,1738,S14a
81,224,143,73,200,127,106,152,46,112,321,209,111,239,128,105,256,151,85,224,139,129,1745,S14a
98,185,87,64,183,119,82,152,70,138,248,110,98,305,207,105,224,119,99,232,133,114,1643,S14a
115,209,94,89,200,111,106,120,14,113,248,135,90,288,198,129,176,47,82,273,191,129,1643,S14a
88,208,120,83,176,93,89,200,111,124,200,76,97,376,279,129,176,47,97,241,144,113,1690,S14a
106,233,127,40,208,168,105,280,175,136,192,56,73,344,271,105,168,63,89,256,167,122,1803,S14a
113,208,95,57,168,111,81,152,71,129,241,112,80,312,232,129,192,63,89,264,175,129,1666,S14a
97,264,167,90,184,94,90,208,118,146,200,54,115,824,709,106,248,142,82,225,143,129,2282,S14a
113,208,95,81,184,103,80,112,32,113,240,127,213,312,99,146,466,320,79,1287,1208,112,2921,S14a
89,791,702,96,351,255,89,176,87,160,1246,1086,105,335,230,107,217,110,95,267,172,85,3468,S14a
81,215,134,98,193,95,89,135,46,121,233,112,105,327,222,105,192,87,81,200,119,121,1616,S14a
89,224,135,73,176,103,94,151,57,114,199,85,101,337,236,137,384,247,97,223,126,121,1815,S14a
97,184,87,89,200,111,80,415,335,113,432,319,105,192,87,120,288,168,72,200,128,128,2039,S14a
129,240,111,73,198,125,90,169,79,122,254,132,82,346,264,143,238,95,99,274,175,152,1871,S14a
114,208,94,98,208,110,81,135,54,129,247,118,89,368,279,97,191,94,90,201,111,138,1696,S14a
162,209,47,73,191,118,98,152,54,129,496,367,113,191,78,154,328,174,107,216,109,138,1921,S14a
123,233,110,104,215,111,105,161,56,104,231,127,90,336,246,89,272,183,105,224,119,121,1793,S14a
137,199,62,66,200,134,97,192,95,121,528,407,97,896,799,105,-672,-777,1097,1248,151,144,2735,S14a
129,216,87,97,200,103,80,128,48,121,304,183,97,352,255,136,207,71,90,217,127,152,1776,S14a
129,192,63,73,200,127,73,144,71,129,224,95,89,335,246,145,208,63,73,224,151,97,1624,S14a
129,224,95,81,192,111,89,136,47,120,248,128,80,296,216,113,248,135,73,223,150,113,1680,S14a
112,215,103,81,184,103,81,144,63,113,248,135,97,456,359,121,255,134,74,273,199,129,1904,S14a
129,208,79,90,200,110,73,136,63,106,248,142,73,416,343,106,400,294,66,263,197,114,1985,S14a
122,192,70,81,184,103,81,144,63,113,232,119,97,495,398,137,201,64,104,247,143,113,1808,S14a
113,216,103,57,184,127,65,104,39,161,304,143,80,344,264,97,304,207,89,248,159,104,1808,S14a
121,192,71,98,216,118,81,96,15,161,320,159,88,200,112,121,272,151,73,232,159,92,1620,S14a
118,200,82,73,160,87,97,160,63,98,225,127,104,263,159,98,224,126,73,432,359,121,1785,S14a
129,176,47,89,193,104,88,159,71,138,232,94,82,360,278,145,200,55,72,311,239,137,1768,S14a
113,183,70,90,208,118,98,143,45,114,312,198,74,296,222,136,233,97,80,231,151,106,1712,S14a
154,280,126,65,209,144,105,96,-9,160,359,199,74,296,222,145,1473,1328,80,328,248,129,3170,S14a
113,216,103,96,207,111,90,160,70,122,216,94,98,337,239,137,232,95,57,199,142,130,1697,S14a
130,280,150,57,223,166,82,153,71,154,288,134,82,328,246,130,384,254,81,257,176,137,2050,S14a
152,248,96,74,185,111,105,183,78,137,306,169,119,270,151,130,273,143,89,271,182,130,1866,S14a
129,231,102,74,185,111,80,184,104,121,257,136,88,366,278,106,201,95,81,207,126,129,1760,S14a
112,256,144,89,191,102,97,168,71,161,232,71,89,280,191,122,224,102,108,233,125,127,1711,S14a
112,224,112,89,192,103,97,200,103,105,552,447,113,224,111,145,328,183,89,264,175,121,2105,S14a
89,248,159,72,184,112,97,168,71,114,280,166,88,344,256,137,312,175,80,264,184,137,1937,S14a
103,189,86,82,201,119,81,176,95,128,271,143,98,313,215,113,238,125,90,249,159,131,1768,S14a
98,217,119,73,182,109,89,210,121,121,208,87,104,368,264,137,240,103,82,263,181,114,1802,S14a
121,192,71,81,174,93,99,210,111,129,217,88,131,336,205,121,199,78,73,255,182,138,1721,S14a
138,208,70,120,200,80,96,160,64,114,200,86,106,288,182,145,256,111,89,536,447,144,1992,S14a
121,208,87,56,183,127,73,216,143,139,200,61,98,417,319,121,184,63,113,264,151,129,1801,S14a
162,200,38,105,232,127,97,152,55,112,255,143,98,297,199,105,224,119,81,264,183,120,1744,S14a
97,168,71,105,216,111,112,168,56,137,240,103,81,368,287,113,184,71,89,296,207,137,1777,S14a
105,183,78,121,249,128,89,215,126,121,585,464,81,191,110,130,257,127,79,224,145,97,2001,S14a
114,257,143,98,216,118,81,119,38,122,281,159,97,288,191,146,232,86,82,224,142,113,1730,S14a
165,184,19,91,208,117,98,152,54,121,280,159,81,216,135,138,248,110,81,255,174,139,1682,S14a
122,240,118,106,215,109,107,137,30,126,281,155,90,272,182,121,199,78,82,2065,1983,137,3546,S14a
145,280,135,105,215,110,106,137,31,153,328,175,81,560,479,97,240,143,89,248,159,105,2113,S14a
122,240,118,82,185,103,88,151,63,121,928,807,98,240,142,122,289,167,72,296,224,88,2417,S14a
129,193,64,105,200,95,73,144,71,145,320,175,88,240,152,120,224,104,81,271,190,130,1722,S14a
138,193,55,129,248,119,97,129,32,201,319,118,81,295,214,130,209,79,81,240,159,130,1763,S14a
137,296,159,97,208,111,82,120,38,145,312,167,90,353,263,105,288,183,73,223,150,130,1930,S14a
129,215,86,89,193,104,89,136,47,112,304,192,96,296,200,129,240,111,81,248,167,105,1737,S14a
138,248,110,106,233,127,89,240,151,144,223,79,82,401,319,113,223,110,65,257,192,97,1922,S14a
77,262,185,79,200,121,79,247,168,64,585,521,72,888,816,55,976,921,95,367,272,48,3573,S6a
79,232,153,64,168,104,56,160,104,40,319,279,57,1225,1168,63,336,273,71,255,184,57,2752,S6a
80,225,145,64,192,128,64,216,152,48,824,776,72,800,728,64,432,368,72,1688,1616,47,4424,S6a
72,256,184,72,200,128,56,232,176,64,776,712,80,448,368,80,400,320,88,288,200,56,2656,S6a
40,168,128,48,152,104,64,184,120,64,504,440,64,504,440,64,408,344,80,240,160,64,2224,S6a
64,200,136,56,152,96,56,160,104,64,440,376,64,969,905,63,391,328,72,264,192,48,2624,S6a
80,208,128,64,168,104,48,160,112,57,361,304,63,504,441,80,295,215,72,192,120,56,1944,S6a
55,208,153,47,160,113,55,168,113,63,392,329,55,392,337,63,288,225,63,335,272,57,2000,S6a
72,215,143,73,161,88,56,160,104,55,400,345,55,424,369,88,296,208,72,248,176,64,1968,S6a
48,208,160,24,776,752,80,232,152,56,840,784,64,992,928,80,464,384,72,320,248,56,3888,S6a
80,216,136,63,168,105,56,168,112,56,576,520,64,1050,986,70,390,320,64,280,216,56,2904,S6a
80,208,128,64,168,104,56,160,104,56,344,288,56,448,392,64,248,184,56,232,176,48,1856,S6a
72,216,144,56,160,104,48,152,104,48,376,328,56,504,448,64,264,200,72,200,128,40,1912,S6a
72,232,160,56,160,104,48,152,104,56,336,280,64,344,280,80,328,248,72,225,153,47,1824,S6a
80,208,128,56,161,105,55,175,120,56,408,352,72,464,392,80,313,233,71,272,201,55,2056,S6a
79,192,113,63,168,105,48,160,112,55,352,297,63,456,393,71,247,176,56,193,137,55,1823,S6a
63,193,130,63,167,104,48,152,104,56,336,280,63,384,321,80,232,152,80,208,128,55,1727,S6a
80,208,128,63,168,105,56,152,96,64,344,280,72,464,392,71,248,177,64,184,120,56,1824,S6a
80,208,128,72,168,96,56,168,112,48,336,288,56,416,360,72,232,160,64,224,160,40,1792,S6a
80,192,112,64,168,104,56,160,104,56,463,407,73,449,376,72,368,296,80,232,152,56,2088,S6a
72,200,128,64,160,96,48,160,112,56,319,263,73,473,400,64,216,152,56,857,801,36,2421,S6a
56,240,184,64,168,104,56,169,113,55,431,376,64,568,504,88,568,480,81,456,375,80,2680,S6a
79,200,121,55,160,105,55,160,105,55,352,297,79,447,368,72,281,209,64,343,279,32,1975,S6a
80,217,137,63,175,112,56,161,105,47,399,352,57,377,320,55,256,201,64,216,152,48,1849,S6a
81,201,120,64,159,95,57,161,104,63,360,297,64,384,320,64,280,216,55,272,217,24,1841,S6a
72,192,120,55,152,97,56,160,104,56,352,296,72,296,224,64,456,392,80,288,208,56,1952,S6a
72,208,136,56,144,88,56,152,96,56,400,344,80,464,384,72,240,168,56,248,192,40,1896,S6a
80,216,136,56,144,88,64,168,104,48,384,336,64,344,280,56,568,512,80,280,200,56,2160,S6a
71,215,144,64,152,88,64,174,110,50,410,360,72,408,336,80,1320,1240,64,144,80,56,2879,S6a
80,209,129,55,160,105,55,142,87,57,370,313,63,503,440,80,289,209,55,255,200,56,1984,S6a
79,207,128,40,145,105,47,143,96,56,432,376,72,384,312,73,329,256,55,336,281,32,2008,S6a
71,192,121,55,160,105,56,168,112,55,359,304,65,313,248,95,327,232,81,497,416,55,2071,S6a
80,208,128,56,152,96,64,168,104,56,424,368,48,440,392,48,272,224,56,280,224,24,1968,S6a
80,208,128,64,152,88,56,160,104,48,343,295,65,417,352,56,296,240,64,288,224,56,1920,S6a
80,216,136,72,168,96,48,152,104,48,345,297,71,343,272,56,288,232,72,248,176,48,1808,S6a
72,192,120,64,152,88,64,160,96,56,336,280,56,376,320,56,312,256,64,240,176,48,1816,S6a
72,200,128,72,168,96,56,152,96,32,288,256,64,384,320,72,240,168,64,272,208,32,1736,S6a
79,208,129,79,160,81,71,168,97,39,303,264,79,328,249,72,320,248,64,208,144,40,1735,S6a
71,192,121,64,152,88,63,151,88,56,361,305,47,384,337,88,360,272,63,175,112,32,1807,S6a
79,192,113,64,160,96,56,152,96,56,384,328,55,1136,1081,79,568,489,80,248,168,35,2875,S6a
72,192,120,80,168,88,58,160,102,48,352,304,64,384,320,64,432,368,48,264,216,47,1999,S6a
80,208,128,64,168,104,56,160,104,56,352,296,64,320,256,64,384,320,80,280,200,56,1928,S6a
80,216,136,64,168,104,48,152,104,48,344,296,56,328,272,56,256,200,80,256,176,56,1776,S6a
88,200,112,80,168,88,56,160,104,56,448,392,56,1024,968,80,336,256,72,368,296,15,2719,S6a
80,208,128,64,152,88,56,160,104,56,384,328,56,656,600,96,496,400,72,472,400,56,2584,S6a
72,201,129,71,167,96,80,200,120,48,369,321,79,447,368,80,281,201,71,271,200,16,1952,S6a
71,208,137,63,160,97,64,176,112,55,368,313,63,1112,1049,79,400,321,79,232,153,34,2690,S6a
79,192,113,63,168,105,48,160,112,56,1296,1240,80,320,240,80,264,184,64,208,144,56,2664,S6a
56,200,144,64,160,96,56,152,96,56,336,280,63,376,313,72,272,200,64,240,176,40,1776,S6a
79,200,121,64,168,104,48,152,104,56,360,304,56,432,376,80,240,160,72,296,224,32,1880,S6a
72,192,120,64,168,104,48,144,96,56,376,320,56,392,336,40,240,200,56,192,136,32,1736,S6a
80,208,128,56,160,104,40,136,96,56,360,304,48,976,928,80,312,232,56,208,152,40,2400,S6a
72,192,120,48,153,105,55,143,88,64,360,296,48,352,304,57,224,167,56,2040,1984,40,3504,S6a
87,192,105,79,168,89,63,151,88,57,352,295,80,409,329,79,352,273,39,183,144,48,1855,S6a
79,176,97,71,160,89,63,160,97,56,343,287,80,360,280,81,337,256,79,264,185,40,1840,S6a
63,192,129,64,168,104,64,168,104,48,344,296,56,368,312,64,288,224,56,216,160,40,1784,S6a
80,216,136,56,160,104,64,176,112,56,528,472,56,1128,1072,104,296,192,80,1456,1376,40,4000,S6a
80,216,136,80,168,88,64,168,104,56,304,248,80,328,248,80,391,311,80,168,88,56,1799,S6a
80,208,128,80,184,104,48,152,104,48,352,304,56,360,304,104,280,176,56,168,112,56,1760,S6a
64,192,128,64,167,103,57,161,104,56,353,297,63,375,312,104,424,320,64,152,88,64,1888,S6a
80,232,152,48,152,104,48,152,104,56,353,297,63,367,304,73,384,311,80,185,105,55,1880,S6a
80,215,135,69,173,104,43,155,112,56,344,288,56,241,185,79,328,249,63,247,184,64,1767,S6a
80,200,120,56,159,103,56,153,97,46,351,305,56,889,833,71,319,248,64,265,201,63,2399,S6a
80,208,128,64,168,104,48,152,104,56,392,336,64,1216,1152,88,504,416,64,192,128,64,2896,S6a
88,216,128,64,176,112,56,168,112,56,352,296,64,360,296,80,336,256,80,224,144,56,1888,S6a
72,200,128,56,160,104,56,152,96,56,327,271,57,345,288,56,392,336,72,168,96,48,1792,S6a
56,208,152,56,192,136,64,184,120,64,352,288,48,936,888,80,345,265,63,167,104,32,2416,S6a
80,208,128,80,176,96,56,160,104,56,400,344,56,488,432,80,280,200,72,248,176,80,2040,S6a
87,224,137,55,159,104,56,169,113,46,407,361,56,385,329,103,375,272,72,208,136,56,1983,S6a
80,233,153,64,168,104,55,168,113,47,408,361,71,424,353,71,256,185,63,216,153,56,1929,S6a
72,200,128,63,160,97,56,152,96,56,327,271,64,417,353,80,256,176,72,200,128,56,1768,S6a
80,208,128,64,160,96,56,160,104,56,327,271,65,897,832,80,288,208,72,168,96,64,2272,S6a
80,200,120,64,168,104,48,152,104,56,344,288,56,432,376,88,296,208,72,288,216,72,1952,S6a
72,200,128,56,168,112,48,160,112,56,888,832,64,360,296,80,376,296,56,184,128,40,2376,S6a
80,208,128,72,160,88,64,177,113,55,367,312,72,537,465,63,376,313,56,263,207,56,2144,S6a
79,208,129,63,144,81,55,160,105,55,359,304,64,265,201,103,352,249,55,200,145,55,1743,S6a
79,200,121,64,168,104,55,160,105,55,415,360,65,312,247,96,345,249,63,168,105,39,1807,S6a
72,191,119,65,169,104,40,160,120,48,344,296,71,335,264,81,321,240,56,304,248,47,1871,S6a
72,200,128,64,168,104,56,160,104,56,344,288,64,472,408,56,352,296,80,208,128,56,1960,S6a
80,208,128,64,168,104,56,160,104,56,343,287,57,361,304,72,304,232,64,232,168,40,1816,S6a
72,192,120,56,152,96,64,192,128,64,440,376,64,344,280,80,328,248,64,168,104,40,1856,S6a
88,224,136,72,176,104,56,160,104,56,376,320,64,320,256,72,488,416,64,264,200,56,2064,S6a
88,217,129,79,167,88,64,192,128,56,384,328,80,320,240,64,312,248,80,201,121,63,1856,S6a
64,193,129,55,159,104,56,160,104,64,320,256,72,336,264,80,473,393,71,352,281,72,2065,S6a
63,191,128,64,168,104,48,152,104,64,336,272,81,384,303,64,249,185,79,224,145,55,1759,S6a
80,208,128,71,176,105,56,160,104,55,359,304,65,368,303,65,297,232,80,160,80,55,1783,S6a
88,208,120,64,176,112,56,168,112,55,448,393,64,272,208,80,343,263,73,241,168,48,1904,S6a
79,192,113,64,152,88,56,144,88,56,352,296,80,384,304,72,304,232,72,184,112,56,1768,S6a
80,216,136,64,176,112,56,168,112,48,376,328,64,808,744,56,376,320,72,344,272,56,2520,S6a
64,224,160,56,160,104,56,160,104,48,344,296,56,840,784,64,312,248,64,152,88,56,2248,S6a
80,201,121,63,167,104,48,152,104,56,327,271,65,441,376,80,256,176,88,208,120,56,1808,S6a
79,207,128,64,169,105,55,160,105,55,360,305,39,391,352,56,601,545,79,215,136,56,2159,S6a
72,200,128,79,175,96,57,161,104,63,416,353,55,504,449,63,480,417,71,400,329,55,2391,S6a
79,192,113,71,176,105,56,168,112,47,760,713,80,464,384,88,463,375,89,337,248,40,2600,S6a
81,209,128,64,176,112,55,160,105,56,360,304,80,376,296,56,384,328,80,272,192,48,1985,S6a
88,216,128,72,168,96,56,184,128,48,401,353,64,407,343,81,297,216,80,208,128,48,1929,S6a
89,217,128,64,168,104,56,160,104,56,440,384,64,576,512,80,320,240,80,224,144,56,2161,S6a
80,200,120,80,192,112,56,177,121,55,399,344,80,424,344,64,384,320,80,296,216,56,2128,S6a
62,190,128,56,280,224,56,161,105,55,406,351,57,905,848,64,320,256,72,256,184,40,2558,S6a
72,176,104,64,184,120,57,184,127,56,313,257,47,944,897,71,335,264,56,217,161,55,2408,S6a
64,168,104,63,167,104,48,144,96,57,327,270,57,329,272,64,336,272,56,232,176,32,1735,S6a
65,169,104,55,160,105,39,127,88,56,313,257,48,304,256,63,288,225,56,184,128,47,1592,S6a
56,168,112,64,168,104,48,152,104,48,303,255,57,265,208,56,304,248,56,144,88,40,1544,S6a
64,176,112,72,168,96,56,152,96,55,319,264,57,360,303,65,425,360,80,136,56,48,1784,S6a
56,168,112,80,184,104,48,151,103,57,377,320,56,376,320,80,360,280,55,232,177,48,1896,S6a
72,184,112,64,160,96,56,152,96,56,400,344,48,344,296,64,512,448,72,248,176,56,2056,S6a
64,192,128,72,176,104,48,152,104,48,344,296,48,368,320,64,416,352,80,184,104,56,1888,S6a
72,192,120,64,168,104,48,152,104,48,344,296,48,368,320,72,328,256,80,209,129,55,1816,S6a
80,200,120,72,176,104,48,152,104,56,336,280,47,441,394,79,287,208,80,192,112,48,1832,S6a
80,199,119,56,161,105,55,152,97,55,335,280,64,368,304,64,353,289,79,359,280,48,1975,S6a
80,200,120,72,168,96,55,160,105,56,384,328,63,376,313,72,367,295,57,233,176,64,1952,S6a
80,184,104,80,184,104,56,168,112,56,360,304,56,400,344,80,400,320,80,240,160,48,1984,S6a
64,248,184,72,176,104,56,160,104,56,352,296,56,456,400,64,296,232,64,168,104,40,1896,S6a
72,200,128,48,168,120,56,152,96,56,344,288,56,288,232,64,384,320,72,256,184,56,1848,S6a
80,208,128,56,160,104,56,185,129,63,320,257,63,407,344,48,248,200,48,184,136,31,1743,S6a
55,183,128,64,168,104,56,160,104,56,496,440,64,465,401,40,399,359,80,745,665,63,2679,S6a
79,200,121,55,159,104,48,152,104,65,361,296,79,376,297,63,392,329,71,224,153,31,1895,S6a
55,184,129,56,176,120,48,167,119,57,376,319,56,281,225,64,304,240,72,176,104,56,1720,S6a
80,184,104,80,176,96,48,152,104,56,424,368,80,272,192,64,408,344,72,248,176,64,1928,S6a
64,200,136,80,176,96,56,152,96,56,336,280,80,352,272,56,304,248,80,207,127,72,1799,S6a
72,184,112,64,168,104,56,160,104,48,368,320,72,376,304,72,224,152,80,248,168,64,1792,S6a
79,216,137,71,176,105,56,167,111,57,377,320,72,288,216,80,320,240,64,176,112,56,1776,S6a
80,208,128,56,168,112,32,136,104,56,400,344,64,416,352,64,280,216,80,304,224,72,1984,S6a
79,208,129,79,175,96,64,168,104,56,327,271,65,442,377,79,239,160,88,201,113,55,1815,S6a
79,199,120,72,177,105,55,168,113,55,367,312,56,352,296,73,273,200,56,184,128,56,1776,S6a
55,184,129,79,176,97,55,159,104,56,361,305,71,399,328,33,329,296,79,192,113,64,1864,S6a
87,192,105,80,176,96,55,160,105,48,344,296,72,352,280,56,319,263,81,209,128,56,1808,S6a
71,200,129,64,168,104,48,152,104,56,352,296,56,384,328,32,416,384,64,200,136,56,1928,S6a
64,176,112,72,160,88,64,160,96,56,327,271,72,289,217,64,352,288,80,176,96,56,1696,S6a
80,208,128,80,168,88,56,160,104,64,504,440,56,456,400,79,368,289,72,200,128,56,2120,S6a
64,176,112,64,160,96,56,176,120,56,424,368,64,344,280,72,272,200,80,224,144,56,1832,S6a
64,216,152,72,160,88,64,161,97,55,335,280,64,432,368,40,360,320,56,536,480,56,2256,S6a
80,192,112,80,160,80,64,176,112,56,520,464,64,409,345,55,319,264,72,232,160,32,2040,S6a
55,192,137,63,168,105,64,175,111,56,417,361,72,376,304,64,304,240,63,176,113,55,1863,S6a
64,192,128,64,168,104,48,152,104,56,880,824,72,872,800,72,415,343,73,193,120,64,2936,S6a
72,176,104,72,168,96,48,136,88,64,504,440,56,840,784,48,400,352,80,224,144,56,2504,S6a
72,200,128,64,152,88,64,168,104,56,376,320,80,376,296,56,319,263,73,225,152,56,1872,S6a
80,200,120,64,152,88,56,159,103,57,401,344,80,376,296,56,399,343,65,209,144,56,1952,S6a
56,200,144,48,136,88,64,169,105,47,368,321,79,567,488,80,456,376,80,352,272,56,2304,S6a
80,200,120,64,160,96,48,152,104,56,409,353,56,399,343,80,360,280,72,257,185,71,2008,S6a
72,192,120,64,161,97,55,160,105,55,352,297,55,456,401,79,392,313,79,159,80,72,1944,S6a
63,192,129,72,151,79,72,168,96,56,384,328,57,336,279,80,401,321,78,159,81,56,1847,S6a
80,184,104,72,168,96,64,168,104,64,407,343,73,361,288,64,312,248,64,240,176,80,1920,S6a
64,216,152,72,168,96,56,160,104,48,1048,1000,72,520,448,88,296,208,80,248,168,40,2696,S6a
80,176,96,56,160,104,56,160,104,56,400,344,56,512,456,80,352,272,88,200,112,56,2016,S6a
72,184,112,64,168,104,48,144,96,56,384,328,80,424,344,56,304,248,72,184,112,56,1848,S6a
80,200,120,64,160,96,56,168,112,64,417,353,79,415,336,72,392,320,80,289,209,55,2096,S6a
72,200,128,80,193,113,55,160,105,55,423,368,72,304,232,64,472,408,72,224,152,56,2032,S6a
79,208,129,72,176,104,55,152,97,63,448,385,64,959,895,88,329,241,63,232,169,63,2567,S6a
80,208,128,63,167,104,56,153,97,63,392,329,71,472,401,88,256,168,80,183,103,65,1896,S6a
64,200,136,80,184,104,64,176,112,56,376,320,64,392,328,72,360,288,72,192,120,56,1936,S6a
64,200,136,48,144,96,64,168,104,56,368,312,80,384,304,56,320,264,80,208,128,56,1848,S6a
80,208,128,72,176,104,48,176,128,56,352,296,80,423,343,57,265,208,88,200,112,72,1872,S6a
71,207,136,80,184,104,56,168,112,72,384,312,64,424,360,80,360,280,72,208,136,64,1999,S6a
80,216,136,64,168,104,73,185,112,55,383,328,88,312,224,64,424,360,88,145,57,71,1904,S6a
87,264,177,71,210,139,70,174,104,63,464,401,70,768,698,63,288,225,64,224,160,47,2439,S6a
72,192,120,55,152,97,63,168,105,56,351,295,65,361,296,55,328,273,80,199,119,41,1792,S6a
64,193,129,63,151,88,56,152,96,64,321,257,71,335,264,64,272,208,80,177,97,63,1664,S6a
72,177,105,79,167,88,56,153,97,55,376,321,79,343,264,64,328,264,73,169,96,64,1777,S6a
72,192,120,72,160,88,64,160,96,64,360,296,80,336,256,56,352,296,56,184,128,40,1784,S6a
72,200,128,56,152,96,64,168,104,56,296,240,80,384,304,56,328,272,80,192,112,39,1759,S6a
80,192,112,64,160,96,64,168,104,56,360,304,72,344,272,72,296,224,80,264,184,71,1855,S6a
72,200,128,64,168,104,48,144,96,80,376,296,80,352,272,64,273,209,80,280,200,79,1872,S6a
71,184,113,71,167,96,57,145,88,63,431,368,80,416,336,72,400,328,56,185,129,39,1967,S6a
55,184,129,71,176,105,55,160,105,63,383,320,65,432,367,73,240,167,81,185,104,55,1815,S6a
65,201,136,64,176,112,64,176,112,80,376,296,64,560,496,56,352,296,63,200,137,64,2105,S6a
72,200,128,56,160,104,72,176,104,64,344,280,80,376,296,64,264,200,80,176,96,72,1768,S6a
80,200,120,64,168,104,64,168,104,64,384,320,80,296,216,48,304,256,88,416,328,80,2016,S6a
72,184,112,64,169,105,55,183,128,48,728,680,80,312,232,64,312,248,72,184,112,55,2127,S6a
80,216,136,72,176,104,56,160,104,56,440,384,72,496,424,56,296,240,72,168,96,56,2008,S6a
80,200,120,64,160,96,56,169,113,55,391,336,73,376,303,80,472,392,80,337,257,63,2168,S6a
71,183,112,64,169,105,47,151,104,48,376,328,65,505,440,71,263,192,80,297,217,56,2000,S6a
71,191,120,73,169,96,63,168,105,64,432,368,79,439,360,49,273,224,79,200,121,64,1936,S6a
64,192,128,64,168,104,48,152,104,48,343,295,49,369,320,48,288,240,80,208,128,64,1784,S6a
72,192,120,72,176,104,48,152,104,56,336,280,72,384,312,56,280,224,63,176,113,56,1752,S6a
80,184,104,64,168,104,48,144,96,56,336,280,80,280,200,80,344,264,72,176,104,56,1688,S6a
80,200,120,56,160,104,48,152,104,56,328,272,80,272,192,80,272,192,80,176,96,48,1608,S6a
72,200,128,80,184,104,56,160,104,64,384,320,88,240,152,72,400,328,80,128,48,64,1760,S6a
72,185,113,71,199,128,56,168,112,72,488,416,88,400,312,80,257,177,79,160,81,55,1912,S6a
55,184,129,63,176,113,55,160,105,63,335,272,80,344,264,64,257,193,79,184,105,55,1695,S6a
56,201,145,55,160,105,56,168,112,71,440,369,80,288,208,64,1016,952,88,136,48,55,2464,S6a
80,200,120,56,152,96,56,160,104,64,368,304,80,376,296,56,256,200,72,200,128,56,1768,S6a
80,200,120,88,176,88,72,184,112,64,376,312,72,352,280,72,272,200,56,192,136,56,1808,S6a
80,200,120,80,192,112,55,184,129,56,415,359,65,289,224,80,320,240,80,176,96,48,1824,S6a
80,208,128,80,192,112,80,200,120,72,472,400,80,880,800,80,288,208,80,208,128,64,2512,S6a
64,192,128,80,184,104,48,160,112,72,401,329,79,455,376,56,256,200,72,192,120,64,1904,S6a
96,209,113,63,167,104,48,152,104,56,432,376,80,360,280,80,296,216,80,169,89,55,1840,S6a
63,192,129,63,167,104,56,161,105,55,343,288,89,360,271,80,265,185,79,200,121,47,1735,S6a
84,192,108,64,168,104,48,144,96,56,400,344,80,360,280,48,224,176,80,1104,1024,64,2656,S6a
80,216,136,88,208,120,72,176,104,72,376,304,80,391,311,48,288,240,80,264,184,32,1951,S6a
80,192,112,72,160,88,64,169,105,63,360,297,72,328,256,96,367,271,81,393,312,56,2025,S6a
89,193,104,80,169,89,78,191,113,64,321,257,87,535,448,64,264,200,80,280,200,72,2025,S6a
87,192,105,64,167,103,64,169,105,47,344,297,87,383,296,85,247,162,72,200,128,40,1742,S6a
54,270,216,56,160,104,56,160,104,48,400,352,80,399,319,80,256,176,81,185,104,56,1886,S6a
80,185,105,79,183,104,48,144,96,64,321,257,71,488,417,63,224,161,79,192,113,55,1792,S6a
73,177,104,64,152,88,56,168,112,56,344,288,48,440,392,80,296,216,80,248,168,56,1881,S6a
64,176,112,64,152,88,56,176,120,48,368,320,48,384,336,64,264,200,56,144,88,56,1720,S6a
88,192,104,64,168,104,48,144,96,56,384,328,64,360,296,64,240,176,64,168,104,56,1712,S6a
80,184,104,56,136,80,64,160,96,56,360,304,56,376,320,72,256,184,64,272,208,64,1808,S6a
80,464,384,56,160,104,56,152,96,47,336,289,72,448,376,80,272,192,80,224,144,56,2112,S6a
71,183,112,56,160,104,48,153,105,55,335,280,64,392,328,64,288,224,56,240,184,64,1815,S6a
63,168,105,55,160,105,56,160,104,55,327,272,56,392,336,73,464,391,64,264,200,56,1991,S6a
79,184,105,55,160,105,39,144,105,63,335,272,57,456,399,64,241,177,80,240,160,48,1808,S6a
72,184,112,55,143,88,57,161,104,56,327,271,56,409,353,55,288,233,80,224,144,56,1792,S6a
56,168,112,56,160,104,48,144,96,48,328,280,72,360,288,64,288,224,56,216,160,56,1720,S6a
73,177,104,56,152,96,47,152,105,56,352,296,56,352,296,56,328,272,80,256,176,32,1801,S6a
80,192,112,56,152,96,48,152,104,48,416,368,72,416,344,72,248,176,72,224,152,56,1856,S6a
72,184,112,56,160,104,48,144,96,56,319,263,81,497,416,48,248,200,56,232,176,24,1808,S6a
80,208,128,48,152,104,48,144,96,64,336,272,56,361,305,71,272,201,71,199,128,56,1728,S6a
64,193,129,47,152,105,47,151,104,64,416,352,56,993,937,71,264,193,79,224,145,39,2432,S6a
72,177,105,63,168,105,47,152,105,48,367,319,56,361,305,55,232,177,79,248,169,64,1769,S6a
55,184,129,56,160,104,55,176,121,48,368,320,64,336,272,71,271,200,73,257,184,64,1816,S6a
64,168,104,64,152,88,56,160,104,56,392,336,64,480,416,56,264,208,80,304,224,48,1968,S6a
70,174,104,64,160,96,56,160,104,56,360,304,72,424,352,56,336,280,80,248,168,56,1918,S6a
80,184,104,72,168,96,56,152,96,64,432,368,80,343,263,65,313,248,88,224,136,48,1864,S6a
64,178,114,54,158,104,48,144,96,56,368,312,64,360,296,64,216,152,72,240,168,48,1712,S6a
80,200,120,48,152,104,56,144,88,64,368,304,48,296,248,55,344,289,64,192,128,56,1752,S6a
71,174,103,56,153,97,48,153,105,55,367,312,64,360,296,56,241,185,71,247,176,64,1759,S6a
63,176,113,55,144,89,55,160,105,56,351,295,65,464,399,47,273,226,78,224,146,40,1832,S6a
79,184,105,64,168,104,47,152,105,48,328,280,56,280,224,56,328,272,64,240,176,64,1744,S6a
64,176,112,55,144,89,63,160,97,56,359,303,57,265,208,72,320,248,72,200,128,56,1680,S6a
80,208,128,56,160,104,48,144,96,56,360,304,64,432,368,64,256,192,80,232,152,64,1856,S6a
72,200,128,40,128,88,64,168,104,56,327,271,73,402,329,62,263,201,64,184,120,64,1736,S6a
80,192,112,64,168,104,48,152,104,48,512,464,80,432,352,72,232,160,80,216,136,56,1960,S6a
72,176,104,64,160,96,56,160,104,56,344,288,64,432,368,64,264,200,72,200,128,56,1792,S6a
72,168,96,64,168,104,48,152,104,56,328,272,80,328,248,72,312,240,56,224,168,64,1744,S6a
72,185,113,55,143,88,64,160,96,56,328,272,56,624,568,80,273,193,71,351,280,56,2120,S6a
79,200,121,55,155,100,51,159,108,53,389,336,64,481,417,47,616,569,71,191,120,64,2255,S6a
73,201,128,64,240,176,56,168,112,56,327,271,65,361,296,48,296,248,88,200,112,56,1849,S6a
80,184,104,55,160,105,56,184,128,48,344,296,72,424,352,55,208,153,72,208,136,56,1768,S6a
89,193,104,72,152,80,72,168,96,56,336,280,56,408,352,56,448,392,80,343,263,57,2105,S6a
80,184,104,72,176,104,64,160,96,56,352,296,80,408,328,80,400,320,80,168,88,56,1904,S6a
80,192,112,56,160,104,48,160,112,56,336,280,64,320,256,80,248,168,72,232,160,56,1704,S6a
88,200,112,64,169,105,63,167,104,48,377,329,62,359,297,80,280,200,80,193,113,55,1800,S6a
63,192,129,55,160,105,47,160,113,55,488,433,80,975,895,88,345,257,71,216,145,55,2591,S6a
80,184,104,64,160,96,55,152,97,55,431,376,81,313,232,80,304,224,79,216,137,64,1824,S6a
64,192,128,55,152,97,56,152,96,64,343,279,65,313,248,80,280,200,72,240,168,64,1736,S6a
64,192,128,48,184,136,56,184,128,42,336,294,56,400,344,104,264,160,80,200,120,56,1816,S6a
64,192,128,56,160,104,56,160,104,56,432,376,72,448,376,80,320,240,80,264,184,56,2032,S6a
80,176,96,72,168,96,48,144,96,64,416,352,56,336,280,56,240,184,72,224,152,64,1768,S6a
80,184,104,56,160,104,48,152,104,56,327,271,81,329,248,56,280,224,64,216,152,64,1712,S6a
80,200,120,72,176,104,40,145,105,71,351,280,80,472,392,64,225,161,79,247,168,56,1872,S6a
79,200,121,64,184,120,56,152,96,55,387,332,59,316,257,80,289,209,72,296,224,64,1888,S6a
80,232,152,64,168,104,64,152,88,69,359,290,81,357,276,62,276,214,48,248,200,64,1856,S6a
72,176,104,64,168,104,56,160,104,56,360,304,80,464,384,56,528,472,80,248,168,56,2160,S6a
56,176,120,72,168,96,64,160,96,72,368,296,64,432,368,56,288,232,80,224,144,40,1856,S6a
80,184,104,64,184,120,72,176,104,64,392,328,80,368,288,72,288,216,80,224,144,56,1872,S6a
64,184,120,72,168,96,56,160,104,64,384,320,56,448,392,48,352,304,80,224,144,64,1984,S6a
80,192,112,72,160,88,56,160,104,72,360,288,72,432,360,64,241,177,79,232,153,55,1832,S6a
88,192,104,80,160,80,64,169,105,63,391,328,81,481,400,79,263,184,88,264,176,57,1977,S6a
71,176,105,79,184,105,56,160,104,72,447,375,65,361,296,79,280,201,80,248,168,47,1903,S6a
80,184,104,71,168,97,56,152,96,56,344,288,80,352,272,79,248,169,80,232,152,56,1736,S6a
79,191,112,56,160,104,57,153,96,55,399,344,73,425,352,55,312,257,80,280,200,55,1975,S6a
72,200,128,64,152,88,64,160,96,64,368,304,88,408,320,64,344,280,64,264,200,56,1952,S6a
72,184,112,72,176,104,56,152,96,64,360,296,64,344,280,56,238,182,72,248,176,56,1758,S6a
80,200,120,72,176,104,56,160,104,56,376,320,64,376,312,80,288,208,64,264,200,64,1904,S6a
72,184,112,80,176,96,64,168,104,64,360,296,72,392,320,47,336,289,103,264,161,56,1936,S6a
80,208,128,64,160,96,64,168,104,64,352,288,72,400,328,80,376,296,80,240,160,64,1968,S6a
80,192,112,64,168,104,56,160,104,56,384,328,88,312,224,64,368,304,80,232,152,56,1872,S6a
73,201,128,63,152,89,55,159,104,56,336,280,64,345,281,79,279,200,80,232,152,64,1768,S6a
87,200,113,79,183,104,72,169,97,63,335,272,89,553,464,63,400,337,71,224,153,55,2119,S6a
71,192,121,72,168,96,71,168,97,64,400,336,64,392,328,80,288,208,80,264,184,63,1935,S6a
71,200,129,71,176,105,64,192,128,56,360,304,71,456,385,48,320,272,72,272,200,48,2024,S6a
80,200,120,64,152,88,80,184,104,64,408,344,64,360,296,72,304,232,80,240,160,64,1912,S6a
64,184,120,80,176,96,64,168,104,56,400,344,63,496,433,48,319,271,81,177,96,56,1976,S6a
80,208,128,80,184,104,48,160,112,64,376,312,80,328,248,64,328,264,80,264,184,56,1904,S6a
80,192,112,72,168,96,64,176,112,64,392,328,80,376,296,72,272,200,80,312,232,56,1944,S6a
80,192,112,80,176,96,56,160,104,72,368,296,64,344,280,72,288,216,80,240,160,72,1840,S6a
80,192,112,80,184,104,56,160,104,64,335,271,72,353,281,40,264,224,80,280,200,56,1824,S6a
80,192,112,64,168,104,56,160,104,56,304,248,64,361,297,71,279,208,80,209,129,55,1728,S6a
80,184,104,80,193,113,55,152,97,63,383,320,64,409,345,56,288,232,71,327,256,56,1992,S6a
71,183,112,64,169,105,56,144,88,55,960,905,71,904,833,79,415,336,104,257,153,56,3088,S6a
80,193,113,71,175,104,48,152,104,64,392,328,80,264,184,56,312,256,72,240,168,48,1776,S6a
80,192,112,79,224,145,64,176,112,64,384,320,72,320,248,64,224,160,88,240,152,64,1824,S6a
64,176,112,72,176,104,56,152,96,56,344,288,72,296,224,56,280,224,80,256,176,56,1736,S6a
80,200,120,56,160,104,56,160,104,48,368,320,64,296,232,56,319,263,65,249,184,56,1808,S6a
72,192,120,80,160,80,64,168,104,64,376,312,72,304,232,64,280,216,80,256,176,56,1792,S6a
80,280,200,56,168,112,64,160,96,56,376,320,56,296,240,56,344,288,72,257,185,63,1944,S6a
80,185,105,63,167,104,56,160,104,64,361,297,63,311,248,48,256,208,88,248,160,56,1744,S6a
79,199,120,80,169,89,55,160,105,71,400,329,63,439,376,56,369,313,95,264,169,63,2063,S6a
71,184,113,79,184,105,47,152,105,63,327,264,80,289,209,55,304,249,79,264,185,55,1759,S6a
104,216,112,79,168,89,55,152,97,63,352,289,79,383,304,56,305,249,71,224,153,55,1855,S6a
80,232,152,80,176,96,56,152,96,72,424,352,80,384,304,72,312,240,80,248,168,64,1992,S6a
79,216,137,80,152,72,64,168,104,64,392,328,80,328,248,72,272,200,104,256,152,64,1848,S6a
80,224,144,64,160,96,64,160,96,80,392,312,72,328,256,64,439,375,81,305,224,56,2064,S6a
80,208,128,64,168,104,56,160,104,64,344,280,80,312,232,48,280,232,80,232,152,56,1760,S6a
88,192,104,72,176,104,56,160,104,64,400,336,56,296,240,64,344,280,80,424,344,56,2048,S6a
88,200,112,80,176,96,64,168,104,64,384,320,64,416,352,72,344,272,72,248,176,64,2000,S6a
88,200,112,80,176,96,64,168,104,64,376,312,72,320,248,72,464,392,72,232,160,55,1991,S6a
71,191,120,80,176,96,56,160,104,56,377,321,71,327,256,64,305,241,79,255,176,56,1847,S6a
103,216,113,79,192,113,47,152,105,63,391,328,73,313,240,63,351,288,88,273,185,55,1943,S6a
78,198,120,72,176,104,40,143,103,49,457,408,64,600,536,88,248,160,72,176,104,32,2030,S6a
89,641,552,64,160,96,64,159,95,73,393,320,80,352,272,72,288,216,64,176,112,56,2225,S6a
63,168,105,64,144,80,63,168,105,56,304,248,56,319,263,65,369,304,80,216,136,64,1752,S6a
80,168,88,56,160,104,48,144,96,56,296,240,64,312,248,56,288,232,80,208,128,64,1640,S6a
64,160,96,72,160,88,64,168,104,48,296,248,56,305,249,79,303,224,64,200,136,56,1648,S6a
72,168,96,64,144,80,55,152,97,56,327,271,81,297,216,56,272,216,64,216,152,56,1632,S6a
64,152,88,64,159,95,48,145,97,56,312,256,63,328,265,64,248,184,80,216,136,40,1600,S6a
72,176,104,64,144,80,56,152,96,56,327,271,57,329,272,64,280,216,71,200,129,48,1656,S6a
64,192,128,33,288,255,56,152,96,56,833,777,63,303,240,56,256,200,80,184,104,40,2248,S6a
80,184,104,57,144,87,56,137,81,63,334,271,57,297,240,64,256,192,72,249,177,47,1648,S6a
80,177,97,55,135,80,56,160,104,48,320,272,56,289,233,55,271,216,64,200,136,56,1608,S6a
63,167,104,64,152,88,56,137,81,71,343,272,56,313,257,63,399,336,72,233,161,55,1799,S6a
71,184,113,64,168,104,48,152,104,56,336,280,63,400,337,80,440,360,80,208,128,55,1943,S6a
68,168,100,64,152,88,56,144,88,63,335,272,65,289,224,71,328,257,80,176,96,48,1640,S6a
64,192,128,23,136,113,39,184,145,64,376,312,64,272,208,72,256,184,72,200,128,48,1664,S6a
79,176,97,56,152,96,48,160,112,56,352,296,56,392,336,56,800,744,80,200,120,56,2288,S6a
88,184,96,72,160,88,56,144,88,56,344,288,64,336,272,64,264,200,80,224,144,55,1711,S6a
72,176,104,64,152,88,56,152,96,64,360,296,64,552,488,96,248,152,80,184,104,56,1880,S6a
72,176,104,64,144,80,56,160,104,56,400,344,64,328,264,64,312,248,80,248,168,40,1808,S6a
64,169,105,71,175,104,56,160,104,56,327,271,73,329,256,56,232,176,64,232,168,48,1672,S6a
80,176,96,72,176,104,56,160,104,56,320,264,72,424,352,80,664,584,80,304,224,56,2280,S6a
80,196,116,60,148,88,40,144,104,64,297,233,63,359,296,64,392,328,80,257,177,55,1848,S6a
79,175,96,65,145,80,56,159,103,56,304,248,64,529,465,56,383,327,80,305,225,39,2039,S6a
70,160,90,79,160,81,47,152,105,48,280,232,64,376,312,63,400,337,79,247,168,56,1831,S6a
72,160,88,72,152,80,56,160,104,64,288,224,64,416,352,72,256,184,80,216,136,56,1704,S6a
80,184,104,56,144,88,55,168,113,56,312,256,64,464,400,56,327,271,81,217,136,48,1864,S6a
64,160,96,72,152,80,56,152,96,56,335,279,73,305,232,63,312,249,80,240,160,48,1704,S6a
72,176,104,56,160,104,56,160,104,64,368,304,72,296,224,64,304,240,72,208,136,56,1728,S6a
64,168,104,80,184,104,56,144,88,64,335,271,81,337,256,80,328,248,80,232,152,56,1784,S6a
80,160,80,64,152,88,56,136,80,64,320,256,64,312,248,80,320,240,72,224,152,56,1680,S6a
80,192,112,40,144,104,56,152,96,64,336,272,64,265,201,55,287,232,88,199,111,65,1640,S6a
72,160,88,64,152,88,56,152,96,48,416,368,72,400,328,80,328,248,88,216,128,55,1879,S6a
80,184,104,56,143,87,57,161,104,56,328,272,80,321,241,71,351,280,96,265,169,55,1808,S6a
55,167,112,57,160,103,48,152,104,56,313,257,72,328,256,63,239,176,80,209,129,56,1624,S6a
63,168,105,63,143,80,57,145,88,55,327,272,64,313,249,80,383,303,72,185,113,56,1720,S6a
64,168,104,72,152,80,56,160,104,48,352,304,64,384,320,79,304,225,79,200,121,56,1776,S6a
64,176,112,56,152,96,56,152,96,56,312,256,80,368,288,80,279,199,81,233,152,48,1720,S6a
80,184,104,72,152,80,80,176,96,64,360,296,80,384,304,72,320,248,88,216,128,48,1840,S6a
80,184,104,64,144,80,56,136,80,64,376,312,64,432,368,56,280,224,64,240,176,40,1832,S6a
72,168,96,64,168,104,48,136,88,56,360,304,72,335,263,57,233,176,64,192,128,56,1648,S6a
72,168,96,64,152,88,56,136,80,64,304,240,56,336,280,64,295,231,80,241,161,56,1688,S6a
80,184,104,56,144,88,56,160,104,64,335,271,73,337,264,56,240,184,80,192,112,56,1648,S6a
80,192,112,64,152,88,56,161,105,55,415,360,72,328,256,64,312,248,80,200,120,56,1816,S6a
80,183,103,73,153,80,56,144,88,80,344,264,80,384,304,80,520,440,80,200,120,56,1984,S6a
79,192,113,64,152,88,63,152,89,56,369,313,72,343,271,57,313,256,80,232,152,56,1809,S6a
71,176,105,63,168,105,40,144,104,55,327,272,57,320,263,81,257,176,79,200,121,40,1632,S6a
88,192,104,72,160,88,64,168,104,56,375,319,64,273,209,72,368,296,80,256,176,56,1848,S6a
88,176,88,64,216,152,64,168,104,56,343,287,80,305,225,71,296,225,64,176,112,56,1736,S6a
71,368,297,56,144,88,56,160,104,55,352,297,64,336,272,80,280,200,80,192,112,56,1888,S6a
79,175,96,80,153,73,64,143,79,73,321,248,55,256,201,64,312,248,80,232,152,56,1648,S6a
80,192,112,55,136,81,56,160,104,40,288,248,80,312,232,63,296,233,80,216,136,56,1656,S6a
64,176,112,56,144,88,64,152,88,56,336,280,56,296,240,56,288,232,81,232,151,63,1687,S6a
88,215,127,73,153,80,64,160,96,56,368,312,80,312,232,64,288,224,64,192,128,56,1744,S6a
80,184,104,64,152,88,56,152,96,56,376,320,72,384,312,80,352,272,64,224,160,56,1880,S6a
80,184,104,72,153,81,55,151,96,56,313,257,63,367,304,89,504,415,104,577,473,63,2312,S6a
79,200,121,55,151,96,64,161,97,63,351,288,88,304,216,64,257,193,79,224,145,55,1703,S6a
79,184,105,72,160,88,56,144,88,63,335,272,72,313,241,63,272,209,80,216,136,79,1703,S6a
80,192,112,56,152,96,56,1408,1352,64,1208,1144,80,424,344,63,256,193,80,208,128,48,3896,S6a
81,201,120,56,152,96,56,144,88,64,335,271,73,273,200,64,280,216,72,208,136,64,1657,S6a
72,184,112,64,152,88,56,160,104,56,336,280,72,320,248,64,248,184,88,200,112,64,1664,S6a
72,176,104,72,160,88,56,144,88,72,328,256,64,264,200,64,312,248,80,176,96,72,1632,S6a
80,184,104,56,144,88,56,144,88,64,359,295,65,305,240,56,248,192,80,280,200,64,1728,S6a
80,184,104,56,144,88,56,160,104,56,377,321,63,263,200,64,360,296,80,208,128,64,1760,S6a
72,176,104,64,145,81,63,151,88,64,368,304,72,304,232,80,256,176,80,209,129,47,1656,S6a
72,176,104,64,161,97,55,159,104,64,344,280,80,313,233,79,288,209,71,183,112,56,1680,S6a
71,184,113,63,159,96,56,144,88,64,336,272,80,369,289,63,295,232,80,208,128,64,1759,S6a
80,176,96,64,168,104,47,136,89,71,335,264,64,409,345,55,296,241,71,224,153,63,1807,S6a
80,176,96,80,160,80,56,152,96,63,320,257,80,392,312,80,248,168,88,192,104,64,1704,S6a
80,184,104,64,152,88,56,160,104,56,336,280,56,376,320,80,312,232,80,208,128,56,1784,S6a
80,184,104,80,160,80,56,160,104,80,343,263,65,273,208,80,568,488,120,232,112,64,1984,S6a
80,184,104,64,152,88,56,152,96,72,328,256,80,408,328,88,304,216,80,208,128,48,1784,S6a
80,184,104,64,144,80,64,152,88,56,312,256,56,320,264,80,256,176,88,224,136,64,1656,S6a
80,176,96,72,152,80,48,136,88,72,345,273,63,335,272,72,320,248,80,184,104,64,1712,S6a
80,184,104,64,152,88,56,144,88,56,327,271,57,361,304,64,336,272,80,232,152,64,1800,S6a
80,200,120,40,144,104,48,152,104,56,376,320,80,432,352,80,600,520,80,256,176,40,2200,S6a
80,184,104,64,144,80,56,160,104,56,392,336,72,392,320,72,320,248,64,169,105,55,1816,S6a
81,185,104,55,135,80,64,145,81,63,335,272,64,344,280,72,289,217,71,208,137,63,1704,S6a
79,184,105,55,144,89,56,144,88,63,335,272,65,392,327,65,273,208,71,184,113,64,1720,S6a
80,192,112,56,160,104,47,144,97,64,320,256,64,327,263,72,321,249,72,176,104,48,1688,S6a
80,184,104,64,152,88,63,144,81,72,343,271,65,313,248,64,248,184,72,184,112,55,1623,S6a
80,168,88,72,168,96,40,136,96,64,312,248,64,335,271,89,321,232,88,192,104,56,1688,S6a
87,168,81,63,152,89,56,152,96,64,408,344,72,664,592,55,352,297,72,200,128,56,2152,S6a
80,176,96,64,144,80,56,152,96,56,352,296,48,376,328,88,272,184,80,160,80,56,1688,S6a
72,167,95,72,152,80,56,160,104,56,329,273,72,296,224,64,264,200,88,216,128,56,1640,S6a
79,183,104,72,152,80,56,152,96,56,327,271,73,322,249,55,375,320,80,272,192,80,1863,S6a
79,167,88,80,168,88,64,152,88,72,392,320,80,416,336,80,296,216,80,232,152,56,1879,S6a
87,239,152,88,2793,2705,80,184,104,57,1057,1000,79,343,264,64,217,153,87,200,113,55,5088,S6a
72,169,97,64,160,96,55,144,89,63,320,257,63,360,297,80,264,184,80,176,96,63,1656,S6a
80,184,104,72,160,88,56,144,88,71,368,297,64,360,296,80,255,175,80,232,152,64,1767,S6a
80,192,112,80,184,104,48,152,104,55,327,272,65,313,248,64,248,184,80,216,136,56,1688,S6a
80,184,104,72,160,88,64,160,96,56,312,256,80,527,447,65,433,368,80,208,128,48,2032,S6a
80,176,96,64,152,88,55,144,89,64,344,280,64,336,272,79,255,176,105,249,144,56,1712,S6a
72,176,104,64,168,104,48,136,88,64,312,248,64,376,312,88,344,256,88,240,152,56,1808,S6a
72,192,120,56,136,80,56,136,80,80,352,272,56,480,424,80,256,176,96,208,112,64,1824,S6a
72,168,96,80,160,80,56,144,88,72,344,272,64,440,376,72,384,312,88,224,136,64,1928,S6a
87,175,88,72,160,88,56,152,96,72,400,328,72,400,328,72,240,168,80,217,137,63,1807,S6a
88,344,256,80,184,104,72,176,104,56,520,464,72,1040,968,72,272,200,64,216,152,56,2808,S6a
80,184,104,72,153,81,55,144,89,72,392,320,72,432,360,63,696,633,80,184,104,48,2233,S6a
104,216,112,88,681,593,87,152,65,79,392,313,63,167,104,128,249,121,71,183,112,88,2128,S15a
88,216,128,128,296,168,89,193,104,87,327,240,88,225,137,103,215,112,72,257,185,87,1816,S15a
80,18913,18833,80,888,808,80,456,376,80,320,240,64,296,232,80,351,271,97,360,263,81,21665,S15a
79,375,296,64,520,456,80,208,128,64,313,249,79,135,56,88,209,121,79,320,241,79,2159,S15a
96,225,129,79,367,288,88,552,464,72,352,280,40,201,161,87,191,104,72,256,184,80,2224,S15a
56,560,504,63,264,201,95,168,73,72,264,192,88,272,184,104,112,8,96,232,136,96,1968,S15a
72,200,128,72,160,88,87,168,81,64,392,328,112,648,536,80,184,104,80,264,184,80,2096,S15a
64,320,256,104,200,96,80,160,80,72,312,240,72,176,104,112,224,112,64,168,104,72,1632,S15a
80,208,128,104,216,112,80,120,40,56,344,288,64,144,80,104,216,112,72,160,88,80,1488,S15a
88,176,88,96,208,112,80,168,88,80,280,200,48,464,416,64,200,136,72,192,120,80,1768,S15a
64,144,80,96,272,176,64,168,104,72,400,328,96,184,88,88,232,144,64,240,176,96,1736,S15a
88,232,144,128,248,120,104,296,192,80,456,376,128,416,288,80,672,592,80,280,200,56,2656,S15a
80,1272,1192,80,136,56,80,136,56,56,304,248,64,144,80,88,224,136,72,400,328,72,2688,S15a
72,152,80,72,152,80,80,160,80,56,385,329,55,135,80,88,216,128,72,120,48,56,1376,S15a
71,143,72,64,168,104,64,97,33,55,327,272,56,97,41,71,319,248,48,232,184,88,1471,S15a
88,216,128,104,240,136,80,136,56,88,816,728,56,112,56,104,192,88,72,160,88,73,1945,S15a
72,103,31,80,224,144,96,176,80,64,385,321,71,95,24,104,208,104,88,168,80,56,1415,S15a
63,135,72,64,240,176,64,128,64,81,289,208,79,168,89,87,191,104,72,112,40,80,1343,S15a
80,144,64,104,192,88,89,128,39,80,288,208,88,192,104,88,185,97,71,104,33,87,1320,S15a
55,119,64,80,177,97,71,103,32,80,257,177,63,120,57,79,175,96,64,89,25,79,1119,S15a
71,119,48,72,152,80,88,144,56,72,225,153,63,176,113,79,159,80,72,112,40,64,1151,S15a
105,113,8,88,176,88,71,103,32,64,225,161,56,120,64,96,200,104,56,112,56,88,1137,S15a
88,152,64,87,224,137,103,216,113,55,448,393,55,720,665,104,128,24,80,128,48,80,2096,S15a
55,136,81,80,136,56,80,136,56,56,240,184,64,112,48,88,144,56,79,112,33,64,1080,S15a
64,112,48,80,144,64,56,120,64,48,224,176,56,128,72,104,200,96,64,120,56,56,1104,S15a
72,120,48,56,160,104,31,104,73,64,216,152,48,152,104,64,168,104,56,104,48,72,1096,S15a
56,144,88,88,200,112,64,112,48,64,288,224,64,152,88,72,176,104,72,88,16,64,1224,S15a
56,144,88,72,96,24,88,264,176,64,400,336,72,152,80,112,288,176,80,232,152,80,1656,S15a
64,136,72,112,192,80,88,192,104,56,232,176,48,120,72,80,144,64,80,136,56,80,1232,S15a
56,112,56,64,144,80,56,128,72,64,208,144,56,136,80,88,120,32,88,136,48,64,1048,S15a
56,152,96,64,184,120,80,136,56,64,192,128,64,184,120,104,152,48,80,160,80,72,1232,S15a
71,128,57,64,168,104,64,120,56,56,256,200,80,168,88,72,184,112,64,144,80,80,1248,S15a
67,120,53,80,168,88,80,95,15,65,617,552,72,152,80,80,184,104,88,112,24,80,1528,S15a
64,129,65,79,215,136,64,128,64,80,544,464,32,872,840,112,176,64,80,168,88,64,2296,S15a
80,136,56,80,184,104,80,128,48,80,392,312,80,152,72,104,192,88,96,160,64,88,1432,S15a
72,112,40,80,288,208,80,136,56,80,832,752,64,88,24,72,200,128,80,136,56,80,1872,S15a
72,152,80,104,448,344,64,120,56,56,240,184,80,176,96,112,144,32,80,144,64,80,1504,S15a
64,120,56,80,184,104,80,120,40,64,241,177,79,775,696,120,113,-7,71,159,88,88,1800,S15a
64,136,72,80,168,88,88,136,48,64,240,176,56,112,56,120,224,104,64,136,72,80,1232,S15a
80,112,32,72,160,88,72,96,24,64,872,808,64,120,56,88,240,152,80,96,16,80,1776,S15a
71,151,80,72,192,120,81,233,152,79,303,224,96,145,49,103,200,97,79,136,57,79,1439,S15a
81,112,31,80,217,137,88,143,55,64,273,209,79,216,137,48,896,848,80,144,64,63,2064,S15a
65,105,40,103,207,104,80,145,65,63,184,121,79,199,120,96,137,41,79,176,97,80,1233,S15a
65,145,80,72,184,112,80,136,56,56,232,176,56,200,144,87,120,33,71,160,89,72,1249,S15a
80,152,72,87,208,121,80,224,144,87,192,105,87,216,129,104,128,24,79,184,105,79,1383,S15a
80,160,80,63,176,113,72,144,72,72,208,136,88,216,128,96,176,80,80,208,128,48,1336,S15a
80,136,56,64,200,136,80,152,72,56,224,168,88,232,144,88,120,32,56,184,128,72,1320,S15a
80,152,72,80,240,160,88,208,120,80,208,128,64,248,184,80,120,40,56,184,128,72,1432,S15a
72,152,80,80,168,88,88,184,96,56,240,184,64,192,128,72,144,72,72,176,104,80,1336,S15a
64,120,56,104,232,128,79,192,113,64,216,152,56,192,136,80,120,40,64,144,80,63,1279,S15a
56,128,72,88,512,424,72,176,104,48,432,384,64,128,64,120,248,128,72,152,80,48,1824,S15a
64,96,32,64,152,88,80,112,32,56,240,184,64,168,104,80,184,104,64,120,56,56,1128,S15a
56,120,64,72,176,104,96,120,24,64,216,152,64,136,72,96,136,40,64,176,112,72,1152,S15a
80,72,-8,72,152,80,64,88,24,56,528,472,56,72,16,88,248,160,72,200,128,40,1400,S15a
72,128,56,80,184,104,64,96,32,56,696,640,56,152,96,96,176,80,64,128,64,80,1640,S15a
80,184,104,88,192,104,80,136,56,72,280,208,56,128,72,88,192,104,56,160,104,64,1336,S15a
73,72,-1,80,144,64,88,112,24,56,616,560,56,120,64,104,192,88,80,176,96,72,1504,S15a
56,104,48,64,176,112,64,96,32,56,304,248,56,120,64,144,192,48,72,136,64,64,1192,S15a
80,129,49,55,159,104,64,104,40,40,192,152,64,120,56,88,169,81,63,103,40,72,1048,S15a
79,111,32,72,168,96,80,96,16,64,376,312,56,120,64,88,608,520,72,112,40,80,1671,S15a
55,63,8,65,1369,1304,63,128,65,55,504,449,71,112,41,95,200,105,72,152,80,88,2616,S15a
82,82,0,62,167,105,80,88,8,71,816,745,72,408,336,111,144,33,64,104,40,79,1888,S15a
80,104,24,80,151,71,73,113,40,63,216,153,88,176,88,87,151,64,64,113,49,80,1104,S15a
64,96,32,72,152,80,96,136,40,80,192,112,72,176,104,95,127,32,81,129,48,80,1088,S15a
72,136,64,96,208,112,72,128,56,56,184,128,40,168,128,88,152,64,80,160,80,64,1200,S15a
79,120,41,80,144,64,88,135,47,57,209,152,64,184,120,88,152,64,64,168,104,72,1184,S15a
71,64,-7,72,192,120,80,128,48,64,560,496,56,136,80,104,192,88,72,112,40,64,1448,S15a
72,128,56,80,184,104,64,136,72,72,168,96,80,216,136,136,488,352,96,168,72,80,1568,S15a
104,96,-8,80,184,104,80,112,32,64,464,400,88,168,80,104,176,72,88,120,32,72,1392,S15a
80,96,16,80,152,72,88,120,32,64,872,808,56,64,8,80,232,152,72,160,88,80,1776,S15a
72,88,16,80,160,80,112,184,72,56,232,176,88,232,144,88,120,32,80,144,64,80,1240,S15a
80,128,48,80,144,64,96,176,80,64,616,552,72,536,464,120,136,16,88,392,304,72,2200,S15a
88,128,40,80,152,72,112,168,56,64,240,176,96,184,88,88,168,80,80,144,64,80,1264,S15a
64,112,48,88,192,104,88,168,80,80,224,144,64,208,144,96,176,80,64,192,128,56,1328,S15a
72,144,72,80,160,80,96,136,40,80,296,216,80,184,104,104,144,40,80,160,80,72,1296,S15a
56,384,328,96,1584,1488,88,128,40,72,1000,928,64,120,56,104,313,209,95,183,88,56,3768,S15a
80,96,16,88,176,88,96,144,48,56,224,168,72,120,48,128,153,25,79,175,96,56,1144,S15a
80,104,24,80,184,104,80,103,23,65,249,184,48,136,88,88,224,136,80,249,169,55,1304,S15a
78,143,65,127,352,225,73,192,119,64,297,233,71,174,103,113,169,56,72,185,113,79,1591,S15a
71,111,40,80,177,97,104,150,46,57,289,232,64,145,81,87,159,72,80,137,57,87,1255,S15a
80,97,17,95,200,105,71,128,57,63,248,185,87,119,32,80,160,80,64,152,88,73,1177,S15a
80,88,8,88,185,97,88,145,57,61,213,152,72,1370,1298,87,104,17,55,160,105,79,2344,S15a
64,80,16,87,200,113,104,160,56,55,224,169,71,184,113,88,200,112,71,128,57,88,1264,S15a
56,112,56,80,192,112,80,136,56,55,224,169,56,168,112,88,168,80,56,167,111,64,1231,S15a
64,96,32,80,192,112,88,143,55,56,241,185,64,176,112,103,144,41,80,160,80,80,1232,S15a
88,104,16,80,184,104,96,128,32,80,872,792,56,218,162,119,149,30,81,161,80,72,1888,S15a
89,160,71,96,200,104,68,191,123,56,456,400,32,257,225,128,160,32,80,200,120,72,1696,S15a
75,106,31,82,282,200,88,192,104,48,568,520,80,760,680,80,56,-24,80,184,104,56,2204,S15a
64,96,32,80,184,104,88,136,48,56,224,168,64,176,112,96,104,8,80,168,88,64,1152,S15a
80,104,24,80,168,88,80,136,56,48,232,184,63,144,81,88,176,88,56,152,96,64,1176,S15a
72,120,48,80,184,104,96,184,88,64,224,160,88,200,112,104,576,472,56,136,80,64,1688,S15a
56,128,72,80,800,720,56,136,80,72,368,296,55,112,57,80,168,88,64,159,95,56,1927,S15a
56,96,40,88,264,176,64,144,80,56,871,815,57,129,72,80,191,111,64,160,96,81,1936,S15a
64,96,32,64,156,92,68,132,64,64,281,217,71,175,104,72,144,72,80,104,24,64,1152,S15a
48,96,48,72,152,80,72,112,40,56,240,184,64,112,48,80,168,88,80,120,40,48,1048,S15a
72,88,16,80,152,72,88,120,32,48,208,160,64,312,248,88,160,72,80,336,256,80,1456,S15a
80,104,24,88,264,176,48,200,152,64,536,472,56,112,56,80,168,88,80,88,8,88,1560,S15a
80,136,56,64,136,72,88,128,40,72,224,152,72,152,80,72,112,40,72,144,72,80,1112,S15a
85,214,129,63,679,616,145,217,72,88,488,400,112,152,40,88,312,224,152,192,40,88,2342,S15a
88,1432,1344,104,183,79,96,153,57,88,264,176,112,408,296,104,152,48,88,168,80,96,2856,S15a
88,240,152,80,200,120,104,136,32,104,304,200,120,152,32,88,192,104,96,144,48,104,1472,S15a
80,152,72,80,208,128,112,176,64,96,264,168,112,192,80,96,152,56,120,192,72,96,1432,S15a
64,192,128,120,184,64,112,176,64,72,208,136,103,231,128,104,320,216,176,200,24,97,1608,S15a
96,152,56,112,176,64,160,200,40,88,232,144,112,192,80,104,144,40,120,192,72,128,1416,S15a
88,128,40,88,128,40,127,143,16,73,409,336,112,273,161,111,191,80,96,176,80,48,1496,S15a
104,145,41,95,119,24,161,161,0,79,255,176,80,169,89,112,112,0,103,159,56,96,1216,S15a
79,119,40,104,144,40,161,161,0,79,215,136,129,128,-1,88,145,57,111,143,32,64,1119,S15a
80,112,32,112,112,0,144,144,0,56,208,152,87,128,41,79,167,88,104,128,24,80,1079,S15a
90,98,8,101,133,32,129,128,-1,65,233,168,79,104,25,103,136,33,103,144,41,87,1063,S15a
79,112,33,104,168,64,79,104,25,79,208,129,104,143,39,105,137,32,111,144,33,87,1103,S15a
87,119,32,96,201,105,111,176,65,56,160,104,80,392,312,112,144,32,112,152,40,104,1448,S15a
72,112,40,104,128,24,152,160,8,88,216,128,112,152,40,104,160,56,104,144,40,104,1176,S15a
104,136,32,112,144,32,136,168,32,72,224,152,112,176,64,104,144,40,112,216,104,56,1264,S15a
80,136,56,80,136,56,136,136,0,72,224,152,96,160,64,120,208,88,56,184,128,104,1288,S15a
80,103,23,89,129,40,112,136,24,80,680,600,104,232,128,72,120,48,113,112,-1,80,1592,S15a
80,120,40,104,160,56,104,104,0,56,200,144,128,176,48,88,128,40,96,128,32,72,1088,S15a
72,104,32,80,80,0,152,192,40,64,568,504,152,1008,856,80,81,1,103,135,32,80,2248,S15a
72,120,48,80,160,80,128,160,32,64,240,176,72,128,56,80,136,56,88,128,40,80,1152,S15a
64,104,40,96,97,1,127,183,56,72,216,144,104,192,88,72,120,48,104,144,40,104,1160,S15a
64,112,48,80,104,24,128,184,56,80,584,504,72,272,200,88,112,24,104,144,40,80,1592,S15a
24,1048,1024,80,280,200,96,232,136,55,544,489,56,80,24,104,160,56,104,128,24,96,2568,S15a
56,80,24,64,112,48,80,112,32,72,224,152,72,112,40,104,152,48,80,120,40,80,992,S15a
72,120,48,80,81,1,79,215,136,80,488,408,112,224,112,136,137,1,95,127,32,80,1472,S15a
72,129,57,80,136,56,104,129,25,79,287,208,96,136,40,104,248,144,104,185,81,79,1329,S15a
80,112,32,80,144,64,112,152,40,72,296,224,112,160,48,104,169,65,71,112,41,102,1247,S15a
97,121,24,80,160,80,104,136,32,79,216,137,80,136,56,104,207,103,97,136,39,104,1216,S15a
81,113,32,80,160,80,112,152,40,64,200,136,88,160,72,104,136,32,104,145,41,95,1161,S15a
80,111,31,104,169,65,127,152,25,80,280,200,127,247,120,120,201,81,127,136,9,111,1407,S15a
79,152,73,95,184,89,95,152,57,63,680,617,79,264,185,103,184,81,104,224,120,111,1951,S15a
79,136,57,95,224,129,103,216,113,96,224,128,87,216,129,87,112,25,80,184,104,103,1415,S15a
88,128,40,96,176,80,160,168,8,88,240,152,112,160,48,104,128,24,113,112,-1,95,1207,S15a
40,96,56,81,169,88,88,120,32,64,168,104,88,144,56,104,152,48,88,144,56,80,1073,S15a
80,112,32,80,136,56,113,112,-1,56,1032,976,88,560,472,88,88,0,64,144,80,96,2280,S15a
56,56,0,80,120,40,80,96,16,64,160,96,112,112,0,80,128,48,104,120,16,80,872,S15a
64,64,0,80,96,16,80,152,72,64,176,112,88,160,72,96,192,96,113,112,-1,80,1032,S15a
80,112,32,72,144,72,88,88,0,96,296,200,57,56,-1,104,200,96,96,96,0,80,1072,S15a
72,96,24,80,152,72,104,144,40,64,200,136,88,112,24,96,168,72,103,88,-15,120,1080,S15a
88,144,56,104,160,56,96,96,0,80,184,104,105,104,-1,96,176,80,96,56,-40,96,1016,S15a
104,143,39,153,281,128,112,160,48,80,512,432,96,176,80,112,113,1,79,111,32,88,1584,S15a
104,112,8,88,1744,1656,104,384,280,96,328,232,80,672,592,80,81,1,79,119,40,80,3520,S15a
81,80,-1,80,136,56,89,88,-1,64,217,153,95,175,80,80,200,120,105,104,-1,72,1072,S15a
88,120,32,80,128,48,80,136,56,80,240,160,104,224,120,112,169,57,95,151,56,96,1264,S15a
89,121,32,95,176,81,87,127,40,80,265,185,79,128,49,103,159,56,104,152,48,104,1232,S15a
64,97,33,95,192,97,95,119,24,80,1096,1016,112,593,481,80,80,0,87,136,49,71,2384,S15a
112,144,32,127,672,545,97,96,-1,95,400,305,103,168,65,87,128,41,136,168,32,87,1863,S15a
79,120,41,80,144,64,104,104,0,63,192,129,88,136,48,95,120,25,112,112,0,72,1000,S15a
64,96,32,64,104,40,97,97,0,55,151,96,80,96,16,88,160,72,72,72,0,80,856,S15a
48,784,736,96,159,63,81,81,0,80,640,560,87,56,-31,80,168,88,97,96,-1,80,2064,S15a
64,64,0,88,192,104,80,80,0,64,184,120,56,112,56,104,128,24,96,112,16,80,952,S15a
64,80,16,64,128,64,80,96,16,72,184,112,56,208,152,96,224,128,88,120,32,72,1112,S15a
112,160,48,88,152,64,95,88,-7,80,328,248,96,584,488,80,104,24,104,128,24,104,1648,S15a
88,104,16,80,144,64,104,104,0,72,192,120,96,160,64,112,192,80,97,96,-1,72,1064,S15a
105,104,-1,72,136,64,105,104,-1,80,192,112,80,192,112,104,152,48,104,128,24,104,1112,S15a
88,128,40,80,168,88,104,104,0,64,1304,1240,56,376,320,80,136,56,72,104,32,72,2392,S15a
48,72,24,80,136,56,104,120,16,64,192,128,56,112,56,104,136,32,104,136,32,80,984,S15a
80,112,32,64,176,112,64,104,40,72,249,177,104,208,104,112,241,129,104,136,32,96,1322,S15a
88,120,32,88,175,87,81,113,32,80,144,64,112,184,72,97,128,31,105,121,16,96,1081,S15a
64,120,56,80,160,80,64,113,49,79,167,88,105,185,80,96,97,1,79,136,57,87,1065,S15a
88,144,56,79,192,113,112,185,73,63,216,153,88,168,80,104,184,80,88,129,41,104,1322,S15a
80,120,40,80,208,128,105,105,0,72,200,128,127,159,32,105,161,56,129,129,0,104,1186,S15a
96,353,257,103,256,153,120,184,64,88,256,168,120,217,97,144,144,0,103,160,57,88,1658,S15a
88,144,56,96,152,56,104,144,40,80,256,176,105,177,72,112,112,0,80,144,64,112,1241,S15a
72,112,40,128,224,96,144,112,-32,96,313,217,112,112,0,112,136,24,88,119,31,97,1225,S15a
105,104,-1,104,184,80,113,112,-1,104,249,145,119,216,97,96,128,32,104,184,80,104,1281,S15a
120,120,0,88,192,104,88,88,0,88,1097,1009,128,184,56,120,872,752,104,417,313,87,3057,S15a
88,144,56,128,200,72,128,152,24,88,224,136,112,200,88,112,113,1,103,183,80,128,1344,S15a
96,112,16,113,177,64,144,168,24,80,168,88,128,192,64,104,104,0,111,192,81,88,1201,S15a
80,144,64,104,192,88,112,152,40,88,144,56,104,232,128,128,144,16,120,201,81,95,1304,S15a
103,128,25,96,192,96,112,144,32,80,192,112,136,192,56,112,152,40,112,264,152,112,1376,S15a
72,128,56,104,192,88,104,144,40,80,208,128,121,185,64,111,152,41,103,136,33,95,1240,S15a
80,120,40,112,184,72,112,112,0,88,192,104,96,184,88,104,105,1,103,159,56,96,1152,S15a
113,112,-1,72,160,88,88,128,40,80,160,80,104,176,72,96,128,32,96,144,48,88,1096,S15a
88,121,33,79,191,112,96,177,81,79,504,425,103,272,169,128,128,0,96,120,24,96,1609,S15a
104,112,8,104,184,80,104,904,800,64,145,81,95,551,456,88,80,-8,64,152,88,88,2216,S15a
63,95,32,88,168,80,96,121,25,64,143,79,112,201,89,112,112,0,95,120,25,80,1040,S15a
80,104,24,80,168,88,88,144,56,64,136,72,80,144,64,88,120,32,88,120,32,80,1016,S15a
72,104,32,96,200,104,56,88,32,72,192,120,104,160,56,112,184,72,113,112,-1,64,1104,S15a
88,153,65,87,168,81,95,136,41,79,208,129,111,152,41,104,160,56,79,96,17,103,1176,S15a
88,152,64,104,608,504,136,224,88,96,184,88,112,152,40,113,113,0,79,119,40,104,1656,S15a
64,104,40,96,176,80,96,129,33,71,175,104,104,152,48,104,153,49,95,151,56,80,1120,S15a
64,120,56,96,144,48,120,145,25,79,183,104,80,160,80,104,144,40,129,129,0,80,1105,S15a
88,145,57,71,160,89,103,128,25,88,168,80,119,168,49,104,136,32,87,128,41,72,1105,S15a
96,136,40,88,168,80,104,136,32,80,176,96,48,167,119,105,105,0,104,160,56,80,1128,S15a
80,120,40,103,200,97,104,160,56,68,120,52,96,200,104,144,208,64,88,160,72,80,1248,S15a
71,135,64,96,168,72,121,120,-1,64,168,104,145,201,56,88,160,72,80,112,32,104,1168,S15a
96,168,72,72,160,88,88,136,48,40,144,104,128,160,32,96,192,96,113,112,-1,72,1144,S15a
72,136,64,80,168,88,88,128,40,72,152,80,104,168,64,80,160,80,104,120,16,104,1136,S15a
56,104,48,80,176,96,72,1256,1184,55,840,785,104,63,-41,89,977,888,104,103,-1,65,3584,S15a
72,112,40,88,192,104,97,96,-1,64,168,104,88,145,57,79,112,33,79,136,57,88,1049,S15a
79,128,49,63,144,81,79,111,32,48,144,96,80,120,40,104,136,32,90,89,-1,79,951,S15a
80,136,56,47,136,89,79,112,33,63,175,112,112,169,57,104,192,88,112,112,0,79,1111,S15a
79,112,33,79,160,81,80,96,16,80,240,160,112,176,64,104,184,80,96,136,40,80,1184,S15a
96,152,56,88,168,80,88,120,32,80,136,56,128,232,104,96,112,16,112,528,416,104,1552,S15a
95,151,56,81,185,104,104,120,16,96,608,512,88,112,24,96,144,48,129,128,-1,80,1528,S15a
112,112,0,64,144,80,104,144,40,80,160,80,96,168,72,96,152,56,129,128,-1,112,1120,S15a
80,232,152,72,408,336,120,120,0,56,528,472,136,248,112,120,144,24,104,168,64,104,1952,S15a
96,120,24,104,152,48,169,136,-33,88,344,256,136,688,552,104,240,136,112,240,128,128,2048,S15a
103,72,-31,88,152,64,96,64,-32,72,368,296,105,104,-1,80,192,112,104,375,271,81,1408,S15a
64,96,32,80,136,56,112,128,16,40,217,177,95,127,32,96,120,24,80,104,24,104,1032,S15a
65,64,-1,64,88,24,113,112,-1,56,168,112,104,136,32,96,136,40,88,128,40,88,920,S15a
73,72,-1,80,112,32,113,112,-1,32,176,144,88,160,72,96,97,1,88,87,-1,63,879,S15a
80,96,16,105,105,0,95,95,0,56,200,144,113,362,249,102,135,33,88,87,-1,80,1160,S15a
64,96,32,72,120,48,79,96,17,55,328,273,96,272,176,120,104,-16,87,104,17,88,1208,S15a
63,143,80,96,176,80,104,112,8,72,384,312,97,120,23,88,145,57,96,111,15,96,1287,S15a
71,95,24,88,145,57,104,104,0,71,248,177,136,160,24,95,120,25,120,119,-1,80,1071,S15a
71,95,24,104,153,49,112,112,0,63,168,105,103,159,56,96,112,16,96,121,25,72,992,S15a
71,95,24,81,129,48,112,112,0,55,184,129,103,136,33,136,168,32,104,104,0,95,1023,S15a
81,121,40,80,112,32,111,136,25,80,152,72,103,152,49,120,136,16,103,120,17,96,1025,S15a
71,112,41,80,104,24,95,152,57,47,128,81,104,144,40,103,144,41,129,128,-1,87,999,S15a
80,112,32,88,127,39,129,129,0,63,248,185,119,232,113,111,176,65,112,112,0,88,1224,S15a
81,113,32,88,144,56,104,104,0,80,208,128,111,368,257,128,129,1,102,127,25,96,1289,S15a
112,112,0,96,120,24,128,128,0,80,568,488,96,96,0,120,160,40,131,104,-27,88,1376,S15a
80,80,0,64,80,16,80,168,88,64,1151,1087,88,112,24,105,137,32,96,128,32,80,1936,S15a
64,88,24,80,160,80,80,96,16,56,232,176,112,144,32,88,128,40,104,128,24,72,1048,S15a
64,96,32,88,168,80,88,104,16,64,192,128,104,256,152,88,936,848,80,144,64,56,1952,S15a
64,360,296,88,144,56,96,112,16,80,264,184,104,152,48,112,192,80,104,160,56,104,1488,S15a
87,120,33,87,152,65,103,119,16,65,200,135,113,193,80,112,152,40,95,152,57,79,1167,S15a
88,88,0,80,136,56,104,120,16,64,168,104,88,128,40,96,152,56,106,105,-1,87,984,S15a
73,129,56,72,144,72,95,95,0,73,200,127,89,144,55,105,137,32,105,104,-1,88,1041,S15a
80,120,40,88,160,72,96,128,32,80,160,80,104,160,56,104,136,32,96,128,32,80,1072,S15a
95,128,33,104,184,80,104,216,112,64,128,64,72,160,88,88,144,56,112,136,24,80,1176,S15a
72,96,24,88,152,64,96,136,40,64,120,56,96,184,88,88,128,40,104,152,48,80,1048,S15a
80,137,57,71,151,80,88,128,40,88,128,40,104,216,112,104,128,24,96,136,40,80,1104,S15a
80,104,24,80,176,96,80,169,89,79,343,264,96,168,72,88,144,56,72,96,24,88,1288,S15a
88,112,24,104,192,88,80,128,48,80,113,33,103,208,105,103,127,24,96,152,56,80,1112,S15a
104,103,-1,80,184,104,80,137,57,79,128,49,103,184,81,95,127,32,104,128,24,88,1079,S15a
64,97,33,87,191,104,96,153,57,79,144,65,87,224,137,103,160,57,103,120,17,87,1176,S15a
80,120,40,88,177,89,87,95,8,80,168,88,72,225,153,87,136,49,103,102,-1,89,1112,S15a
71,104,33,87,176,89,87,128,41,71,199,128,105,145,40,87,119,32,105,105,0,79,1055,S15a
80,112,32,71,152,81,56,79,23,81,129,48,103,136,33,95,128,33,79,144,65,87,967,S15a
88,88,0,87,176,89,87,128,41,64,120,56,79,152,73,96,128,32,79,144,65,88,1024,S15a
72,96,24,79,184,105,64,152,88,40,88,48,80,136,56,79,160,81,80,96,16,87,999,S15a
72,104,32,72,152,80,88,152,64,48,544,496,88,199,111,97,129,32,105,104,-1,88,1472,S15a
104,104,0,88,167,79,81,97,16,64,144,80,104,152,48,103,128,25,80,112,32,88,992,S15a
80,80,0,72,160,88,80,96,16,80,144,64,104,152,48,96,128,32,80,120,40,80,960,S15a
80,112,32,104,176,72,88,120,32,72,120,48,104,200,96,80,112,32,88,128,40,88,1056,S15a
64,95,31,104,161,57,104,104,0,56,232,176,80,208,128,80,120,40,96,200,104,80,1200,S15a
72,88,16,80,152,72,104,112,8,64,224,160,104,1000,896,80,224,144,152,616,464,80,2496,S15a
80,88,8,88,168,80,89,88,-1,80,184,104,104,152,48,96,128,32,88,112,24,80,1000,S15a
72,112,40,80,160,80,96,104,8,72,136,64,88,192,104,80,136,56,64,112,48,88,1040,S15a
80,112,32,80,160,80,72,96,24,72,128,56,96,192,96,96,97,1,63,127,64,80,992,S15a
89,88,-1,80,144,64,88,112,24,80,112,32,104,169,65,119,120,1,71,111,40,80,936,S15a
81,80,-1,72,128,56,105,104,-1,56,104,48,104,136,32,64,128,64,73,72,-1,80,832,S15a
81,80,-1,72,152,80,73,72,-1,56,120,64,104,120,16,56,160,104,72,112,40,80,896,S15a
80,79,-1,56,120,64,80,104,24,64,96,32,80,160,80,80,96,16,80,112,32,64,831,S15a
72,112,40,64,112,48,80,112,32,72,104,32,96,152,56,64,1240,1176,72,41,-31,79,1952,S15a
65,64,-1,80,161,81,71,183,112,72,360,288,128,625,497,79,55,-24,72,121,49,72,1641,S15a
55,88,33,55,128,73,72,71,-1,64,137,73,95,95,0,88,137,49,72,71,-1,72,799,S15a
80,80,0,63,152,89,79,103,24,57,105,48,103,120,17,71,144,73,88,88,0,79,871,S15a
71,184,113,87,200,113,72,136,64,56,680,624,79,520,441,71,31,-40,72,177,105,72,2000,S15a
56,103,47,64,169,105,56,56,0,56,136,80,88,431,343,104,665,561,104,616,512,72,2248,S15a
88,88,0,79,152,73,80,112,32,63,151,88,72,145,73,79,160,81,81,80,-1,88,976,S15a
72,96,24,80,160,80,88,88,0,71,168,97,96,152,56,104,128,24,88,112,24,88,992,S15a
80,112,32,72,152,80,72,104,32,64,136,72,64,128,64,88,152,64,105,104,-1,88,976,S15a
88,112,24,72,167,95,81,97,16,71,200,129,64,208,144,80,240,160,105,104,-1,80,1208,S15a
80,112,32,64,128,64,87,119,32,80,128,48,113,193,80,96,112,16,80,112,32,80,984,S15a
104,128,24,72,168,96,72,88,16,72,216,144,80,128,48,104,160,56,88,192,104,88,1168,S15a
64,64,0,88,176,88,80,112,32,80,120,40,112,216,104,80,112,32,96,136,40,104,1040,S15a
88,120,32,80,160,80,80,136,56,80,208,128,64,128,64,80,976,896,80,184,104,96,2008,S15a
72,128,56,88,168,80,104,104,0,80,600,520,89,88,-1,104,184,80,89,88,-1,88,1448,S15a
72,104,32,64,136,72,72,104,32,72,104,32,104,152,48,104,167,63,89,169,80,80,1016,S15a
88,120,32,80,159,79,97,121,24,72,120,48,96,160,64,80,136,56,80,160,80,80,1056,S15a
72,112,40,88,152,64,80,96,16,72,168,96,104,136,32,88,120,32,80,112,32,88,984,S15a
80,104,24,88,176,88,80,104,24,64,136,72,104,136,32,104,168,64,56,96,40,80,1000,S15a
88,184,96,64,600,536,80,480,400,64,768,704,104,249,145,104,104,0,103,135,32,80,2600,S15a
47,128,81,31,847,816,89,88,-1,56,561,505,80,95,15,88,145,57,87,120,33,71,2055,S15a
72,97,25,87,159,72,105,105,0,79,144,65,112,176,64,79,111,32,88,137,49,87,1016,S15a
96,95,-1,105,162,57,86,94,8,81,145,64,103,151,48,88,161,73,71,103,32,80,991,S15a
97,97,0,79,160,81,79,128,49,72,104,32,95,232,137,87,128,41,79,144,65,87,1080,S15a
79,112,33,87,176,89,72,112,40,71,136,65,80,160,80,80,135,55,73,129,56,71,1031,S15a
71,88,17,88,176,88,80,128,48,72,144,72,103,208,105,103,152,49,80,136,56,80,1112,S15a
88,112,24,80,136,56,80,112,32,72,144,72,88,144,56,104,144,40,80,96,16,88,976,S15a
88,120,32,88,168,80,80,112,32,80,160,80,80,191,111,97,129,32,88,128,40,88,1096,S15a
88,112,24,80,160,80,88,88,0,79,528,449,104,208,104,112,112,0,105,104,-1,80,1392,S15a
104,104,0,88,144,56,88,88,0,80,280,200,104,136,32,72,719,647,89,137,48,56,1664,S15a
72,665,593,88,336,248,88,120,32,64,160,96,104,168,64,72,104,32,88,152,64,96,1801,S15a
88,112,24,80,160,80,89,88,-1,80,144,64,96,1040,944,111,80,-31,80,120,40,96,1840,S15a
88,144,56,88,152,64,104,136,32,72,144,72,80,120,40,104,144,40,88,120,32,80,1040,S15a
88,88,0,80,160,80,80,112,32,64,104,40,104,168,64,88,104,16,88,120,32,80,936,S15a
89,88,-1,80,128,48,104,120,16,72,136,64,80,136,56,80,136,56,88,120,32,88,952,S15a
72,88,16,80,168,88,80,112,32,64,144,80,40,160,120,88,1400,1312,88,144,56,80,2296,S15a
80,88,8,88,152,64,89,88,-1,64,168,104,40,72,32,80,184,104,97,96,-1,80,928,S15a
89,88,-1,80,160,80,80,88,8,64,144,80,64,144,80,80,112,32,80,200,120,56,992,S15a
81,80,-1,80,160,80,89,88,-1,72,184,112,80,113,33,103,127,24,88,113,25,87,952,S15a
72,88,16,72,128,56,97,96,-1,72,153,81,63,96,33,79,151,72,81,80,-1,72,864,S15a
81,80,-1,72,137,65,79,103,24,80,112,32,112,144,32,80,120,40,88,112,24,80,888,S15a
63,79,16,80,120,40,80,112,32,48,110,62,66,98,32,96,153,57,80,80,0,71,823,S15a
80,1585,1505,87,456,369,79,136,57,63,535,472,113,233,120,103,112,9,88,168,80,87,3312,S15a
95,128,33,80,567,487,97,97,0,55,400,345,79,112,33,87,144,57,104,104,0,87,1639,S15a
64,96,32,88,152,64,88,88,0,63,208,145,119,144,25,96,152,56,88,120,32,80,1040,S15a
96,96,0,79,160,81,96,112,16,80,144,64,80,152,72,88,408,320,64,128,64,104,1304,S15a
80,136,56,88,168,80,80,112,32,80,120,40,104,152,48,96,128,32,95,120,25,88,1024,S15a
78,94,16,93,140,47,110,188,78,78,250,172,140,187,47,125,203,78,78,141,63,78,1281,S15a
62,109,47,110,172,62,111,111,0,78,250,172,109,141,32,156,171,15,1094,188,-906,78,1220,S15a
78,93,15,94,141,47,94,109,15,79,235,156,78,109,31,94,172,78,94,109,15,94,1062,S15a
78,109,31,78,94,16,140,125,-15,62,250,188,93,125,32,93,156,63,78,78,0,63,1000,S15a
94,140,46,94,110,16,140,140,0,63,250,187,78,125,47,63,157,94,93,93,0,94,1109,S15a
78,125,47,93,125,32,93,125,32,62,234,172,78,156,78,95,158,63,78,78,0,78,1079,S15a
94,140,46,1079,125,-954,79,110,31,62,219,157,78,125,47,78,187,109,94,78,-16,78,1062,S15a
78,141,63,93,156,63,94,109,15,63,234,171,63,141,78,125,125,0,94,109,15,94,1109,S15a
62,94,32,93,156,63,62,94,32,62,203,141,78,140,62,78,172,94,94,78,-16,78,1015,S15a
94,125,31,94,141,47,78,109,31,78,234,156,63,110,47,93,1954,1861,94,110,16,78,2861,S15a
94,94,0,109,172,63,78,93,15,63,204,141,109,171,62,125,250,125,79,204,125,93,1281,S15a
94,63,-31,78,156,78,94,141,47,93,249,156,94,125,31,85,132,47,78,93,15,78,1037,S15a
94,109,15,94,125,31,94,110,16,62,203,141,78,93,15,94,136,42,78,78,0,78,932,S15a
94,125,31,78,125,47,47,1094,1047,-953,-781,172,78,125,47,78,156,78,78,78,0,94,1016,S15a
78,1094,1016,-922,-922,0,125,172,47,78,172,94,109,172,63,78,125,47,78,109,31,78,1000,S15a
93,109,16,68,99,31,79,110,31,78,234,156,78,141,63,94,172,78,78,93,15,79,1037,S15a
94,125,31,78,93,15,63,141,78,63,172,109,109,141,32,78,125,47,78,93,15,78,968,S15a
78,125,47,78,156,78,63,313,250,80,1112,1032,62,109,47,94,156,62,94,110,16,78,2159,S15a
78,110,32,78,171,93,63,125,62,79,172,93,78,110,32,109,125,16,93,93,0,79,985,S15a
94,109,15,79,110,31,94,125,31,78,156,78,94,141,47,125,125,0,78,125,47,78,969,S15a
93,93,0,78,141,63,78,125,47,62,172,110,78,187,109,78,94,16,63,125,62,94,1031,S15a
78,110,32,62,140,78,94,141,47,78,219,141,93,171,78,110,141,31,78,125,47,78,1125,S15a
78,110,32,78,140,62,94,172,78,63,141,78,93,156,63,125,109,-16,1063,110,-953,109,1047,S15a
94,1484,1390,63,94,31,78,125,47,62,281,219,78,125,47,94,156,62,63,63,0,94,2422,S15a
109,109,0,78,141,63,109,140,31,78,172,94,94,141,47,109,109,0,94,110,16,77,999,S15a
63,125,62,63,141,78,94,125,31,78,344,266,93,953,860,140,109,-31,78,94,16,79,1970,S15a
63,94,31,78,172,94,78,109,31,78,188,110,93,250,157,140,171,31,63,125,62,94,1203,S15a
78,141,63,78,156,78,109,125,16,63,266,203,109,312,203,78,110,32,78,156,78,94,1360,S15a
94,125,31,94,156,62,94,141,47,62,203,141,78,203,125,62,62,0,79,1079,1000,78,2047,S15a
94,125,31,78,172,94,125,109,-16,63,203,140,110,172,62,94,109,15,79,110,31,94,1094,S15a
125,94,-31,63,156,93,78,141,63,62,156,94,78,141,63,109,125,16,78,125,47,78,1016,S15a
78,93,15,94,172,78,78,141,63,62,422,360,109,125,16,125,203,78,94,94,0,93,1343,S15a
94,141,47,78,141,63,93,140,47,78,235,157,109,156,47,109,125,16,109,156,47,94,1188,S15a
78,671,593,94,141,47,109,141,32,62,218,156,79,141,62,94,94,0,78,140,62,94,1640,S15a
63,78,15,79,172,93,63,80,17,78,187,109,94,125,31,94,125,31,94,125,31,94,986,S15a
78,109,31,63,125,62,78,141,63,62,156,94,94,188,94,47,93,46,79,172,93,78,1062,S15a
94,141,47,78,156,78,78,109,31,63,188,125,78,125,47,94,125,31,78,109,31,96,1049,S15a
78,94,16,94,156,62,94,125,31,63,219,156,78,141,63,109,156,47,62,94,32,93,1078,S15a
78,157,79,78,140,62,78,125,47,78,188,110,78,187,109,110,78,-32,78,172,94,63,1110,S15a
47,94,47,94,172,78,78,109,31,78,250,172,78,78,0,1125,188,-937,78,172,94,93,1156,S15a
94,141,47,93,171,78,79,1141,1062,-891,-812,79,93,734,641,1078,62,-1016,63,110,47,78,1625,S15a
78,125,47,78,172,94,62,109,47,62,156,94,94,297,203,94,141,47,62,125,63,78,1203,S15a
78,282,204,62,250,188,93,93,0,78,250,172,94,156,62,94,79,-15,78,140,62,78,1328,S15a
78,110,32,62,140,78,94,110,16,78,171,93,79,141,62,94,125,31,63,109,46,79,985,S15a
63,78,15,79,94,15,110,156,46,79,172,93,94,172,78,78,94,16,78,1109,1031,-922,953,S15a
93,140,47,63,78,15,94,125,31,63,172,109,94,156,62,94,94,0,78,94,16,78,937,S15a
63,78,15,94,141,47,63,94,31,62,156,94,94,141,47,95,126,31,78,110,32,62,908,S15a
62,94,32,78,156,78,78,125,47,62,219,157,62,171,109,94,94,0,78,110,32,78,1047,S15a
79,94,15,78,141,63,94,109,15,78,172,94,94,172,78,78,78,0,78,141,63,62,969,S15a
78,109,31,78,141,63,78,93,15,79,188,109,94,141,47,78,109,31,94,125,31,94,1000,S15a
78,110,32,78,156,78,62,125,63,62,172,110,94,234,140,109,63,-46,62,828,766,93,1781,S15a
78,109,31,110,188,78,109,187,78,94,641,547,78,453,375,109,62,-47,79,94,15,127,1861,S15a
78,109,31,78,157,79,78,93,15,63,219,156,94,125,31,94,156,62,63,110,47,94,1063,S15a
62,109,47,94,203,109,110,219,109,63,235,172,93,171,78,125,110,-15,62,140,78,63,1250,S15a
78,94,16,93,140,47,78,125,47,78,188,110,94,156,62,109,125,16,47,78,31,78,984,S15a
78,78,0,78,78,0,141,172,31,62,187,125,94,125,31,94,125,31,63,110,47,94,969,S15a
93,109,16,63,78,15,63,125,62,63,156,93,63,125,62,79,110,31,78,109,31,78,890,S15a
63,47,-16,79,157,78,62,78,16,47,172,125,78,94,16,93,156,63,78,94,16,78,876,S15a
62,94,32,62,78,16,93,125,32,62,156,94,78,141,63,78,156,78,47,609,562,78,1437,S15a
62,31,-31,125,203,78,78,109,31,47,2235,2188,125,281,156,78,485,407,141,344,203,78,3766,S15a
78,110,32,78,172,94,78,109,31,62,203,141,78,203,125,94,297,203,109,156,47,63,1313,S15a
63,188,125,78,171,93,94,141,47,78,203,125,78,219,141,94,141,47,78,171,93,79,1313,S15a
78,110,32,78,125,47,109,140,31,47,156,109,94,110,16,125,172,47,78,93,15,79,985,S15a
78,125,47,78,125,47,94,125,31,63,250,187,94,156,62,110,219,109,94,125,31,110,1235,S15a
78,125,47,62,62,0,79,219,140,78,250,172,78,1219,1141,94,109,15,110,110,0,78,2172,S15a
78,94,16,93,156,63,80,80,0,78,218,140,78,141,63,94,125,31,78,94,16,78,986,S15a
78,94,16,78,141,63,62,93,31,63,157,94,78,109,31,125,172,47,62,78,16,63,907,S15a
62,140,78,63,141,78,78,94,16,78,234,156,63,78,15,110,156,46,94,110,16,78,1031,S15a
78,94,16,78,125,47,93,125,32,62,172,110,78,140,62,63,141,78,62,109,47,63,969,S15a
94,156,62,78,125,47,94,125,31,78,157,79,78,140,62,126,157,31,47,94,47,93,1047,S15a
78,140,62,94,375,281,78,125,47,78,266,188,125,390,265,125,125,0,63,110,47,78,1609,S15a
94,125,31,78,141,63,78,94,16,78,234,156,94,125,31,94,203,109,94,63,-31,109,1094,S15a
78,110,32,78,109,31,78,109,31,78,203,125,79,110,31,109,156,47,78,109,31,94,1000,S15a
78,78,0,78,125,47,93,109,16,63,172,109,94,140,46,110,157,47,109,109,0,78,968,S15a
93,125,32,62,125,63,78,93,15,63,157,94,93,156,63,125,141,16,93,93,0,78,968,S15a
78,110,32,78,140,62,63,78,15,78,188,110,94,156,62,109,234,125,79,94,15,63,1063,S15a
79,94,15,78,125,47,78,110,32,62,203,141,64,95,31,125,156,31,78,94,16,62,939,S15a
78,109,31,78,172,94,78,78,0,63,219,156,78,109,31,110,156,46,79,79,0,78,1000,S15a
78,109,31,79,157,78,78,93,15,63,188,125,78,141,63,93,218,125,63,94,31,78,1078,S15a
62,78,16,62,125,63,62,78,16,78,234,156,78,157,79,93,93,0,78,141,63,78,984,S15a
78,78,0,63,141,78,94,94,0,62,203,141,79,111,32,78,156,78,78,47,-31,93,923,S15a
94,109,15,63,78,15,94,125,31,78,235,157,62,62,0,110,188,78,78,62,-16,78,937,S15a
78,109,31,79,141,62,78,78,0,78,188,110,78,109,31,109,141,32,78,93,15,79,938,S15a
79,110,31,78,234,156,141,860,719,78,828,750,63,63,0,109,187,78,94,109,15,79,2470,S15a
63,63,0,78,156,78,63,94,31,47,125,78,78,140,62,94,125,31,79,79,0,78,860,S15a
47,78,31,63,63,0,78,156,78,47,219,172,78,156,78,110,156,46,63,438,375,78,1344,S15a
94,125,31,94,172,78,63,63,0,62,234,172,63,63,0,109,203,94,47,47,0,93,1000,S15a
63,78,15,79,157,78,93,125,32,78,203,125,78,172,94,109,156,47,78,94,16,78,1063,S15a
94,141,47,95,298,203,94,219,125,109,1203,1094,78,313,235,125,109,-16,78,109,31,79,2471,S15a
78,94,16,62,125,63,78,94,16,62,187,125,78,125,47,109,156,47,78,78,0,79,938,S15a
94,109,15,79,172,93,78,94,16,78,547,469,78,78,0,94,188,94,94,125,31,94,1407,S15a
93,109,16,63,188,125,78,140,62,63,188,125,93,156,63,1109,141,-968,78,109,31,62,1093,S15a
78,110,32,78,156,78,62,94,32,78,187,109,63,187,124,94,94,0,78,110,32,78,1016,S15a
93,125,32,93,156,63,94,125,31,94,187,93,78,282,204,93,93,0,47,266,219,78,1312,S15a
79,125,46,79,188,109,78,109,31,63,219,156,63,188,125,93,125,32,78,109,31,78,1141,S15a
75,227,152,88,191,103,89,177,88,152,264,112,96,280,184,160,456,296,120,256,136,112,1963,S12a
88,240,152,72,176,104,72,184,112,72,352,280,80,256,176,128,712,584,96,272,176,112,2304,S12a
72,200,128,72,168,96,72,184,112,72,312,240,87,240,153,160,424,264,88,319,231,137,1984,S12a
72,200,128,80,176,96,72,175,103,64,304,240,97,201,104,151,416,265,96,272,176,112,1856,S12a
72,192,120,80,176,96,72,184,112,64,288,224,88,240,152,128,360,232,88,288,200,104,1832,S12a
80,232,152,64,160,96,72,176,104,64,272,208,88,231,143,145,433,288,80,304,224,96,1904,S12a
80,216,136,72,160,88,64,184,120,56,272,216,88,264,176,112,360,248,96,407,311,120,1983,S12a
80,216,136,72,160,88,71,176,105,56,296,240,104,239,135,153,393,240,103,384,281,112,1976,S12a
80,208,128,72,160,88,64,167,103,65,273,208,95,232,137,144,351,207,97,289,192,127,1807,S12a
72,207,135,57,169,112,64,176,112,64,264,200,88,280,192,127,351,224,81,272,191,121,1840,S12a
95,240,145,64,176,112,71,192,121,63,296,233,103,224,121,143,368,225,103,328,225,127,1951,S12a
72,200,128,72,169,97,64,152,88,135,224,89,80,287,207,137,529,392,87,295,208,145,2001,S12a
73,200,127,65,160,95,64,161,97,80,296,216,95,216,121,127,376,249,87,304,217,104,1817,S12a
71,208,137,71,175,104,64,176,112,73,281,208,95,231,136,152,416,264,97,304,207,129,1920,S12a
79,207,128,64,161,97,64,159,95,65,272,207,96,233,137,136,383,247,105,305,200,136,1856,S12a
73,192,119,65,169,104,55,167,112,64,288,224,88,368,280,160,976,816,112,872,760,112,3144,S12a
89,232,143,80,184,104,73,184,111,65,296,231,105,328,223,201,400,199,104,304,200,105,2033,S12a
88,224,136,80,184,104,64,176,112,64,265,201,103,287,184,169,409,240,111,271,160,137,1953,S12a
79,207,128,81,169,88,63,175,112,72,273,201,104,287,183,144,408,264,96,344,248,120,1983,S12a
79,207,128,73,168,95,64,176,112,65,272,207,96,240,144,168,368,200,96,281,185,119,1831,S12a
79,207,128,64,152,88,64,168,104,65,289,224,96,215,119,144,400,256,96,288,192,120,1839,S12a
63,183,120,72,168,96,64,176,112,64,320,256,96,240,144,168,352,184,105,313,208,119,1871,S12a
71,192,121,71,175,104,56,168,112,56,249,193,104,207,103,168,361,193,87,367,280,129,1848,S12a
71,191,120,72,168,96,65,168,103,64,248,184,96,216,120,144,521,377,111,391,280,136,2039,S12a
71,191,120,80,169,89,63,175,112,64,264,200,96,273,177,135,352,217,87,288,201,120,1832,S12a
72,208,136,72,152,80,72,168,96,65,257,192,103,215,112,160,393,233,95,295,200,112,1800,S12a
71,191,120,72,161,89,71,167,96,73,272,199,104,264,160,144,552,408,113,336,223,128,2071,S12a
88,232,144,72,160,88,72,184,112,64,272,208,104,184,80,169,376,207,112,313,201,111,1832,S12a
72,201,129,71,167,96,64,168,104,64,265,201,95,183,88,160,424,264,104,264,160,152,1824,S12a
64,201,137,63,159,96,64,168,104,64,249,185,111,231,120,144,536,392,88,528,440,128,2200,S12a
120,328,208,72,193,121,63,175,112,64,280,216,96,256,160,145,560,415,96,384,288,96,2272,S12a
64,216,152,80,176,96,72,184,112,64,296,232,96,376,280,136,424,288,96,353,257,111,2136,S12a
80,216,136,65,160,95,64,168,104,64,280,216,88,264,176,120,416,296,96,344,248,105,1953,S12a
72,200,128,72,161,89,71,175,104,64,328,264,80,248,168,144,488,344,80,384,304,105,2089,S12a
71,215,144,56,152,96,64,184,120,64,320,256,88,208,120,152,440,288,80,296,216,121,1936,S12a
72,208,136,64,152,88,64,168,104,64,280,216,96,224,128,152,408,256,88,264,176,120,1824,S12a
71,215,144,64,152,88,64,176,112,64,280,216,96,216,120,160,320,160,104,264,160,104,1727,S12a
88,232,144,64,168,104,64,176,112,64,384,320,88,224,136,152,520,368,96,352,256,128,2184,S12a
80,208,128,72,168,96,64,184,120,72,400,328,88,192,104,152,408,256,88,336,248,120,2016,S12a
80,216,136,64,168,104,56,176,120,64,360,296,104,216,112,152,480,328,96,312,216,120,2048,S12a
72,216,144,64,168,104,56,168,112,64,328,264,80,248,168,120,384,264,104,320,216,96,1928,S12a
72,208,136,64,160,96,56,160,104,64,424,360,104,239,135,137,504,367,89,265,176,112,2072,S12a
79,216,137,72,160,88,72,176,104,64,304,240,96,240,144,160,344,184,88,328,240,112,1880,S12a
72,208,136,71,168,97,64,168,104,64,280,216,96,240,144,160,752,592,104,336,232,136,2288,S12a
88,208,120,63,160,97,56,160,104,72,288,216,96,208,112,152,360,208,104,296,192,144,1824,S12a
72,200,128,72,184,112,64,168,104,64,272,208,103,200,97,160,376,216,96,272,176,128,1800,S12a
64,216,152,88,224,136,72,184,112,64,287,223,105,233,128,160,384,224,96,256,160,152,1936,S12a
72,216,144,64,160,96,63,168,105,64,288,224,96,207,111,153,585,432,103,287,184,121,2032,S12a
97,264,167,89,176,87,64,176,112,56,272,216,89,216,127,144,352,208,97,264,167,112,1832,S12a
73,208,135,72,168,96,73,176,103,80,393,313,104,208,104,151,503,352,112,320,208,137,2113,S12a
71,207,136,72,176,104,64,169,105,71,272,201,96,184,88,152,391,239,113,312,199,105,1816,S12a
72,209,137,71,167,96,80,185,105,64,767,703,81,249,168,136,544,408,95,343,248,88,2552,S12a
80,199,119,72,144,72,72,184,112,64,280,216,89,200,111,128,424,296,89,225,136,120,1776,S12a
79,200,121,79,159,80,64,177,113,63,272,209,96,239,143,129,352,223,96,280,184,128,1807,S12a
71,207,136,65,160,95,65,169,104,63,264,201,87,192,105,151,359,208,97,256,159,113,1720,S12a
80,200,120,73,177,104,64,175,111,65,280,215,88,184,96,152,360,208,88,296,208,105,1777,S12a
80,208,128,73,168,95,65,168,103,73,264,191,104,169,65,159,368,209,96,256,160,103,1704,S12a
73,208,135,64,160,96,65,184,119,57,281,224,95,199,104,145,577,432,96,327,231,129,2065,S12a
121,272,151,72,176,104,65,177,112,63,295,232,88,280,192,105,593,488,87,319,232,112,2224,S12a
81,208,127,80,169,89,71,175,104,72,313,241,95,231,136,168,392,224,105,361,256,135,1984,S12a
95,231,136,80,184,104,65,168,103,80,320,240,105,232,127,168,616,448,88,264,176,144,2159,S12a
72,193,121,64,168,104,63,167,104,72,320,248,96,304,208,136,321,185,95,263,168,120,1856,S12a
73,193,120,80,175,95,80,184,104,72,368,296,96,248,152,161,520,359,96,304,208,144,2136,S12a
71,207,136,72,144,72,80,184,104,72,280,208,105,232,127,152,288,136,88,224,136,136,1695,S12a
81,208,127,72,176,104,64,160,96,72,297,225,95,312,217,143,447,304,112,280,168,120,2000,S12a
72,200,128,80,161,81,79,175,96,73,272,199,96,216,120,176,336,160,88,280,192,121,1761,S12a
71,207,136,73,160,87,64,176,112,64,272,208,96,272,176,136,288,152,88,265,177,112,1752,S12a
79,224,145,79,175,96,64,184,120,64,304,240,112,256,144,145,384,239,96,336,240,104,1967,S12a
64,200,136,72,160,88,72,184,112,72,344,272,96,232,136,152,432,280,112,280,168,128,1960,S12a
80,200,120,80,168,88,64,176,112,80,288,208,105,232,127,168,400,232,104,272,168,105,1841,S12a
72,232,160,72,160,88,64,177,113,63,239,176,104,265,161,135,375,240,104,312,208,121,1881,S12a
64,192,128,72,176,104,64,176,112,64,288,224,96,264,168,128,344,216,88,264,176,112,1816,S12a
63,231,168,80,200,120,72,192,120,64,320,256,80,296,216,136,752,616,88,328,240,112,2431,S12a
72,224,152,64,168,104,64,184,120,56,280,224,88,320,232,136,464,328,88,296,208,112,2048,S12a
72,200,128,72,160,88,64,192,128,64,336,272,97,232,135,144,584,440,104,320,216,120,2144,S12a
80,208,128,72,616,544,80,216,136,72,336,264,88,288,200,144,392,248,80,272,192,112,2440,S12a
88,248,160,64,160,96,72,176,104,64,272,208,120,264,144,144,376,232,96,296,200,88,1880,S12a
72,217,145,71,175,104,64,176,112,64,296,232,96,248,152,136,368,232,88,296,208,104,1880,S12a
71,207,136,72,176,104,64,176,112,64,296,232,88,240,152,144,480,336,96,264,168,96,1935,S12a
72,208,136,72,160,88,64,184,120,72,608,536,88,240,152,144,352,208,96,272,176,112,2136,S12a
80,208,128,64,144,80,72,176,104,72,280,208,112,208,96,152,424,272,104,320,216,104,1864,S12a
87,215,128,64,160,96,72,176,104,80,320,240,96,256,160,144,456,312,88,304,216,120,2007,S12a
96,248,152,80,184,104,72,176,104,71,304,233,104,224,120,128,368,240,88,288,200,104,1896,S12a
72,208,136,72,176,104,72,176,104,72,328,256,96,224,128,136,408,272,80,280,200,104,1904,S12a
72,208,136,72,168,96,56,168,112,72,304,232,96,264,168,135,304,169,88,288,200,96,1800,S12a
80,224,144,56,152,96,64,184,120,72,328,256,104,256,152,136,736,600,96,416,320,119,2415,S12a
88,248,160,64,192,128,64,168,104,72,296,224,96,320,224,112,352,240,88,287,199,121,1984,S12a
65,192,127,73,160,87,72,177,105,64,304,240,104,239,135,168,585,417,95,343,248,136,2136,S12a
87,216,129,80,160,80,71,191,120,72,336,264,113,289,176,143,415,272,89,257,168,96,1960,S12a
79,207,128,64,144,80,64,176,112,57,328,271,121,216,95,153,528,375,104,320,216,104,2023,S12a
88,207,119,72,160,88,72,177,105,71,335,264,88,248,160,144,609,465,95,663,568,152,2551,S12a
73,208,135,64,177,113,71,183,112,88,385,297,104,304,200,144,551,407,97,272,175,113,2193,S12a
71,199,128,72,161,89,72,184,112,71,287,216,96,304,208,137,416,279,104,304,200,113,1968,S12a
81,208,127,72,168,96,65,176,111,72,296,224,96,280,184,160,464,304,88,272,184,112,1976,S12a
71,215,144,72,192,120,65,169,104,72,296,224,103,192,89,160,391,231,105,233,128,119,1807,S12a
112,1072,960,135,288,153,120,303,183,177,488,311,121,327,206,154,514,360,103,312,209,160,3464,S12a
111,287,176,105,265,160,79,257,178,87,382,295,105,305,200,127,360,233,120,271,151,193,2320,S12a
88,248,160,81,200,119,73,217,144,72,311,239,97,328,231,152,305,153,88,264,176,128,2001,S12a
72,216,144,64,184,120,57,193,136,63,320,257,104,256,152,175,416,241,96,263,167,112,1960,S12a
56,191,135,73,184,111,65,193,128,56,328,272,96,248,152,152,319,167,88,232,144,129,1824,S12a
64,209,145,55,175,120,56,201,145,56,303,247,89,216,127,145,337,192,80,223,143,113,1777,S12a
56,200,144,56,176,120,72,191,119,56,280,224,97,184,87,153,313,160,79,255,176,128,1727,S12a
79,217,138,64,168,104,71,199,128,73,329,256,80,279,199,129,296,167,88,272,184,111,1871,S12a
56,184,128,72,183,111,65,192,127,64,313,249,88,183,95,161,338,177,103,231,128,112,1736,S12a
88,240,152,73,192,119,81,200,119,81,385,304,119,271,152,145,360,215,97,248,151,168,2064,S12a
72,240,168,65,192,127,73,216,143,72,353,281,104,231,127,145,328,183,113,249,136,112,1921,S12a
57,192,135,65,169,104,72,191,119,73,376,303,120,240,120,152,352,200,97,240,143,145,1905,S12a
71,216,145,56,160,104,65,184,119,65,336,271,112,392,280,145,344,199,121,288,167,145,2065,S12a
81,241,160,63,183,120,73,208,135,89,392,303,128,512,384,161,448,287,97,296,199,96,2376,S12a
97,296,199,112,272,160,88,240,152,80,400,320,128,336,208,152,368,216,121,336,215,160,2408,S12a
64,232,168,64,176,112,72,200,128,71,360,289,97,305,208,160,655,495,81,345,264,135,2408,S12a
81,248,167,81,208,127,73,216,143,73,360,287,112,256,144,161,473,312,96,319,223,145,2225,S12a
65,224,159,57,184,127,57,192,135,65,344,279,104,264,160,145,392,247,73,312,239,104,2016,S12a
80,264,184,65,200,135,65,216,151,57,336,279,88,312,224,120,336,216,88,264,176,144,2072,S12a
73,240,167,65,184,119,57,192,135,65,328,263,97,224,127,144,536,392,113,336,223,160,2200,S12a
64,208,144,64,168,104,73,200,127,73,320,247,105,288,183,137,456,319,113,328,215,129,2097,S12a
73,216,143,73,184,111,65,192,127,57,376,319,97,280,183,152,368,216,97,288,191,128,2032,S12a
65,216,151,65,168,103,57,177,120,63,295,232,96,208,112,161,368,207,88,247,159,130,1809,S12a
65,200,135,57,168,111,57,176,119,65,312,247,89,248,159,128,441,313,96,295,199,113,1953,S12a
65,208,143,65,176,111,57,184,127,65,350,285,90,266,176,168,344,176,97,288,191,144,1960,S12a
56,208,152,57,160,103,56,184,128,73,320,247,104,232,128,192,680,488,105,312,207,153,2249,S12a
64,216,152,64,177,113,56,175,119,64,328,264,105,224,119,161,424,263,96,320,224,128,1992,S12a
57,200,143,65,168,103,65,184,119,65,344,279,96,240,144,145,656,511,105,377,272,120,2289,S12a
81,256,175,64,168,104,73,200,127,80,400,320,89,248,159,144,1728,1584,96,304,208,144,3448,S12a
81,232,151,64,160,96,56,192,136,65,320,255,89,240,151,152,353,201,79,263,184,136,1896,S12a
72,216,144,64,152,88,56,176,120,65,304,239,88,207,119,146,400,254,89,281,192,144,1880,S12a
56,192,136,57,153,96,56,159,103,65,304,239,80,223,143,154,377,223,72,248,176,129,1785,S12a
56,200,144,56,152,96,64,192,128,49,272,223,88,208,120,144,320,176,89,272,183,120,1736,S12a
57,208,151,49,152,103,57,176,119,56,288,232,97,208,111,152,336,184,80,232,152,128,1728,S12a
65,200,135,65,160,95,56,168,112,56,280,224,105,208,103,161,384,223,72,224,152,128,1752,S12a
64,200,136,65,176,111,57,168,111,66,320,254,96,192,96,172,400,228,88,240,152,104,1800,S12a
64,208,144,56,168,112,63,170,107,70,310,240,80,192,112,160,368,208,80,256,176,136,1808,S12a
48,184,136,64,168,104,48,160,112,57,272,215,104,216,112,152,448,296,80,256,176,104,1808,S12a
65,208,143,56,160,104,63,176,113,72,296,224,95,208,113,184,328,144,112,241,129,151,1768,S12a
71,207,136,80,176,96,80,192,112,80,344,264,104,304,200,184,312,128,112,240,128,176,1951,S12a
72,223,151,81,193,112,72,184,112,88,360,272,120,247,127,185,369,184,112,232,120,168,1976,S12a
72,232,160,64,184,120,64,192,128,80,359,279,97,241,144,168,336,168,112,240,128,184,1968,S12a
64,208,144,64,176,112,56,184,128,64,304,240,112,248,136,176,288,112,104,232,128,184,1824,S12a
72,232,160,56,168,112,64,184,120,64,272,208,104,192,88,176,304,128,89,208,119,136,1696,S12a
64,200,136,56,152,96,64,192,128,64,288,224,112,216,104,176,848,672,104,296,192,168,2360,S12a
64,200,136,56,160,104,57,176,119,72,327,255,88,217,129,160,391,231,105,241,136,136,1848,S12a
64,200,136,63,176,113,64,176,112,64,336,272,80,224,144,152,432,280,88,256,168,104,1904,S12a
55,215,160,56,152,96,64,192,128,56,296,240,80,232,152,161,304,143,80,240,160,152,1783,S12a
55,199,144,48,160,112,56,168,112,72,312,240,80,216,136,160,328,168,72,240,168,104,1727,S12a
64,208,144,56,168,112,56,168,112,72,312,240,96,192,96,152,320,168,79,288,209,160,1816,S12a
56,200,144,64,160,96,73,184,111,72,296,224,104,192,88,152,360,208,80,232,152,128,1752,S12a
56,200,144,56,152,96,72,184,112,64,304,240,106,232,126,152,296,144,112,232,120,152,1752,S12a
72,208,136,72,160,88,72,184,112,56,256,200,112,192,80,168,272,104,96,248,152,136,1656,S12a
64,208,144,64,160,96,53,168,115,56,256,200,97,179,82,189,269,80,96,232,136,120,1592,S12a
64,200,136,56,146,90,78,190,112,64,280,216,112,192,80,168,288,120,96,225,129,127,1648,S12a
64,384,320,80,232,152,64,184,120,72,280,208,88,208,120,160,343,183,105,249,144,128,2008,S12a
72,231,159,73,169,96,80,200,120,64,312,248,96,216,120,144,600,456,88,320,232,96,2144,S12a
72,224,152,56,168,112,56,176,120,72,328,256,104,264,160,152,280,128,104,304,200,112,1856,S12a
64,216,152,64,167,103,65,193,128,63,320,257,104,232,128,152,280,128,104,256,152,112,1776,S12a
48,216,168,56,168,112,56,176,120,56,280,224,96,200,104,151,376,225,88,288,200,128,1832,S12a
56,207,151,78,169,91,63,192,129,55,303,248,113,201,88,168,296,128,96,248,152,136,1752,S12a
63,207,144,64,168,104,65,193,128,64,304,240,96,232,136,168,248,80,104,256,152,136,1744,S12a
64,217,153,63,159,96,64,176,112,56,287,231,81,185,104,168,272,104,88,232,144,104,1632,S12a
64,208,144,56,168,112,64,176,112,64,296,232,88,224,136,143,304,161,97,240,143,112,1728,S12a
64,264,200,64,176,112,64,184,120,64,280,216,87,215,128,145,264,119,81,241,160,96,1720,S12a
56,216,160,56,168,112,56,176,120,56,280,224,88,239,151,129,313,184,88,239,151,105,1736,S12a
56,200,144,64,160,96,64,175,111,65,289,224,112,216,104,152,352,200,96,216,120,111,1719,S12a
64,232,168,64,168,104,72,208,136,88,1104,1016,87,224,137,143,408,265,88,239,151,113,2696,S12a
72,224,152,63,152,89,64,191,127,57,305,248,96,240,144,151,296,145,104,232,128,104,1744,S12a
80,235,155,76,189,113,80,192,112,72,447,375,97,225,128,136,1176,1040,104,256,152,96,2816,S12a
56,184,128,71,192,121,64,184,120,72,304,232,96,240,144,152,368,216,80,240,160,97,1809,S12a
71,527,456,73,209,136,72,184,112,56,336,280,96,376,280,144,928,784,96,280,184,96,2936,S12a
88,280,192,80,216,136,80,240,160,111,1112,1001,87,192,105,152,352,200,88,260,172,100,2752,S12a
64,216,152,57,161,104,56,166,110,65,281,216,80,209,129,160,352,192,89,258,169,108,1751,S12a
65,216,151,57,168,111,56,176,120,57,313,256,88,240,152,128,304,176,81,256,175,96,1769,S12a
56,216,160,56,152,96,72,184,112,56,288,232,88,184,96,128,312,184,79,248,169,96,1680,S12a
56,200,144,56,152,96,64,184,120,56,288,232,81,215,134,129,463,334,34,193,159,128,1823,S12a
64,216,152,58,160,102,64,184,120,56,271,215,80,225,145,128,336,208,80,272,192,96,1760,S12a
56,200,144,64,168,104,56,184,128,56,280,224,88,232,144,112,280,168,80,264,184,88,1696,S12a
56,200,144,64,160,96,64,176,112,64,296,232,79,190,111,137,314,177,88,264,176,96,1696,S12a
70,217,147,78,182,104,64,192,128,55,288,233,80,240,160,112,288,176,71,240,169,96,1743,S12a
55,216,161,56,168,112,56,176,120,56,264,208,88,192,104,128,240,112,72,216,144,96,1568,S12a
56,192,136,64,160,96,48,168,120,56,239,183,89,193,104,120,256,136,88,272,184,112,1592,S12a
64,207,143,73,161,88,64,176,112,71,328,257,95,191,96,121,297,176,88,256,168,120,1736,S12a
56,200,144,56,168,112,56,168,112,64,280,216,103,208,105,144,295,151,89,225,136,96,1640,S12a
56,191,135,57,153,96,63,175,112,57,289,232,88,216,128,151,384,233,96,272,176,104,1784,S12a
43,195,152,61,165,104,56,175,119,65,305,240,104,240,136,152,272,120,80,256,176,104,1712,S12a
72,224,152,56,184,128,64,176,112,64,280,216,120,216,96,143,352,209,96,280,184,104,1816,S12a
96,272,176,72,168,96,72,184,112,56,272,216,112,240,128,160,224,64,96,248,152,136,1744,S12a
64,208,144,56,160,104,64,184,120,56,296,240,120,240,120,160,296,136,105,232,127,152,1768,S12a
64,216,152,64,152,88,80,192,112,72,280,208,103,200,97,136,296,160,80,208,128,112,1656,S12a
64,216,152,72,192,120,72,185,113,55,287,232,80,224,144,128,256,128,80,200,120,99,1659,S12a
72,240,168,69,192,123,56,184,128,56,280,224,88,232,144,145,283,138,85,245,160,104,1760,S12a
56,200,144,56,160,104,64,184,120,56,264,208,104,192,88,176,384,208,80,285,205,107,1776,S12a
64,208,144,64,179,115,101,373,272,72,304,232,136,232,96,160,280,120,96,224,128,112,1912,S12a
72,216,144,56,144,88,64,176,112,64,296,232,96,208,112,136,280,144,96,232,136,128,1680,S12a
64,216,152,56,141,85,76,196,120,55,288,233,104,176,72,144,408,264,87,255,168,120,1800,S12a
72,216,144,56,151,95,57,161,104,64,280,216,112,224,112,160,264,104,96,296,200,136,1728,S12a
129,288,159,81,240,159,88,240,152,177,296,119,112,296,184,153,296,143,112,240,128,161,2057,S12a
65,200,135,72,168,96,57,176,119,57,280,223,104,224,120,162,320,158,104,256,152,121,1745,S12a
65,184,119,56,168,112,57,176,119,56,288,232,81,208,127,112,312,200,88,232,144,112,1680,S12a
64,200,136,65,152,87,56,176,120,65,288,223,105,216,111,128,320,192,96,296,200,113,1761,S12a
73,208,135,57,144,87,64,192,128,49,264,215,88,224,136,97,328,231,81,232,151,120,1712,S12a
64,208,144,64,168,104,73,184,111,57,264,207,121,208,87,128,416,288,96,272,176,97,1817,S12a
80,216,136,65,160,95,63,176,113,64,312,248,105,232,127,160,376,216,104,280,176,120,1872,S12a
72,200,128,56,160,104,65,176,111,57,304,247,96,217,121,175,375,200,105,248,143,128,1808,S12a
65,192,127,64,168,104,56,168,112,64,328,264,105,232,127,161,632,471,121,328,207,128,2176,S12a
56,200,144,56,152,96,64,176,112,72,336,264,113,200,87,168,472,304,96,296,200,153,1985,S12a
73,200,127,56,152,96,63,184,121,65,288,223,136,208,72,160,304,144,97,272,175,128,1736,S12a
57,184,127,56,144,88,72,176,104,56,272,216,105,224,119,161,488,327,97,256,159,129,1873,S12a
64,192,128,57,152,95,64,168,104,64,272,208,129,208,79,177,384,207,128,240,112,136,1752,S12a
65,200,135,64,160,96,72,176,104,56,256,200,105,208,103,168,304,136,104,288,184,120,1712,S12a
64,192,128,65,160,95,64,161,97,63,263,200,112,216,104,144,224,80,112,248,136,161,1625,S12a
57,192,135,57,144,87,72,176,104,65,248,183,121,216,95,169,248,79,129,224,95,145,1593,S12a
63,192,129,64,152,88,64,168,104,65,264,199,104,208,104,184,256,72,104,256,152,137,1633,S12a
65,192,127,64,160,96,64,176,112,72,280,208,112,200,88,176,264,88,113,248,135,136,1656,S12a
48,184,136,56,152,96,64,176,112,56,256,200,96,199,103,185,329,144,120,280,160,144,1720,S12a
65,216,151,64,152,88,65,176,111,56,264,208,104,216,112,177,336,159,121,240,119,152,1752,S12a
64,192,128,56,160,104,48,160,112,56,264,208,113,216,103,168,400,232,129,256,127,152,1800,S12a
64,191,127,65,153,88,72,176,104,56,256,200,112,200,88,177,320,143,104,264,160,145,1705,S12a
56,184,128,72,160,88,57,176,119,56,256,200,113,216,103,184,232,48,121,216,95,160,1600,S12a
56,192,136,64,168,104,65,176,111,72,304,232,112,248,136,184,360,176,105,216,111,137,1801,S12a
66,208,142,64,152,88,65,176,111,56,272,216,88,248,160,169,264,95,96,216,120,120,1656,S12a
64,208,144,64,152,88,64,168,104,64,272,208,128,208,80,184,288,104,96,208,112,128,1632,S12a
64,200,136,56,152,96,56,168,112,56,248,192,120,200,80,184,360,176,97,256,159,121,1705,S12a
64,200,136,56,552,496,64,200,136,64,280,216,112,200,88,168,280,112,97,208,111,128,2048,S12a
79,224,145,65,152,87,64,176,112,64,265,201,151,343,192,168,295,127,121,200,79,170,1825,S12a
73,216,143,64,160,96,58,176,118,64,296,232,120,224,104,184,320,136,104,256,152,144,1792,S12a
88,216,128,64,136,72,79,192,113,79,296,217,120,232,112,168,320,152,104,240,136,160,1792,S12a
81,209,128,64,152,88,64,168,104,72,304,232,128,240,112,145,392,247,113,240,127,136,1841,S12a
72,192,120,72,160,88,64,176,112,80,296,216,128,192,64,144,360,216,128,328,200,128,1832,S12a
72,200,128,72,168,96,64,176,112,64,264,200,136,184,48,176,224,48,104,248,144,112,1576,S12a
64,208,144,64,287,223,81,209,128,64,312,248,112,216,104,152,320,168,120,232,112,128,1912,S12a
64,208,144,72,160,88,72,176,104,64,264,200,112,216,104,153,240,87,97,200,103,128,1592,S12a
64,192,128,64,160,96,72,175,103,65,289,224,128,208,80,161,360,199,112,248,136,159,1791,S12a
72,215,143,65,161,96,72,184,112,72,288,216,112,192,80,176,233,57,95,191,96,144,1608,S12a
56,200,144,64,152,88,72,184,112,56,264,208,120,192,72,176,264,88,112,224,112,128,1608,S12a
72,208,136,64,160,96,56,176,120,56,264,208,112,208,96,168,264,96,88,216,128,128,1624,S12a
56,191,135,65,160,95,65,177,112,48,240,192,96,192,96,168,224,56,80,224,144,128,1536,S12a
56,184,128,72,168,96,56,168,112,64,256,192,96,207,111,193,289,96,96,200,104,144,1616,S12a
64,200,136,64,168,104,64,168,104,64,256,192,104,200,96,161,256,95,80,192,112,120,1560,S12a
56,192,136,56,168,112,73,176,103,72,272,200,104,184,80,168,280,112,128,224,96,136,1632,S12a
64,207,143,66,169,103,56,176,120,56,272,216,112,184,72,168,264,96,96,200,104,128,1600,S12a
64,200,136,64,160,96,64,168,104,64,264,200,113,216,103,184,320,136,96,207,111,137,1672,S12a
56,200,144,64,167,103,65,185,120,64,264,200,97,208,111,145,192,47,88,208,120,112,1536,S12a
64,199,135,65,153,88,72,176,104,64,280,216,80,240,160,128,272,144,88,240,152,112,1672,S12a
64,208,144,55,151,96,75,185,110,56,272,216,96,192,96,177,272,95,88,216,128,112,1608,S12a
56,208,152,56,168,112,80,1672,1592,80,432,352,88,239,151,193,336,143,113,336,223,145,3536,S12a
64,200,136,72,192,120,72,192,120,72,344,272,112,272,160,168,448,280,104,304,200,120,2072,S12a
64,208,144,80,192,112,64,176,112,64,295,231,97,553,456,128,376,248,88,304,216,96,2200,S12a
64,224,160,56,159,103,65,185,120,63,296,233,128,208,80,168,296,128,128,240,112,144,1752,S12a
64,216,152,64,176,112,72,176,104,64,272,208,88,207,119,161,296,135,88,249,161,112,1704,S12a
56,216,160,64,168,104,64,184,120,64,344,280,96,248,152,136,432,296,96,232,136,144,1968,S12a
56,200,144,64,168,104,56,168,112,55,287,232,97,201,104,152,384,232,104,240,136,168,1816,S12a
72,200,128,72,176,104,64,184,120,64,320,256,88,192,104,176,336,160,96,240,144,136,1784,S12a
56,192,136,56,160,104,64,176,112,56,272,216,88,256,168,168,312,144,80,200,120,168,1736,S12a
64,199,135,57,145,88,63,176,113,56,264,208,104,191,87,185,281,96,88,192,104,152,1600,S12a
56,192,136,56,152,96,56,168,112,56,264,208,79,208,129,160,407,247,81,241,160,112,1744,S12a
56,183,127,57,145,88,64,168,104,56,248,192,112,672,560,152,288,136,88,272,184,104,2080,S12a
63,207,144,56,152,96,64,168,104,56,264,208,88,256,168,160,344,184,88,272,184,120,1783,S12a
72,209,137,55,151,96,64,168,104,64,264,200,120,248,128,129,440,311,95,336,241,152,1968,S12a
64,224,160,64,168,104,72,184,112,56,296,240,88,232,144,215,1728,1513,80,240,160,168,3240,S12a
81,224,143,80,176,96,56,176,120,64,287,223,97,249,152,144,383,239,97,281,184,151,1927,S12a
56,192,136,64,160,96,64,192,128,56,299,243,85,229,144,159,408,249,89,240,151,128,1848,S12a
64,192,128,64,167,103,65,185,120,64,264,200,120,215,95,161,353,192,79,264,185,152,1792,S12a
64,208,144,72,168,96,64,168,104,72,272,200,135,311,176,177,617,440,88,328,240,152,2224,S12a
72,216,144,64,168,104,72,208,136,72,304,232,112,224,112,184,400,216,95,288,193,176,1984,S12a
56,216,160,64,168,104,56,184,128,64,320,256,112,215,103,161,304,143,81,249,168,120,1776,S12a
56,208,152,56,167,111,57,185,128,56,280,224,112,200,88,160,448,288,128,256,128,144,1888,S12a
72,216,144,65,185,120,47,165,118,58,298,240,128,208,80,160,352,192,80,288,208,112,1824,S12a
64,208,144,64,177,113,47,151,104,64,264,200,128,264,136,160,368,208,88,208,120,136,1776,S12a
56,192,136,57,168,111,72,184,112,56,264,208,96,168,72,160,253,93,75,219,144,120,1568,S12a
56,192,136,72,160,88,56,176,120,56,280,224,104,176,72,160,320,160,96,224,128,96,1624,S12a
64,200,136,56,160,104,64,176,112,56,280,224,104,232,128,160,328,168,88,200,112,112,1688,S12a
56,208,152,65,168,103,64,176,112,65,280,215,112,200,88,159,312,153,88,232,144,144,1720,S12a
59,203,144,56,160,104,64,176,112,56,296,240,112,224,112,155,512,357,96,272,176,120,1963,S12a
56,200,144,45,160,115,64,184,120,56,296,240,112,224,112,168,344,176,80,264,184,104,1776,S12a
64,208,144,64,152,88,74,192,118,47,280,233,112,464,352,112,440,328,80,280,200,97,2113,S12a
64,208,144,56,176,120,56,176,120,56,288,232,88,240,152,128,408,280,80,232,152,120,1848,S12a
65,216,151,65,177,112,64,192,128,64,320,256,104,240,136,152,320,168,80,240,160,128,1833,S12a
72,208,136,56,143,87,73,193,120,64,256,192,128,184,56,152,320,168,96,200,104,128,1632,S12a
64,208,144,64,151,87,73,185,112,64,272,208,112,200,88,144,408,264,79,208,129,120,1752,S12a
56,200,144,64,160,96,72,184,112,56,264,208,104,224,120,151,271,120,81,192,111,128,1623,S12a
57,193,136,56,152,96,64,175,111,57,249,192,120,240,120,136,248,112,79,192,113,103,1552,S12a
64,208,144,57,153,96,72,192,120,56,272,216,96,216,120,160,408,248,80,216,136,112,1777,S12a
56,200,144,56,160,104,64,176,112,64,256,192,120,192,72,160,487,327,97,353,256,144,1968,S12a
56,207,151,57,153,96,63,192,129,56,281,225,94,191,97,151,544,393,104,1784,1680,129,3481,S12a
64,208,144,56,151,95,57,169,112,56,288,232,96,192,96,152,272,120,88,208,120,136,1624,S12a
56,199,143,65,160,95,64,185,121,64,272,208,112,200,88,168,456,288,88,240,152,144,1856,S12a
56,200,144,72,223,151,65,185,120,64,288,224,88,200,112,152,432,280,72,271,199,113,1912,S12a
64,232,168,56,152,96,72,184,112,71,288,217,95,224,129,152,504,352,88,224,136,128,1936,S12a
56,192,136,56,160,104,56,176,120,56,272,216,96,199,103,161,561,400,104,256,152,136,1952,S12a
72,216,144,56,168,112,72,184,112,56,280,224,80,192,112,152,320,168,88,216,128,136,1712,S12a
72,220,148,68,172,104,64,200,136,64,312,248,96,224,128,152,368,216,88,248,160,152,1896,S12a
112,288,176,88,223,135,81,185,104,128,240,112,96,279,183,136,304,168,89,265,176,112,1896,S12a
56,191,135,57,144,87,64,168,104,57,249,192,104,207,103,145,304,159,97,240,143,105,1608,S12a
63,184,121,55,152,97,64,167,103,56,241,185,128,200,72,143,336,193,96,207,111,105,1592,S12a
63,191,128,65,152,87,65,177,112,55,255,200,105,193,88,144,696,552,88,287,199,121,2072,S12a
64,192,128,55,144,89,72,184,112,56,256,200,112,232,120,167,303,136,81,216,135,145,1672,S12a
65,200,135,65,153,88,72,184,112,55,255,200,105,192,87,169,241,72,80,200,120,135,1560,S12a
64,207,143,65,144,79,64,184,120,49,265,216,80,191,111,176,225,49,88,223,135,161,1600,S12a
65,192,127,57,161,104,56,167,111,65,288,223,113,192,79,153,240,87,89,216,127,120,1576,S12a
56,199,143,65,168,103,73,177,104,56,240,184,104,183,79,161,224,63,97,184,87,145,1520,S12a
65,208,143,48,152,104,64,176,112,49,240,191,113,168,55,153,240,87,80,200,120,121,1505,S12a
56,183,127,64,168,104,65,168,103,65,256,191,113,183,70,138,257,119,104,224,120,121,1560,S12a
57,192,135,64,160,96,64,176,112,57,264,207,121,200,79,129,296,167,97,352,255,185,1825,S12a
81,248,167,65,176,111,64,176,112,57,257,200,104,239,135,144,321,177,104,303,199,129,1849,S12a
80,264,184,73,192,119,72,192,120,56,280,224,113,216,103,153,288,135,97,216,119,161,1809,S12a
64,200,136,57,152,95,73,184,111,64,280,216,120,208,88,161,336,175,96,240,144,112,1712,S12a
65,216,151,65,152,87,57,169,112,47,263,216,97,224,127,177,280,103,104,240,136,129,1673,S12a
64,207,143,64,176,112,56,168,112,72,328,256,112,224,112,145,304,159,105,264,159,96,1767,S12a
65,208,143,65,160,95,65,168,103,64,272,208,120,368,248,104,832,728,96,256,160,113,2377,S12a
56,200,144,56,160,104,64,184,120,64,312,248,113,216,103,137,392,255,89,248,159,120,1832,S12a
71,207,136,65,160,95,56,168,112,56,264,208,113,216,103,160,400,240,88,264,176,129,1808,S12a
65,207,142,57,161,104,65,176,111,65,296,231,112,192,80,153,424,271,89,240,151,136,1832,S12a
65,200,135,56,153,97,63,175,112,56,272,216,113,184,71,152,256,104,104,328,224,129,1697,S12a
57,216,159,56,152,96,65,184,119,56,280,224,121,336,215,152,312,160,96,256,160,129,1865,S12a
71,223,152,56,144,88,65,176,111,56,264,208,128,193,65,136,359,223,88,241,153,111,1711,S12a
64,200,136,65,152,87,65,176,111,57,280,223,120,240,120,128,464,336,96,304,208,208,2024,S12a
72,216,144,72,152,80,72,184,112,65,264,199,128,208,80,160,256,96,121,208,87,176,1664,S12a
64,184,120,65,160,95,65,176,111,57,272,215,120,208,88,169,440,271,89,264,175,160,1864,S12a
57,192,135,56,152,96,72,184,112,56,240,184,129,200,71,176,296,120,128,232,104,152,1648,S12a
64,192,128,64,152,88,72,176,104,57,272,215,104,200,96,169,376,207,96,248,152,136,1752,S12a
65,192,127,73,168,95,72,192,120,64,272,208,128,208,80,176,296,120,96,208,112,136,1672,S12a
57,200,143,65,152,87,64,176,112,57,240,183,96,191,95,129,201,72,80,208,128,129,1497,S12a
56,192,136,56,152,96,56,162,106,55,262,207,112,184,72,144,256,112,97,232,135,104,1544,S12a
64,200,136,65,160,95,73,176,103,64,264,200,128,184,56,168,296,128,185,280,95,136,1696,S12a
65,192,127,72,160,88,64,176,112,56,256,200,120,240,120,161,352,191,104,240,136,145,1761,S12a
65,225,160,56,152,96,64,184,120,64,280,216,144,248,104,160,400,240,96,240,144,128,1857,S12a
72,216,144,99,144,45,64,176,112,64,264,200,128,200,72,152,464,312,113,240,127,112,1816,S12a
57,199,142,65,168,103,57,177,120,72,312,240,136,224,88,186,328,142,129,280,151,112,1800,S12a
55,208,153,73,160,87,73,176,103,65,264,199,113,224,111,160,344,184,112,224,112,128,1728,S12a
64,192,128,72,168,96,72,176,104,64,264,200,128,200,72,177,328,151,112,208,96,144,1680,S12a
73,200,127,72,168,96,64,176,112,64,280,216,120,224,104,153,400,247,104,240,136,144,1832,S12a
65,192,127,65,152,87,56,160,104,56,272,216,152,216,64,160,360,200,104,248,144,129,1729,S12a
63,199,136,64,160,96,72,168,96,65,248,183,144,216,72,153,320,167,121,248,127,177,1736,S12a
64,208,144,56,152,96,57,168,111,56,264,208,113,240,127,160,248,88,104,232,128,136,1648,S12a
64,208,144,56,152,96,72,184,112,65,256,191,113,256,143,177,272,95,128,280,152,169,1777,S12a
73,225,152,56,168,112,72,184,112,72,288,216,217,488,271,128,312,184,89,232,143,95,1992,S12a
80,224,144,72,160,88,72,192,120,64,280,216,120,232,112,160,464,304,104,328,224,112,1992,S12a
72,208,136,72,152,80,73,192,119,80,352,272,136,280,144,120,408,288,96,280,184,120,1992,S12a
72,216,144,64,176,112,72,192,120,64,296,232,136,280,144,160,280,120,127,264,137,144,1848,S12a
72,200,128,72,184,112,64,184,120,64,320,256,128,240,112,152,400,248,128,264,136,120,1912,S12a
72,224,152,72,184,112,112,280,168,88,368,280,144,216,72,168,432,264,128,296,168,120,2120,S12a
72,208,136,64,184,120,64,184,120,72,319,247,129,257,128,152,424,272,104,280,176,128,1984,S12a
72,208,136,80,184,104,80,192,112,72,344,272,160,233,73,143,367,224,120,272,152,112,1912,S12a
72,208,136,64,168,104,64,176,112,72,296,224,128,232,104,144,424,280,104,288,184,112,1904,S12a
72,232,160,64,168,104,72,208,136,56,304,248,120,255,135,144,305,161,112,272,160,112,1856,S12a
72,216,144,72,161,89,71,175,104,72,288,216,128,232,104,184,352,168,112,296,184,112,1832,S12a
56,200,144,64,160,96,72,175,103,57,273,216,112,216,104,168,280,112,112,255,143,137,1696,S12a
88,232,144,72,208,136,24,136,112,71,288,217,152,216,64,160,424,264,144,312,168,144,1960,S12a
80,208,128,80,181,101,83,195,112,80,304,224,128,216,88,168,296,128,120,216,96,128,1744,S12a
80,249,169,55,167,112,72,192,120,72,304,232,128,232,104,168,288,120,112,216,104,112,1760,S12a
72,232,160,88,232,144,80,208,128,88,736,648,96,200,104,160,368,208,128,272,144,112,2360,S12a
72,216,144,72,168,96,72,184,112,72,368,296,96,224,128,144,304,160,136,248,112,136,1848,S12a
89,233,144,64,168,104,71,192,121,72,312,240,136,248,112,168,624,456,104,280,176,112,2169,S12a
64,216,152,64,167,103,65,177,112,72,312,240,96,208,112,152,248,96,96,232,136,120,1680,S12a
64,208,144,64,160,96,72,184,112,56,264,208,128,224,96,144,336,192,96,240,144,120,1736,S12a
56,200,144,64,168,104,64,176,112,56,280,224,112,199,87,169,338,169,95,207,112,144,1712,S12a
72,224,152,56,184,128,56,176,120,64,296,232,104,240,136,168,264,96,96,224,128,104,1712,S12a
64,208,144,64,176,112,64,192,128,64,320,256,119,208,89,200,320,120,96,224,128,112,1760,S12a
72,216,144,64,168,104,72,184,112,56,296,240,96,200,104,104,224,120,80,216,136,88,1592,S12a
64,191,127,81,209,128,72,184,112,64,288,224,104,223,119,113,506,393,79,295,216,144,2040,S12a
64,200,136,56,160,104,56,176,120,48,296,248,80,231,151,183,216,33,89,217,128,111,1607,S12a
72,208,136,56,152,96,65,176,111,48,312,264,80,249,169,135,223,88,88,232,144,104,1656,S12a
73,209,136,56,152,96,64,160,96,64,295,231,112,208,96,161,368,207,88,232,144,128,1752,S12a
56,208,152,65,168,103,64,192,128,56,288,232,97,240,143,160,232,72,80,240,160,96,1664,S12a
56,195,139,69,181,112,56,176,120,49,264,215,104,320,216,152,312,160,88,232,144,104,1784,S12a
65,192,127,64,160,96,72,192,120,56,296,240,104,208,104,152,312,160,96,224,128,96,1680,S12a
55,191,136,64,168,104,64,184,120,56,280,224,112,216,104,160,280,120,80,224,144,144,1687,S12a
47,207,160,56,168,112,72,192,120,56,296,240,81,281,200,127,511,384,88,280,192,128,2063,S12a
56,208,152,64,160,96,57,168,111,56,312,256,104,232,128,152,640,488,80,296,216,96,2112,S12a
56,201,145,71,167,96,64,176,112,72,328,256,120,232,112,161,432,271,112,392,280,136,2064,S12a
72,232,160,56,168,112,64,192,128,64,336,272,80,240,160,160,632,472,97,320,223,120,2240,S12a
64,216,152,64,176,112,56,168,112,72,321,249,119,207,88,152,768,616,99,368,269,112,2336,S12a
72,217,145,56,152,96,72,176,104,64,271,207,130,241,111,160,304,144,104,280,176,104,1745,S12a
57,225,168,56,160,104,56,184,128,56,312,256,80,264,184,135,480,345,64,288,224,104,2017,S12a
64,216,152,56,152,96,64,176,112,56,272,216,88,240,152,136,288,152,88,208,120,96,1648,S12a
64,208,144,56,160,104,64,168,104,56,264,208,104,240,136,144,288,144,80,280,200,136,1744,S12a
73,240,167,56,183,127,57,177,120,64,320,256,112,240,128,136,568,432,112,328,216,144,2200,S12a
72,200,128,72,168,96,64,168,104,55,264,209,112,216,104,136,376,240,96,304,208,112,1808,S12a
64,208,144,56,168,112,64,160,96,64,296,232,96,321,225,103,367,264,80,319,239,129,1968,S12a
72,264,192,80,192,112,88,207,119,73,329,256,144,232,88,152,256,104,120,232,112,120,1832,S12a
71,232,161,64,167,103,73,185,112,80,320,240,128,247,119,129,345,216,103,279,176,105,1880,S12a
72,224,152,72,168,96,88,183,95,73,353,280,120,272,152,136,392,256,88,304,216,112,2008,S12a
88,247,159,81,201,120,80,184,104,88,328,240,136,215,79,161,425,264,112,240,128,120,1960,S12a
64,208,144,64,184,120,72,176,104,80,320,240,135,216,81,168,295,127,145,265,120,128,1792,S12a
88,232,144,72,192,120,72,687,615,100,409,309,136,272,136,128,376,248,112,280,168,112,2560,S12a
72,2016,1944,72,208,136,72,216,144,80,344,264,144,559,415,121,352,231,129,273,144,96,4064,S12a
71,223,152,80,183,103,96,521,425,104,424,320,143,248,105,136,407,271,120,377,257,115,2498,S12a
112,1079,967,97,233,136,88,208,120,88,352,264,136,496,360,144,495,351,121,337,216,104,3304,S12a
88,311,223,105,248,143,97,233,136,88,320,232,128,344,216,127,912,785,114,304,190,111,2783,S12a
63,199,136,64,176,112,48,184,136,64,2225,2161,63,847,784,88,160,72,80,376,296,40,4207,S11a
56,167,111,64,168,104,40,152,112,65,416,351,80,224,144,80,344,264,65,296,231,64,1831,S11a
55,191,136,57,160,103,48,152,104,64,328,264,72,176,104,80,232,152,72,328,256,48,1615,S11a
48,176,128,56,160,104,56,176,120,64,329,265,71,223,152,56,288,232,72,336,264,48,1736,S11a
63,231,168,56,184,128,48,175,127,65,353,288,72,184,112,72,304,232,88,321,233,72,1824,S11a
64,360,296,64,192,128,64,192,128,56,352,296,72,168,96,48,224,176,80,256,176,104,1848,S11a
79,311,232,65,184,119,64,200,136,64,336,272,88,224,136,80,240,160,80,304,224,80,1879,S11a
72,216,144,72,176,104,49,168,119,64,328,264,88,224,136,72,192,120,80,288,208,89,1681,S11a
63,199,136,57,161,104,47,167,120,57,401,344,64,192,128,96,231,135,81,265,184,79,1695,S11a
63,231,168,73,233,160,48,192,144,64,343,279,80,272,192,104,208,104,81,297,216,55,1831,S11a
64,200,136,64,184,120,32,152,120,80,344,264,72,199,127,56,353,297,79,279,200,72,1783,S11a
72,232,160,72,216,144,32,183,151,65,353,288,88,207,119,65,249,184,72,247,175,72,1759,S11a
63,208,145,72,207,135,33,184,151,1072,345,-727,104,215,111,73,273,200,96,264,168,72,1768,S11a
72,216,144,71,184,113,55,184,129,72,320,248,79,200,121,80,224,144,80,231,151,64,1623,S11a
72,224,152,72,216,144,24,159,135,73,329,256,71,168,97,80,207,127,64,209,145,64,1576,S11a
72,215,143,81,209,128,56,168,112,64,335,271,88,209,121,80,240,160,72,200,128,64,1640,S11a
64,536,472,64,208,144,71,224,153,48,1864,1816,96,271,175,97,265,168,127,231,104,64,3663,S11a
72,223,151,64,176,112,57,185,128,80,335,255,89,153,64,88,231,143,73,209,136,72,1584,S11a
79,223,144,81,192,111,57,184,127,65,305,240,80,159,79,81,304,223,81,248,167,65,1680,S11a
80,223,143,73,224,151,16,144,128,72,336,264,81,169,88,79,271,192,73,184,111,73,1624,S11a
71,208,137,96,231,135,57,176,119,73,337,264,88,199,111,88,257,169,72,208,136,56,1672,S11a
72,207,135,73,209,136,15,144,129,72,304,232,79,160,81,71,224,153,72,207,135,72,1527,S11a
1071,216,-855,80,199,119,40,169,129,64,319,255,81,160,79,73,224,151,73,216,143,72,1575,S11a
64,216,152,71,192,121,40,151,111,72,329,257,72,183,111,80,320,240,72,168,96,81,1640,S11a
79,215,136,80,217,137,39,168,129,71,328,257,79,216,137,87,280,193,120,311,191,72,1807,S11a
72,208,136,72,175,103,57,185,128,63,319,256,97,216,119,120,256,136,96,296,200,121,1776,S11a
71,207,136,72,176,104,49,152,103,72,313,241,87,199,112,96,200,104,72,249,177,71,1567,S11a
72,208,136,71,175,104,49,176,127,73,313,240,88,535,447,113,200,87,136,240,104,80,1927,S11a
72,207,135,64,168,104,48,177,129,63,311,248,81,192,111,72,200,128,89,233,144,79,1567,S11a
63,223,160,72,177,105,64,175,111,73,328,255,96,216,120,104,197,93,75,251,176,80,1647,S11a
80,279,199,72,184,112,64,192,128,64,312,248,105,568,463,96,176,80,72,296,224,64,2071,S11a
64,224,160,64,192,128,32,169,137,71,327,256,80,176,96,112,200,88,73,257,184,79,1624,S11a
57,217,160,71,191,120,48,176,128,73,352,279,72,160,88,96,224,128,65,224,159,81,1625,S11a
72,208,136,65,184,119,48,176,128,65,337,272,88,223,135,96,192,96,65,280,215,73,1673,S11a
63,199,136,72,208,136,40,168,128,73,352,279,72,136,64,88,240,152,72,217,145,71,1591,S11a
64,215,151,64,192,128,24,168,144,64,336,272,80,209,129,104,223,119,64,216,152,97,1656,S11a
64,232,168,63,183,120,40,184,144,64,345,281,71,159,88,88,240,152,73,392,319,128,1863,S11a
87,223,136,88,240,152,40,193,153,79,360,281,111,207,96,80,192,112,88,240,152,72,1727,S11a
56,216,160,64,201,137,39,199,160,65,353,288,87,207,120,113,208,95,80,240,160,80,1704,S11a
56,224,168,72,240,168,48,200,152,72,344,272,88,200,112,80,256,176,112,880,768,96,2440,S11a
87,239,152,64,208,144,48,192,144,65,360,295,88,304,216,72,1273,1201,119,743,624,80,3399,S11a
79,215,136,88,192,104,64,200,136,80,312,232,96,216,120,80,208,128,72,320,248,80,1743,S11a
72,216,144,72,200,128,56,184,128,80,352,272,88,721,633,111,279,168,104,239,135,73,2264,S11a
80,232,152,72,352,280,96,264,168,96,393,297,79,358,279,89,225,136,112,320,208,79,2223,S11a
72,1392,1320,112,256,144,56,208,152,64,416,352,88,232,144,95,696,601,144,240,96,79,3519,S11a
96,248,152,88,232,144,40,183,143,64,369,305,88,224,136,80,311,231,89,281,192,104,1952,S11a
64,239,175,73,232,159,48,217,169,63,400,337,80,272,192,80,232,152,80,287,207,72,1951,S11a
72,263,191,81,224,143,48,185,137,72,704,632,72,237,165,74,339,265,72,200,128,64,2216,S11a
79,240,161,72,183,111,65,216,151,57,376,319,81,249,168,71,328,257,72,311,239,65,1968,S11a
72,216,144,72,183,111,65,208,143,64,337,273,80,200,120,80,240,160,63,240,177,48,1672,S11a
63,200,137,80,176,96,63,199,136,64,328,264,73,176,103,73,257,184,64,231,167,48,1615,S11a
79,232,153,79,208,129,47,175,128,65,321,256,103,351,248,112,257,145,103,344,241,80,1968,S11a
113,416,303,113,217,104,184,192,8,104,879,775,97,304,207,105,233,128,104,672,568,79,2992,S11a
96,240,144,64,184,120,49,177,128,71,1928,1857,112,231,119,121,288,167,105,273,168,88,3409,S11a
81,241,160,79,207,128,168,170,2,78,334,256,120,248,128,96,233,137,127,287,160,56,1776,S11a
120,271,151,105,200,95,137,144,7,112,377,265,87,239,152,80,208,128,136,296,160,65,1800,S11a
104,263,159,105,224,119,152,137,-15,112,368,256,103,216,113,72,271,199,96,361,265,40,1880,S11a
72,233,161,87,207,120,152,137,-15,103,375,272,81,224,143,56,224,168,96,288,192,32,1720,S11a
71,231,160,96,249,153,111,143,32,104,376,272,112,328,216,64,208,144,97,256,159,40,1831,S11a
81,233,152,79,191,112,57,200,143,57,473,416,63,199,136,80,248,168,72,280,208,49,1873,S11a
95,231,136,72,184,112,56,185,129,88,351,263,120,216,96,80,480,400,120,272,152,80,1999,S11a
97,264,167,104,232,128,152,145,-7,95,359,264,96,200,104,120,272,152,112,344,232,72,1888,S11a
104,280,176,105,208,103,144,120,-24,112,336,224,88,176,88,80,240,160,73,240,167,56,1656,S11a
71,232,161,80,216,136,111,135,24,113,352,239,97,224,127,88,281,193,120,255,135,73,1768,S11a
96,279,183,72,264,192,121,152,31,105,425,320,87,207,120,97,249,152,128,320,192,40,1936,S11a
95,336,241,64,279,215,137,120,-17,106,352,246,97,240,143,81,265,184,88,263,175,48,1903,S11a
72,224,152,56,160,104,72,200,128,64,319,255,89,272,183,57,265,208,88,296,208,80,1816,S11a
96,248,152,95,200,105,128,105,-23,103,350,247,89,209,120,72,192,120,95,256,161,64,1624,S11a
104,239,135,72,185,113,64,192,128,64,352,288,112,256,144,80,375,295,72,304,232,80,1983,S11a
96,239,143,89,193,104,152,128,-24,104,352,248,88,280,192,80,224,144,103,391,288,33,1840,S11a
103,256,153,104,184,80,128,112,-16,112,336,224,120,215,95,56,201,145,112,311,199,73,1688,S11a
71,223,152,81,192,111,128,105,-23,96,303,207,121,200,79,81,224,143,121,313,192,63,1623,S11a
72,232,160,80,216,136,111,96,-15,96,295,199,105,161,56,80,224,144,87,255,168,49,1528,S11a
87,224,137,104,207,103,121,105,-16,88,319,231,97,193,96,80,247,167,88,272,184,48,1615,S11a
80,223,143,105,185,80,136,120,-16,88,312,224,87,2048,1961,72,271,199,105,425,320,71,3655,S11a
64,199,135,105,184,79,160,120,-40,104,849,745,103,415,312,120,224,104,72,345,273,72,2408,S11a
65,192,127,72,160,88,64,185,121,72,319,247,81,168,87,72,232,160,73,289,216,63,1608,S11a
64,160,96,72,168,96,40,153,113,71,335,264,64,216,152,73,201,128,63,423,360,56,1712,S11a
63,191,128,64,169,105,55,175,120,72,328,256,72,2816,2744,104,624,520,64,409,345,55,4767,S11a
63,208,145,64,191,127,40,176,136,72,344,272,72,184,112,81,256,175,72,208,136,64,1631,S11a
72,200,128,72,297,225,144,167,23,104,440,336,80,192,112,112,224,112,80,248,168,72,1840,S11a
63,207,144,65,169,104,47,183,136,64,328,264,81,152,71,96,264,168,64,232,168,64,1599,S11a
72,215,143,88,193,105,151,119,-32,128,425,297,103,528,425,112,479,367,72,224,152,81,2264,S11a
64,208,144,64,168,104,56,208,152,72,560,488,73,288,215,120,328,208,80,360,280,72,2192,S11a
63,191,128,72,6736,6664,120,159,39,113,417,304,80,232,152,96,208,112,64,312,248,64,8319,S11a
64,200,136,81,216,135,48,184,136,72,312,240,72,168,96,136,248,112,64,240,176,72,1640,S11a
79,207,128,80,184,104,63,184,121,72,328,256,72,128,56,104,328,224,64,360,296,72,1791,S11a
80,256,176,72,199,127,57,145,88,112,344,232,95,160,65,104,280,176,96,296,200,80,1760,S11a
79,247,168,89,217,128,152,127,-25,88,305,217,104,168,64,104,280,176,72,263,191,56,1663,S11a
70,223,153,71,199,128,161,129,-32,95,352,257,88,184,96,111,232,121,80,248,168,56,1623,S11a
72,232,160,72,272,200,144,120,-24,104,408,304,72,320,248,120,240,120,88,288,200,64,1944,S11a
80,287,207,105,297,192,143,104,-39,120,440,320,112,183,71,105,225,120,87,296,209,64,1896,S11a
80,248,168,80,191,111,161,121,-40,88,392,304,88,199,111,97,240,143,81,289,208,56,1736,S11a
88,248,160,71,232,161,120,121,1,71,1295,1224,80,192,112,105,319,214,73,216,143,64,2687,S11a
64,231,167,73,208,135,64,201,137,56,272,216,88,176,88,80,248,168,105,208,103,48,1592,S11a
56,208,152,64,184,120,39,176,137,72,327,255,73,184,111,97,233,136,71,256,185,48,1616,S11a
64,216,152,72,184,112,56,191,135,72,953,881,80,175,95,112,273,161,72,263,191,56,2311,S11a
71,207,136,105,223,118,116,88,-28,105,439,334,98,648,550,105,328,223,73,248,175,88,2269,S11a
98,267,169,81,237,156,57,192,135,74,376,302,90,315,225,103,270,167,105,287,182,65,2009,S11a
82,201,119,121,192,71,129,111,-18,122,343,221,107,186,79,113,303,190,106,1344,1238,98,2778,S11a
82,216,134,98,224,126,52,65,13,121,376,255,97,208,111,97,488,391,65,376,311,81,2034,S11a
73,192,119,57,168,111,49,296,247,81,1016,935,89,176,87,89,328,239,81,216,135,73,2465,S11a
82,256,174,121,200,79,105,120,15,124,376,252,122,257,135,97,351,254,65,216,151,57,1833,S11a
64,184,120,81,168,87,65,168,103,67,319,252,83,192,109,82,217,135,57,232,175,65,1545,S11a
74,177,103,74,232,158,57,207,150,73,328,255,81,176,95,89,201,112,73,224,151,73,1618,S11a
80,256,176,81,200,119,57,184,127,81,336,255,104,256,152,90,240,150,81,337,256,49,1858,S11a
74,233,159,73,224,151,26,183,157,66,385,319,97,208,111,90,296,206,57,248,191,56,1833,S11a
91,210,119,121,191,70,74,88,14,122,377,255,113,280,167,129,184,55,81,248,167,65,1643,S11a
97,216,119,105,192,87,89,90,1,104,310,206,113,208,95,97,272,175,105,256,151,73,1617,S11a
66,193,127,65,176,111,41,160,119,64,287,223,106,201,95,108,214,106,74,266,192,65,1562,S11a
78,200,122,72,192,120,42,168,126,73,328,255,97,216,119,89,208,119,82,232,150,74,1618,S11a
96,224,128,81,192,111,41,184,143,65,280,215,73,184,111,74,176,102,65,224,159,89,1553,S11a
65,193,128,80,191,111,49,185,136,72,288,216,90,241,151,82,215,133,82,320,238,41,1674,S11a
81,216,135,113,240,127,41,184,143,73,320,247,97,192,95,97,288,191,74,240,166,82,1762,S11a
115,265,150,72,199,127,50,185,135,66,337,271,73,166,93,90,250,160,65,232,167,73,1707,S11a
66,201,135,73,199,126,41,169,128,81,328,247,103,183,80,105,226,121,79,183,104,57,1546,S11a
74,202,128,113,271,158,43,176,133,74,313,239,73,167,94,98,241,143,57,224,167,56,1650,S11a
81,192,111,129,272,143,57,192,135,73,352,279,82,232,150,97,208,111,81,240,159,57,1745,S11a
69,201,132,73,184,111,40,184,144,65,304,239,58,1240,1182,97,296,199,74,248,174,82,2739,S11a
73,216,143,65,192,127,49,184,135,65,320,255,74,160,86,81,271,190,66,233,167,57,1633,S11a
73,215,142,105,241,136,64,231,167,66,297,231,89,175,86,97,273,176,52,168,116,65,1665,S11a
82,208,126,74,192,118,48,200,152,81,352,271,81,255,174,98,297,199,50,248,198,57,1809,S11a
73,223,150,66,192,126,58,232,174,51,1312,1261,82,176,94,105,248,143,81,200,119,74,2657,S11a
74,224,150,70,192,122,33,184,151,65,328,263,80,192,112,98,264,166,58,224,166,50,1658,S11a
74,216,142,58,169,111,48,167,119,66,312,246,74,192,118,82,384,302,73,264,191,82,1786,S11a
98,235,137,71,181,110,42,176,134,66,313,247,89,184,95,89,319,230,74,241,167,49,1698,S11a
75,215,140,160,202,42,32,166,134,73,289,216,73,192,119,89,239,150,65,194,129,126,1623,S11a
73,208,135,73,184,111,41,176,135,57,295,238,73,193,120,97,215,118,58,232,174,73,1576,S11a
81,200,119,90,193,103,33,183,150,82,304,222,90,168,78,97,241,144,89,231,142,73,1593,S11a
82,184,102,154,289,135,40,175,135,82,312,230,114,177,63,97,239,142,82,264,182,66,1706,S11a
89,248,159,82,289,207,57,199,142,65,465,400,56,255,199,98,272,174,50,425,375,64,2217,S11a
90,208,118,121,224,103,49,185,136,81,335,254,66,177,111,80,240,160,81,240,159,56,1665,S11a
81,207,126,95,225,130,25,168,143,82,327,245,74,153,79,89,232,143,108,192,84,65,1569,S11a
81,216,135,112,208,96,41,184,143,73,336,263,82,176,94,97,616,519,121,272,151,88,2096,S11a
80,216,136,106,224,118,41,184,143,65,328,263,81,176,95,106,328,222,90,232,142,90,1778,S11a
82,232,150,82,184,102,58,183,125,73,345,272,66,191,125,91,233,142,66,266,200,127,1761,S11a
106,234,128,105,200,95,49,182,133,74,322,248,76,184,108,81,208,127,73,238,165,66,1634,S11a
81,216,135,89,216,127,113,96,-17,121,415,294,74,217,143,90,207,117,78,233,155,73,1673,S11a
82,224,142,65,185,120,48,183,135,56,296,240,82,200,118,105,240,135,73,248,175,73,1649,S11a
97,232,135,74,208,134,41,248,207,74,792,718,90,680,590,114,217,103,112,288,176,95,2760,S11a
81,233,152,120,199,79,97,88,-9,121,368,247,122,144,22,121,248,127,90,208,118,89,1577,S11a
73,208,135,73,184,111,48,184,136,65,296,231,66,200,134,113,264,151,81,264,183,65,1665,S11a
74,201,127,89,191,102,49,184,135,66,304,238,89,184,95,105,256,151,66,289,223,65,1674,S11a
74,224,150,74,193,119,48,194,146,55,285,230,82,137,55,144,303,159,73,233,160,65,1634,S11a
65,192,127,82,200,118,33,160,127,74,303,229,82,161,79,105,304,199,82,248,166,32,1600,S11a
65,208,143,66,176,110,41,168,127,58,296,238,65,143,78,121,232,111,65,176,111,58,1457,S11a
66,208,142,65,176,111,58,193,135,72,336,264,65,143,78,90,409,319,65,271,206,57,1793,S11a
73,208,135,65,200,135,33,168,135,65,336,271,65,160,95,81,288,207,48,200,152,65,1625,S11a
73,208,135,65,184,119,56,184,128,66,304,238,74,161,87,81,239,158,66,328,262,73,1681,S11a
90,776,686,114,1313,1199,177,320,143,153,440,287,98,240,142,106,296,190,82,256,174,80,3721,S11a
82,217,135,89,216,127,49,185,136,65,311,246,82,144,62,105,225,120,65,224,159,33,1555,S11a
89,232,143,81,192,111,52,184,132,72,328,256,81,183,102,114,1458,1344,72,215,143,49,2841,S11a
65,200,135,66,184,118,49,184,135,65,328,263,100,185,85,80,480,400,73,223,150,57,1841,S11a
72,216,144,73,191,118,42,184,142,67,345,278,73,208,135,89,264,175,65,232,167,65,1705,S11a
65,208,143,72,200,128,49,200,151,65,328,263,74,176,102,106,241,135,64,207,143,65,1625,S11a
65,208,143,82,200,118,42,176,134,58,328,270,65,200,135,81,209,128,65,216,151,65,1602,S11a
74,208,134,82,200,118,65,184,119,65,1048,983,66,184,118,73,488,415,74,656,582,82,3050,S11a
73,240,167,73,223,150,10,161,151,73,344,271,64,144,80,81,296,215,65,200,135,57,1665,S11a
90,216,126,73,184,111,57,176,119,64,319,255,90,129,39,121,368,247,81,520,439,105,2017,S11a
89,240,151,74,192,118,74,224,150,57,304,247,82,128,46,114,232,118,65,184,119,73,1577,S11a
73,210,137,65,191,126,56,199,143,107,370,263,73,152,79,97,262,165,83,242,159,49,1675,S11a
97,1128,1031,82,216,134,65,208,143,73,632,559,74,153,79,56,1504,1448,57,456,399,81,4378,S11a
65,216,151,73,184,111,49,183,134,75,313,238,73,200,127,98,673,575,72,240,168,89,2098,S11a
73,216,143,66,209,143,33,152,119,73,384,311,73,152,79,81,328,247,89,256,167,73,1770,S11a
65,225,160,97,168,71,97,80,-17,113,359,246,98,161,63,97,239,142,97,233,136,81,1546,S11a
89,240,151,106,176,70,113,114,1,159,366,207,106,176,70,82,232,150,89,240,151,66,1610,S11a
102,393,291,162,360,198,74,48,-26,145,616,471,105,240,135,130,248,118,90,248,158,57,2210,S11a
89,249,160,105,239,134,128,104,-24,113,440,327,82,168,86,105,272,167,90,248,158,74,1794,S11a
89,248,159,113,192,79,145,136,-9,130,393,263,96,247,151,114,264,150,106,248,142,97,1825,S11a
105,264,159,121,208,87,144,128,-16,129,392,263,97,207,110,122,280,158,106,297,191,73,1849,S11a
81,272,191,129,232,103,161,144,-17,122,945,823,137,559,422,106,368,262,106,257,151,89,2866,S11a
98,304,206,130,272,142,145,112,-33,138,424,286,137,152,15,82,258,176,79,190,111,75,1787,S11a
89,240,151,106,192,86,145,128,-17,114,392,278,97,183,86,90,265,175,74,232,158,73,1705,S11a
98,248,150,114,201,87,168,151,-17,104,472,368,81,176,95,89,329,240,73,240,167,73,1890,S11a
90,240,150,121,184,63,154,128,-26,114,448,334,97,968,871,154,225,71,153,368,215,113,2674,S11a
97,240,143,114,176,62,153,120,-33,122,424,302,113,200,87,154,281,127,101,287,186,74,1802,S11a
98,240,142,106,168,62,169,128,-41,106,368,262,98,145,47,97,288,191,114,256,142,81,1674,S11a
121,272,151,121,184,63,146,128,-18,113,385,272,97,128,31,104,2040,1936,153,264,111,65,3466,S11a
106,256,150,153,193,40,185,143,-42,130,385,255,121,200,79,145,607,462,90,241,151,81,2106,S11a
98,240,142,106,201,95,168,127,-41,113,352,239,98,224,126,105,248,143,89,258,169,54,1704,S11a
113,230,117,122,177,55,179,137,-42,113,352,239,88,174,86,107,314,207,73,240,167,80,1704,S11a
98,256,158,113,168,55,249,200,-49,145,383,238,122,201,79,105,232,127,97,200,103,107,1747,S11a
97,240,143,137,184,47,217,184,-33,97,368,271,113,192,79,121,280,159,81,215,134,58,1721,S11a
97,224,127,104,159,55,170,144,-26,105,337,232,112,167,55,114,265,151,80,216,136,82,1594,S11a
89,224,135,89,152,63,162,144,-18,98,359,261,82,137,55,98,256,158,90,200,110,90,1562,S11a
90,233,143,96,143,47,194,160,-34,97,345,248,112,168,56,97,255,158,90,185,95,65,1554,S11a
90,232,142,106,136,30,177,144,-33,97,336,239,74,433,359,97,400,303,89,488,399,65,2234,S11a
89,232,143,98,128,30,178,152,-26,90,329,239,65,911,846,41,1017,976,74,368,294,73,3210,S11a
98,248,150,122,161,39,161,127,-34,105,304,199,113,160,47,130,248,118,82,248,166,66,1562,S11a
90,217,127,113,128,15,178,136,-42,113,312,199,113,184,71,113,225,112,80,223,143,66,1491,S11a
81,208,127,97,160,63,146,128,-18,98,288,190,114,184,70,82,232,150,65,192,127,82,1474,S11a
97,231,134,107,161,54,170,136,-34,90,296,206,114,176,62,105,336,231,74,256,182,66,1658,S11a
34,1114,1080,88,176,88,151,136,-15,96,336,240,104,215,111,88,281,193,88,360,272,64,2682,S11a
104,224,120,79,336,257,104,256,152,104,352,248,120,280,160,96,176,80,104,240,136,80,1944,S11a
80,216,136,104,184,80,120,120,0,72,288,216,120,200,80,88,240,152,80,280,200,96,1624,S11a
80,224,144,88,176,88,144,112,-32,112,336,224,120,200,80,88,216,128,80,240,160,56,1560,S11a
80,216,136,104,160,56,144,112,-32,96,352,256,88,192,104,112,224,112,96,248,152,64,1568,S11a
90,240,150,112,176,64,139,104,-35,104,360,256,128,184,56,112,232,120,104,208,104,80,1584,S11a
104,224,120,112,160,48,136,104,-32,104,367,263,81,169,88,88,288,200,120,208,88,72,1592,S11a
80,217,137,111,199,88,119,104,-15,96,352,256,104,184,80,113,248,135,104,184,80,80,1568,S11a
80,209,129,95,199,104,88,56,-32,104,368,264,96,145,49,104,256,152,95,359,264,80,1672,S11a
87,224,137,103,159,56,128,112,-16,80,321,241,111,143,32,104,472,368,72,209,137,64,1704,S11a
39,168,129,120,176,56,104,80,-24,103,352,249,111,272,161,112,200,88,95,520,425,80,1848,S11a
80,217,137,63,191,128,72,113,41,104,352,248,103,184,81,88,216,128,95,464,369,96,1833,S11a
88,240,152,80,137,57,135,112,-23,71,303,232,96,176,80,104,304,200,88,232,144,104,1608,S11a
72,200,128,88,160,72,120,95,-25,97,393,296,80,152,72,80,295,215,104,769,665,88,2152,S11a
110,232,122,136,168,32,160,95,-65,137,897,760,127,104,-23,112,528,416,112,344,232,88,2456,S11a
80,232,152,80,184,104,104,80,-24,80,2552,2472,88,992,904,106,192,86,104,1665,1561,95,5992,S11a
80,208,128,128,136,8,168,129,-39,119,376,257,151,1671,1520,120,224,104,120,289,169,79,3112,S11a
104,240,136,200,336,136,96,65,-31,135,823,688,96,312,216,120,296,176,104,256,152,88,2416,S11a
88,217,129,104,168,64,127,96,-31,103,344,241,151,208,57,95,295,200,104,400,296,72,1800,S11a
103,256,153,95,184,89,119,88,-31,103,391,288,104,417,313,119,232,113,151,232,81,112,1912,S11a
87,216,129,103,192,89,108,80,-28,104,304,200,136,200,64,103,216,113,112,240,128,80,1528,S11a
79,223,144,97,153,56,168,128,-40,112,312,200,135,240,105,120,232,112,88,232,144,71,1591,S11a
88,232,144,80,160,80,128,96,-32,96,296,200,128,168,40,88,224,136,80,208,128,88,1472,S11a
88,216,128,96,176,80,111,96,-15,80,272,192,128,160,32,80,208,128,72,248,176,56,1432,S11a
80,200,120,88,192,104,112,72,-40,120,304,184,128,192,64,80,216,136,80,216,136,80,1472,S11a
72,199,127,105,161,56,103,88,-15,96,288,192,120,192,72,80,208,128,72,240,168,72,1448,S11a
88,216,128,176,248,72,128,88,-40,112,383,271,129,225,96,88,184,96,88,240,152,56,1640,S11a
80,216,136,120,152,32,143,128,-15,80,312,232,128,1105,977,79,183,104,112,232,120,72,2400,S11a
96,216,120,152,184,32,176,136,-40,120,345,225,119,224,105,79,383,304,128,313,185,103,1904,S11a
80,215,135,128,161,33,143,111,-32,120,328,208,128,200,72,104,256,152,72,240,168,80,1591,S11a
95,216,121,111,168,57,159,120,-39,111,312,201,104,232,128,87,207,120,81,264,183,56,1575,S11a
103,216,113,120,176,56,151,128,-23,87,288,201,128,200,72,79,216,137,79,247,168,73,1544,S11a
88,216,128,103,184,81,152,112,-40,104,383,279,104,424,320,105,217,112,112,352,240,64,1952,S11a
80,224,144,64,192,128,48,144,96,80,405,325,91,243,152,96,264,168,88,280,192,72,1824,S11a
88,272,184,80,184,104,147,112,-35,96,440,344,104,304,200,80,312,232,104,272,168,64,1960,S11a
88,216,128,112,184,72,138,104,-34,96,408,312,112,208,96,80,376,296,80,232,152,72,1800,S11a
88,264,176,104,152,48,160,128,-32,112,384,272,120,216,96,88,320,232,88,288,200,64,1816,S11a
88,216,128,104,144,40,200,144,-56,128,408,280,104,904,800,104,336,232,104,193,89,71,2416,S11a
104,248,144,96,176,80,160,104,-56,104,367,263,129,209,80,88,224,136,112,208,96,80,1616,S11a
96,232,136,112,152,40,192,136,-56,120,633,513,119,287,168,96,728,632,88,192,104,88,2448,S11a
105,353,248,120,544,424,248,201,-47,127,840,713,127,191,64,88,257,169,103,207,104,80,2673,S11a
87,224,137,103,240,137,159,127,-32,112,408,296,105,208,103,80,216,136,96,225,129,64,1712,S11a
81,233,152,80,160,80,160,128,-32,96,320,224,95,200,105,71,200,129,95,232,137,55,1528,S11a
80,209,129,103,176,73,160,136,-24,96,328,232,103,336,233,103,208,105,95,280,185,80,1753,S11a
87,216,129,88,184,96,161,136,-25,104,360,256,104,192,88,64,216,152,88,240,152,55,1599,S11a
72,224,152,80,160,80,160,160,0,88,320,232,112,200,88,63,256,193,104,232,128,88,1640,S11a
80,224,144,80,168,88,184,184,0,56,712,656,120,232,112,120,512,392,56,320,264,56,2408,S11a
64,848,784,160,200,40,248,160,-88,128,600,472,104,170,66,102,238,136,88,168,80,80,2464,S11a
56,264,208,80,168,88,192,160,-32,96,344,248,112,168,56,112,248,136,104,224,120,56,1632,S11a
88,264,176,80,160,80,168,136,-32,96,320,224,112,176,64,104,248,144,96,248,152,64,1616,S11a
104,248,144,96,177,81,207,151,-56,112,504,392,120,568,448,128,400,272,128,440,312,56,2544,S11a
104,288,184,232,456,224,288,200,-88,152,2377,2225,79,359,280,56,689,633,79,280,201,55,4704,S11a
103,256,153,143,200,57,215,143,-72,136,585,449,79,168,89,95,238,143,81,202,121,79,1871,S11a
104,233,129,111,168,57,208,152,-56,128,328,200,111,192,81,111,200,89,95,488,393,104,1865,S11a
112,248,136,152,216,64,176,136,-40,120,328,208,160,200,40,96,216,120,96,248,152,104,1696,S11a
95,240,145,96,168,72,176,136,-40,104,312,208,120,200,80,104,216,112,95,224,129,80,1576,S11a
104,256,152,80,168,88,176,136,-40,104,375,271,65,177,112,112,240,128,104,192,88,88,1632,S11a
104,256,152,96,208,112,208,152,-56,104,328,224,136,752,616,104,160,56,112,288,176,103,2247,S11a
88,256,168,104,136,32,216,160,-56,112,360,248,112,160,48,112,296,184,104,184,80,104,1656,S11a
104,256,152,72,152,80,184,128,-56,112,320,208,120,160,40,104,184,80,112,184,72,104,1488,S11a
104,256,152,40,201,161,168,168,0,111,415,304,128,208,80,104,197,93,99,251,152,56,1752,S11a
111,264,153,135,176,41,191,136,-55,111,352,241,119,320,201,127,288,161,127,296,169,112,1944,S11a
96,248,152,87,168,81,192,152,-40,96,312,216,160,248,88,95,248,153,128,304,176,79,1759,S11a
105,265,160,104,176,72,200,152,-48,87,336,249,112,192,80,144,232,88,128,312,184,79,1744,S11a
64,240,176,80,176,96,168,112,-56,96,344,248,112,208,96,128,328,200,112,272,160,79,1759,S11a
88,240,152,80,168,88,168,128,-40,112,320,208,104,592,488,80,208,128,128,344,216,96,2096,S11a
96,248,152,72,152,80,184,144,-40,104,328,224,112,192,80,120,256,136,72,272,200,80,1672,S11a
88,240,152,80,184,104,144,104,-40,96,400,304,120,232,112,88,224,136,80,304,224,64,1752,S11a
88,232,144,104,192,88,216,152,-64,144,752,608,96,224,128,80,1344,1264,128,504,376,96,3496,S11a
80,232,152,128,176,48,200,136,-64,112,345,233,127,303,176,128,232,104,112,288,176,112,1824,S11a
112,240,128,128,192,64,216,152,-64,120,369,249,111,239,128,136,288,152,128,280,152,96,1856,S11a
88,248,160,88,168,80,208,145,-63,127,352,225,135,231,96,96,248,152,105,297,192,119,1808,S11a
104,232,128,111,192,81,191,136,-55,119,344,225,127,207,80,89,217,128,119,232,113,79,1639,S11a
103,239,136,104,209,105,143,120,-23,119,407,288,113,400,287,96,185,89,127,288,161,79,1927,S11a
95,232,137,103,184,81,167,120,-47,104,664,560,128,184,56,88,264,176,72,240,168,72,1960,S11a
88,240,152,104,200,96,152,352,200,104,1055,951,121,1313,1192,136,240,104,80,400,320,80,3880,S11a
64,192,128,72,632,560,104,256,152,80,352,272,96,216,120,104,264,160,80,240,160,64,2216,S11a
104,296,192,128,192,64,176,120,-56,120,808,688,112,192,80,120,328,208,96,224,128,80,2240,S11a
104,232,128,88,184,96,143,124,-19,92,3900,3808,176,424,248,120,304,184,152,336,184,128,5632,S11a
119,271,152,136,176,40,192,152,-40,160,680,520,152,192,40,112,721,609,119,199,80,112,2503,S11a
96,241,145,127,160,33,175,120,-55,119,352,233,111,176,65,95,223,128,104,265,161,79,1616,S11a
120,296,176,104,193,89,199,152,-47,119,368,249,119,216,97,119,224,105,103,240,137,79,1768,S11a
103,232,129,135,216,81,143,104,-39,136,360,224,144,200,56,104,231,127,120,297,177,88,1728,S11a
104,240,136,128,184,56,152,111,-41,121,369,248,120,216,96,104,272,168,112,264,152,72,1728,S11a
128,248,120,128,208,80,144,96,-48,120,800,680,88,520,432,128,160,32,120,304,184,104,2440,S11a
104,272,168,184,344,160,232,128,-104,176,704,528,104,400,296,120,200,80,136,288,152,104,2440,S11a
96,240,144,112,176,64,151,112,-39,120,344,224,136,240,104,96,248,152,104,248,144,80,1688,S11a
96,240,144,104,192,88,176,128,-48,128,399,271,113,649,536,104,183,79,129,337,208,80,2208,S11a
80,256,176,88,176,88,160,112,-48,128,376,248,152,624,472,120,200,80,128,360,232,104,2208,S11a
104,256,152,112,168,56,176,120,-56,136,353,217,143,223,80,88,280,192,128,248,120,80,1728,S11a
87,223,136,64,192,128,72,184,112,80,377,297,71,271,200,88,192,104,72,232,160,104,1775,S11a
71,223,152,56,184,128,65,193,128,79,304,225,87,215,128,80,177,97,79,607,528,73,1976,S11a
79,215,136,80,217,137,39,167,128,80,352,272,80,209,129,55,232,177,80,215,135,64,1671,S11a
87,256,169,87,672,585,79,240,161,80,351,271,96,217,121,80,264,184,64,248,184,63,2311,S11a
127,351,224,159,255,96,184,153,-31,136,464,328,151,496,345,80,383,303,89,241,152,64,2407,S11a
121,232,111,128,168,40,144,96,-48,112,1208,1096,128,544,416,88,336,248,80,208,128,72,2864,S11a
103,216,113,112,168,56,128,104,-24,104,1240,1136,88,240,152,112,288,176,96,248,152,56,2560,S11a
128,232,104,168,200,32,184,152,-32,128,425,297,135,248,113,87,175,88,120,272,152,104,1808,S11a
79,215,136,96,152,56,144,112,-32,104,297,193,119,168,49,79,336,257,128,222,94,74,1576,S11a
87,207,120,103,185,82,119,96,-23,79,295,216,104,257,153,80,376,296,80,232,152,64,1712,S11a
88,208,120,103,160,57,159,120,-39,88,323,235,117,189,72,80,447,367,104,297,193,63,1807,S11a
95,200,105,128,176,48,160,112,-48,112,296,184,136,224,88,88,216,128,80,224,144,64,1512,S11a
88,232,144,104,200,96,123,96,-27,80,304,224,112,200,88,71,192,121,80,208,128,55,1487,S11a
95,216,121,112,183,71,120,105,-15,79,269,190,123,203,80,71,232,161,80,416,336,79,1703,S11a
79,192,113,127,208,81,127,95,-32,88,313,225,128,192,64,80,256,176,64,248,184,56,1560,S11a
88,192,104,112,152,40,152,120,-32,88,312,224,104,208,104,80,232,152,80,256,176,48,1520,S11a
81,209,128,120,184,64,160,112,-48,112,312,200,128,232,104,80,192,112,80,232,152,88,1561,S11a
88,192,104,112,168,56,136,96,-40,96,296,200,135,192,57,88,192,104,80,216,136,56,1408,S11a
80,200,120,112,192,80,112,72,-40,96,328,232,136,192,56,80,200,120,80,248,168,56,1488,S11a
88,216,128,104,168,64,128,88,-40,112,360,248,104,176,72,96,200,104,80,208,128,56,1472,S11a
80,192,112,112,192,80,120,88,-32,112,312,200,128,208,80,64,240,176,64,312,248,64,1608,S11a
72,192,120,96,176,80,96,80,-16,96,320,224,104,184,80,73,192,119,80,200,120,56,1400,S11a
87,223,136,104,200,96,144,112,-32,88,345,257,79,1752,1673,71,272,201,79,663,584,80,3647,S11a
79,207,128,88,225,137,144,144,0,87,1384,1297,104,680,576,80,248,168,80,224,144,56,3168,S11a
41,1241,1200,56,184,128,47,168,121,64,376,312,88,360,272,63,288,225,80,208,128,80,2905,S11a
88,216,128,104,144,40,154,120,-34,96,328,232,112,248,136,88,312,224,80,224,144,72,1664,S11a
72,224,152,72,200,128,56,208,152,56,352,296,80,232,152,88,224,136,80,216,136,88,1744,S11a
56,184,128,72,192,120,48,184,136,80,448,368,88,240,152,104,248,144,72,232,160,80,1808,S11a
64,192,128,88,200,112,56,200,144,64,408,344,72,680,608,88,200,112,104,240,136,72,2192,S11a
72,224,152,72,608,536,96,264,168,88,744,656,104,336,232,96,248,152,64,216,152,72,2712,S11a
80,200,120,80,184,104,80,240,160,64,328,264,80,224,144,80,280,200,56,256,200,72,1784,S11a
81,232,151,72,208,136,56,208,152,64,361,297,71,247,176,80,232,152,80,272,192,64,1824,S11a
80,240,160,72,200,128,64,216,152,72,377,305,71,216,145,71,240,169,79,191,112,80,1760,S11a
80,217,137,87,1520,1433,79,256,177,71,735,664,80,1177,1097,80,232,152,87,263,176,64,4464,S11a
87,240,153,79,1680,1601,88,248,160,79,400,321,80,552,472,104,352,248,80,256,176,64,3792,S11a
64,208,144,80,208,128,64,208,144,80,384,304,104,216,112,88,256,168,72,224,152,64,1768,S11a
89,241,152,72,184,112,80,248,168,72,384,312,104,216,112,80,224,144,72,192,120,88,1777,S11a
80,216,136,80,200,120,72,216,144,88,416,328,80,224,144,80,256,176,72,200,128,112,1840,S11a
80,648,568,80,256,176,80,232,152,80,472,392,72,1224,1152,88,816,728,104,304,200,64,4016,S11a
80,256,176,88,240,152,80,248,168,80,496,416,80,1144,1064,72,280,208,80,440,360,80,3184,S11a
79,255,176,72,248,176,63,312,249,64,552,488,72,248,176,96,272,176,72,248,176,56,2191,S11a
80,232,152,80,216,136,64,225,161,79,448,369,79,207,128,88,315,227,69,310,241,80,2033,S11a
71,232,161,71,224,153,47,200,153,79,416,337,88,872,784,80,304,224,96,296,200,80,2624,S11a
72,296,224,88,353,265,70,278,208,64,504,440,72,288,216,58,280,222,96,296,200,47,2342,S11a
88,272,184,72,216,144,71,256,185,56,376,320,79,760,681,64,408,344,80,328,248,72,2688,S11a
88,264,176,80,448,368,72,248,176,56,416,360,80,552,472,72,328,256,64,216,152,48,2520,S11a
80,200,120,88,200,112,64,216,152,80,400,320,89,216,127,80,264,184,80,240,160,64,1800,S11a
56,208,152,80,200,120,56,216,160,72,521,449,63,407,344,80,1080,1000,80,264,184,56,2952,S11a
80,209,129,71,215,144,48,224,176,72,464,392,64,288,224,80,305,225,63,344,281,103,2152,S11a
80,216,136,81,216,135,72,217,145,79,424,345,87,384,297,80,239,159,56,240,184,88,2024,S11a
66,220,154,79,232,153,72,256,184,64,439,375,96,281,185,87,280,193,80,208,128,71,1987,S11a
112,264,152,79,280,201,72,280,208,103,423,320,104,217,113,80,239,159,89,217,128,80,2000,S11a
88,240,152,64,200,136,80,232,152,80,400,320,88,208,120,88,296,208,80,208,128,64,1848,S11a
72,224,152,72,184,112,80,232,152,80,416,336,79,232,153,56,256,200,64,168,104,80,1792,S11a
88,248,160,80,216,136,64,216,152,72,368,296,88,192,104,80,256,176,72,216,144,56,1768,S11a
80,216,136,80,216,136,64,224,160,72,400,328,88,240,152,72,272,200,72,184,112,88,1840,S11a
80,232,152,80,208,128,72,240,168,80,392,312,80,280,200,80,280,200,72,224,152,80,1936,S11a
80,224,144,80,224,144,72,248,176,80,432,352,88,296,208,96,344,248,80,232,152,72,2072,S11a
80,248,168,72,224,152,72,224,152,80,416,336,80,640,560,80,296,216,80,257,177,55,2360,S11a
79,233,154,79,215,136,72,232,160,64,360,296,88,528,440,65,232,167,72,329,257,55,2184,S11a
96,249,153,79,215,136,80,241,161,79,424,345,88,296,208,55,288,233,79,280,201,63,2056,S11a
79,232,153,79,216,137,71,240,169,79,1919,1840,88,897,809,71,288,217,79,240,161,80,4112,S11a
79,240,161,71,216,145,79,216,137,79,408,329,79,800,721,80,664,584,63,248,185,80,2872,S11a
80,233,153,80,200,120,80,240,160,80,423,343,89,505,416,56,1008,952,104,272,168,64,2945,S11a
72,224,152,104,304,200,72,216,144,80,448,368,80,552,472,80,584,504,72,232,160,64,2624,S11a
88,248,160,80,208,128,72,232,160,80,568,488,96,872,776,48,1184,1136,104,568,464,56,3936,S11a
104,280,176,104,248,144,56,240,184,80,464,384,80,600,520,64,416,352,80,744,664,64,3056,S11a
87,263,176,80,256,176,15,272,257,88,1193,1105,79,663,584,56,297,241,79,231,152,56,3231,S11a
72,217,145,79,182,103,73,209,136,80,343,263,81,240,159,82,546,464,71,240,169,47,2024,S11a
81,224,143,73,193,120,95,240,145,71,368,297,103,808,705,79,344,265,88,264,176,47,2488,S11a
80,255,175,81,193,112,192,160,-32,136,504,368,104,432,328,63,336,273,80,232,152,56,2168,S11a
72,208,136,79,192,113,80,144,64,96,464,368,96,296,200,72,304,232,80,232,152,56,1896,S11a
80,200,120,88,192,104,80,208,128,80,400,320,64,312,248,56,664,608,134,223,89,80,2279,S11a
104,240,136,80,208,128,72,224,152,104,1200,1096,104,432,328,88,240,152,104,232,128,104,2880,S11a
80,232,152,56,176,120,80,231,151,73,425,352,88,208,120,80,280,200,80,216,136,88,1856,S11a
104,249,145,79,207,128,80,232,152,80,376,296,120,200,80,88,240,152,88,216,128,80,1800,S11a
72,208,136,80,208,128,64,224,160,72,392,320,88,240,152,96,264,168,80,192,112,79,1807,S11a
89,225,136,80,233,153,79,239,160,83,424,341,112,400,288,96,752,656,144,608,464,104,2985,S11a
104,256,152,80,216,136,72,240,168,80,513,433,95,368,273,95,1192,1097,151,480,329,127,3392,S11a
80,225,145,103,296,193,79,240,161,79,520,441,111,712,601,111,200,89,112,264,152,96,2553,S11a
96,225,129,79,208,129,64,216,152,80,400,320,96,1343,1247,89,321,232,80,296,216,80,3089,S11a
80,232,152,72,192,120,72,224,152,80,448,368,104,608,504,80,760,680,88,272,184,104,2840,S11a
96,256,160,80,192,112,80,224,144,80,392,312,96,616,520,80,808,728,72,208,136,80,2776,S11a
112,272,160,80,192,112,72,240,168,55,392,337,80,744,664,104,392,288,88,328,240,80,2640,S11a
96,280,184,96,272,176,72,248,176,80,472,392,96,1528,1432,56,368,312,88,272,184,80,3520,S11a
88,264,176,80,232,152,72,233,161,95,448,353,103,399,296,96,336,240,128,264,136,80,2256,S11a
96,272,176,88,241,153,87,240,153,79,432,353,127,343,216,80,305,225,111,264,153,103,2200,S11a
80,240,160,88,241,153,55,215,160,80,409,329,87,216,129,103,343,240,97,424,327,104,2192,S11a
63,256,193,87,208,121,71,256,185,63,440,377,71,608,537,56,288,232,71,224,153,80,2360,S11a
71,256,185,103,248,145,63,240,177,87,656,569,79,952,873,104,1432,1328,80,279,199,57,4120,S11a
80,280,200,88,240,152,80,264,184,80,400,320,112,968,856,120,256,136,120,368,248,104,2880,S11a
103,240,137,80,232,152,48,200,152,80,376,296,104,248,144,88,720,632,112,224,112,80,2320,S11a
72,248,176,80,224,144,80,240,160,80,408,328,112,328,216,104,328,224,128,264,136,80,2120,S11a
80,232,152,88,208,120,64,248,184,40,360,320,96,256,160,88,248,160,104,304,200,89,1945,S11a
88,264,176,88,224,136,136,97,-39,95,351,256,128,648,520,104,264,160,104,961,857,87,2896,S11a
112,232,120,136,192,56,152,112,-40,104,400,296,128,297,169,87,263,176,112,265,153,63,1824,S11a
113,265,152,95,152,57,184,152,-32,87,728,641,136,527,391,96,329,233,79,200,121,64,2417,S11a
95,248,153,103,152,49,144,104,-40,112,375,263,137,249,112,88,240,152,95,336,241,40,1744,S11a
103,240,137,96,176,80,145,112,-33,112,375,263,129,217,88,104,352,248,104,288,184,72,1832,S11a
62,375,313,62,141,79,125,140,15,94,594,500,79,797,718,125,172,47,94,172,78,110,2501,s10a
78,109,31,125,109,-16,125,141,16,125,641,516,78,415,337,94,219,125,94,344,250,78,2056,s10a
62,31,-31,63,157,94,62,156,94,47,234,187,94,422,328,110,266,156,65,221,156,125,1612,s10a
78,110,32,47,140,93,47,141,94,62,234,172,63,328,265,125,282,157,63,125,62,94,1454,s10a
62,47,-15,62,156,94,63,157,94,62,234,172,94,407,313,125,203,78,78,156,78,78,1438,s10a
78,140,62,47,141,94,47,156,109,47,235,188,62,203,141,172,266,94,78,125,47,94,1360,s10a
109,188,79,46,453,407,78,203,125,63,344,281,78,422,344,125,219,94,46,125,79,109,2063,s10a
63,94,31,47,126,79,62,140,78,47,266,219,62,438,376,109,265,156,47,141,94,109,1579,s10a
78,109,31,47,141,94,62,171,109,47,219,172,94,469,375,110,391,281,47,125,78,78,1703,s10a
93,124,31,63,172,109,47,141,94,78,891,813,78,516,438,125,156,31,78,156,78,94,2250,s10a
78,140,62,47,141,94,47,141,94,62,234,172,78,422,344,125,203,78,78,234,156,110,1625,s10a
78,156,78,47,156,109,47,172,125,47,266,219,78,406,328,110,203,93,63,94,31,94,1547,s10a
78,93,15,63,141,78,47,125,78,62,250,188,78,375,297,109,251,142,62,140,78,94,1469,s10a
78,78,0,63,172,109,47,172,125,47,250,203,78,485,407,125,281,156,78,250,172,63,1751,s10a
62,78,16,47,157,110,47,141,94,62,250,188,93,359,266,109,265,156,63,94,31,94,1438,s10a
94,172,78,47,141,94,62,156,94,47,250,203,94,1751,1657,94,109,15,78,156,78,79,2814,s10a
63,125,62,94,188,94,125,140,15,78,297,219,94,360,266,125,266,141,78,140,62,94,1610,s10a
78,140,62,63,157,94,62,188,126,31,218,187,94,500,406,110,125,15,78,157,79,109,1594,s10a
93,109,16,125,109,-16,125,157,32,124,312,188,125,438,313,109,156,47,62,172,110,94,1547,s10a
62,94,32,62,172,110,62,172,110,62,234,172,62,266,204,140,265,125,78,141,63,125,1469,s10a
109,156,47,63,157,94,63,156,93,110,703,593,79,422,343,141,172,31,78,188,110,109,2063,s10a
63,126,63,62,156,94,62,156,94,63,484,421,63,344,281,125,203,78,63,125,62,94,1688,s10a
78,172,94,63,188,125,62,203,141,62,937,875,63,298,235,109,250,141,62,125,63,78,2251,s10a
62,109,47,63,172,109,31,126,95,62,250,188,78,250,172,140,250,110,78,125,47,109,1391,s10a
94,156,62,63,156,93,63,188,125,47,235,188,78,266,188,140,234,94,62,109,47,102,1446,s10a
62,109,47,63,172,109,47,141,94,47,234,187,63,281,218,157,235,78,62,156,94,94,1422,s10a
79,141,62,63,156,93,63,157,94,78,250,172,78,297,219,131,241,110,62,141,79,93,1476,s10a
94,140,46,63,172,109,47,141,94,47,234,187,78,750,672,110,141,31,62,453,391,110,2141,s10a
93,140,47,63,141,78,62,156,94,63,228,165,94,266,172,156,250,94,94,156,62,109,1446,s10a
94,141,47,47,156,109,47,157,110,62,281,219,62,391,329,156,203,47,62,143,81,110,1582,s10a
94,141,47,62,172,110,62,140,78,79,266,187,79,344,265,141,204,63,78,218,140,125,1610,s10a
78,110,32,62,140,78,63,156,93,47,204,157,78,468,390,79,110,31,62,156,94,78,1422,s10a
78,142,64,62,328,266,62,203,141,47,359,312,63,344,281,156,266,110,62,156,94,125,1923,s10a
93,156,63,47,141,94,62,156,94,62,250,188,78,297,219,125,359,234,63,140,77,79,1578,s10a
62,78,16,78,62,-16,172,141,-31,78,250,172,125,516,391,93,109,16,62,156,94,78,1390,s10a
78,63,-15,62,156,94,47,141,94,62,250,188,78,578,500,94,110,16,62,187,125,125,1610,s10a
94,125,31,78,172,94,47,141,94,62,234,172,78,250,172,156,235,79,78,203,125,124,1484,s10a
94,94,0,62,156,94,63,156,93,47,219,172,110,406,296,125,172,47,78,188,110,125,1516,s10a
109,141,32,62,171,109,47,172,125,43,231,188,93,343,250,125,188,63,62,203,141,125,1574,s10a
94,172,78,63,156,93,47,172,125,47,220,173,78,718,640,110,157,47,62,156,94,78,1829,s10a
78,156,78,47,141,94,62,141,79,47,203,156,78,188,110,125,469,344,62,140,78,63,1501,s10a
94,141,47,47,141,94,62,156,94,62,234,172,110,516,406,94,125,31,78,297,219,109,1719,s10a
94,172,78,47,156,109,47,125,78,78,266,188,78,673,595,141,203,62,78,141,63,125,1861,s10a
78,125,47,78,172,94,47,141,94,62,250,188,79,235,156,156,344,188,125,203,78,124,1594,s10a
78,172,94,62,203,141,62,156,94,78,251,173,94,578,484,109,281,172,94,406,312,110,2157,s10a
78,156,78,63,172,109,32,125,93,63,250,187,110,297,187,141,203,62,78,172,94,125,1500,s10a
78,156,78,47,157,110,47,141,94,62,250,188,78,1562,1484,110,141,31,78,532,454,93,3032,s10a
93,203,110,126,172,46,125,125,0,94,266,172,94,438,344,140,640,500,63,156,93,63,2063,s10a
94,156,62,47,141,94,31,109,78,63,235,172,62,203,141,140,250,110,62,156,94,78,1328,s10a
125,187,62,63,172,109,63,172,109,63,250,187,78,454,376,94,141,47,62,140,78,94,1610,s10a
78,172,94,62,156,94,62,141,79,62,250,188,78,281,203,140,469,329,63,110,47,93,1672,s10a
94,125,31,47,157,110,46,140,94,63,250,187,95,470,375,125,218,93,63,125,62,110,1595,s10a
78,156,78,63,172,109,63,188,125,62,261,199,78,328,250,125,219,94,62,375,313,63,1762,s10a
94,94,0,62,172,110,46,156,110,47,219,172,93,312,219,156,203,47,63,157,94,93,1406,s10a
93,171,78,47,157,110,47,141,94,62,250,188,93,203,110,140,234,94,94,172,78,63,1391,s10a
78,172,94,47,141,94,62,172,110,63,297,234,94,188,94,125,296,171,172,204,32,78,1548,s10a
78,156,78,62,156,94,47,156,109,63,250,187,79,219,140,125,235,110,63,125,62,94,1391,s10a
109,156,47,63,188,125,47,156,109,63,250,187,63,172,109,156,281,125,78,141,63,140,1484,s10a
125,187,62,47,156,109,63,172,109,63,235,172,93,171,78,125,297,172,94,157,63,93,1468,s10a
78,94,16,78,187,109,47,126,79,62,234,172,63,141,78,140,281,141,78,219,141,125,1407,s10a
78,62,-16,63,266,203,78,250,172,63,969,906,63,782,719,124,109,-15,78,172,94,94,2704,s10a
47,78,31,94,125,31,141,109,-32,78,235,157,93,609,516,78,94,16,78,156,78,94,1500,s10a
110,157,47,47,140,93,63,156,93,63,204,141,78,188,110,156,203,47,78,172,94,93,1313,s10a
95,141,46,47,141,94,47,156,109,47,219,172,78,609,531,125,204,79,78,484,406,94,2048,s10a
79,172,93,47,141,94,47,156,109,63,235,172,62,375,313,141,250,109,78,219,141,93,1641,s10a
94,110,16,93,93,0,141,125,-16,79,235,156,125,469,344,125,156,31,78,172,94,109,1469,s10a
94,157,63,46,140,94,63,156,93,47,235,188,78,562,484,110,125,15,78,188,110,94,1657,s10a
94,188,94,62,172,110,62,156,94,47,234,187,94,250,156,141,282,141,78,172,94,93,1547,s10a
79,125,46,47,141,94,48,126,78,62,219,157,78,265,187,125,359,234,63,125,62,79,1439,s10a
93,78,-15,78,187,109,63,157,94,78,781,703,63,407,344,140,593,453,125,235,110,94,2532,s10a
94,94,0,63,157,94,62,156,94,62,250,188,78,484,406,141,188,47,78,187,109,110,1626,s10a
78,156,78,63,172,109,47,156,109,63,219,156,94,234,140,141,235,94,78,140,62,142,1454,s10a
78,94,16,78,172,94,46,156,110,47,219,172,62,218,156,141,329,188,62,125,63,62,1375,s10a
78,156,78,47,125,78,63,157,94,47,234,187,63,219,156,141,469,328,62,125,63,78,1563,s10a
94,63,-31,78,172,94,46,140,94,63,719,656,78,469,391,94,94,0,62,219,157,125,2001,s10a
78,125,47,62,156,94,47,156,109,48,204,156,125,484,359,125,157,32,62,140,78,94,1516,s10a
78,156,78,47,156,109,47,125,78,63,235,172,78,219,141,140,390,250,63,141,78,78,1500,s10a
78,140,62,47,141,94,47,141,94,47,219,172,93,562,469,125,219,94,63,141,78,109,1672,s10a
94,156,62,47,125,78,63,157,94,47,203,156,63,157,94,125,437,312,63,110,47,78,1423,s10a
125,140,15,47,142,95,78,172,94,47,218,171,94,250,156,141,313,172,109,140,31,110,1485,s10a
78,188,110,62,172,110,46,172,126,46,218,172,78,156,78,141,313,172,78,141,63,93,1453,s10a
62,78,16,62,140,78,63,157,94,62,218,156,79,266,187,141,328,187,63,110,47,93,1390,s10a
78,141,63,47,141,94,62,156,94,47,250,203,78,203,125,172,359,187,78,141,63,125,1516,s10a
79,94,15,47,188,141,47,172,125,46,250,204,93,312,219,172,281,109,94,204,110,109,1610,s10a
78,46,-32,63,172,109,63,157,94,47,203,156,93,610,517,125,125,0,78,187,109,125,1625,s10a
62,141,79,46,156,110,47,156,109,48,219,171,94,297,203,141,250,109,78,157,79,109,1485,s10a
109,203,94,47,156,109,47,172,125,63,235,172,109,281,172,125,203,78,78,172,94,156,1578,s10a
94,203,109,47,156,109,63,172,109,47,282,235,94,266,172,156,250,94,78,156,78,78,1563,s10a
78,109,31,63,173,110,62,156,94,47,266,219,109,250,141,171,281,110,78,234,156,94,1563,s10a
94,141,47,79,173,94,62,156,94,62,250,188,94,281,187,188,298,110,78,171,93,141,1611,s10a
78,125,47,63,172,109,62,156,94,78,595,517,62,375,313,140,187,47,94,188,94,156,1954,s10a
63,141,78,62,156,94,63,157,94,62,250,188,78,219,141,125,609,484,78,187,109,110,1829,s10a
78,78,0,79,172,93,63,157,94,47,219,172,78,578,500,78,94,16,109,203,94,94,1595,s10a
94,172,78,47,140,93,64,142,78,62,203,141,78,266,188,125,296,171,63,126,63,78,1423,s10a
62,109,47,62,172,110,47,140,93,63,235,172,62,516,454,94,188,94,78,140,62,109,1609,s10a
78,141,63,62,172,110,46,109,63,63,453,390,125,1110,985,94,141,47,78,125,47,94,2345,s10a
125,188,63,157,953,796,63,157,94,62,234,172,62,203,141,156,501,345,62,156,94,94,2486,s10a
78,109,31,95,110,15,141,110,-31,93,312,219,141,344,203,109,172,63,62,140,78,125,1422,s10a
78,78,0,78,93,15,141,125,-16,63,204,141,156,516,360,94,125,31,62,156,94,94,1391,s10a
63,125,62,47,141,94,47,125,78,62,203,141,62,297,235,109,469,360,63,125,62,78,1563,s10a
78,125,47,62,156,94,47,125,78,63,188,125,78,203,125,156,250,94,78,125,47,94,1266,s10a
63,47,-16,63,156,93,47,125,78,47,235,188,62,450,388,94,125,31,62,359,297,94,1591,s10a
63,47,-16,63,141,78,62,141,79,46,218,172,78,391,313,93,156,63,63,156,93,94,1344,s10a
94,110,16,62,187,125,47,172,125,47,234,187,94,360,266,109,187,78,78,156,78,141,1547,s10a
156,219,63,62,156,94,63,203,140,47,250,203,78,203,125,172,266,94,94,203,109,125,1625,s10a
94,187,93,63,188,125,63,172,109,47,234,187,94,250,156,78,516,438,141,172,31,125,1844,s10a
109,125,16,47,156,109,63,172,109,63,235,172,93,281,188,106,263,157,62,109,47,109,1450,s10a
93,171,78,63,157,94,62,156,94,47,203,156,78,203,125,125,266,141,78,156,78,94,1406,s10a
78,172,94,47,141,94,47,125,78,63,219,156,62,187,125,125,250,125,78,172,94,110,1376,s10a
125,172,47,63,172,109,63,141,78,62,235,173,234,640,406,141,328,187,47,125,78,94,1907,s10a
78,140,62,47,156,109,63,141,78,47,234,187,63,360,297,125,172,47,63,141,78,109,1453,s10a
63,110,47,47,140,93,63,141,78,62,250,188,78,344,266,125,265,140,63,110,47,109,1469,s10a
94,188,94,62,156,94,63,156,93,63,250,187,94,204,110,156,281,125,47,94,47,125,1454,s10a
94,204,110,46,156,110,62,156,94,63,266,203,140,281,141,156,609,453,78,110,32,109,1891,s10a
78,125,47,63,172,109,47,162,115,62,297,235,78,468,390,125,204,79,78,140,62,94,1662,s10a
63,94,31,62,156,94,63,141,78,78,250,172,78,390,312,141,251,110,78,234,156,110,1626,s10a
109,219,110,78,203,125,62,156,94,63,266,203,78,328,250,109,234,125,94,204,110,94,1704,s10a
78,156,78,47,157,110,62,171,109,63,266,203,78,250,172,141,250,109,62,141,79,93,1484,s10a
142,173,31,78,172,94,78,172,94,62,250,188,78,359,281,141,203,62,63,141,78,109,1579,s10a
95,173,78,62,172,110,62,140,78,63,250,187,78,422,344,109,188,79,46,140,94,109,1594,s10a
109,203,94,63,188,125,47,156,109,63,250,187,78,172,94,141,297,156,62,125,63,125,1516,s10a
125,157,32,62,156,94,47,140,93,63,235,172,62,281,219,156,328,172,78,172,94,125,1594,s10a
93,187,94,47,156,109,63,172,109,47,219,172,78,219,141,156,297,141,62,140,78,110,1500,s10a
140,156,16,63,156,93,47,141,94,47,234,187,78,266,188,125,250,125,78,125,47,125,1453,s10a
79,157,78,62,156,94,62,172,110,78,687,609,63,250,187,141,250,109,63,126,63,125,1923,s10a
94,219,125,78,172,94,63,156,93,47,235,188,62,250,188,172,250,78,93,140,47,126,1548,s10a
109,172,63,78,203,125,62,187,125,63,344,281,110,500,390,141,1079,938,62,140,78,79,2704,s10a
63,156,93,47,157,110,47,125,78,47,218,171,79,767,688,125,125,0,78,203,125,125,1876,s10a
94,188,94,62,171,109,63,391,328,47,376,329,62,297,235,125,203,78,62,140,78,94,1860,s10a
93,125,32,62,156,94,47,172,125,47,219,172,62,140,78,172,297,125,78,188,110,109,1406,s10a
94,188,94,62,218,156,47,157,110,62,297,235,78,203,125,156,297,141,78,140,62,94,1594,s10a
94,203,109,62,187,125,79,188,109,62,359,297,94,172,78,110,313,203,62,125,63,109,1656,s10a
93,218,125,79,188,109,63,172,109,78,375,297,86,258,172,125,1265,1140,79,220,141,78,2774,s10a
79,204,125,78,171,93,63,157,94,47,250,203,78,156,78,141,766,625,94,188,94,125,2017,s10a
94,141,47,47,141,94,62,156,94,47,219,172,78,375,297,110,173,63,78,156,78,78,1439,s10a
110,156,46,63,164,101,78,172,94,62,265,203,79,438,359,109,156,47,78,203,125,141,1695,s10a
93,219,126,62,156,94,62,156,94,63,234,171,79,204,125,156,265,109,94,172,78,141,1547,s10a
78,187,109,63,172,109,63,156,93,63,235,172,78,282,204,125,265,140,78,266,188,78,1641,s10a
78,125,47,62,171,109,48,141,93,63,235,172,63,188,125,156,218,62,78,172,94,156,1406,s10a
93,187,94,47,141,94,47,140,93,63,266,203,79,188,109,141,297,156,94,141,47,93,1453,s10a
78,187,109,63,172,109,63,156,93,63,266,203,78,219,141,140,265,125,94,204,110,140,1609,s10a
125,234,109,63,156,93,63,172,109,78,906,828,110,407,297,157,563,406,140,406,266,94,2938,s10a
78,94,16,47,156,109,47,125,78,63,219,156,78,656,578,110,156,46,94,188,94,109,1703,s10a
78,188,110,31,109,78,47,141,94,62,203,141,63,235,172,140,265,125,78,219,141,109,1469,s10a
93,140,47,47,172,125,47,141,94,47,250,203,62,1203,1141,110,125,15,94,219,125,125,2375,s10a
94,156,62,63,141,78,47,141,94,46,234,188,63,438,375,125,125,0,78,172,94,109,1516,s10a
110,172,62,47,141,94,47,141,94,62,297,235,94,391,297,140,219,79,78,156,78,140,1657,s10a
78,47,-31,62,187,125,47,157,110,46,281,235,93,390,297,141,266,125,79,219,140,125,1672,s10a
94,157,63,62,171,109,47,157,110,31,234,203,62,234,172,141,375,234,63,125,62,125,1578,s10a
78,142,64,47,172,125,78,193,115,78,1015,937,94,391,297,109,125,16,78,156,78,125,2319,s10a
78,93,15,47,157,110,62,171,109,47,250,203,110,829,719,125,203,78,63,172,109,110,1985,s10a
78,94,16,47,172,125,46,140,94,47,235,188,109,1703,1594,94,125,31,94,203,109,110,2782,s10a
78,188,110,47,140,93,47,141,94,63,251,188,78,375,297,140,250,110,62,156,94,94,1595,s10a
78,188,110,62,156,94,47,157,110,63,234,171,94,250,156,141,735,594,62,234,172,78,2032,s10a
79,157,78,47,125,78,47,125,78,78,250,172,63,235,172,172,281,109,63,141,78,94,1408,s10a
78,172,94,47,156,109,62,187,125,47,250,203,63,219,156,188,281,93,79,157,78,78,1500,s10a
78,141,63,62,171,109,47,141,94,78,469,391,62,422,360,125,203,78,62,172,110,94,1813,s10a
109,203,94,63,172,109,47,141,94,62,312,250,78,375,297,156,297,141,78,188,110,114,1802,s10a
78,141,63,62,156,94,62,281,219,63,360,297,78,234,156,172,281,109,78,237,159,94,1784,s10a
78,172,94,62,156,94,62,140,78,63,266,203,63,406,343,141,814,673,62,125,63,78,2157,s10a
78,109,31,63,156,93,63,157,94,46,219,173,94,234,140,188,625,437,63,125,62,110,1735,s10a
63,141,78,62,172,110,47,125,78,78,250,172,94,204,110,156,265,109,78,469,391,109,1735,s10a
94,172,78,63,172,109,63,157,94,62,250,188,78,281,203,141,266,125,47,203,156,125,1626,s10a
94,188,94,47,156,109,47,141,94,63,250,187,78,641,563,109,140,31,79,266,187,94,1876,s10a
110,157,47,78,172,94,62,156,94,47,234,187,63,594,531,156,203,47,78,188,110,94,1798,s10a
78,157,79,62,156,94,62,156,94,62,251,189,78,234,156,172,391,219,78,187,109,141,1673,s10a
94,626,532,62,265,203,63,172,109,63,625,562,63,406,343,157,235,78,78,187,109,110,2626,s10a
78,156,78,62,156,94,47,141,94,62,250,188,78,453,375,125,501,376,93,297,204,78,2032,s10a
94,140,46,79,157,78,47,140,93,63,235,172,78,344,266,125,219,94,62,250,188,109,1594,s10a
109,187,78,47,141,94,62,187,125,63,313,250,78,375,297,172,297,125,78,281,203,110,1891,s10a
79,141,62,63,172,109,47,125,78,63,266,203,78,344,266,125,234,109,62,156,94,110,1548,s10a
94,188,94,62,218,156,63,157,94,62,265,203,94,344,250,156,219,63,94,531,437,110,2032,s10a
78,203,125,63,188,125,62,156,94,62,234,172,78,328,250,142,204,62,78,156,78,94,1563,s10a
94,172,78,47,125,78,62,156,94,63,219,156,78,140,62,172,329,157,62,297,235,78,1516,s10a
78,141,63,47,141,94,62,156,94,62,281,219,79,469,390,110,203,93,63,172,109,156,1719,s10a
78,156,78,63,172,109,47,126,79,63,266,203,93,172,79,171,547,376,94,218,124,141,1798,s10a
63,110,47,47,172,125,62,157,95,62,421,359,63,329,266,171,265,94,63,188,125,109,1751,s10a
109,172,63,62,156,94,63,125,62,79,251,172,93,296,203,157,297,140,63,157,94,109,1563,s10a
110,188,78,62,156,94,63,157,94,63,234,171,94,422,328,125,375,250,78,266,188,109,1907,s10a
78,78,0,78,172,94,63,156,93,47,266,219,94,359,265,156,344,188,78,251,173,109,1735,s10a
78,141,63,47,156,109,62,156,94,78,3908,3830,93,390,297,172,297,125,63,157,94,124,5329,s10a
78,156,78,47,156,109,62,141,79,62,234,172,78,359,281,141,172,31,63,203,140,125,1546,s10a
94,188,94,62,140,78,63,141,78,78,250,172,63,203,140,156,219,63,93,250,157,141,1532,s10a
110,172,62,63,156,93,63,141,78,63,234,171,79,422,343,141,172,31,78,188,110,93,1578,s10a
94,94,0,77,171,94,63,157,94,62,250,188,62,453,391,125,265,140,78,204,126,125,1719,s10a
93,187,94,47,141,94,62,156,94,63,250,187,156,422,266,156,203,47,109,235,126,141,1735,s10a
94,157,63,78,172,94,62,140,78,78,250,172,78,484,406,126,173,47,78,203,125,94,1673,s10a
78,110,32,62,171,109,63,157,94,63,250,187,94,281,187,157,219,62,63,375,312,94,1657,s10a
109,250,141,78,187,109,62,156,94,63,266,203,78,219,141,156,391,235,94,234,140,141,1844,s10a
93,187,94,63,157,94,62,156,94,62,265,203,79,235,156,156,329,173,62,140,78,110,1579,s10a
63,141,78,62,156,94,63,156,93,63,235,172,78,438,360,109,172,63,78,203,125,109,1610,s10a
78,109,31,62,156,94,63,156,93,63,250,187,79,282,203,140,234,94,78,188,110,125,1500,s10a
78,141,63,62,187,125,63,156,93,63,297,234,94,453,359,141,297,156,78,172,94,126,1829,s10a
94,141,47,78,187,109,63,141,78,78,250,172,93,203,110,172,281,109,78,282,204,109,1594,s10a
93,187,94,63,188,125,47,156,109,62,297,235,109,297,188,125,266,141,62,141,79,140,1672,s10a
109,203,94,62,172,110,47,156,109,62,328,266,78,422,344,140,187,47,94,438,344,94,2000,s10a
94,172,78,140,109,-31,141,203,62,156,829,673,63,313,250,125,218,93,79,204,125,109,2157,s10a
62,109,47,109,78,-31,141,156,15,78,485,407,125,1219,1094,63,109,46,79,157,78,78,2391,s10a
47,109,62,47,126,79,62,156,94,47,250,203,78,297,219,78,250,172,47,110,63,78,1376,s10a
63,141,78,47,141,94,62,140,78,62,250,188,63,985,922,93,109,16,78,187,109,94,2047,s10a
63,125,62,47,141,94,78,156,78,62,281,219,78,406,328,125,219,94,78,172,94,79,1579,s10a
63,157,94,62,171,109,47,141,94,63,266,203,109,328,219,141,219,78,110,156,46,94,1532,s10a
94,188,94,62,156,94,94,188,94,62,250,188,93,359,266,126,172,46,125,141,16,78,1532,s10a
78,109,31,47,157,110,47,156,109,47,266,219,94,704,610,93,140,47,79,126,47,94,1752,s10a
63,157,94,78,171,93,63,157,94,78,297,219,93,422,329,125,188,63,94,156,62,125,1673,s10a
94,172,78,78,172,94,78,165,87,63,297,234,94,391,297,140,218,78,63,125,62,94,1634,s10a
62,172,110,62,171,109,63,157,94,62,281,219,94,422,328,125,187,62,94,157,63,78,1625,s10a
78,125,47,47,141,94,46,140,94,63,250,187,94,500,406,78,141,63,62,140,78,79,1516,s10a
79,157,78,47,141,94,62,156,94,63,266,203,78,390,312,141,204,63,78,109,31,94,1517,s10a
78,157,79,62,171,109,63,172,109,47,266,219,78,547,469,109,187,78,94,172,78,94,1766,s10a
93,172,79,62,156,94,62,140,78,63,266,203,78,344,266,125,234,109,62,125,63,94,1531,s10a
94,172,78,62,156,94,78,188,110,47,250,203,78,203,125,140,297,157,78,156,78,78,1500,s10a
78,203,125,78,156,78,78,172,94,62,281,219,78,203,125,141,313,172,78,187,109,79,1594,s10a
94,203,109,63,172,109,62,172,110,62,406,344,63,1329,1266,125,172,47,78,187,109,94,2735,s10a
94,125,31,63,157,94,62,171,109,63,297,234,78,391,313,110,235,125,62,125,63,94,1595,s10a
78,156,78,63,172,109,47,156,109,63,313,250,62,719,657,125,172,47,78,188,110,109,1985,s10a
109,172,63,62,156,94,78,172,94,78,313,235,93,281,188,172,281,109,78,110,32,124,1609,s10a
79,172,93,63,157,94,62,172,110,63,281,218,63,250,187,157,297,140,63,172,109,78,1579,s10a
78,156,78,63,172,109,47,156,109,63,298,235,78,343,265,125,250,125,63,141,78,94,1610,s10a
94,219,125,78,188,110,62,171,109,78,407,329,78,250,172,125,250,125,78,219,141,93,1797,s10a
79,125,46,79,235,156,62,187,125,63,954,891,78,282,204,125,265,140,63,157,94,93,2298,s10a
62,78,16,62,187,125,63,156,93,47,235,188,94,407,313,140,171,31,94,188,94,94,1516,s10a
63,141,78,62,156,94,63,141,78,62,281,219,47,234,187,157,298,141,62,125,63,94,1470,s10a
78,141,63,62,156,94,62,141,79,62,250,188,78,203,125,156,266,110,109,203,94,110,1470,s10a
109,219,110,46,171,125,47,157,110,78,312,234,94,1266,1172,110,219,109,94,188,94,78,2610,s10a
94,188,94,62,157,95,62,141,79,62,265,203,78,219,141,141,250,109,78,141,63,78,1439,s10a
62,125,63,47,140,93,63,141,78,62,250,188,78,312,234,157,344,187,63,125,62,94,1531,s10a
62,156,94,47,156,109,47,141,94,47,250,203,62,1126,1064,125,218,93,63,188,125,78,2313,s10a
79,172,93,63,188,125,47,140,93,63,251,188,78,281,203,141,188,47,78,125,47,109,1454,s10a
63,157,94,62,156,94,63,141,78,78,265,187,95,970,875,125,218,93,110,157,47,78,2142,s10a
46,125,79,47,156,109,47,125,78,63,250,187,63,235,172,109,219,110,62,141,79,78,1329,s10a
62,125,63,47,156,109,47,156,109,63,266,203,62,234,172,157,329,172,62,140,78,79,1485,s10a
78,187,109,47,157,110,62,140,78,63,250,187,78,141,63,156,250,94,62,156,94,94,1375,s10a
77,171,94,63,157,94,47,140,93,63,266,203,78,156,78,172,297,125,78,140,62,79,1406,s10a
47,62,15,63,172,109,47,156,109,47,235,188,78,328,250,156,187,31,79,157,78,93,1390,s10a
63,157,94,62,172,110,62,156,94,62,250,188,62,172,110,140,234,94,63,141,78,93,1375,s10a
94,109,15,47,157,110,62,140,78,63,219,156,94,406,312,125,172,47,94,204,110,109,1516,s10a
47,140,93,47,141,94,62,141,79,62,234,172,94,1141,1047,109,156,47,78,172,94,94,2219,s10a
78,141,63,62,156,94,47,125,78,62,250,188,62,266,204,140,219,79,78,140,62,78,1375,s10a
63,141,78,62,266,204,78,172,94,78,734,656,79,235,156,125,281,156,63,125,62,94,2048,s10a
78,156,78,63,172,109,47,141,94,62,234,172,78,219,141,172,234,62,79,126,47,93,1375,s10a
62,187,125,47,141,94,63,156,93,79,719,640,78,360,282,125,171,46,79,157,78,94,1985,s10a
93,109,16,63,157,94,62,156,94,62,328,266,78,234,156,157,875,718,79,392,313,93,2344,s10a
78,125,47,62,156,94,63,157,94,62,265,203,63,391,328,140,281,141,79,188,109,94,1657,s10a
63,109,46,63,157,94,47,140,93,47,235,188,62,343,281,110,172,62,94,157,63,78,1391,s10a
78,172,94,62,172,110,62,156,94,62,234,172,94,172,78,141,250,109,78,156,78,125,1437,s10a
94,172,78,62,172,110,62,156,94,63,250,187,94,187,93,141,235,94,94,172,78,93,1437,s10a
78,188,110,78,171,93,63,172,109,78,266,188,78,188,110,109,297,188,62,156,94,78,1516,s10a
78,93,15,63,172,109,63,141,78,62,250,188,62,407,345,94,171,77,79,141,62,78,1453,s10a
78,218,140,63,157,94,78,203,125,78,797,719,63,297,234,141,188,47,62,156,94,78,2094,s10a
63,172,109,47,156,109,47,126,79,63,266,203,62,187,125,125,266,141,62,125,63,78,1376,s10a
78,172,94,46,140,94,63,172,109,47,235,188,94,172,78,125,234,109,63,110,47,93,1328,s10a
79,188,109,62,156,94,63,156,93,63,516,453,63,156,93,156,360,204,47,124,77,79,1735,s10a
63,141,78,63,156,93,47,141,94,47,234,187,47,157,110,140,218,78,63,157,94,93,1297,s10a
78,141,63,62,156,94,62,141,79,62,281,219,62,156,94,141,251,110,62,171,109,94,1391,s10a
78,187,109,63,156,93,47,156,109,47,235,188,78,156,78,141,250,109,78,156,78,79,1375,s10a
109,172,63,62,172,110,46,140,94,63,250,187,63,970,907,93,140,47,78,156,78,94,2094,s10a
63,141,78,47,125,78,47,140,93,47,203,156,94,188,94,141,266,125,63,141,78,109,1313,s10a
78,125,47,63,156,93,63,157,94,46,203,157,109,203,94,125,265,140,63,156,93,79,1344,s10a
62,140,78,47,141,94,47,141,94,47,219,172,62,203,141,125,234,109,63,125,62,94,1297,s10a
62,156,94,47,156,109,62,156,94,63,235,172,78,188,110,140,250,110,78,156,78,94,1391,s10a
94,156,62,63,172,109,63,141,78,62,250,188,78,235,157,141,234,93,63,157,94,78,1423,s10a
78,172,94,62,157,95,46,140,94,63,250,187,63,156,93,141,250,109,63,125,62,94,1344,s10a
79,157,78,62,156,94,47,141,94,46,250,204,47,156,109,141,250,109,63,141,78,78,1329,s10a
78,171,93,63,157,94,47,141,94,62,250,188,78,141,63,156,359,203,62,172,110,78,1469,s10a
78,109,31,47,141,94,47,141,94,46,218,172,47,407,360,109,171,62,63,219,156,78,1484,s10a
62,125,63,47,140,93,47,141,94,47,219,172,47,172,125,125,265,140,63,141,78,62,1265,s10a
78,173,95,47,140,93,63,157,94,47,218,171,63,1204,1141,109,171,62,79,126,47,94,2283,s10a
78,156,78,47,171,124,48,157,109,62,250,188,62,266,204,140,281,141,94,266,172,78,1625,s10a
78,156,78,47,125,78,63,141,78,47,218,171,63,157,94,140,344,204,62,172,110,78,1391,s10a
79,157,78,62,156,94,47,140,93,63,235,172,62,156,94,125,235,110,62,140,78,78,1297,s10a
94,187,93,63,235,172,62,172,110,62,265,203,78,594,516,141,344,203,78,109,31,110,2016,s10a
62,140,78,63,172,109,47,141,94,62,235,173,62,234,172,156,250,94,63,203,140,156,1531,s10a
78,125,47,62,172,110,46,140,94,47,235,188,63,172,109,141,219,78,78,312,234,94,1469,s10a
78,156,78,63,141,78,63,157,94,63,219,156,78,469,391,94,156,62,62,141,79,93,1532,s10a
94,109,15,78,172,94,47,141,94,47,234,187,63,156,93,125,282,157,62,156,94,78,1328,s10a
94,156,62,47,142,95,62,140,78,63,266,203,78,187,109,125,235,110,62,140,78,63,1329,s10a
62,125,63,47,157,110,46,140,94,78,907,829,62,390,328,125,250,125,78,172,94,94,2235,s10a
94,157,63,62,171,109,63,157,94,62,219,157,93,156,63,125,250,125,63,141,78,109,1360,s10a
78,140,62,47,125,78,63,157,94,47,203,156,62,156,94,125,203,78,94,156,62,79,1219,s10a
78,156,78,48,142,94,47,125,78,62,219,157,62,187,125,125,250,125,78,172,94,78,1329,s10a
93,156,63,62,156,94,47,141,94,47,219,172,78,172,94,125,265,140,63,188,125,94,1391,s10a
62,94,32,47,140,93,47,125,78,63,219,156,63,438,375,109,141,32,78,172,94,78,1407,s10a
79,141,62,47,141,94,47,125,78,47,218,171,63,172,109,157,313,156,62,140,78,79,1329,s10a
63,125,62,47,157,110,47,140,93,47,219,172,63,422,359,109,219,110,62,187,125,110,1579,s10a
94,157,63,46,156,110,47,125,78,62,219,157,62,171,109,125,250,125,63,141,78,94,1313,s10a
78,141,63,63,141,78,62,156,94,47,219,172,78,313,235,125,312,187,63,125,62,63,1470,s10a
79,188,109,47,140,93,63,157,94,62,250,188,109,1359,1250,141,250,109,63,157,94,78,2579,s10a
78,109,31,63,156,93,63,156,93,47,235,188,94,329,235,140,234,94,78,187,109,79,1485,s10a
78,203,125,62,156,94,63,156,93,47,220,173,78,172,94,140,203,63,93,171,78,94,1375,s10a
78,141,63,62,156,94,63,141,78,62,219,157,62,203,141,140,250,110,78,172,94,93,1375,s10a
63,157,94,46,125,79,47,125,78,62,220,158,62,156,94,125,235,110,62,156,94,62,1236,s10a
78,141,63,47,141,94,46,140,94,47,219,172,63,172,109,125,234,109,63,172,109,94,1313,s10a
94,172,78,172,203,31,156,125,-31,219,734,515,79,532,453,125,203,78,78,188,110,93,2250,s10a
78,125,47,62,156,94,62,156,94,62,266,204,62,1547,1485,78,125,47,78,203,125,94,2672,s10a
78,141,63,62,172,110,62,172,110,62,281,219,94,797,703,78,125,47,94,157,63,78,1923,s10a
62,78,16,63,141,78,62,140,78,78,297,219,78,860,782,78,109,31,94,204,110,78,1907,s10a
47,109,62,63,172,109,47,141,94,62,272,210,78,562,484,94,203,109,63,266,203,78,1803,s10a
47,141,94,62,203,141,62,156,94,63,282,219,109,484,375,109,187,78,94,219,125,110,1782,s10a
94,172,78,63,188,125,62,187,125,47,235,188,93,375,282,140,296,156,94,188,94,109,1750,s10a
94,157,63,62,172,110,78,171,93,63,797,734,94,438,344,141,204,63,62,187,125,94,2220,s10a
62,171,109,47,157,110,62,140,78,78,250,172,78,704,626,109,156,47,94,266,172,94,1938,s10a
78,47,-31,78,187,109,63,141,78,63,281,218,79,469,390,141,188,47,78,328,250,94,1735,s10a
78,156,78,49,143,94,62,156,94,62,250,188,78,390,312,126,173,47,93,171,78,94,1533,s10a
78,141,63,62,156,94,62,156,94,47,203,156,78,329,251,125,219,94,62,187,125,94,1485,s10a
63,141,78,62,156,94,63,141,78,62,234,172,78,297,219,141,204,63,78,218,140,110,1501,s10a
62,124,62,47,141,94,47,110,63,78,266,188,62,437,375,125,188,63,78,234,156,110,1610,s10a
77,171,94,63,156,93,63,142,79,78,281,203,78,250,172,109,203,94,78,172,94,78,1453,s10a
94,125,31,63,172,109,47,156,109,47,266,219,78,281,203,141,250,109,78,172,94,63,1485,s10a
94,172,78,47,156,109,47,156,109,63,235,172,94,234,140,156,250,94,109,219,110,62,1484,s10a
78,125,47,62,156,94,47,156,109,47,235,188,62,234,172,125,391,266,62,125,63,93,1515,s10a
78,171,93,63,173,110,46,156,110,62,250,188,78,250,172,125,203,78,62,203,141,62,1468,s10a
78,94,16,63,156,93,63,157,94,62,250,188,78,281,203,141,282,141,78,234,156,78,1532,s10a
62,125,63,62,156,94,62,156,94,47,266,219,94,266,172,109,250,141,78,203,125,63,1485,s10a
78,110,32,62,187,125,47,126,79,62,265,203,78,438,360,94,140,46,79,188,109,94,1548,s10a
78,140,62,47,141,94,63,141,78,63,250,187,78,203,125,125,282,157,78,156,78,62,1375,s10a
79,188,109,62,156,94,63,156,93,47,250,203,79,344,265,110,391,281,78,156,78,79,1720,s10a
78,125,47,62,156,94,31,125,94,63,250,187,63,375,312,141,282,141,62,187,125,79,1579,s10a
62,125,63,62,172,110,62,156,94,62,235,173,78,219,141,156,265,109,78,172,94,62,1406,s10a
78,203,125,64,173,109,63,203,140,63,704,641,78,343,265,125,219,94,62,187,125,79,2111,s10a
47,110,63,47,156,109,47,141,94,62,265,203,94,1048,954,125,187,62,79,188,109,94,2189,s10a
79,110,31,62,171,109,48,126,78,78,265,187,94,375,281,110,172,62,78,172,94,79,1470,s10a
62,125,63,78,172,94,63,141,78,78,250,172,78,250,172,140,297,157,78,156,78,94,1485,s10a
78,125,47,63,172,109,63,156,93,63,250,187,78,235,157,141,250,109,78,172,94,78,1438,s10a
93,156,63,62,156,94,63,172,109,47,235,188,78,188,110,140,265,125,78,188,110,93,1453,s10a
79,126,47,46,140,94,62,142,80,62,249,187,79,485,406,94,156,62,78,172,94,78,1548,s10a
78,109,31,63,157,94,62,125,63,62,281,219,94,250,156,141,234,93,78,141,63,78,1375,s10a
78,109,31,47,141,94,47,125,78,62,391,329,78,969,891,109,187,78,78,172,94,94,2188,s10a
78,110,32,47,140,93,63,142,79,62,265,203,94,485,391,93,125,32,78,187,109,78,1532,s10a
79,125,46,63,172,109,47,125,78,78,250,172,94,469,375,141,234,93,94,157,63,93,1625,s10a
62,125,63,62,156,94,62,140,78,94,2251,2157,78,437,359,94,125,31,79,267,188,93,3594,s10a
78,94,16,62,171,109,47,126,79,62,250,188,78,375,297,140,453,313,78,203,125,94,1766,s10a
62,94,32,62,172,110,46,140,94,63,266,203,78,203,125,156,297,141,78,359,281,78,1609,s10a
78,94,16,63,172,109,62,156,94,63,923,860,93,547,454,93,156,63,94,266,172,124,2438,s10a
63,110,47,47,125,78,62,156,94,62,1062,1000,79,360,281,125,219,94,63,156,93,94,2282,s10a
63,141,78,62,141,79,46,109,63,78,250,172,78,234,156,157,298,141,94,156,62,78,1407,s10a
62,109,47,63,172,109,47,141,94,62,235,173,78,203,125,140,219,79,93,156,63,78,1313,s10a
62,109,47,62,141,79,46,141,95,62,250,188,78,281,203,125,219,94,78,172,94,78,1391,s10a
62,125,63,62,140,78,63,142,79,62,250,188,78,234,156,141,453,312,63,172,109,78,1594,s10a
62,93,31,78,157,79,62,156,94,62,250,188,78,484,406,94,173,79,78,250,172,78,1641,s10a
78,156,78,63,156,93,47,141,94,63,281,218,78,344,266,141,219,78,63,172,109,94,1563,s10a
78,141,63,62,172,110,46,140,94,63,250,187,141,237,96,172,313,141,78,203,125,94,1550,s10a
63,125,62,47,156,109,47,156,109,63,235,172,78,375,297,109,328,219,78,172,94,94,1641,s10a
78,109,31,78,203,125,63,156,93,79,1001,922,78,641,563,109,125,16,78,187,109,94,2516,s10a
94,141,47,62,171,109,63,157,94,47,265,218,141,1173,1032,141,157,16,78,218,140,110,2392,s10a
78,156,78,63,156,93,63,157,94,46,234,188,62,172,110,156,250,94,78,188,110,109,1422,s10a
78,141,63,62,156,94,62,156,94,47,250,203,63,203,140,141,235,94,93,172,79,78,1391,s10a
78,125,47,78,188,110,47,140,93,79,250,171,79,188,109,126,251,125,62,203,141,78,1423,s10a
78,141,63,62,172,110,46,140,94,63,266,203,79,203,124,126,282,156,78,265,187,110,1579,s10a
79,126,47,63,156,93,63,157,94,62,265,203,78,391,313,125,172,47,78,203,125,62,1532,s10a
93,78,-15,78,172,94,62,156,94,62,250,188,79,266,187,172,297,125,94,281,187,63,1563,s10a
78,109,31,62,172,110,47,125,78,78,250,172,78,250,172,140,219,79,93,187,94,78,1390,s10a
78,78,0,63,157,94,62,156,94,62,250,188,78,704,626,109,187,78,78,172,94,125,1829,s10a
78,141,63,47,141,94,46,156,110,62,250,188,78,360,282,141,187,46,94,172,78,110,1517,s10a
94,141,47,62,172,110,47,141,94,62,265,203,78,219,141,125,391,266,63,703,640,109,2141,s10a
78,109,31,62,156,94,63,156,93,79,657,578,78,281,203,109,641,532,94,203,109,94,2297,s10a
94,172,78,63,157,94,62,140,78,78,313,235,94,281,187,125,328,203,79,157,78,78,1626,s10a
78,125,47,62,172,110,62,156,94,62,250,188,78,265,187,157,266,109,110,188,78,94,1516,s10a
78,125,47,78,156,78,63,157,94,62,297,235,78,594,516,124,218,94,79,219,140,94,1860,s10a
94,141,47,78,172,94,47,141,94,62,249,187,63,297,234,141,204,63,78,171,93,94,1469,s10a
79,172,93,63,203,140,63,157,94,62,250,188,93,265,172,125,250,125,110,203,93,94,1594,s10a
94,187,93,63,172,109,63,172,109,63,281,218,94,360,266,109,343,234,63,156,93,94,1765,s10a
94,172,78,62,312,250,78,250,172,78,594,516,78,297,219,157,266,109,63,406,343,125,2422,s10a
78,125,47,63,141,78,47,126,79,62,265,203,63,235,172,171,687,516,63,125,62,94,1798,s10a
78,156,78,47,140,93,47,141,94,63,344,281,62,1297,1235,110,735,625,62,125,63,78,3016,s10a
78,156,78,47,125,78,78,156,78,63,266,203,62,343,281,125,297,172,79,141,62,94,1578,s10a
78,93,15,63,172,109,63,156,93,63,251,188,62,343,281,157,266,109,78,172,94,110,1563,s10a
78,172,94,63,156,93,47,125,78,63,250,187,78,297,219,156,500,344,63,94,31,94,1688,s10a
80,158,78,62,172,110,47,140,93,63,266,203,62,328,266,141,422,281,62,125,63,62,1673,s10a
63,125,62,63,188,125,47,140,93,47,219,172,94,266,172,140,219,79,78,219,141,109,1485,s10a
94,156,62,63,172,109,62,141,79,62,250,188,78,172,94,140,328,188,78,172,94,109,1500,s10a
93,187,94,63,156,93,63,173,110,78,672,594,78,187,109,141,281,140,94,235,141,109,2000,s10a
109,219,110,62,171,109,63,157,94,78,687,609,63,391,328,125,172,47,78,188,110,109,2094,s10a
78,140,62,78,172,94,63,141,78,62,250,188,78,187,109,141,219,78,94,234,140,94,1437,s10a
94,156,62,63,204,141,46,140,94,78,266,188,78,1047,969,141,156,15,78,250,172,125,2344,s10a
94,172,78,62,156,94,63,141,78,62,250,188,62,156,94,141,282,141,79,156,77,79,1392,s10a
78,156,78,63,157,94,47,140,93,47,235,188,62,328,266,140,469,329,62,187,125,94,1766,s10a
78,187,109,47,141,94,47,125,78,78,250,172,78,156,78,141,328,187,94,157,63,94,1438,s10a
78,141,63,62,156,94,47,110,63,78,250,172,62,265,203,141,266,125,78,203,125,79,1470,s10a
78,156,78,47,157,110,46,140,94,78,328,250,78,250,172,172,282,110,94,578,484,141,2032,s10a
94,109,15,47,157,110,62,156,94,63,297,234,63,328,265,141,235,94,78,187,109,94,1563,s10a
94,140,46,110,719,609,63,172,109,63,328,265,94,579,485,125,140,15,79,204,125,109,2391,s10a
78,187,109,47,141,94,62,156,94,47,250,203,63,454,391,94,140,46,94,172,78,94,1594,s10a
93,125,32,78,453,375,78,187,109,63,313,250,78,453,375,141,266,125,63,141,78,109,2047,s10a
62,156,94,63,156,93,47,141,94,63,266,203,78,249,171,125,313,188,62,156,94,110,1547,s10a
79,172,93,48,157,109,47,125,78,78,282,204,78,187,109,156,297,141,78,203,125,78,1501,s10a
94,172,78,63,188,125,62,156,94,78,312,234,78,1594,1516,125,172,47,94,247,153,141,2982,s10a
78,140,62,63,157,94,62,141,79,62,265,203,63,219,156,140,250,110,94,203,109,109,1484,s10a
93,172,79,62,156,94,62,156,94,63,876,813,62,312,250,141,234,93,78,172,94,110,2188,s10a
109,172,63,62,140,78,63,141,78,62,234,172,94,204,110,125,359,234,94,203,109,110,1563,s10a
104,264,160,136,448,312,127,120,-7,96,2352,2256,80,439,359,137,345,208,136,232,96,119,4319,S9a
96,152,56,104,200,96,112,136,24,88,752,664,96,232,136,96,647,551,114,153,39,111,2383,S9a
68,144,76,128,168,40,80,136,56,72,1015,943,80,481,401,96,176,80,96,176,80,88,2384,S9a
80,168,88,72,160,88,120,136,16,72,712,640,80,816,736,136,152,16,144,240,96,144,2528,S9a
88,120,32,111,207,96,97,113,16,80,312,232,120,392,272,120,160,40,96,272,176,96,1672,S9a
72,135,63,105,217,112,80,128,48,88,264,176,112,320,208,144,240,96,56,295,239,73,1672,S9a
72,144,72,88,207,119,73,153,80,72,256,184,120,407,287,104,177,73,87,280,193,88,1712,S9a
80,144,64,88,208,120,96,112,16,72,440,368,112,360,248,128,184,56,80,352,272,104,1904,S9a
112,144,32,104,208,104,119,112,-7,72,784,712,104,416,312,120,104,-16,104,231,127,105,2104,S9a
80,128,48,88,192,104,88,120,32,72,304,232,128,448,320,168,280,112,120,208,88,112,1792,S9a
80,96,16,120,216,96,72,152,80,80,240,160,112,376,264,128,208,80,80,232,152,87,1607,S9a
48,128,80,80,184,104,79,104,25,64,352,288,112,368,256,104,168,64,63,248,185,88,1640,S9a
104,135,31,97,201,104,72,112,40,88,288,200,135,368,233,104,176,72,104,224,120,88,1592,S9a
72,96,24,95,192,97,80,128,48,55,272,217,104,320,216,143,232,89,104,224,120,112,1576,S9a
64,160,96,88,184,96,64,128,64,79,288,209,104,408,304,136,184,48,96,224,128,127,1703,S9a
72,136,64,88,216,128,56,144,88,72,368,296,96,416,320,96,144,48,80,216,136,63,1703,S9a
56,104,48,72,184,112,72,104,32,48,312,264,88,344,256,79,232,153,56,216,160,96,1592,S9a
64,352,288,56,160,104,56,127,71,49,321,272,112,304,192,96,328,232,96,232,136,71,1895,S9a
49,121,72,72,184,112,64,120,56,23,312,289,103,368,265,72,207,135,57,233,176,88,1633,S9a
88,136,48,72,183,111,65,89,24,72,248,176,96,336,240,111,272,161,80,520,440,80,1864,S9a
80,135,55,81,281,200,112,3584,3472,80,496,416,119,711,592,105,129,24,115,207,92,104,5647,S9a
112,128,16,112,295,183,89,153,64,72,264,192,119,360,241,120,255,135,113,177,64,88,1720,S9a
88,104,16,103,192,89,72,112,40,48,288,240,120,296,176,96,207,111,64,281,217,80,1560,S9a
89,112,23,97,201,104,63,112,49,56,264,208,112,480,368,136,231,95,97,241,144,56,1697,S9a
79,128,49,72,184,112,72,120,48,96,5296,5200,112,199,87,120,137,17,104,176,72,96,6336,S9a
88,104,16,80,168,88,64,128,64,88,423,335,113,281,168,136,192,56,88,255,167,113,1664,S9a
96,151,55,89,185,96,80,151,71,57,344,287,113,481,368,120,121,1,102,215,113,95,1743,S9a
97,113,16,112,200,88,72,128,56,88,360,272,112,344,232,144,240,96,88,224,136,112,1721,S9a
87,144,57,72,192,120,56,104,48,56,392,336,103,296,193,144,224,80,72,216,144,87,1655,S9a
88,96,8,96,200,104,63,112,49,80,336,256,96,368,272,128,183,55,89,193,104,96,1584,S9a
71,152,81,80,216,136,79,144,65,64,360,296,112,312,200,111,256,145,79,271,192,80,1791,S9a
88,120,32,104,208,104,80,128,48,55,360,305,104,416,312,103,184,81,96,176,80,79,1671,S9a
72,95,23,153,185,32,160,224,64,72,496,424,95,248,153,128,248,120,79,208,129,80,1784,S9a
73,169,96,96,208,112,88,128,40,72,1088,1016,104,496,392,112,272,160,95,343,248,113,2817,S9a
104,136,32,80,192,112,63,119,56,65,304,239,89,353,264,96,264,168,88,280,192,88,1736,S9a
73,112,39,81,201,120,56,136,80,48,272,224,96,320,224,80,231,151,64,225,161,79,1576,S9a
80,112,32,119,216,97,64,112,48,80,312,232,112,320,208,95,320,225,128,288,160,88,1768,S9a
73,113,40,112,144,32,88,143,55,41,329,288,95,303,208,73,289,216,80,240,160,88,1649,S9a
112,144,32,152,160,8,104,360,256,104,432,328,104,272,168,151,247,96,145,217,72,128,1960,S9a
104,127,23,152,136,-16,113,129,16,72,752,680,119,288,169,151,144,-7,120,240,120,95,1911,S9a
97,160,63,129,96,-33,145,168,23,105,865,760,112,368,256,104,120,16,96,207,111,96,2080,S9a
113,120,7,136,128,-8,129,136,7,97,360,263,145,248,103,129,200,71,129,249,120,111,1552,S9a
96,288,192,81,64,-17,128,160,32,89,273,184,104,287,183,129,265,136,104,247,143,88,1672,S9a
112,152,40,120,88,-32,105,112,7,97,680,583,121,880,759,137,96,-41,121,256,135,80,2344,S9a
95,93,-2,131,123,-8,112,127,15,80,232,152,113,248,135,120,336,216,89,200,111,65,1424,S9a
89,80,-9,145,147,2,78,85,7,64,664,600,113,368,255,128,161,33,79,207,128,88,1800,S9a
96,88,-8,145,104,-41,128,112,-16,73,568,495,113,512,399,145,112,-33,113,232,119,89,1817,S9a
97,112,15,137,112,-25,120,112,-8,105,544,439,113,968,855,112,192,80,120,208,88,97,2345,S9a
96,136,40,137,96,-41,145,120,-25,89,241,152,128,215,87,120,296,176,89,192,103,113,1409,S9a
39,256,217,144,128,-16,128,144,16,104,208,104,112,368,256,152,216,64,88,168,80,120,1608,S9a
104,96,-8,208,951,743,57,232,175,105,361,256,128,416,288,135,176,41,96,144,48,104,2480,S9a
104,80,-24,135,152,17,159,232,73,64,776,712,152,279,127,145,185,40,88,208,120,120,2032,S9a
104,136,32,152,120,-32,128,129,1,87,591,504,96,304,208,184,192,8,104,232,128,112,1816,S9a
112,114,2,198,142,-56,128,130,2,94,494,400,112,400,288,160,161,1,111,231,120,128,1800,S9a
103,128,25,144,128,-16,120,224,104,88,520,432,103,440,337,176,128,-48,87,280,193,112,1960,S9a
95,136,41,136,120,-16,119,144,25,80,344,264,96,352,256,128,144,16,71,280,209,72,1592,S9a
96,160,64,120,96,-24,112,144,32,80,224,144,111,336,225,120,240,120,80,472,392,72,1744,S9a
65,209,144,120,79,-41,120,136,16,88,256,168,129,256,127,137,232,95,81,248,167,96,1512,S9a
136,176,40,129,96,-33,120,128,8,89,272,183,152,304,152,152,216,64,96,224,128,88,1504,S9a
98,128,30,137,97,-40,135,127,-8,97,248,151,129,256,127,120,248,128,128,232,104,128,1464,S9a
64,529,465,152,111,-41,128,160,32,81,344,263,96,296,200,143,136,-7,112,344,232,89,2009,S9a
120,160,40,88,48,-40,137,152,15,89,376,287,145,344,199,129,192,63,80,296,216,128,1696,S9a
89,192,103,129,88,-41,136,168,32,89,328,239,89,424,335,137,138,1,70,230,160,88,1656,S9a
121,144,23,144,255,111,105,337,232,96,376,280,129,728,599,104,143,39,105,457,352,80,2520,S9a
96,160,64,120,104,-16,88,176,88,72,968,896,64,1136,1072,104,105,1,103,191,88,112,2952,S9a
89,215,126,129,137,8,152,216,64,56,720,664,96,424,328,103,112,9,72,192,120,96,2112,S9a
120,176,56,128,88,-40,120,112,-8,95,568,473,72,360,288,96,256,160,96,240,144,104,1904,S9a
88,120,32,120,96,-24,80,112,32,88,240,152,112,264,152,120,352,232,88,208,120,96,1488,S9a
104,128,24,136,96,-40,127,120,-7,80,640,560,104,384,280,136,144,8,88,192,104,96,1800,S9a
73,128,55,96,79,-17,97,113,16,72,528,456,80,336,256,88,184,96,80,256,176,88,1712,S9a
72,169,97,151,119,-32,120,128,8,88,240,152,120,408,288,145,160,15,120,2728,2608,63,4015,S9a
88,128,40,120,88,-32,96,144,48,63,408,345,72,384,312,103,128,25,80,184,104,96,1560,S9a
88,120,32,120,123,3,125,181,56,96,696,600,96,320,224,88,176,88,72,176,104,96,1888,S9a
80,168,88,112,88,-24,112,167,55,73,201,128,72,320,248,112,280,168,88,272,184,128,1624,S9a
88,160,72,144,103,-41,121,113,-8,88,232,144,80,288,208,128,232,104,80,200,120,96,1424,S9a
80,176,96,128,88,-40,120,144,24,80,231,151,89,385,296,120,320,200,80,208,128,96,1648,S9a
104,152,48,144,120,-24,104,128,24,63,231,168,89,441,352,88,184,96,88,176,88,80,1512,S9a
97,201,104,128,88,-40,128,144,16,80,200,120,104,368,264,112,416,304,80,208,128,96,1721,S9a
81,121,40,127,96,-31,112,104,-8,88,328,240,64,496,432,88,112,24,72,224,152,80,1561,S9a
96,176,80,168,184,16,72,200,128,88,336,248,96,336,240,112,200,88,88,296,208,72,1800,S9a
79,143,64,128,95,-33,89,121,32,72,328,256,80,392,312,136,240,104,81,248,167,88,1655,S9a
121,144,23,152,111,-41,113,121,8,88,344,256,72,416,344,136,192,56,96,256,160,79,1663,S9a
104,159,55,121,97,-24,120,128,8,80,632,552,72,552,480,120,136,16,128,248,120,104,2056,S9a
88,160,72,120,64,-56,136,144,8,80,272,192,112,272,160,144,280,136,96,336,240,80,1608,S9a
70,160,90,136,96,-40,112,160,48,96,328,232,79,368,289,176,232,56,96,256,160,120,1720,S9a
104,168,64,128,88,-40,120,144,24,97,656,559,120,480,360,152,288,136,104,200,96,120,2144,S9a
97,232,135,144,88,-56,120,144,24,104,392,288,80,624,544,168,256,88,80,192,112,112,2040,S9a
88,152,64,144,104,-40,112,136,24,111,208,97,104,440,336,152,208,56,112,240,128,87,1575,S9a
1687,1591,-96,216,64,-152,264,144,-120,256,136,-120,1232,1128,-104,480,352,-128,256,176,-80,344,3935,S9a
99,136,37,112,79,-33,121,113,-8,96,584,488,80,448,368,112,304,192,119,240,121,64,1968,S9a
96,176,80,96,71,-25,105,153,48,80,248,168,104,360,256,136,312,176,80,512,432,144,1976,S9a
80,136,56,136,96,-40,120,200,80,80,352,272,72,416,344,96,168,72,72,312,240,104,1784,S9a
104,176,72,136,95,-41,129,121,-8,112,424,312,136,232,96,120,336,216,87,264,177,88,1736,S9a
88,209,121,104,80,-24,136,137,1,95,639,544,112,408,296,104,176,72,80,224,144,96,1969,S9a
112,144,32,152,88,-64,120,136,16,88,344,256,88,416,328,144,296,152,128,232,104,112,1768,S9a
96,151,55,114,73,-41,120,121,1,95,687,592,95,408,313,160,208,48,88,232,144,56,1936,S9a
81,288,207,104,136,32,80,128,48,64,352,288,64,400,336,104,224,120,96,296,200,96,1920,S9a
137,104,-33,168,152,-16,128,120,-8,96,1152,1056,113,319,206,121,137,16,96,184,88,104,2272,S9a
89,153,64,80,176,96,96,128,32,80,464,384,96,400,304,144,136,-8,88,232,144,120,1809,S9a
88,135,47,104,233,129,41,88,47,64,376,312,113,296,183,136,408,272,88,168,80,120,1824,S9a
104,88,-16,96,176,80,97,152,55,64,240,176,128,280,152,128,280,152,96,360,264,152,1728,S9a
128,130,2,126,222,96,88,128,40,88,312,224,128,288,160,153,240,87,80,256,176,104,1680,S9a
104,112,8,88,200,112,72,104,32,88,352,264,104,408,304,121,216,95,72,288,216,55,1735,S9a
76,112,36,104,208,104,73,137,64,63,319,256,96,424,328,129,168,39,55,192,137,88,1648,S9a
89,96,7,72,192,120,64,96,32,64,336,272,72,280,208,112,280,168,64,152,88,96,1528,S9a
112,168,56,80,168,88,56,64,8,87,360,273,104,392,288,128,248,120,80,200,120,88,1688,S9a
105,113,8,72,160,88,71,64,-7,80,632,552,80,320,240,112,208,96,72,193,121,95,1785,S9a
81,120,39,73,168,95,64,112,48,72,320,248,88,280,192,112,216,104,64,168,104,72,1456,S9a
72,136,64,80,160,80,79,128,49,64,376,312,96,320,224,144,232,88,72,208,136,80,1640,S9a
104,120,16,104,176,72,72,88,16,96,328,232,104,312,208,144,224,80,72,168,96,96,1512,S9a
104,120,16,112,208,96,96,128,32,96,344,248,96,288,192,144,288,144,96,223,127,89,1688,S9a
80,184,104,80,200,120,80,120,40,96,424,328,80,344,264,136,200,64,104,176,72,104,1752,S9a
103,111,8,88,184,96,72,80,8,72,647,575,105,321,216,168,216,48,88,200,112,104,1863,S9a
88,104,16,80,176,96,80,96,16,104,720,616,119,584,465,120,144,24,128,232,104,120,2176,S9a
120,96,-24,136,112,-24,120,88,-32,96,576,480,121,687,566,137,201,64,96,240,144,96,2096,S9a
112,120,8,160,120,-40,120,128,8,104,552,448,96,392,296,104,192,88,72,256,184,88,1848,S9a
96,112,16,136,128,-8,103,112,9,96,632,536,88,392,304,120,168,48,96,192,96,112,1848,S9a
112,128,16,136,96,-40,128,136,8,120,512,392,128,464,336,144,120,-24,104,208,104,111,1775,S9a
128,96,-32,152,112,-40,112,128,16,88,344,256,112,272,160,144,208,64,96,232,136,112,1504,S9a
80,112,32,152,120,-32,120,128,8,104,240,136,120,327,207,185,273,88,80,264,184,104,1568,S9a
96,144,48,128,103,-25,120,113,-7,88,248,160,96,344,248,176,335,159,89,385,296,96,1768,S9a
112,144,32,128,96,-32,104,144,40,72,312,240,104,368,264,152,224,72,80,232,152,96,1616,S9a
112,114,2,111,86,-25,88,96,8,80,664,584,96,360,264,160,208,48,96,208,112,104,1840,S9a
112,120,8,128,96,-32,113,104,-9,111,616,505,104,376,272,176,256,80,96,224,128,113,1905,S9a
88,192,104,120,104,-16,80,144,64,88,688,600,104,224,120,119,176,57,72,191,119,73,1792,S9a
98,114,16,101,94,-7,96,105,9,71,711,640,104,376,272,152,184,32,104,232,128,96,1912,S9a
82,104,22,152,104,-48,107,122,15,102,278,176,104,344,240,136,175,39,97,209,112,80,1416,S9a
80,120,40,120,96,-24,88,112,24,88,336,248,95,336,241,104,152,48,104,248,144,104,1504,S9a
112,160,48,112,64,-48,136,128,-8,96,312,216,104,416,312,159,200,41,104,216,112,113,1609,S9a
104,112,8,112,80,-32,119,104,-15,104,368,264,112,248,136,160,248,88,88,208,120,120,1488,S9a
128,136,8,112,72,-40,128,129,1,111,840,729,135,311,176,160,264,104,80,296,216,112,2160,S9a
112,120,8,128,80,-48,120,112,-8,80,232,152,80,448,368,120,136,16,112,216,104,119,1463,S9a
121,304,183,112,120,8,104,208,104,120,936,816,136,216,80,144,192,48,112,232,120,120,2328,S9a
112,128,16,145,95,-50,105,137,32,87,304,217,104,360,256,144,168,24,80,216,136,88,1496,S9a
128,120,-8,120,80,-40,144,120,-24,112,824,712,120,416,296,144,184,40,88,215,127,97,2056,S9a
120,144,24,152,112,-40,127,176,49,96,792,696,144,232,88,137,984,847,102,208,106,135,2783,S9a
103,96,-7,152,120,-32,80,96,16,88,216,128,128,424,296,143,200,57,96,232,136,112,1496,S9a
87,135,48,193,81,-112,144,184,40,88,943,855,81,465,384,128,136,8,96,224,128,80,2248,S9a
104,144,40,144,96,-48,136,144,8,88,200,112,88,824,736,144,120,-24,136,264,128,112,1904,S9a
88,120,32,160,104,-56,152,136,-16,96,224,128,120,344,224,144,200,56,80,216,136,96,1440,S9a
112,104,-8,136,88,-48,144,152,8,88,352,264,144,296,152,168,208,40,104,208,104,88,1496,S9a
134,167,33,152,96,-56,152,160,8,88,280,192,136,256,120,160,216,56,96,240,144,112,1527,S9a
104,168,64,128,72,-56,152,136,-16,56,256,200,144,264,120,168,296,128,79,208,129,88,1488,S9a
104,128,24,152,88,-64,144,128,-16,120,224,104,120,368,248,152,192,40,96,216,120,104,1448,S9a
120,167,47,105,57,-48,168,176,8,104,208,104,96,296,200,143,248,105,120,312,192,112,1576,S9a
96,128,32,135,72,-63,135,128,-7,112,239,127,121,240,119,129,249,120,88,200,112,96,1352,S9a
88,144,56,128,80,-48,128,120,-8,72,248,176,136,344,208,136,224,88,80,175,95,89,1424,S9a
96,160,64,96,64,-32,175,168,-7,104,231,127,89,385,296,120,208,88,72,208,136,80,1504,S9a
88,176,88,104,56,-48,143,145,2,111,223,112,144,296,152,152,232,80,80,176,96,88,1392,S9a
120,184,64,160,96,-64,160,161,1,95,215,120,112,320,208,159,231,72,105,185,80,80,1472,S9a
136,224,88,136,112,-24,152,168,16,112,240,128,80,320,240,144,320,176,88,208,120,80,1672,S9a
104,127,23,169,129,-40,136,137,1,94,303,209,112,240,128,160,240,80,95,191,96,105,1472,S9a
79,176,97,128,88,-40,120,128,8,88,272,184,144,320,176,135,248,113,119,250,131,102,1584,S9a
108,140,32,176,87,-89,152,144,-8,104,265,161,144,384,240,136,207,71,121,241,120,128,1596,S9a
88,120,32,160,96,-64,135,104,-31,88,303,215,120,257,137,135,240,105,104,232,128,88,1440,S9a
88,143,55,169,113,-56,136,120,-16,87,256,169,88,312,224,112,336,224,88,208,120,80,1568,S9a
88,152,64,168,96,-72,119,112,-7,80,544,464,120,296,176,144,240,96,88,256,168,80,1776,S9a
88,152,64,112,72,-40,119,112,-7,80,520,440,79,2144,2065,114,216,102,72,216,144,95,3527,S9a
81,104,23,152,112,-40,111,88,-23,104,280,176,87,319,232,113,169,56,72,192,120,56,1320,S9a
80,223,143,138,97,-41,112,160,48,88,208,120,96,359,263,129,256,127,89,216,127,113,1632,S9a
135,248,113,104,63,-41,153,154,1,87,279,192,112,224,112,144,248,104,88,223,135,89,1528,S9a
103,215,112,161,129,-32,120,152,32,79,231,152,89,281,192,96,232,136,72,199,127,73,1512,S9a
80,175,95,153,121,-32,96,143,47,97,224,127,89,273,184,120,232,112,72,232,160,103,1503,S9a
96,176,80,152,112,-40,128,136,8,88,208,120,112,272,160,136,256,120,72,200,128,96,1456,S9a
72,152,80,152,96,-56,128,120,-8,88,376,288,88,344,256,120,184,64,128,207,79,113,1592,S9a
120,199,79,145,89,-56,136,144,8,88,224,136,103,232,129,136,336,200,80,344,264,88,1656,S9a
120,152,32,152,104,-48,144,160,16,48,312,264,96,343,247,137,225,88,80,280,200,56,1632,S9a
127,167,40,145,105,-40,135,152,17,96,304,208,88,408,320,152,160,8,80,216,136,96,1608,S9a
88,168,80,144,104,-40,88,64,-24,88,296,208,104,224,120,128,384,256,96,264,168,96,1600,S9a
88,152,64,144,104,-40,95,160,65,88,256,168,104,1487,1383,153,121,-32,112,896,784,64,3240,S9a
96,112,16,119,80,-39,112,96,-16,79,264,185,88,328,240,144,152,8,71,208,137,63,1303,S9a
104,112,8,144,127,-17,121,129,8,80,560,480,79,296,217,104,176,72,104,200,96,80,1680,S9a
96,152,56,144,104,-40,96,104,8,72,248,176,88,527,439,120,129,9,104,136,32,96,1496,S9a
115,128,13,112,72,-40,112,113,1,87,519,432,79,336,257,96,159,63,96,249,153,64,1640,S9a
96,119,23,129,97,-32,111,127,16,80,208,128,113,336,223,137,185,48,104,199,95,97,1368,S9a
104,120,16,120,80,-40,128,136,8,80,216,136,112,327,215,137,176,39,89,225,136,72,1352,S9a
105,129,24,144,104,-40,128,120,-8,103,239,136,129,273,144,168,207,39,104,209,105,79,1360,S9a
87,135,48,113,67,-46,118,85,-33,88,641,553,104,528,424,120,104,-16,120,175,55,97,1832,S9a
104,97,-7,136,88,-48,104,80,-24,88,392,304,87,416,329,104,144,40,80,208,128,80,1505,S9a
104,152,48,152,104,-48,104,96,-8,96,368,272,128,1008,880,136,184,48,95,255,160,89,2256,S9a
104,128,24,128,88,-40,112,128,16,80,368,288,96,400,304,143,192,49,80,216,136,72,1592,S9a
80,119,39,145,89,-56,120,128,8,80,240,160,88,376,288,80,240,160,87,559,472,104,1855,S9a
96,119,23,121,97,-24,103,104,1,64,288,224,112,495,383,136,138,2,94,206,112,81,1528,S9a
104,128,24,127,72,-55,135,103,-32,121,584,463,81,577,496,119,111,-8,105,209,104,79,1863,S9a
113,129,16,144,96,-48,119,112,-7,80,264,184,104,399,295,129,209,80,72,216,144,80,1505,S9a
96,112,16,136,96,-40,120,127,7,89,249,160,104,464,360,128,152,24,80,215,135,81,1496,S9a
111,104,-7,152,112,-40,127,119,-8,96,577,481,96,431,335,160,256,96,104,217,113,72,1888,S9a
128,160,32,128,87,-41,137,121,-16,80,416,336,72,440,368,152,135,-17,72,248,176,81,1688,S9a
121,144,23,137,89,-48,104,120,16,79,1040,961,80,440,360,144,145,1,71,214,143,81,2273,S9a
112,135,23,137,96,-41,120,113,-7,80,416,336,96,327,231,160,272,112,97,296,199,89,1744,S9a
97,113,16,167,143,-24,97,128,31,73,249,176,119,336,217,152,191,39,96,256,160,97,1513,S9a
105,168,63,145,104,-41,113,120,7,105,561,456,104,511,407,81,441,360,95,319,224,63,2287,S9a
112,159,47,145,168,23,97,104,7,89,1800,1711,81,336,255,113,200,87,80,312,232,73,3152,S9a
100,212,112,104,168,64,121,120,-1,136,1000,864,88,456,368,113,113,0,87,215,128,104,2388,S9a
114,113,-1,136,104,-32,120,88,-32,120,864,744,120,416,296,112,144,32,88,200,112,88,2017,S9a
112,80,-32,128,112,-16,88,104,16,120,584,464,112,264,152,112,168,56,80,208,128,104,1624,S9a
81,80,-1,112,80,-32,104,72,-32,88,536,448,80,328,248,128,160,32,64,216,152,80,1552,S9a
88,193,105,112,104,-8,113,112,-1,88,240,152,72,472,400,120,104,-16,104,184,80,112,1521,S9a
104,168,64,136,128,-8,80,64,-16,112,264,152,96,330,234,102,166,64,80,256,176,80,1456,S9a
88,168,80,112,104,-8,113,112,-1,88,216,128,48,392,344,104,168,64,80,184,104,104,1448,S9a
80,176,96,112,80,-32,129,128,-1,80,320,240,72,325,253,91,171,80,72,256,184,96,1552,S9a
114,113,-1,127,87,-40,145,145,0,95,343,248,56,552,496,128,112,-16,88,240,152,96,1688,S9a
104,144,40,136,72,-64,129,128,-1,80,288,208,104,375,271,105,169,64,80,184,104,104,1464,S9a
80,144,64,95,80,-15,120,137,17,79,342,263,105,376,271,105,145,40,80,272,192,71,1567,S9a
104,120,16,128,88,-40,104,136,32,80,248,168,80,408,328,112,129,17,87,287,200,104,1520,S9a
104,152,48,142,112,-30,105,104,-1,80,288,208,104,352,248,152,176,24,80,177,97,95,1456,S9a
99,192,93,112,72,-40,121,120,-1,104,240,136,112,344,232,153,184,31,80,264,184,104,1520,S9a
104,136,32,136,128,-8,120,112,-8,128,800,672,96,488,392,128,112,-16,96,209,113,103,2088,S9a
104,145,41,135,111,-24,128,96,-32,112,552,440,112,289,177,167,207,40,80,296,216,136,1832,S9a
103,79,-24,177,145,-32,127,103,-24,120,544,424,104,392,288,129,129,0,79,231,152,144,1767,S9a
121,120,-1,112,56,-56,144,112,-32,120,608,488,80,360,280,152,136,-16,72,233,161,103,1728,S9a
112,128,16,120,96,-24,128,104,-24,104,1072,968,128,312,184,160,208,48,64,192,128,96,2208,S9a
103,208,105,135,95,-40,105,104,-1,80,672,592,128,896,768,112,80,-32,32,360,328,128,2543,S9a
136,240,104,120,81,-39,151,119,-32,112,673,561,87,287,200,128,160,32,64,193,129,79,1832,S9a
121,121,0,119,56,-63,143,103,-40,128,512,384,104,312,208,120,168,48,80,209,129,119,1600,S9a
119,223,104,136,80,-56,121,121,0,103,255,152,96,264,168,128,201,73,55,255,200,120,1519,S9a
112,177,65,119,79,-40,153,153,0,119,368,249,103,455,352,145,145,0,128,271,143,104,1752,S9a
176,208,32,136,80,-56,153,112,-41,128,288,160,176,224,48,112,263,151,89,274,185,127,1576,S9a
136,152,16,136,80,-56,137,104,-33,112,257,145,151,304,153,119,152,33,111,271,160,88,1408,S9a
127,152,25,127,88,-39,111,79,-32,113,553,440,87,320,233,87,192,105,104,175,71,104,1663,S9a
136,152,16,151,104,-47,127,103,-24,112,201,89,104,304,200,111,168,57,127,183,56,113,1328,S9a
127,143,16,112,73,-39,119,80,-39,111,375,264,88,312,224,120,153,33,87,200,113,103,1439,S9a
136,136,0,112,80,-32,87,56,-31,119,560,441,87,271,184,152,361,209,79,119,40,121,1704,S9a
128,128,0,136,79,-57,112,89,-23,95,248,153,79,256,177,103,159,56,88,192,104,96,1247,S9a
103,144,41,119,63,-56,89,89,0,103,216,113,88,287,199,128,161,33,87,192,105,103,1255,S9a
128,168,40,152,80,-72,111,72,-39,103,440,337,79,256,177,128,184,56,88,200,112,103,1503,S9a
96,136,40,160,127,-33,104,137,33,87,384,297,136,343,207,137,137,0,95,144,49,144,1552,S9a
112,152,40,151,88,-63,151,119,-32,104,216,112,88,288,200,144,145,1,79,208,129,103,1319,S9a
136,167,31,161,80,-81,153,153,0,104,248,144,111,343,232,136,137,1,87,199,112,104,1431,S9a
137,136,-1,176,96,-80,128,104,-24,120,496,376,112,360,248,128,128,0,103,135,32,128,1583,S9a
96,144,48,136,79,-57,193,193,0,96,280,184,71,1215,1144,120,121,1,103,183,80,104,2319,S9a
136,136,0,104,40,-64,152,152,0,80,528,448,96,368,272,95,128,33,79,160,81,71,1583,S9a
144,168,24,72,40,-32,136,136,0,112,192,80,56,264,208,120,216,96,80,168,88,104,1288,S9a
112,144,32,144,104,-40,119,96,-23,104,256,152,104,279,175,112,216,104,104,239,135,130,1464,S9a
128,152,24,144,104,-40,129,128,-1,88,200,112,80,488,408,128,128,0,80,1759,1679,80,3039,S9a
112,136,24,120,80,-40,112,96,-16,96,224,128,80,448,368,112,152,40,80,248,168,104,1488,S9a
111,168,57,101,64,-37,152,112,-40,120,848,728,152,376,224,143,191,48,88,185,97,111,2055,S9a
128,168,40,144,104,-40,121,120,-1,96,232,136,80,359,279,145,209,64,56,152,96,112,1456,S9a
128,160,32,144,80,-64,144,144,0,104,208,104,88,264,176,135,192,57,80,192,112,103,1343,S9a
127,160,33,167,88,-79,160,128,-32,135,224,89,112,311,199,145,185,40,103,216,113,103,1415,S9a
113,192,79,152,104,-48,129,129,0,119,648,529,79,1095,1016,112,113,1,95,159,64,104,2544,S9a
103,152,49,176,128,-48,104,88,-16,104,400,296,96,296,200,120,352,232,88,256,168,103,1775,S9a
104,256,152,184,120,-64,145,144,-1,112,504,392,88,336,248,112,400,288,88,248,160,104,2112,S9a
104,136,32,128,88,-40,97,96,-1,88,392,304,72,343,271,113,321,208,80,184,104,96,1656,S9a
96,232,136,120,64,-56,152,176,24,96,304,208,80,312,232,120,344,224,80,200,120,88,1720,S9a
80,120,40,120,80,-40,120,120,0,88,304,216,88,264,176,104,192,88,128,200,72,112,1392,S9a
80,128,48,127,88,-39,120,120,0,103,280,177,96,296,200,120,176,56,64,192,128,112,1392,S9a
128,128,0,135,96,-39,136,95,-41,121,665,544,80,488,408,128,104,-24,111,160,49,112,1848,S9a
152,152,0,120,64,-56,136,136,0,104,304,200,80,328,248,128,168,40,79,160,81,96,1408,S9a
112,144,32,144,88,-56,136,104,-32,104,287,183,89,321,232,136,168,32,87,216,129,95,1423,S9a
152,232,80,119,72,-47,159,144,-15,112,240,128,87,359,272,113,177,64,88,168,80,112,1504,S9a
104,160,56,120,80,-40,119,104,-15,104,360,256,87,432,345,128,128,0,80,208,128,112,1584,S9a
87,152,65,128,88,-40,119,103,-16,96,577,481,104,272,168,151,256,105,79,256,177,80,1784,S9a
89,145,56,136,80,-56,120,80,-40,111,576,465,79,471,392,129,129,0,79,208,129,112,1801,S9a
152,176,24,129,89,-40,128,128,0,104,400,296,103,648,545,128,144,16,87,216,129,111,1912,S9a
144,183,39,88,56,-32,168,121,-47,127,560,433,103,391,288,137,137,0,111,192,81,103,1743,S9a
103,352,249,103,72,-31,144,144,0,103,392,289,104,448,344,160,184,24,104,215,111,104,1911,S9a
103,215,112,80,57,-23,128,128,0,103,288,185,87,383,296,137,168,31,104,193,89,103,1535,S9a
137,193,56,103,72,-31,136,136,0,95,375,280,81,281,200,144,400,256,72,232,160,103,1792,S9a
88,192,104,120,72,-48,128,128,0,111,223,112,128,400,272,153,153,0,96,200,104,103,1471,S9a
104,193,89,143,96,-47,119,104,-15,111,408,297,111,335,224,121,184,63,80,217,137,104,1641,S9a
95,200,105,112,63,-49,121,121,0,79,383,304,88,360,272,120,225,105,79,224,145,111,1687,S9a
103,232,129,95,56,-39,120,120,0,71,344,273,111,360,249,119,216,97,87,240,153,87,1655,S9a
87,208,121,104,55,-49,129,129,0,88,416,328,79,424,345,135,200,65,80,200,120,72,1704,S9a
112,200,88,120,79,-41,129,97,-32,79,448,369,87,336,249,127,272,145,71,224,153,112,1768,S9a
151,200,49,128,88,-40,128,128,0,87,312,225,103,503,400,137,137,0,103,208,105,104,1680,S9a
127,192,65,128,80,-48,136,111,-25,105,337,232,79,351,272,153,217,64,95,256,161,103,1647,S9a
87,168,81,135,88,-47,112,112,0,80,400,320,87,336,249,136,168,32,80,280,200,80,1632,S9a
73,193,120,151,112,-39,104,104,0,103,432,329,79,560,481,80,136,56,88,359,271,97,1993,S9a
152,368,216,71,48,-23,128,128,0,111,584,473,104,447,343,112,145,33,88,192,104,87,1999,S9a
80,168,88,121,80,-41,105,105,0,80,232,152,95,352,257,104,152,48,87,272,185,104,1465,S9a
105,177,72,128,87,-41,113,113,0,87,280,193,128,368,240,136,136,0,104,280,176,96,1537,S9a
128,192,64,120,96,-24,128,128,0,111,216,105,103,352,249,120,231,111,89,241,152,127,1583,S9a
111,200,89,120,80,-40,136,136,0,87,208,121,104,712,608,119,152,33,111,192,81,112,1792,S9a
144,144,0,103,72,-31,127,88,-39,96,567,471,113,480,367,128,113,-15,120,240,120,80,1784,S9a
88,168,80,119,80,-39,128,128,0,80,192,112,103,320,217,95,224,129,80,264,184,72,1448,S9a
104,168,64,151,112,-39,112,112,0,96,240,144,136,296,160,176,200,24,103,216,113,128,1472,S9a
128,184,56,135,80,-55,144,120,-24,103,208,105,111,336,225,151,832,681,112,256,144,104,2120,S9a
152,520,368,159,160,1,152,152,0,96,328,232,152,328,176,151,240,89,96,184,88,111,2023,S9a
104,192,88,151,112,-39,136,136,0,80,256,176,104,360,256,127,176,49,103,208,105,80,1520,S9a
104,184,80,160,160,0,135,183,48,80,281,201,112,312,200,135,311,176,96,296,200,89,1816,S9a
88,177,89,143,103,-40,120,120,0,80,257,177,71,295,224,168,296,128,88,209,121,104,1561,S9a
104,200,96,192,160,-32,112,208,96,112,312,200,96,320,224,136,240,104,112,288,176,88,1816,S9a
104,152,48,95,80,-15,127,112,-15,80,576,496,80,312,232,151,368,217,104,256,152,127,1983,S9a
136,184,48,112,64,-48,152,128,-24,128,672,544,88,320,232,128,168,40,96,384,288,88,2008,S9a
112,152,40,135,112,-23,136,104,-32,120,280,160,128,248,120,176,287,111,104,193,89,128,1504,S9a
104,184,80,120,88,-32,129,128,-1,103,248,145,104,328,224,128,216,88,104,200,96,88,1480,S9a
144,200,56,120,88,-32,136,136,0,96,200,104,96,232,136,152,248,96,96,248,152,96,1448,S9a
103,199,96,95,832,737,56,112,56,79,568,489,79,416,337,128,328,200,88,200,112,72,2727,S9a
119,151,32,121,96,-25,113,113,0,87,703,616,80,281,201,103,280,177,72,208,136,104,1936,S9a
128,207,79,104,185,81,128,159,31,104,329,225,127,327,200,129,201,72,63,259,196,149,1816,S9a
136,208,72,87,200,113,88,96,8,88,280,192,104,304,200,104,168,64,79,223,144,105,1584,S9a
49,129,80,80,184,104,80,120,40,88,192,104,87,344,257,128,200,72,72,216,144,88,1473,S9a
73,137,64,72,184,112,64,80,16,72,496,424,80,440,360,95,152,57,80,216,136,56,1761,S9a
112,160,48,88,200,112,79,96,17,64,248,184,112,296,184,128,207,79,73,193,120,95,1495,S9a
120,160,40,88,192,104,96,96,0,80,312,232,88,359,271,129,161,32,80,208,128,88,1576,S9a
95,232,137,128,232,104,104,128,24,88,296,208,128,352,224,136,176,40,104,280,176,104,1800,S9a
112,216,104,88,184,96,80,112,32,88,232,144,111,368,257,136,192,56,80,296,216,56,1656,S9a
87,256,169,104,208,104,88,128,40,88,400,312,88,312,224,120,184,64,56,232,176,88,1808,S9a
64,152,88,80,192,112,79,160,81,80,240,160,88,440,352,160,288,128,88,312,224,88,1872,S9a
81,441,360,104,256,152,104,216,112,96,344,248,88,351,263,121,297,176,88,248,160,88,2241,S9a
98,201,103,72,192,120,80,112,32,80,408,328,96,320,224,144,232,88,80,264,184,112,1841,S9a
128,176,48,128,232,104,88,88,0,80,376,296,152,304,152,112,296,184,80,264,184,88,1824,S9a
79,184,105,79,199,120,81,137,56,104,280,176,80,456,376,112,160,48,120,184,64,96,1696,S9a
128,128,0,129,129,0,95,55,-40,96,688,592,120,352,232,128,192,64,80,176,96,88,1808,S9a
128,128,0,128,128,0,71,56,-15,72,232,160,103,264,161,112,208,96,80,232,152,95,1343,S9a
80,224,144,96,63,-33,128,128,0,81,249,168,88,344,256,112,144,32,80,216,136,88,1456,S9a
96,160,64,128,96,-32,120,120,0,80,208,128,72,312,240,119,232,113,64,232,168,80,1440,S9a
112,176,64,120,80,-40,120,120,0,96,200,104,80,304,224,136,256,120,88,223,135,104,1463,S9a
136,192,56,128,96,-32,160,160,0,104,248,144,80,480,400,80,136,56,88,168,80,96,1576,S9a
128,184,56,111,80,-31,153,120,-33,104,240,136,112,320,208,152,192,40,96,208,112,96,1440,S9a
120,152,32,144,88,-56,135,120,-15,104,232,128,88,359,271,153,192,39,104,200,96,128,1471,S9a
160,184,24,136,80,-56,161,136,-25,104,289,185,144,272,128,176,223,47,105,208,103,128,1520,S9a
144,201,57,103,71,-32,144,113,-31,104,239,135,128,272,144,144,192,48,88,241,153,104,1433,S9a
128,209,81,111,47,-64,177,153,-24,119,303,184,144,249,105,151,399,248,105,233,128,128,1721,S9a
159,215,56,129,56,-73,184,153,-31,111,232,121,128,264,136,168,264,96,80,184,104,112,1480,S9a
128,176,48,104,56,-48,152,152,0,87,216,129,80,208,128,128,312,184,88,216,128,120,1456,S9a
160,192,32,136,80,-56,144,144,0,128,240,112,80,480,400,143,160,17,103,144,41,88,1528,S9a
144,184,40,119,64,-55,168,128,-40,103,263,160,128,297,169,152,208,56,88,223,135,113,1480,S9a
145,177,32,119,72,-47,144,103,-41,105,1057,952,104,232,128,152,153,1,95,151,56,127,2072,S9a
144,144,0,104,56,-48,152,112,-40,112,264,152,128,304,176,152,192,40,88,160,72,104,1336,S9a
88,200,112,88,144,56,128,112,-16,120,208,88,104,344,240,128,152,24,88,216,128,96,1472,S9a
151,183,32,248,352,104,104,120,16,120,280,160,96,272,176,136,176,40,88,192,104,112,1687,S9a
104,184,80,104,105,1,128,127,-1,96,248,152,104,288,184,152,239,87,105,233,128,112,1536,S9a
152,192,40,144,80,-64,145,144,-1,72,208,136,72,368,296,136,168,32,96,168,72,120,1448,S9a
153,152,-1,128,72,-56,152,112,-40,104,304,200,120,320,200,160,184,24,80,208,128,112,1464,S9a
136,168,32,144,80,-64,160,129,-31,87,263,176,88,328,240,128,152,24,96,208,112,144,1472,S9a
120,176,56,112,80,-32,160,136,-24,80,224,144,80,296,216,120,192,72,80,200,120,120,1424,S9a
128,192,64,80,35,-45,165,125,-40,104,256,152,64,280,216,152,224,72,80,232,152,88,1432,S9a
96,184,88,64,33,-31,167,135,-32,88,232,144,104,207,103,145,241,96,111,232,121,152,1416,S9a
126,183,57,96,56,-40,163,128,-35,80,256,176,88,432,344,103,152,49,96,168,72,104,1479,S9a
64,504,440,136,112,-24,157,128,-29,72,224,152,144,360,216,160,240,80,96,160,64,104,1832,S9a
128,225,97,119,120,1,134,119,-15,96,224,128,64,696,632,80,216,136,112,128,16,112,1840,S9a
104,184,80,128,88,-40,112,96,-16,104,264,160,88,264,176,152,224,72,80,184,104,136,1440,S9a
120,160,40,120,80,-40,144,112,-32,96,224,128,80,352,272,120,152,32,88,193,105,87,1360,S9a
112,264,152,88,48,-40,159,144,-15,120,304,184,104,344,240,152,152,0,88,216,128,88,1560,S9a
104,216,112,80,56,-24,160,153,-7,63,191,128,96,320,224,136,168,32,104,177,73,111,1392,S9a
168,192,24,120,64,-56,160,136,-24,104,216,112,88,408,320,128,129,1,111,159,48,112,1416,S9a
120,232,112,128,184,56,104,88,-16,80,216,136,104,392,288,96,128,32,120,208,88,104,1552,S9a
72,248,176,112,152,40,112,104,-8,88,256,168,96,232,136,96,440,344,128,176,48,80,1688,S9a
128,184,56,128,88,-40,145,145,0,79,215,136,104,375,271,129,161,32,80,184,104,104,1456,S9a
88,209,121,111,167,56,89,88,-1,88,625,537,95,439,344,145,145,0,71,199,128,104,1976,S9a
104,225,121,95,151,56,113,112,-1,80,432,352,128,400,272,136,137,1,127,207,80,80,1744,S9a
80,184,104,112,152,40,121,120,-1,88,440,352,80,456,376,105,136,31,96,200,104,80,1768,S9a
79,215,136,88,144,56,88,128,40,64,288,224,48,672,624,120,128,8,104,168,64,104,1847,S9a
88,169,81,106,120,14,95,111,16,72,224,152,88,289,201,135,207,72,104,208,104,104,1432,S9a
104,193,89,111,151,40,80,112,32,56,304,248,120,344,224,144,176,32,112,200,88,96,1576,S9a
120,224,104,120,1576,1456,80,128,48,64,577,513,79,351,272,104,168,64,64,224,160,24,3272,S9a
55,239,184,96,136,40,80,104,24,56,313,257,87,335,248,104,160,56,80,2392,2312,56,3735,S9a
55,159,104,80,129,49,63,95,32,64,376,312,88,345,257,103,168,65,63,143,80,89,1504,S9a
80,193,113,79,135,56,56,96,40,56,337,281,95,351,256,96,176,80,56,184,128,96,1568,S9a
72,201,129,47,119,72,71,104,33,56,313,257,103,296,193,127,247,120,128,209,81,79,1568,S9a
79,183,104,88,168,80,56,72,16,64,336,272,64,313,249,95,384,289,95,192,97,103,1751,S9a
79,167,88,104,169,65,79,111,32,56,312,256,89,272,183,73,224,151,64,264,200,56,1575,S9a
96,176,80,95,120,25,63,88,25,55,392,337,79,367,288,88,127,39,74,156,82,85,1511,S9a
72,177,105,79,119,40,80,104,24,56,368,312,56,400,344,113,201,88,71,183,112,104,1656,S9a
87,191,104,81,153,72,79,103,24,96,368,272,104,361,257,120,151,31,80,192,112,88,1607,S9a
95,224,129,71,176,105,55,88,33,40,336,296,95,296,201,96,184,88,71,184,113,87,1575,S9a
55,175,120,81,153,72,63,104,41,47,336,289,87,439,352,129,169,40,103,159,56,87,1622,S9a
81,177,96,87,143,56,80,97,17,80,416,336,103,312,209,96,631,535,65,217,152,79,2072,S9a
71,184,113,55,152,97,55,63,8,57,256,199,56,376,320,80,185,105,63,168,105,63,1447,S9a
57,161,104,56,135,79,80,88,8,48,328,280,80,313,233,128,256,128,55,200,145,64,1545,S9a
96,169,73,95,160,65,64,106,42,45,341,296,80,377,297,127,168,41,87,240,153,111,1672,S9a
79,527,448,104,185,81,63,119,56,80,344,264,72,377,305,127,168,41,71,200,129,95,2015,S9a
87,192,105,104,176,72,72,128,56,40,383,343,80,417,337,79,152,73,63,192,129,87,1727,S9a
80,192,112,79,168,89,79,96,17,47,408,361,64,488,424,120,120,0,87,192,105,63,1727,S9a
103,184,81,127,160,33,79,96,17,71,400,329,79,440,361,112,192,80,87,255,168,81,1808,S9a
87,176,89,112,144,32,71,96,25,56,368,312,103,592,489,111,128,17,127,152,25,79,1735,S9a
88,191,103,88,129,41,55,112,57,55,368,313,104,312,208,151,264,113,79,296,217,88,1760,S9a
48,327,279,112,176,64,80,104,24,65,344,279,88,393,305,127,176,49,88,176,88,88,1784,S9a
95,200,105,79,136,57,79,104,25,80,455,375,105,480,375,137,137,0,103,200,97,64,1776,S9a
96,200,104,88,120,32,96,96,0,63,392,329,80,528,448,143,127,-16,120,217,97,103,1783,S9a
88,177,89,87,176,89,80,80,0,80,336,256,64,391,327,104,185,81,79,207,128,80,1632,S9a
88,184,96,104,127,23,80,113,33,48,480,432,112,416,304,120,152,32,96,328,232,103,1903,S9a
79,168,89,128,160,32,88,792,704,103,295,192,73,369,296,104,136,32,72,168,96,72,2160,S9a
56,160,104,128,129,1,88,87,-1,72,200,128,80,312,232,112,245,133,74,186,112,88,1407,S9a
56,160,104,80,136,56,72,72,0,64,248,184,80,408,328,104,112,8,80,160,80,64,1360,S9a
64,184,120,96,160,64,80,96,16,72,256,184,72,328,256,120,248,128,88,168,80,80,1520,S9a
96,224,128,95,80,-15,120,120,0,88,240,152,80,352,272,104,200,96,88,184,96,88,1488,S9a
80,176,96,112,80,-32,128,128,0,64,192,128,56,648,592,112,136,24,72,152,80,72,1584,S9a
80,152,72,104,80,-24,95,80,-15,72,224,152,64,320,256,112,192,80,88,168,80,80,1296,S9a
104,184,80,96,64,-32,121,120,-1,80,216,136,80,352,272,120,184,64,80,192,112,80,1392,S9a
88,168,80,144,144,0,96,112,16,80,328,248,80,304,224,120,288,168,72,224,152,104,1672,S9a
104,160,56,96,64,-32,128,96,-32,88,288,200,80,312,232,128,144,16,112,192,80,88,1344,S9a
112,168,56,120,72,-48,127,112,-15,96,320,224,88,288,200,128,216,88,80,191,111,80,1447,S9a
103,184,81,120,80,-40,120,152,32,80,280,200,88,392,304,80,192,112,80,152,72,80,1512,S9a
72,152,80,120,88,-32,136,136,0,56,216,160,64,336,272,112,160,48,80,184,104,88,1360,S9a
140,268,128,112,224,112,136,264,128,88,496,408,120,664,544,137,360,223,136,480,344,128,2884,S8a
144,304,160,96,224,128,104,256,152,80,400,320,112,369,257,127,367,240,136,408,272,112,2440,S8a
135,295,160,104,272,168,120,296,176,88,408,320,136,432,296,104,720,616,112,288,176,112,2823,S8a
112,248,136,104,224,120,104,255,151,81,593,512,120,328,208,136,736,600,128,296,168,120,2800,S8a
128,328,200,112,232,120,112,272,160,112,457,345,135,319,184,129,383,254,145,305,160,151,2447,S8a
104,392,288,112,560,448,128,288,160,95,472,377,128,351,223,105,289,184,136,360,224,144,2856,S8a
133,309,176,153,249,96,152,320,168,112,440,328,120,352,232,152,352,200,128,376,248,128,2526,S8a
144,320,176,120,272,152,112,312,200,104,425,321,119,319,200,128,384,256,136,344,208,128,2504,S8a
128,376,248,152,344,192,128,328,200,88,400,312,136,648,512,128,840,712,128,328,200,128,3392,S8a
144,320,176,128,223,95,105,265,160,88,392,304,128,312,184,160,336,176,152,280,128,128,2256,S8a
120,336,216,152,360,208,128,328,200,96,376,280,144,368,224,152,352,200,144,360,216,136,2616,S8a
136,320,184,136,264,128,128,304,176,112,424,312,136,544,408,112,704,592,128,392,264,112,3064,S8a
152,272,120,128,280,152,128,256,128,96,360,264,152,368,216,144,392,248,136,312,176,112,2352,S8a
128,304,176,144,240,96,128,272,144,88,416,328,112,416,304,120,328,208,128,280,152,136,2392,S8a
129,281,152,144,312,168,128,312,184,120,560,440,120,368,248,120,296,176,112,336,224,144,2609,S8a
135,695,560,144,1048,904,144,328,184,128,1050,922,150,382,232,136,328,192,128,312,184,152,4295,S8a
144,312,168,144,272,128,136,320,184,112,408,296,136,472,336,136,384,248,120,312,192,128,2608,S8a
128,296,168,144,288,144,144,344,200,104,368,264,136,336,200,136,360,224,119,312,193,152,2456,S8a
112,383,271,153,785,632,128,336,208,128,432,304,144,264,120,120,280,160,112,288,176,112,2880,S8a
136,384,248,144,296,152,128,304,176,112,368,256,144,352,208,128,376,248,128,312,184,144,2536,S8a
128,328,200,144,272,128,152,376,224,128,1040,912,128,1240,1112,143,368,225,104,232,128,120,3976,S8a
128,296,168,128,264,136,160,296,136,88,425,337,135,311,176,120,328,208,128,280,152,112,2312,S8a
112,320,208,152,256,104,152,328,176,128,416,288,152,376,224,144,336,192,144,296,152,152,2480,S8a
127,416,289,136,328,192,128,328,200,120,464,344,128,408,280,136,352,216,128,352,224,120,2768,S8a
145,345,200,152,368,216,160,368,208,144,488,344,152,336,184,136,336,200,144,320,176,128,2689,S8a
113,408,295,128,304,176,136,344,208,127,440,313,152,336,184,152,392,240,144,344,200,128,2696,S8a
128,336,208,136,336,200,152,304,152,128,424,296,152,288,136,177,472,295,144,328,184,104,2592,S8a
151,383,232,120,264,144,136,288,152,112,440,328,152,400,248,152,336,184,144,296,152,144,2551,S8a
136,552,416,104,296,192,152,272,120,104,352,248,136,360,224,144,344,200,128,328,200,104,2608,S8a
152,336,184,128,264,136,152,328,176,128,472,344,144,320,176,152,352,200,128,312,184,128,2512,S8a
136,336,200,152,272,120,160,344,184,112,408,296,136,336,200,128,336,208,144,296,152,136,2464,S8a
152,336,184,152,328,176,128,399,271,105,993,888,136,368,232,160,336,176,128,328,200,152,3240,S8a
136,328,192,136,312,176,136,344,208,112,432,320,152,320,168,168,392,224,152,409,257,143,2680,S8a
152,352,200,152,272,120,136,320,184,152,384,232,160,352,192,136,400,264,176,376,200,144,2600,S8a
136,312,176,144,488,344,151,360,209,152,496,344,128,305,177,143,439,296,144,1601,1457,135,4136,S8a
136,296,160,136,288,152,152,376,224,144,824,680,144,609,465,135,823,688,120,360,240,168,3744,S8a
136,336,200,128,247,119,153,297,144,128,488,360,176,368,192,144,408,264,152,328,176,151,2623,S8a
104,328,224,144,328,184,128,328,200,120,520,400,152,352,200,136,328,192,136,344,208,152,2680,S8a
127,327,200,128,304,176,152,319,167,121,529,408,161,360,199,160,351,191,153,321,168,152,2663,S8a
154,401,247,136,432,296,152,656,504,128,1352,1224,152,440,288,152,400,248,136,320,184,152,4153,S8a
152,352,200,128,280,152,144,296,152,104,448,344,136,288,152,160,312,152,136,360,224,120,2456,S8a
128,328,200,152,304,152,144,328,184,128,472,344,144,368,224,120,497,377,127,311,184,144,2752,S8a
120,320,200,128,336,208,128,313,185,119,455,336,168,312,144,176,384,208,160,360,200,112,2592,S8a
144,376,232,144,296,152,152,304,152,104,448,344,152,320,168,152,360,208,144,328,184,152,2584,S8a
136,368,232,144,632,488,136,352,216,128,472,344,160,360,200,160,336,176,104,280,176,152,2952,S8a
144,344,200,120,296,176,136,296,160,104,600,496,152,376,224,136,344,208,152,320,168,152,2728,S8a
128,400,272,144,1152,1008,200,472,272,160,1080,920,177,368,191,128,328,200,136,368,232,144,4312,S8a
128,328,200,128,272,144,168,312,144,112,432,320,168,320,152,160,368,208,144,344,200,152,2528,S8a
128,360,232,136,352,216,152,344,192,128,472,344,152,360,208,144,384,240,128,664,536,120,3056,S8a
137,337,200,136,264,128,168,304,136,136,544,408,160,568,408,136,384,248,144,440,296,152,2993,S8a
151,351,200,160,231,71,169,305,136,128,472,344,160,328,168,168,392,224,112,312,200,152,2543,S8a
144,376,232,152,304,152,168,304,136,136,393,257,167,279,112,168,368,200,160,336,176,168,2528,S8a
152,304,152,160,288,128,152,304,152,136,504,368,160,352,192,184,392,208,200,400,200,152,2696,S8a
152,352,200,145,320,175,136,288,152,120,464,344,136,288,152,136,296,160,128,408,280,112,2528,S8a
144,272,128,152,328,176,152,304,152,136,368,232,152,264,112,161,376,215,144,512,368,152,2576,S8a
152,424,272,136,400,264,152,304,152,128,544,416,144,344,200,152,360,208,152,408,256,120,2904,S8a
152,336,184,128,256,128,144,296,152,128,544,416,160,360,200,152,352,200,144,344,200,120,2608,S8a
128,321,193,127,286,159,153,329,176,120,440,320,152,352,200,144,336,192,144,296,152,160,2520,S8a
152,264,112,160,304,144,176,328,152,160,600,440,152,312,160,168,352,184,144,352,208,152,2664,S8a
152,312,160,144,320,176,152,304,152,136,440,304,151,352,201,136,360,224,128,304,176,160,2552,S8a
136,360,224,136,576,440,136,280,144,128,448,320,160,272,112,145,336,191,128,304,176,136,2712,S8a
152,328,176,136,296,160,160,312,152,120,544,424,152,472,320,176,376,200,152,320,168,128,2776,S8a
127,247,120,136,280,144,176,256,80,136,456,320,153,328,175,144,328,184,128,288,160,128,2311,S8a
152,352,200,136,336,200,144,416,272,136,800,664,168,464,296,144,392,248,136,440,304,144,3344,S8a
88,432,344,152,432,280,160,320,160,128,792,664,144,336,192,128,400,272,127,368,241,136,3216,S8a
152,328,176,144,288,144,144,280,136,112,769,657,151,527,376,112,288,176,152,288,136,144,2912,S8a
152,328,176,152,304,152,144,320,176,112,416,304,152,360,208,128,329,201,127,303,176,136,2496,S8a
159,359,200,128,264,136,152,288,136,120,400,280,168,304,136,168,368,200,136,264,128,152,2399,S8a
152,328,176,128,264,136,152,288,136,136,416,280,176,368,192,144,296,152,144,520,376,152,2632,S8a
160,344,184,144,272,128,160,320,160,120,417,297,151,448,297,127,311,184,152,392,240,152,2656,S8a
176,336,160,151,280,129,168,296,128,120,536,416,160,303,143,154,353,199,104,304,200,144,2552,S8a
136,344,208,128,848,720,128,296,168,112,768,656,136,313,177,143,1183,1040,120,320,200,112,4184,S8a
160,360,200,120,296,176,144,336,192,104,424,320,152,288,136,144,592,448,136,408,272,152,2856,S8a
136,480,344,136,248,112,169,296,127,128,544,416,152,352,200,137,448,311,152,344,192,104,2816,S8a
152,336,184,136,320,184,160,296,136,112,425,313,151,391,240,112,320,208,152,312,160,120,2520,S8a
160,344,184,144,296,152,152,329,177,119,455,336,176,408,232,152,375,223,137,289,152,128,2624,S8a
128,344,216,144,320,176,152,312,160,120,425,305,159,527,368,120,464,344,120,376,256,128,2896,S8a
152,320,168,128,320,192,136,288,152,128,648,520,152,400,248,104,272,168,152,640,488,104,2992,S8a
120,536,416,128,304,176,160,320,160,128,392,264,160,368,208,112,256,144,152,296,144,136,2608,S8a
144,320,176,128,304,176,136,280,144,136,360,224,176,304,128,128,328,200,96,353,257,119,2368,S8a
128,305,177,127,319,192,152,296,144,89,360,271,168,314,146,126,374,248,152,352,200,105,2425,S8a
136,296,160,128,280,152,176,288,112,112,344,232,160,312,152,114,800,686,136,248,112,112,2680,S8a
144,336,192,136,288,152,160,280,120,128,376,248,168,344,176,120,304,184,144,320,176,120,2368,S8a
135,304,169,136,240,104,176,296,120,119,368,249,152,376,224,128,360,232,152,352,200,144,2440,S8a
104,232,128,128,280,152,160,288,128,112,384,272,152,376,224,128,344,216,136,321,185,119,2344,S8a
152,345,193,135,295,160,176,337,161,143,479,336,152,400,248,128,352,224,152,312,160,128,2648,S8a
136,336,200,136,264,128,152,304,152,112,368,256,152,368,216,112,312,200,128,328,200,104,2384,S8a
136,336,200,128,288,160,152,288,136,104,384,280,152,296,144,120,320,200,136,296,160,144,2352,S8a
152,312,160,152,332,180,172,292,120,128,385,257,176,320,144,143,407,264,136,336,200,136,2520,S8a
152,312,160,144,304,160,136,312,176,112,408,296,160,336,176,137,368,231,136,368,232,136,2544,S8a
152,360,208,152,376,224,152,448,296,144,968,824,176,304,128,136,392,256,136,800,664,144,3792,S8a
128,424,296,120,320,200,152,312,160,128,409,281,175,367,192,112,416,304,152,319,167,137,2704,S8a
152,353,201,175,319,144,160,320,160,120,424,304,160,584,424,112,360,248,152,568,416,128,3056,S8a
96,304,208,144,288,144,152,280,128,120,328,208,160,336,176,120,360,240,120,305,185,135,2336,S8a
152,280,128,152,304,152,121,288,167,113,480,367,144,376,232,136,360,224,128,336,208,136,2560,S8a
160,656,496,136,360,224,120,280,160,120,472,352,160,399,239,113,529,416,128,424,296,104,3224,S8a
110,190,80,144,287,143,96,177,81,88,360,272,136,280,144,128,233,105,127,247,120,80,1854,S8a
120,272,152,120,232,112,136,249,113,103,391,288,128,320,192,112,385,273,128,351,223,112,2312,S8a
128,249,121,143,200,57,119,224,105,103,360,257,159,488,329,103,280,177,127,311,184,120,2232,S8a
111,239,128,128,280,152,120,256,136,112,393,281,135,383,248,104,297,193,127,2128,2001,135,4111,S8a
135,216,81,143,223,80,136,240,104,88,409,321,143,383,240,112,344,232,128,624,496,112,2551,S8a
120,272,152,144,176,32,152,256,104,88,416,328,128,304,176,120,392,272,129,640,511,112,2568,S8a
119,192,73,111,191,80,140,241,101,88,375,287,160,432,272,120,225,105,119,376,257,127,2159,S8a
112,344,232,160,281,121,111,239,128,96,496,400,152,352,200,128,257,129,119,447,328,136,2552,S8a
128,265,137,127,240,113,127,263,136,136,585,449,207,407,200,152,304,152,152,281,129,119,2464,S8a
111,280,169,159,223,64,152,281,129,151,496,345,127,431,304,104,257,153,111,720,609,95,2783,S8a
135,280,145,119,327,208,104,240,136,120,408,288,136,385,249,104,263,159,104,441,337,111,2455,S8a
112,288,176,128,233,105,143,248,105,111,455,344,128,409,281,127,240,113,103,488,385,119,2480,S8a
136,240,104,112,264,152,104,273,169,87,399,312,128,353,225,103,328,225,95,423,328,128,2408,S8a
128,306,178,135,231,96,144,281,137,111,431,320,120,352,232,136,264,128,136,329,193,120,2314,S8a
129,217,88,129,264,135,112,240,128,104,424,320,136,408,272,128,384,256,128,465,337,127,2529,S8a
119,223,104,88,224,136,112,240,128,88,377,289,128,407,279,128,345,217,136,431,295,144,2391,S8a
135,208,73,111,296,185,87,216,129,111,399,288,137,336,199,129,385,256,128,336,208,151,2327,S8a
151,1096,945,143,904,761,111,208,97,87,359,272,128,337,209,127,240,113,127,255,128,112,3511,S8a
135,247,112,112,225,113,128,343,215,120,576,456,136,432,296,120,224,104,120,401,281,135,2583,S8a
128,249,121,111,280,169,111,304,193,103,583,480,136,465,329,127,248,121,120,271,151,120,2520,S8a
127,304,177,127,295,168,136,297,161,103,375,272,152,568,416,120,264,144,128,345,217,135,2583,S8a
87,192,105,128,207,79,112,224,112,105,376,271,136,473,337,118,246,128,136,442,306,151,2311,S8a
127,215,88,120,256,136,128,239,111,89,441,352,128,345,217,95,271,176,127,353,226,127,2247,S8a
111,191,80,104,216,112,120,248,128,112,432,320,128,400,272,120,249,129,103,264,161,127,2127,S8a
152,289,137,103,248,145,111,240,129,95,440,345,135,367,232,129,337,208,103,304,201,135,2360,S8a
127,240,113,111,231,120,128,296,168,96,385,289,127,399,272,129,313,184,119,416,297,111,2391,S8a
112,265,153,95,240,145,127,272,145,103,344,241,159,384,225,136,239,103,112,433,321,135,2312,S8a
124,260,136,120,209,89,111,263,152,104,455,351,169,482,313,119,279,160,136,625,489,103,2676,S8a
120,321,201,111,248,137,119,272,153,112,384,272,143,392,249,103,328,225,120,2215,2095,112,4272,S8a
112,224,112,103,240,137,119,272,153,103,568,465,151,304,153,128,383,255,121,321,200,111,2423,S8a
143,872,729,104,280,176,120,272,152,111,360,249,159,400,241,144,296,152,159,680,521,135,3295,S8a
127,296,169,128,288,160,127,264,137,120,440,320,144,384,240,144,336,192,127,535,408,136,2679,S8a
119,191,72,104,201,97,111,264,153,103,336,233,128,423,295,121,313,192,120,592,472,111,2431,S8a
111,192,81,112,240,128,103,208,105,111,360,249,135,415,280,136,249,113,119,448,329,111,2223,S8a
128,217,89,111,215,104,120,249,129,135,576,441,152,328,176,128,288,160,128,287,159,128,2288,S8a
136,272,136,103,232,129,127,256,129,111,335,224,176,465,289,136,240,104,120,320,200,127,2247,S8a
103,272,169,119,256,137,151,264,113,136,456,320,152,511,359,121,241,120,128,792,664,127,2919,S8a
127,256,129,119,247,128,113,249,136,128,447,319,160,337,177,128,256,128,127,312,185,127,2231,S8a
135,255,120,112,296,184,128,257,129,136,471,335,161,401,240,128,296,168,95,511,416,152,2639,S8a
111,192,81,104,215,111,136,233,97,104,1984,1880,152,472,320,128,280,152,111,328,217,127,3831,S8a
126,279,153,120,257,137,127,264,137,127,520,393,175,424,249,120,248,128,120,344,224,111,2447,S8a
128,232,104,119,232,113,119,208,89,95,424,329,151,816,665,128,202,74,116,397,281,129,2640,S8a
145,329,184,128,288,160,103,255,152,96,392,296,152,369,217,119,272,153,128,383,255,129,2417,S8a
119,344,225,127,255,128,128,233,105,104,423,319,121,377,256,119,296,177,128,456,328,112,2496,S8a
152,304,152,119,280,161,136,272,136,111,760,649,127,360,233,112,296,184,112,264,152,127,2663,S8a
119,232,113,136,288,152,119,224,105,119,360,241,152,424,272,112,360,248,119,304,185,128,2320,S8a
111,224,113,104,248,144,103,272,169,127,2024,1897,135,447,312,129,233,104,128,248,120,127,3823,S8a
127,272,145,95,256,161,111,264,153,111,368,257,151,312,161,128,304,176,128,360,232,104,2240,S8a
119,280,161,120,248,128,127,240,113,103,384,281,168,712,544,95,376,281,128,960,832,128,3328,S8a
128,256,128,111,264,153,120,232,112,112,375,263,161,337,176,119,288,169,127,288,161,144,2184,S8a
152,352,200,135,336,201,136,264,128,112,384,272,152,448,296,104,304,200,136,344,208,112,2544,S8a
128,288,160,128,264,136,128,272,144,128,448,320,128,456,328,128,224,96,128,416,288,127,2495,S8a
128,201,73,111,216,105,127,248,121,120,424,304,152,400,248,120,1696,1576,112,584,472,119,3888,S8a
128,240,112,119,232,113,128,248,120,127,439,312,153,425,272,128,264,136,120,416,296,111,2375,S8a
120,264,144,112,248,136,128,256,128,120,448,328,128,384,256,135,1679,1544,113,384,271,104,3767,S8a
105,217,112,112,312,200,96,256,160,104,400,296,127,448,321,104,1608,1504,120,864,744,88,4193,S8a
119,224,105,127,224,97,160,264,104,104,544,440,143,672,529,96,312,216,127,1063,936,112,3415,S8a
111,207,96,112,297,185,151,328,177,135,752,617,152,399,247,121,241,120,128,352,224,96,2672,S8a
128,208,80,127,256,129,136,248,112,88,320,232,144,447,303,120,1696,1576,129,416,287,137,3728,S8a
111,256,145,112,479,367,113,225,112,120,344,224,144,504,360,119,904,785,95,440,345,104,3256,S8a
128,216,88,127,248,121,120,304,184,103,384,281,134,376,242,136,1352,1216,152,415,263,144,3439,S8a
120,248,128,128,312,184,111,263,152,121,448,327,144,441,297,120,1032,912,128,432,304,128,3304,S8a
128,256,128,120,256,136,119,272,153,120,448,328,151,1608,1457,127,352,225,104,432,328,112,3736,S8a
112,240,128,128,288,160,127,256,129,143,616,473,152,360,208,152,1744,1592,112,408,296,136,4048,S8a
111,240,129,120,232,112,128,304,176,128,640,512,143,704,561,128,376,248,128,416,288,128,3040,S8a
120,233,113,111,224,113,103,264,161,128,1544,1416,136,360,224,120,1072,952,104,407,303,113,4217,S8a
128,272,144,112,240,128,119,232,113,127,400,273,160,504,344,103,328,225,136,504,368,136,2616,S8a
128,256,128,119,256,137,135,272,137,128,568,440,160,504,344,128,296,168,176,480,304,136,2768,S8a
128,264,136,112,224,112,152,400,248,72,1184,1112,136,352,216,136,320,184,95,272,177,88,3104,S8a
120,264,144,104,288,184,419,609,190,96,449,353,136,368,232,151,335,184,128,280,152,112,2705,S8a
153,289,136,136,304,168,120,288,168,120,608,488,128,672,544,152,896,744,120,1583,1463,129,4769,S8a
128,184,56,120,232,112,160,296,136,120,464,344,143,496,353,128,288,160,160,592,432,88,2640,S8a
128,240,112,144,287,143,129,257,128,120,616,496,136,439,303,137,297,160,152,488,336,104,2728,S8a
128,232,104,136,248,112,152,232,80,136,568,432,160,456,296,112,256,144,128,792,664,128,2912,S8a
104,240,136,160,1416,1256,144,328,184,152,520,368,152,423,271,129,353,224,167,560,393,128,3968,S8a
128,304,176,136,328,192,144,264,120,152,1192,1040,176,504,328,128,360,232,128,296,168,112,3360,S8a
136,232,96,136,264,128,136,360,224,120,464,344,160,528,368,136,432,296,168,712,544,104,3096,S8a
120,280,160,136,248,112,112,232,120,128,416,288,176,472,296,128,1584,1456,136,512,376,120,3864,S8a
112,240,128,120,296,176,128,336,208,136,448,312,160,312,152,128,376,248,128,456,328,104,2568,S8a
136,240,104,152,248,96,152,256,104,120,447,327,161,561,400,128,1144,1016,128,304,176,111,3311,S8a
128,335,207,153,281,128,136,248,112,112,408,296,144,312,168,112,1232,1120,128,264,136,128,3208,S8a
128,304,176,112,264,152,136,280,144,112,456,344,160,520,360,120,272,152,152,416,264,112,2624,S8a
112,256,144,128,312,184,112,248,136,104,448,344,152,376,224,136,992,856,136,352,216,128,3112,S8a
136,240,104,112,248,136,160,264,104,104,480,376,176,344,168,128,616,488,128,488,360,112,2792,S8a
136,264,128,128,224,96,152,240,88,88,384,296,160,624,464,112,576,464,128,352,224,112,2776,S8a
128,256,128,104,256,152,152,296,144,120,392,272,200,488,288,112,712,600,136,728,592,120,3248,S8a
112,312,200,112,216,104,176,296,120,112,520,408,176,728,552,112,224,112,136,296,160,96,2688,S8a
128,288,160,136,272,136,152,264,112,128,504,376,136,464,328,104,256,152,136,464,328,80,2592,S8a
112,240,128,112,312,200,112,256,144,112,1064,952,136,296,160,128,264,136,128,312,184,128,2872,S8a
120,272,152,136,240,104,144,296,152,128,408,280,128,328,200,112,873,761,151,304,153,127,2848,S8a
136,248,112,120,240,120,152,296,144,112,488,376,152,448,296,120,1128,1008,128,384,256,144,3376,S8a
104,288,184,137,248,111,168,272,104,136,479,343,161,345,184,128,352,224,128,352,224,112,2448,S8a
120,240,120,128,336,208,160,278,118,138,434,296,184,368,184,128,616,488,144,288,144,144,2704,S8a
152,264,112,152,280,128,168,296,128,136,440,304,184,504,320,144,392,248,160,336,176,104,2616,S8a
136,272,136,128,288,160,160,272,112,144,616,472,184,433,249,119,287,168,152,352,200,152,2672,S8a
144,320,176,120,304,184,159,296,137,151,1024,873,152,360,208,128,688,560,136,296,160,112,3400,S8a
104,313,209,71,239,168,64,209,145,103,520,417,87,392,305,79,368,289,71,327,256,80,2448,S8a
119,208,89,63,224,161,63,136,73,79,600,521,79,456,377,79,303,224,56,217,161,87,2231,S8a
79,1096,1017,87,743,656,128,232,104,96,464,368,104,489,385,119,944,825,87,224,137,87,4279,S8a
119,512,393,71,224,153,71,184,113,87,351,264,88,416,328,96,321,225,71,224,153,95,2327,S8a
72,193,121,55,207,152,72,145,73,79,360,281,71,495,424,96,201,105,79,248,169,79,1928,S8a
48,288,240,72,225,153,63,191,128,80,289,209,95,392,297,95,240,145,63,232,169,87,1944,S8a
96,240,144,72,216,144,72,184,112,80,265,185,87,376,289,95,303,208,72,264,192,104,1952,S8a
1080,1257,177,87,303,216,88,232,144,80,984,904,80,961,881,103,343,240,56,217,161,55,4352,S8a
64,265,201,87,328,241,79,256,177,79,375,296,80,233,153,103,479,376,80,241,161,63,2240,S8a
135,2383,2248,72,240,168,96,177,81,71,360,289,95,376,281,71,392,321,79,311,232,96,4335,S8a
127,320,193,87,255,168,64,185,121,71,255,184,80,440,360,112,248,136,64,592,528,112,2407,S8a
79,247,168,80,248,168,64,209,145,87,240,153,87,376,289,127,264,137,71,255,184,96,1935,S8a
104,256,152,80,336,256,80,200,120,80,296,216,80,288,208,96,408,312,64,208,144,80,2072,S8a
88,256,168,72,224,152,71,200,129,72,296,224,80,256,176,112,312,200,64,288,224,88,1920,S8a
80,232,152,80,224,144,64,192,128,80,488,408,64,248,184,96,448,352,64,216,152,88,2136,S8a
1072,1288,216,63,208,145,64,208,144,72,273,201,87,415,328,88,464,376,72,256,184,112,3224,S8a
72,224,152,87,256,169,64,192,128,104,328,224,72,272,200,88,456,368,64,240,176,96,2064,S8a
120,232,112,88,264,176,88,200,112,96,264,168,80,480,400,104,272,168,56,224,168,88,2024,S8a
104,288,184,80,232,152,72,192,120,64,336,272,96,256,160,80,264,184,64,257,193,95,1920,S8a
80,264,184,80,216,136,72,224,152,79,328,249,64,256,192,96,264,168,64,256,192,96,1904,S8a
88,264,176,80,240,160,64,176,112,88,256,168,64,456,392,88,1256,1168,55,312,257,64,3024,S8a
80,248,168,72,216,144,72,176,104,88,304,216,80,416,336,96,288,192,64,256,192,72,1976,S8a
56,272,216,72,217,145,71,184,113,71,263,192,88,392,304,96,248,152,64,248,184,104,1928,S8a
120,304,184,72,232,160,64,184,120,72,336,264,88,296,208,72,416,344,56,264,208,80,2112,S8a
88,256,168,87,320,233,72,192,120,88,400,312,88,360,272,80,320,240,96,232,136,72,2152,S8a
112,264,152,87,248,161,72,192,120,72,256,184,88,376,288,112,264,152,48,304,256,80,1984,S8a
120,344,224,72,248,176,80,192,112,56,296,240,96,376,280,72,280,208,72,328,256,72,2136,S8a
63,280,217,71,240,169,72,176,104,72,320,248,88,288,200,104,928,824,88,360,272,63,2655,S8a
72,264,192,72,224,152,64,160,96,64,328,264,72,408,336,112,272,160,56,248,192,103,2007,S8a
72,272,200,56,192,136,64,192,128,72,304,232,80,512,432,128,480,352,48,304,256,72,2328,S8a
71,280,209,48,192,144,80,208,128,64,440,376,88,256,168,96,424,328,88,256,168,80,2136,S8a
104,216,112,79,280,201,64,176,112,88,384,296,80,240,160,88,304,216,72,312,240,112,2024,S8a
88,216,128,80,232,152,64,200,136,96,552,456,88,424,336,96,256,160,96,336,240,71,2287,S8a
96,232,136,80,232,152,64,200,136,88,287,199,89,473,384,104,256,152,64,256,192,112,2048,S8a
72,288,216,72,216,144,64,192,128,96,232,136,72,456,384,112,232,120,72,256,184,88,1960,S8a
96,256,160,80,232,152,64,168,104,72,296,224,80,552,472,112,208,96,80,216,136,120,2048,S8a
112,192,80,96,248,152,64,160,96,88,320,232,96,432,336,104,280,176,72,240,168,56,1928,S8a
63,263,200,79,232,153,64,160,96,87,296,209,88,456,368,128,264,136,72,432,360,31,2134,S8a
80,232,152,72,224,152,56,160,104,56,288,232,72,504,432,104,272,168,64,224,160,96,2000,S8a
63,352,289,88,264,176,72,192,120,72,320,248,88,440,352,119,248,129,72,240,168,96,2152,S8a
88,208,120,80,240,160,64,176,112,64,264,200,88,336,248,104,248,144,88,272,184,96,1840,S8a
80,248,168,80,216,136,64,184,120,88,456,368,120,416,296,64,248,184,64,-792,-856,1080,2056,S8a
152,312,160,88,256,168,104,216,112,96,384,288,96,1064,968,112,488,376,80,376,296,112,3208,S8a
104,248,144,112,280,168,104,184,80,112,296,184,104,392,288,112,831,719,104,225,121,103,2559,S8a
112,248,136,88,280,192,104,192,88,88,360,272,88,448,360,120,256,136,72,224,152,112,2120,S8a
104,256,152,104,272,168,80,184,104,96,320,224,88,416,328,112,344,232,80,232,152,104,2128,S8a
96,248,152,104,264,160,80,184,104,80,280,200,88,336,248,104,960,856,96,232,136,95,2599,S8a
104,256,152,96,256,160,72,224,152,80,456,376,96,288,192,80,352,272,71,247,176,113,2192,S8a
128,392,264,88,920,832,80,192,112,104,368,264,87,336,249,103,800,697,72,232,160,104,3344,S8a
105,361,256,72,240,168,71,184,113,80,560,480,112,376,264,112,400,288,88,352,264,120,2593,S8a
96,264,168,72,216,144,72,200,128,96,328,232,88,472,384,103,320,217,72,303,231,120,2223,S8a
80,216,136,72,240,168,64,160,96,96,400,304,88,408,320,128,296,168,48,240,192,96,2056,S8a
88,304,216,72,264,192,80,264,184,79,400,321,80,312,232,95,360,265,56,392,336,96,2392,S8a
80,200,120,88,272,184,88,216,128,88,360,272,80,480,400,96,240,144,64,431,367,80,2279,S8a
88,232,144,72,248,176,63,192,129,72,272,200,80,384,304,104,248,144,56,216,160,112,1904,S8a
96,247,151,64,217,153,72,184,112,72,240,168,104,472,368,112,304,192,80,256,176,88,2008,S8a
71,408,337,64,248,184,64,272,208,88,248,160,80,504,424,72,192,120,64,312,248,88,2272,S8a
72,257,185,88,248,160,72,168,96,80,1280,1200,104,752,648,103,320,217,64,223,159,88,3336,S8a
72,208,136,80,256,176,56,160,104,88,328,240,104,648,544,128,248,120,95,280,185,104,2232,S8a
80,256,176,64,304,240,64,192,128,112,416,304,88,400,312,104,296,192,56,256,200,79,2199,S8a
72,264,192,48,216,168,71,192,121,64,312,248,72,424,352,104,392,288,80,255,175,64,2119,S8a
80,224,144,72,248,176,56,168,112,71,248,177,80,440,360,104,240,136,64,264,200,-896,936,S8a
96,232,136,103,439,336,81,249,168,80,336,256,80,376,296,87,312,225,64,248,184,88,2280,S8a
72,248,176,80,257,177,80,216,136,80,264,184,79,456,377,88,352,264,80,263,183,89,2145,S8a
64,240,176,72,256,184,72,208,136,64,480,416,72,208,136,-921,423,1344,72,297,225,63,2175,S8a
95,280,185,72,336,264,64,208,144,72,368,296,88,256,168,96,680,584,96,416,320,71,2615,S8a
104,224,120,72,224,152,56,168,112,96,312,216,96,464,368,95,304,209,80,240,160,79,2015,S8a
80,240,160,72,224,152,64,184,120,72,296,224,104,600,496,80,296,216,55,248,193,120,2208,S8a
104,304,200,64,232,168,56,160,104,63,263,200,81,345,264,96,536,440,88,256,168,79,2175,S8a
64,281,217,79,248,169,48,184,136,64,416,352,72,248,176,104,456,352,56,215,159,64,2112,S8a
64,224,160,64,240,176,56,216,160,80,576,496,80,248,168,72,528,456,48,312,264,71,2415,S8a
72,272,200,64,248,184,56,184,128,80,272,192,72,352,280,72,240,168,64,256,192,79,1903,S8a
55,215,160,80,505,425,96,224,128,71,344,273,88,288,200,72,584,512,72,232,160,87,2479,S8a
79,280,201,88,320,232,56,184,128,88,384,296,96,408,312,87,319,232,56,296,240,64,2255,S8a
48,263,215,81,273,192,64,224,160,64,568,504,80,344,264,64,480,416,63,208,145,111,2471,S8a
64,296,232,71,247,176,72,241,169,64,296,232,80,376,296,112,272,160,63,264,201,95,2087,S8a
71,303,232,64,241,177,56,248,192,104,312,208,80,327,247,97,345,248,55,280,225,111,2167,S8a
79,328,249,40,224,184,56,288,232,79,215,136,89,409,320,104,256,152,56,256,200,79,2055,S8a
80,288,208,72,280,208,80,224,144,56,280,224,72,351,279,80,1121,1041,88,400,312,79,3023,S8a
31,752,721,87,840,753,71,223,152,48,712,664,97,377,280,95,248,153,71,280,209,135,3567,S8a
96,288,192,80,264,184,64,200,136,79,320,241,71,496,425,112,296,184,80,231,151,96,2191,S8a
63,272,209,80,264,184,48,224,176,80,272,192,80,384,304,88,288,200,71,280,209,79,2063,S8a
72,265,193,64,248,184,64,248,184,48,247,199,88,537,449,95,456,361,47,272,225,87,2360,S8a
63,304,241,55,224,169,63,224,161,47,304,257,95,320,225,79,391,312,56,336,280,80,2183,S8a
103,312,209,64,464,400,72,216,144,80,439,359,73,329,256,72,328,256,63,272,209,71,2431,S8a
79,272,193,47,216,169,63,192,129,63,368,305,64,400,336,64,232,168,72,360,288,111,2151,S8a
104,280,176,71,248,177,55,184,129,63,304,241,71,424,353,103,296,193,79,296,217,103,2135,S8a
96,273,177,55,232,177,48,176,128,63,296,233,95,376,281,71,1879,1808,96,273,177,55,3560,S8a
79,224,145,63,232,169,64,184,120,71,304,233,79,496,417,119,256,137,63,240,177,87,2023,S8a
96,928,832,96,391,295,72,216,144,72,2137,2065,112,280,168,64,224,160,55,232,177,71,4479,S8a
79,240,161,63,232,169,63,184,121,79,264,185,79,376,297,119,344,225,71,248,177,95,1983,S8a
104,272,168,64,216,152,55,168,113,64,296,232,80,424,344,120,256,136,55,256,201,79,1967,S8a
88,224,136,63,216,153,55,168,113,71,344,273,71,431,360,104,305,201,55,439,384,88,2215,S8a
111,272,161,63,232,169,55,167,112,80,281,201,-913,384,1297,95,544,449,87,240,153,103,2223,S8a
97,345,248,71,248,177,87,184,97,119,1183,1064,104,497,393,103,328,225,79,344,265,87,3216,S8a
71,208,137,55,216,161,63,208,145,95,479,384,64,488,424,88,232,144,80,257,177,87,2175,S8a
103,368,265,63,568,505,71,231,160,88,297,209,71,439,368,88,345,257,71,343,272,80,2671,S8a
71,231,160,48,201,153,63,184,121,71,320,249,71,439,368,112,249,137,63,255,192,64,1943,S8a
79,376,297,55,1679,1624,64,233,169,87,383,296,80,353,273,63,423,360,48,185,137,79,3711,S8a
64,233,169,47,191,144,56,169,113,47,248,201,71,424,353,95,480,385,71,240,169,79,2064,S8a
64,265,201,55,232,177,63,192,129,79,391,312,80,401,321,79,344,265,39,248,209,47,2120,S8a
72,201,129,79,320,241,47,191,144,64,304,240,72,424,352,72,344,272,64,321,257,63,2168,S8a
95,264,169,63,239,176,56,272,216,72,288,216,64,440,376,104,288,184,56,400,344,80,2271,S8a
95,279,184,72,240,168,72,225,153,71,320,249,79,431,352,88,328,240,64,225,161,79,2127,S8a
88,240,152,80,232,152,64,200,136,72,320,248,72,352,280,80,392,312,64,224,160,64,2024,S8a
72,232,160,56,200,144,64,176,112,88,296,208,64,376,312,88,336,248,64,224,160,64,1904,S8a
72,240,168,56,216,160,64,184,120,64,264,200,72,432,360,80,264,184,48,264,216,104,1968,S8a
96,328,232,64,241,177,55,223,168,56,257,201,63,384,321,87,231,144,48,305,257,87,2056,S8a
72,248,176,72,208,136,72,201,129,47,255,208,72,481,409,79,247,168,72,280,208,80,2000,S8a
56,305,249,39,280,241,63,263,200,56,1032,976,88,304,216,88,296,208,-929,296,1225,72,2848,S8a
79,232,153,71,224,153,63,224,161,79,240,161,79,1087,1008,87,240,153,72,424,352,96,2767,S8a
87,295,208,56,377,321,63,223,160,64,353,289,79,311,232,80,1000,920,40,568,528,88,3215,S8a
80,280,200,64,248,184,64,208,144,88,280,192,-920,416,1336,104,288,184,64,256,192,79,2055,S8a
88,280,192,72,240,168,72,208,136,72,376,304,64,384,320,88,568,480,64,192,128,88,2336,S8a
96,264,168,80,280,200,80,176,96,80,528,448,80,256,176,80,568,488,72,216,144,88,2376,S8a
64,232,168,72,224,152,64,208,144,64,328,264,-920,416,1336,88,232,144,64,248,184,56,1944,S8a
80,280,200,56,584,528,80,528,448,88,264,176,56,296,240,88,688,600,71,248,177,64,2952,S8a
72,336,264,63,240,177,64,176,112,88,360,272,72,456,384,96,200,104,64,216,152,88,2072,S8a
80,280,200,56,304,248,80,216,136,64,272,208,72,456,384,104,264,160,56,232,176,80,2104,S8a
88,248,160,88,304,216,80,232,152,64,672,608,96,256,160,48,696,648,72,240,168,80,2728,S8a
96,296,200,72,240,168,64,720,656,80,368,288,72,312,240,72,216,144,72,216,144,88,2456,S8a
64,872,808,72,224,152,64,224,160,56,624,568,96,248,152,64,1048,984,64,224,160,80,3544,S8a
104,680,576,80,256,176,64,224,160,72,248,176,72,448,376,88,288,200,64,336,272,87,2567,S8a
72,248,176,64,232,168,48,176,128,80,336,256,63,328,265,64,504,440,55,200,145,64,2088,S8a
88,264,176,64,248,184,64,216,152,64,224,160,72,344,272,96,832,736,64,224,160,88,2440,S8a
88,656,568,72,256,184,48,216,168,80,296,216,72,416,344,88,472,384,80,192,112,64,2568,S8a
88,376,288,80,272,192,72,264,192,72,448,376,88,304,216,64,384,320,72,272,200,72,2392,S8a
80,280,200,56,248,192,64,480,416,96,336,240,72,464,392,111,248,137,72,352,280,96,2504,S8a
88,328,240,64,272,208,64,200,136,64,296,232,80,384,304,112,256,144,64,264,200,88,2088,S8a
88,288,200,64,232,168,72,224,152,80,336,256,64,336,272,88,376,288,72,280,208,40,2112,S8a
104,280,176,56,232,176,56,160,104,80,352,272,80,288,208,72,448,376,64,248,184,72,2080,S8a
72,264,192,64,240,176,64,232,168,72,328,256,56,256,200,88,520,432,63,264,201,88,2192,S8a
96,448,352,56,360,304,72,248,176,72,408,336,80,3018,2938,142,286,144,48,232,184,80,5080,S8a
72,248,176,80,248,168,64,176,112,64,288,224,80,488,408,80,272,192,56,240,184,72,2032,S8a
104,272,168,72,232,160,71,216,145,64,408,344,80,280,200,96,360,264,80,224,144,104,2096,S8a
87,280,193,64,232,168,56,184,128,72,248,176,72,528,456,120,360,240,80,1615,1535,65,3512,S8a
111,320,209,72,272,200,56,351,295,-920,401,1321,72,407,335,96,345,249,80,384,304,72,2552,S8a
96,256,160,64,360,296,72,208,136,64,248,184,87,576,489,95,383,288,65,217,152,88,2336,S8a
88,288,200,72,232,160,72,232,160,64,248,184,80,392,312,95,408,313,64,231,167,80,2111,S8a
56,296,240,72,280,208,72,264,192,56,408,352,72,416,344,88,367,279,64,241,177,63,2335,S8a
96,304,208,48,232,184,72,216,144,64,248,184,80,608,528,88,688,600,88,311,223,96,2703,S8a
80,264,184,72,232,160,64,184,120,64,264,200,88,488,400,96,328,232,47,208,161,95,2063,S8a
72,264,192,48,224,176,64,200,136,56,264,208,64,496,432,104,296,192,64,264,200,79,2087,S8a
88,240,152,72,232,160,72,232,160,64,272,208,64,440,376,72,256,184,40,320,280,80,2072,S8a
72,273,201,56,224,168,72,248,176,72,240,168,80,408,328,104,280,176,48,264,216,88,2025,S8a
103,280,177,72,264,192,56,240,184,80,336,256,72,464,392,128,344,216,80,280,200,96,2304,S8a
72,264,192,64,216,152,56,192,136,88,288,200,79,376,297,96,248,152,56,296,240,80,1960,S8a
72,257,185,64,224,160,72,232,160,64,416,352,72,336,264,88,464,376,72,232,160,72,2233,S8a
104,265,161,72,232,160,72,192,120,88,279,191,73,377,304,104,472,368,80,248,168,64,2129,S8a
120,295,175,73,225,152,72,168,96,88,320,232,72,408,336,96,383,287,48,249,201,96,2144,S8a
88,312,224,72,224,152,80,184,104,72,272,200,80,376,296,104,320,216,80,232,152,80,2000,S8a
71,279,208,57,249,192,64,232,168,72,400,328,103,928,825,95,240,145,72,1464,1392,72,3864,S8a
80,288,208,72,344,272,64,200,136,96,344,248,80,504,424,104,384,280,55,263,208,64,2391,S8a
88,280,192,64,224,160,72,200,128,80,408,328,80,352,272,88,456,368,56,256,200,95,2271,S8a
80,248,168,80,240,160,63,176,113,80,720,640,96,1200,1104,88,224,136,64,287,223,96,3191,S8a
80,264,184,64,232,168,72,224,152,64,408,344,88,392,304,80,248,168,56,512,456,79,2359,S8a
81,257,176,64,232,168,56,184,128,72,320,248,80,296,216,88,344,256,72,208,136,96,1937,S8a
64,265,201,72,264,192,64,224,160,56,248,192,79,440,361,88,248,160,64,248,184,80,2017,S8a
104,223,119,72,257,185,64,192,128,72,472,400,80,320,240,80,336,256,72,256,184,56,2112,S8a
88,264,176,64,248,184,56,200,144,56,272,216,63,375,312,96,417,321,63,280,217,87,2143,S8a
81,257,176,72,248,176,64,208,144,64,312,248,80,480,400,96,272,176,48,248,200,72,2097,S8a
89,273,184,72,248,176,72,216,144,104,-697,-801,1081,1409,328,80,232,152,64,264,200,80,2025,S8a
95,264,169,71,255,184,64,201,137,96,392,296,88,328,240,88,288,200,56,272,216,96,2096,S8a
87,295,208,56,256,200,49,201,152,88,320,232,64,360,296,79,464,385,64,344,280,64,2304,S8a
88,296,208,56,232,176,64,208,144,104,311,207,80,393,313,72,616,544,72,240,168,55,2351,S8a
73,305,232,56,224,168,55,224,169,88,239,151,73,513,440,120,272,152,56,272,216,40,2089,S8a
87,448,361,80,296,216,63,208,145,80,344,264,88,280,192,80,368,288,56,832,776,79,2855,S8a
103,320,217,24,232,208,80,304,224,55,384,329,80,367,287,80,648,568,72,1217,1145,95,3567,S8a
72,264,192,72,248,176,56,224,168,64,344,280,79,455,376,96,392,296,64,329,265,72,2328,S8a
80,288,208,72,248,176,72,232,160,48,272,224,72,496,424,120,631,511,89,344,255,88,2599,S8a
80,272,192,55,216,161,72,208,136,71,2440,2369,80,808,728,104,344,240,55,368,313,96,4752,S8a
104,320,216,80,248,168,79,216,137,71,288,217,80,480,400,-920,304,1224,56,256,200,79,2191,S8a
79,303,224,81,305,224,80,240,160,80,240,160,87,384,297,88,464,376,56,216,160,72,2224,S8a
72,272,200,72,256,184,63,248,185,71,360,289,79,328,249,72,296,224,64,271,207,112,2143,S8a
87,288,201,80,264,184,63,192,129,96,536,440,88,256,168,80,536,456,63,432,369,95,2599,S8a
96,288,192,64,264,200,63,232,169,112,488,376,96,1959,1863,104,273,169,56,240,184,88,3832,S8a
96,272,176,80,256,176,72,224,152,80,312,232,88,424,336,72,463,391,72,272,200,104,2327,S8a
88,272,184,71,256,185,64,200,136,72,328,256,88,336,248,96,336,240,71,256,185,87,2071,S8a
104,327,223,72,273,201,79,232,153,64,328,264,80,384,304,88,495,407,80,249,169,79,2367,S8a
79,288,209,72,248,176,72,240,168,88,280,192,71,520,449,87,280,193,47,248,201,95,2199,S8a
71,288,217,79,263,184,72,225,153,80,360,280,80,559,479,120,281,161,64,248,184,103,2327,S8a
104,336,232,72,256,184,72,256,184,71,272,201,79,432,353,95,439,344,72,584,512,88,2663,S8a
72,288,216,47,280,233,71,248,177,71,239,168,80,417,337,80,320,240,64,272,208,87,2151,S8a
79,255,176,56,225,169,55,200,145,63,344,281,87,-609,-696,1104,1265,161,71,248,177,79,2007,S8a
95,304,209,63,232,169,71,240,169,63,240,177,87,440,353,103,392,289,63,288,225,55,2191,S8a
79,264,185,71,376,305,80,264,184,72,3592,3520,96,528,432,104,264,160,63,288,225,128,5704,S8a
79,264,185,79,240,161,71,256,185,47,240,193,79,456,377,95,232,137,63,248,185,87,2023,S8a
79,240,161,72,232,160,80,216,136,88,376,288,96,328,232,103,488,385,71,255,184,96,2231,S8a
56,248,192,80,336,256,62,216,154,63,408,345,88,247,159,97,368,271,83,304,221,105,2232,S7a
48,248,200,88,199,111,81,193,112,80,368,288,96,264,168,103,311,208,65,288,223,89,1960,S7a
47,296,249,80,208,128,80,184,104,96,472,376,96,344,248,112,256,144,71,288,217,112,2160,S7a
48,272,224,96,280,184,55,191,136,81,385,304,104,319,215,105,249,144,72,400,328,88,2184,S7a
88,231,143,89,209,120,80,207,127,73,489,416,96,328,232,112,256,144,104,328,224,88,2136,S7a
72,200,128,87,192,105,71,176,105,56,328,272,104,264,160,112,248,136,80,344,264,96,1848,S7a
71,216,145,96,200,104,87,216,129,80,408,328,96,264,168,96,304,208,80,376,296,104,2088,S7a
79,271,192,81,209,128,87,208,121,64,328,264,120,263,143,97,305,208,104,408,304,64,2056,S7a
80,232,152,96,224,128,87,208,121,56,351,295,105,313,208,80,288,208,79,424,345,80,2120,S7a
104,272,168,79,200,121,80,204,124,68,371,303,96,219,123,92,366,274,72,304,232,112,2048,S7a
56,248,192,80,208,128,72,192,120,88,351,263,105,305,200,104,432,328,88,328,240,87,2151,S7a
87,223,136,80,193,113,72,191,119,73,688,615,89,241,152,80,264,184,72,287,215,80,2167,S7a
48,224,176,80,200,120,64,168,104,71,336,265,88,232,144,104,223,119,97,282,185,118,1783,S7a
40,208,168,95,207,112,73,176,103,57,321,264,103,263,160,105,561,456,104,320,216,71,2127,S7a
78,278,200,82,194,112,71,184,113,64,336,272,96,264,168,104,360,256,96,392,296,88,2096,S7a
88,232,144,104,207,103,73,185,112,72,368,296,112,216,104,111,239,128,89,321,232,127,1895,S7a
81,233,152,88,200,112,88,232,144,80,559,479,104,425,321,120,520,400,112,317,205,82,2568,S7a
72,217,145,88,191,103,81,217,136,71,341,270,100,273,173,97,281,184,80,328,248,80,1928,S7a
72,223,151,80,184,104,72,177,105,64,615,551,105,929,824,97,287,190,97,385,288,80,2880,S7a
72,240,168,96,207,111,73,177,104,71,368,297,96,264,168,79,647,568,64,425,361,56,2384,S7a
88,280,192,96,216,120,72,175,103,65,361,296,95,272,177,104,223,119,97,313,216,88,1928,S7a
96,248,152,96,215,119,73,177,104,72,423,351,96,337,241,120,282,162,93,334,241,104,2120,S7a
80,240,160,88,217,129,55,192,137,56,320,264,96,264,168,88,207,119,80,376,296,89,1905,S7a
89,241,152,80,199,119,73,185,112,64,320,256,88,184,96,119,264,145,96,288,192,88,1769,S7a
80,289,209,88,200,112,73,184,111,72,360,288,96,208,112,104,303,199,96,321,225,88,1953,S7a
88,240,152,88,207,119,65,177,112,63,327,264,97,297,200,96,303,207,97,320,223,89,1960,S7a
89,224,135,97,209,112,79,200,121,80,432,352,104,447,343,105,305,200,104,362,258,125,2304,S7a
97,240,143,96,208,112,81,193,112,71,344,273,112,304,192,104,319,215,89,281,192,111,2000,S7a
48,399,351,113,361,248,96,223,127,89,369,280,103,216,113,112,328,216,88,304,216,86,2286,S7a
78,256,178,87,200,113,88,192,104,72,312,240,103,256,153,104,327,223,96,353,257,111,2007,S7a
56,239,183,89,193,104,64,176,112,88,359,271,95,896,801,145,241,96,112,312,200,112,2528,S7a
72,311,239,97,224,127,72,200,128,64,368,304,97,272,175,129,297,168,96,351,255,80,2103,S7a
97,241,144,87,191,104,73,184,111,80,360,280,96,908,812,1,231,230,53,373,320,151,2639,S7a
97,256,159,81,229,148,51,170,119,64,354,290,95,367,272,89,176,87,89,272,183,81,1905,S7a
80,228,148,100,228,128,82,201,119,80,343,263,89,928,839,105,264,159,89,337,248,95,2624,S7a
113,232,119,112,232,120,72,200,128,64,336,272,96,400,304,104,744,640,113,416,303,88,2648,S7a
72,216,144,80,208,128,72,176,104,73,336,263,112,264,152,128,520,392,96,344,248,89,2153,S7a
65,248,183,88,232,144,72,192,120,64,344,280,105,296,191,95,376,281,97,232,135,104,2024,S7a
89,320,231,97,232,135,73,184,111,73,360,287,88,295,207,98,257,159,96,288,192,88,2024,S7a
81,296,215,89,233,144,88,207,119,81,336,255,97,376,279,73,248,175,89,272,183,97,2065,S7a
81,240,159,72,200,128,56,176,120,65,328,263,89,256,167,112,232,120,112,328,216,80,1840,S7a
73,200,127,89,184,95,72,209,137,64,503,439,96,328,232,89,208,119,81,304,223,88,2024,S7a
73,232,159,97,216,119,73,184,111,64,464,400,88,384,296,105,385,280,96,390,294,90,2345,S7a
80,224,144,97,208,111,64,176,112,72,352,280,121,304,183,128,232,104,97,296,199,96,1888,S7a
72,208,136,89,192,103,73,176,103,72,368,296,104,304,200,97,304,207,96,328,232,104,1984,S7a
73,240,167,88,208,120,80,216,136,81,345,264,95,287,192,105,287,182,105,345,240,89,2017,S7a
81,248,167,89,200,111,89,200,111,73,392,319,111,616,505,89,320,231,96,376,280,81,2433,S7a
65,280,215,122,216,94,72,224,152,80,1616,1536,80,846,766,98,1626,1528,81,312,231,112,5232,S7a
46,240,194,89,200,111,88,200,112,80,464,384,112,376,264,120,336,216,56,464,408,104,2384,S7a
81,248,167,72,176,104,80,184,104,72,392,320,105,280,175,104,223,119,89,266,177,88,1857,S7a
88,231,143,97,208,111,73,176,103,73,368,295,96,224,128,121,256,135,96,296,200,80,1839,S7a
64,232,168,80,200,120,64,601,537,78,446,368,113,269,156,115,508,393,87,344,257,96,2696,S7a
87,423,336,105,297,192,88,224,136,88,488,400,127,312,185,104,223,119,89,320,231,81,2368,S7a
80,215,135,89,192,103,88,193,105,72,352,280,96,639,543,97,214,117,107,298,191,96,2199,S7a
66,208,142,104,240,136,87,184,97,72,336,264,120,303,183,88,233,145,96,308,212,82,1894,S7a
88,264,176,79,184,105,79,208,129,64,344,280,104,376,272,112,256,144,87,304,217,96,2032,S7a
89,304,215,96,232,136,96,312,216,104,816,712,98,3048,2950,121,288,167,95,260,165,124,5384,S7a
81,224,143,105,200,95,96,224,128,96,936,840,94,832,738,104,1416,1312,91,1203,1112,93,5128,S7a
64,256,192,88,216,128,80,208,128,80,1055,975,121,377,256,120,200,80,104,456,352,56,2824,S7a
88,240,152,88,200,112,71,184,113,72,481,409,118,416,298,95,215,120,104,376,272,120,2232,S7a
82,232,150,80,200,120,64,192,128,64,336,272,120,264,144,112,224,112,96,264,168,104,1816,S7a
80,208,128,104,208,104,72,176,104,72,328,256,88,360,272,96,237,141,91,467,376,88,2072,S7a
88,272,184,96,207,111,89,217,128,80,440,360,96,296,200,87,208,121,96,1528,1432,102,3270,S7a
62,232,170,88,216,128,64,183,119,64,465,401,96,352,256,72,232,160,96,360,264,88,2128,S7a
80,248,168,88,184,96,88,184,96,72,328,256,104,296,192,175,384,209,96,656,560,88,2368,S7a
80,223,143,81,193,112,88,200,112,71,376,305,96,368,272,80,216,136,96,352,256,73,2001,S7a
72,216,144,88,184,96,71,184,113,64,448,384,87,304,217,128,344,216,88,360,272,104,2144,S7a
88,472,384,96,232,136,72,208,136,72,392,320,112,552,440,112,304,192,80,312,232,96,2568,S7a
96,232,136,88,200,112,88,200,112,71,384,313,104,336,232,72,448,376,88,376,288,72,2248,S7a
88,351,263,73,217,144,87,216,129,56,376,320,104,624,520,152,280,128,96,328,232,96,2488,S7a
94,216,122,80,184,104,71,192,121,64,344,280,112,368,256,72,248,176,88,424,336,80,2056,S7a
88,248,160,80,224,144,47,152,105,72,400,328,112,296,184,104,304,200,96,311,215,113,2048,S7a
48,184,136,88,216,128,72,208,136,72,880,808,64,440,376,80,256,176,72,400,328,72,2656,S7a
97,296,199,80,192,112,80,256,176,72,504,432,71,344,273,96,288,192,80,1248,1168,71,3199,S7a
73,224,151,88,240,152,24,152,128,80,384,304,96,1008,912,96,320,224,120,296,176,88,2712,S7a
81,240,159,73,185,112,72,168,96,64,376,312,112,328,216,120,224,104,120,264,144,111,1896,S7a
81,200,119,89,184,95,73,193,120,56,343,287,113,297,184,96,200,104,96,288,192,104,1809,S7a
72,224,152,88,192,104,72,168,96,72,384,312,120,407,287,113,353,240,96,248,152,96,2072,S7a
71,232,161,80,191,111,72,184,112,57,456,399,113,313,200,120,232,112,88,312,224,88,2008,S7a
104,272,168,112,288,176,80,232,152,64,480,416,104,479,375,113,505,392,88,424,336,72,2752,S7a
80,311,231,97,233,136,88,272,184,72,2120,2048,103,808,705,104,247,143,113,369,256,111,4471,S7a
96,265,169,119,231,112,87,208,121,88,440,352,135,336,201,88,288,200,104,440,336,103,2311,S7a
72,304,232,88,504,416,96,232,136,64,1456,1392,96,608,512,88,376,288,96,376,280,112,3968,S7a
72,264,192,95,224,129,80,208,128,72,392,320,127,296,169,96,536,440,104,400,296,96,2416,S7a
112,272,160,88,240,152,48,184,136,72,408,336,104,320,216,88,200,112,80,328,248,112,2064,S7a
96,256,160,88,200,112,87,224,137,88,336,248,128,312,184,96,273,177,103,302,199,105,2008,S7a
80,288,208,88,272,184,104,280,176,71,872,801,111,328,217,87,424,337,104,352,248,119,2935,S7a
71,229,158,91,211,120,80,872,792,72,464,392,88,311,223,105,321,216,112,312,200,119,2839,S7a
64,544,480,103,728,625,96,231,135,64,376,312,113,305,192,88,327,239,105,2233,2128,85,4829,S7a
72,248,176,88,200,112,96,215,119,89,1057,968,111,400,289,104,432,328,112,440,328,104,3096,S7a
87,224,137,104,208,104,88,208,120,88,416,328,120,360,240,96,352,256,111,312,201,128,2208,S7a
24,239,215,105,216,111,88,217,129,72,432,360,112,312,200,79,304,225,72,416,344,96,2232,S7a
80,264,184,80,191,111,81,185,104,72,367,295,113,296,183,89,329,240,104,320,216,95,2047,S7a
80,256,176,96,208,112,72,192,120,72,544,472,88,544,456,112,296,184,88,295,207,89,2424,S7a
80,239,159,105,232,127,72,200,128,72,496,424,105,416,311,80,568,488,73,184,111,96,2431,S7a
81,224,143,88,200,112,81,216,135,73,472,399,80,312,232,81,208,127,73,303,230,97,2032,S7a
80,305,225,87,215,128,88,240,152,64,408,344,97,416,319,73,256,183,81,304,223,73,2217,S7a
57,248,191,73,200,127,89,233,144,63,391,328,64,952,888,89,304,215,72,345,273,87,2760,S7a
65,288,223,88,224,136,80,264,184,81,976,895,113,480,367,89,264,175,81,336,255,73,2905,S7a
48,272,224,72,192,120,88,216,128,79,391,312,113,339,226,102,261,159,73,321,248,88,2080,S7a
64,232,168,79,200,121,71,198,127,89,482,393,79,920,841,103,246,143,81,314,233,64,2656,S7a
89,241,152,79,215,136,49,176,127,73,536,463,65,872,807,104,321,217,64,400,336,88,2849,S7a
56,200,144,88,191,103,65,193,128,72,338,266,110,862,752,79,248,169,79,312,233,79,2423,S7a
70,319,249,89,264,175,97,241,144,72,472,400,80,280,200,120,408,288,80,464,384,88,2536,S7a
88,273,185,88,199,111,73,192,119,65,313,248,80,944,864,120,288,168,80,408,328,88,2705,S7a
33,320,287,64,192,128,88,208,120,72,368,296,96,456,360,80,472,392,56,320,264,56,2392,S7a
64,224,160,80,192,112,80,216,136,56,368,312,88,472,384,72,288,216,89,544,455,87,2391,S7a
81,320,239,72,208,136,88,216,128,64,352,288,105,312,207,104,200,96,73,320,247,88,2016,S7a
89,240,151,72,192,120,81,216,135,64,400,336,96,320,224,104,296,192,88,512,424,80,2256,S7a
64,248,184,80,208,128,64,216,152,48,352,304,104,272,168,96,232,136,72,432,360,56,2016,S7a
73,240,167,72,208,136,80,200,120,56,392,336,96,312,216,96,200,104,80,304,224,88,1944,S7a
72,232,160,80,208,128,80,200,120,64,392,328,79,272,193,95,193,98,79,335,256,128,1960,S7a
58,304,246,72,216,144,87,224,137,56,496,440,88,784,696,104,304,200,56,352,296,80,2760,S7a
80,224,144,96,208,112,80,209,129,63,431,368,80,264,184,120,304,184,80,400,320,65,2105,S7a
40,256,216,88,208,120,72,216,144,64,432,368,63,247,184,89,225,136,72,304,232,72,1960,S7a
60,256,196,72,186,114,78,214,136,56,384,328,88,344,256,104,224,120,72,312,240,89,2009,S7a
40,272,232,89,216,127,79,192,113,115,384,269,96,296,200,87,208,121,88,312,224,96,1976,S7a
88,224,136,88,216,128,80,224,144,64,376,312,104,264,160,104,248,144,87,328,241,80,1960,S7a
80,232,152,88,224,136,72,200,128,64,400,336,80,296,216,112,216,104,80,368,288,56,1992,S7a
72,232,160,80,208,128,88,216,128,72,360,288,96,256,160,88,232,144,80,400,320,56,1960,S7a
88,256,168,80,208,128,80,200,120,56,368,312,88,280,192,88,216,128,80,424,344,40,1992,S7a
67,240,173,72,200,128,72,208,136,56,352,296,80,280,200,80,208,128,72,903,831,73,2464,S7a
72,232,160,88,208,120,56,177,121,63,351,288,96,280,184,96,272,176,88,365,277,51,1936,S7a
56,216,160,72,208,136,64,192,128,64,360,296,88,400,312,64,208,144,96,312,216,80,1976,S7a
80,240,160,72,216,144,80,224,144,64,352,288,96,280,184,144,224,80,88,312,224,79,1927,S7a
65,208,143,81,209,128,64,192,128,64,368,304,80,280,200,96,256,160,72,336,264,64,1913,S7a
88,240,152,96,192,96,88,191,103,73,376,303,105,345,240,104,240,136,88,336,248,96,2016,S7a
72,280,208,63,264,201,40,168,128,64,352,288,71,984,913,67,400,333,40,425,385,103,2976,S7a
96,256,160,96,240,144,64,191,127,61,401,340,79,256,177,96,176,80,96,304,208,112,1936,S7a
72,232,160,88,208,120,79,192,113,72,364,292,83,348,265,112,232,120,80,320,240,80,1976,S7a
96,264,168,64,200,136,72,208,136,64,344,280,96,336,240,115,424,309,80,352,272,80,2208,S7a
72,248,176,80,248,168,72,2456,2384,93,1200,1107,95,296,201,80,232,152,80,344,264,112,5136,S7a
80,248,168,87,256,169,72,216,144,72,384,312,96,368,272,88,240,152,79,608,529,72,2392,S7a
88,232,144,88,208,120,80,200,120,72,376,304,104,304,200,79,240,161,80,408,328,72,2040,S7a
82,224,142,89,217,128,80,215,135,73,361,288,104,360,256,128,280,152,104,328,224,96,2081,S7a
81,240,159,96,208,112,88,224,136,72,360,288,120,296,176,112,208,96,80,344,264,71,1951,S7a
80,232,152,88,200,112,88,208,120,72,528,456,96,327,231,113,561,448,88,344,256,103,2503,S7a
80,240,160,80,240,160,64,192,128,63,400,337,113,264,151,120,335,215,105,401,296,104,2176,S7a
85,272,187,80,215,135,81,216,135,73,345,272,104,368,264,104,224,120,96,305,209,87,2032,S7a
81,233,152,88,208,120,80,200,120,64,336,272,104,200,96,128,280,152,87,304,217,96,1857,S7a
104,240,136,96,215,119,88,209,121,72,319,247,105,217,112,112,208,96,96,280,184,88,1776,S7a
80,232,152,96,208,112,71,208,137,72,344,272,96,248,152,104,392,288,96,320,224,112,2064,S7a
80,256,176,80,208,128,72,200,128,72,368,296,104,312,208,96,224,128,96,328,232,96,1992,S7a
62,224,162,88,216,128,88,215,127,73,385,312,88,231,143,113,241,128,88,824,736,55,2391,S7a
96,1504,1408,77,831,754,65,209,144,79,688,609,87,872,785,67,400,333,88,472,384,88,5064,S7a
64,240,176,80,200,120,80,216,136,71,384,313,103,304,201,96,208,112,112,384,272,104,2040,S7a
16,480,464,87,223,136,89,232,143,73,401,328,111,264,153,120,391,271,159,344,185,97,2432,S7a
88,256,168,88,240,152,56,192,136,64,400,336,95,256,161,127,272,145,80,336,256,96,2048,S7a
85,256,171,96,216,120,80,216,136,80,383,303,97,233,136,104,256,152,103,400,297,80,2040,S7a
104,272,168,80,207,127,81,225,144,63,368,305,96,232,136,111,224,113,96,336,240,71,1935,S7a
80,232,152,88,216,128,64,232,168,64,352,288,96,296,200,96,208,112,96,312,216,80,1928,S7a
88,240,152,88,200,112,72,192,120,71,328,257,104,232,128,168,359,191,89,1217,1128,80,2848,S7a
96,256,160,79,183,104,96,209,113,80,1040,960,96,703,607,105,257,152,96,376,280,80,3104,S7a
77,232,155,96,208,112,80,191,111,64,384,320,120,337,217,112,320,208,80,360,280,80,2112,S7a
96,240,144,96,208,112,80,224,144,80,360,280,112,1119,1007,115,296,181,105,369,264,72,2888,S7a
64,240,176,80,207,127,73,200,127,65,385,320,96,320,224,104,208,104,80,345,265,63,1968,S7a
88,231,143,97,225,128,80,191,111,72,337,265,112,447,335,113,585,472,104,649,545,102,2767,S7a
72,248,176,88,256,168,112,264,152,72,1616,1544,112,215,103,97,280,183,89,353,264,80,3312,S7a
51,496,445,104,280,176,104,240,136,72,360,288,104,344,240,128,247,119,105,305,200,88,2360,S7a
68,288,220,88,312,224,88,263,175,65,504,439,113,353,240,80,191,111,89,305,216,88,2304,S7a
96,264,168,96,223,127,80,209,129,80,368,288,112,216,104,120,231,111,97,289,192,80,1880,S7a
80,232,152,80,192,112,63,192,129,56,656,600,96,752,656,100,288,188,72,448,376,96,2856,S7a
96,232,136,96,232,136,72,208,136,72,328,256,112,280,168,64,296,232,80,263,183,49,1888,S7a
88,272,184,80,192,112,104,215,111,72,401,329,104,256,152,95,248,153,104,256,152,104,1944,S7a
80,240,160,88,232,144,72,216,144,72,359,287,97,233,136,88,192,104,88,272,184,96,1840,S7a
56,200,144,88,224,136,72,200,128,64,344,280,87,984,897,105,295,190,97,841,744,80,3168,S7a
88,232,144,88,215,127,64,184,120,73,345,272,88,240,152,104,2144,2040,88,392,304,72,3824,S7a
86,240,154,89,192,103,81,196,115,77,381,304,104,320,216,88,191,103,89,369,280,88,1977,S7a
72,736,664,88,224,136,80,216,136,80,1839,1759,109,273,164,104,248,144,88,345,257,110,3991,S7a
80,272,192,64,183,119,88,217,129,72,375,303,96,249,153,111,344,233,80,384,304,80,2104,S7a
80,255,175,89,504,415,113,248,135,88,385,297,120,256,136,144,511,367,97,416,319,97,2672,S7a
73,216,143,89,192,103,89,216,127,73,400,327,112,304,192,113,256,143,97,360,263,89,2033,S7a
64,271,207,73,192,119,89,232,143,64,376,312,105,296,191,120,216,96,80,336,256,88,2007,S7a
88,240,152,97,209,112,72,183,111,73,400,327,89,312,223,112,232,120,89,408,319,73,2057,S7a
88,256,168,80,192,112,80,208,128,56,400,344,97,280,183,97,600,503,81,384,303,81,2401,S7a
104,263,159,80,182,102,90,210,120,71,384,313,120,287,167,105,305,200,96,416,320,80,2127,S7a
88,240,152,88,200,112,72,192,120,64,384,320,112,295,183,104,633,529,64,280,216,72,2296,S7a
48,216,168,87,208,121,72,200,128,64,360,296,104,336,232,66,202,136,86,357,271,97,1976,S7a
77,252,175,84,196,112,80,208,128,80,376,296,96,400,304,135,352,217,80,280,200,72,2136,S7a
87,238,151,82,199,117,83,227,144,56,380,324,124,332,208,87,223,136,81,424,343,65,2088,S7a
89,281,192,72,196,124,76,204,128,71,376,305,88,244,156,72,220,148,56,328,272,64,1913,S7a
104,280,176,104,216,112,89,216,127,73,383,310,114,353,239,96,280,184,81,352,271,88,2168,S7a
73,232,159,81,200,119,80,216,136,56,400,344,111,1496,1385,60,368,308,72,360,288,64,3336,S7a
49,216,167,89,192,103,80,248,168,57,424,367,81,304,223,65,248,183,72,336,264,81,2049,S7a
80,224,144,89,216,127,80,240,160,56,400,344,96,296,200,88,360,272,72,335,263,82,2153,S7a
72,280,208,80,248,168,88,232,144,73,343,270,113,449,336,88,168,80,89,472,383,88,2280,S7a
71,247,176,105,248,143,80,216,136,56,312,256,120,648,528,97,225,128,103,319,216,89,2304,S7a
72,283,211,76,221,145,88,256,168,56,400,344,96,416,320,96,1632,1536,64,320,256,80,3608,S7a
80,240,160,88,216,128,88,224,136,72,448,376,105,352,247,88,328,240,80,352,272,80,2240,S7a
72,224,152,80,208,128,80,224,144,72,384,312,112,384,272,104,312,208,80,552,472,80,2368,S7a
56,856,800,64,2640,2576,48,480,432,80,1872,1792,63,1608,1545,96,432,336,31,416,385,55,8359,S7a
63,288,225,71,232,161,71,304,233,55,504,449,47,576,529,71,296,225,63,328,265,71,2599,S7a
71,256,185,71,240,169,63,208,145,71,784,713,71,536,465,63,304,241,55,408,353,39,2775,S7a
63,216,153,87,216,129,63,216,153,63,960,897,71,343,272,80,265,185,63,360,297,71,2647,S7a
47,232,185,87,232,145,71,232,161,55,392,337,71,328,257,71,224,153,63,312,249,71,2023,S7a
47,240,193,79,224,145,71,232,161,63,520,457,79,368,289,79,216,137,55,304,249,79,2183,S7a
55,336,281,72,208,136,87,239,152,64,417,353,79,456,377,71,224,153,71,360,289,111,2351,S7a
47,384,337,55,208,153,71,256,185,55,416,361,71,384,313,71,320,249,63,424,361,55,2447,S7a
55,312,257,55,224,169,55,232,177,55,480,425,63,432,369,71,304,233,47,312,265,71,2367,S7a
63,296,233,63,184,121,55,208,153,55,424,369,71,376,305,71,216,145,47,320,273,87,2111,S7a
1039,1376,337,55,224,169,55,216,161,55,416,361,71,384,313,79,344,265,55,408,353,79,3447,S7a
47,272,225,55,232,177,47,232,185,47,528,481,63,392,329,63,280,217,71,360,289,55,2351,S7a
23,384,361,55,232,177,40,296,256,39,432,393,79,328,249,55,232,177,63,352,289,79,2335,S7a
47,224,177,79,216,137,55,344,289,55,1352,1297,79,344,265,47,272,225,63,376,313,79,3207,S7a
47,272,225,71,216,145,71,248,177,55,408,353,55,432,377,55,216,161,79,448,369,79,2319,S7a
55,304,249,55,208,153,79,280,201,63,520,457,87,384,297,79,368,289,55,352,297,39,2455,S7a
55,272,217,71,216,145,63,240,177,55,344,289,87,360,273,95,232,137,87,448,361,71,2183,S7a
55,224,169,95,240,145,71,232,161,63,512,449,71,256,185,87,312,225,63,504,441,39,2319,S7a
47,304,257,79,256,177,63,256,193,55,463,408,72,409,337,103,240,137,71,360,289,71,2359,S7a
55,256,201,63,208,145,63,232,169,63,408,345,47,392,345,95,264,169,63,424,361,71,2255,S7a
71,296,225,71,240,169,39,208,169,63,360,297,103,320,217,71,232,161,63,320,257,63,2039,S7a
55,264,209,79,216,137,47,200,153,55,408,353,63,288,225,119,976,857,79,488,409,55,2895,S7a
47,296,249,63,208,145,71,232,161,39,472,433,79,1016,937,71,400,329,47,488,441,79,3191,S7a
39,280,241,63,200,137,55,208,153,63,552,489,55,312,257,79,200,121,47,320,273,63,2135,S7a
56,240,184,71,192,121,55,208,153,47,376,329,79,352,273,119,216,97,71,328,257,63,1975,S7a
55,248,193,63,208,145,47,208,161,63,384,321,79,368,289,95,264,169,55,392,337,71,2143,S7a
47,223,176,72,217,145,47,184,137,63,432,369,63,288,225,111,240,129,55,408,353,87,2079,S7a
47,239,192,64,217,153,63,224,161,47,432,385,71,328,257,87,248,161,63,376,313,55,2119,S7a
55,296,241,55,208,153,63,248,185,39,384,345,71,319,248,80,257,177,55,392,337,71,2175,S7a
40,264,224,56,225,169,55,239,184,48,369,321,63,320,257,87,224,137,63,568,505,63,2272,S7a
71,264,193,87,464,377,55,216,161,55,496,441,63,352,289,71,207,136,48,361,313,23,2383,S7a
55,216,161,79,191,112,64,201,137,71,392,321,63,296,233,87,240,153,63,320,257,71,1927,S7a
56,225,169,71,184,113,55,176,121,71,376,305,71,296,225,71,248,177,63,344,281,55,1904,S7a
55,240,185,79,224,145,63,216,153,71,400,329,87,368,281,71,312,241,71,375,304,72,2207,S7a
55,231,176,80,201,121,47,192,145,63,368,305,79,432,353,71,232,161,63,344,281,79,2079,S7a
71,256,185,71,184,113,63,192,129,55,336,281,79,280,201,63,544,481,71,496,425,39,2327,S7a
79,304,225,63,256,193,63,256,193,47,864,817,95,943,848,80,721,641,47,455,408,64,3863,S7a
56,233,177,71,208,137,47,192,145,63,416,353,71,287,216,56,393,337,71,944,873,87,2760,S7a
56,233,177,79,208,129,71,248,177,47,440,393,87,400,313,71,280,209,63,320,257,95,2224,S7a
39,247,208,80,193,113,71,240,169,47,399,352,64,393,329,79,376,297,79,368,289,87,2303,S7a
56,265,209,63,232,169,63,232,169,47,399,352,72,401,329,79,320,241,71,392,321,79,2320,S7a
39,256,217,79,224,145,63,200,137,71,375,304,80,296,216,64,256,192,64,360,296,72,2039,S7a
39,208,169,71,208,137,47,184,137,63,392,329,71,368,297,63,216,153,79,448,369,55,2079,S7a
48,241,193,79,216,137,63,288,225,39,1016,977,63,1352,1289,87,264,177,63,352,289,79,3808,S7a
48,225,177,79,239,160,56,216,160,56,424,368,80,353,273,55,207,152,64,369,305,79,2112,S7a
63,216,153,79,192,113,71,208,137,55,336,281,87,344,257,71,176,105,71,304,233,79,1855,S7a
72,256,184,80,200,120,56,184,128,56,393,337,87,320,233,63,224,161,79,391,312,88,2056,S7a
64,232,168,88,208,120,64,200,136,64,336,272,88,304,216,64,424,360,80,305,225,71,2080,S7a
80,224,144,96,192,96,72,208,136,72,312,240,88,281,193,63,248,185,71,328,257,79,1872,S7a
56,217,161,79,191,112,64,209,145,55,335,280,64,336,272,64,200,136,72,610,538,70,2168,S7a
56,225,169,95,215,120,72,209,137,63,335,272,88,320,232,64,785,721,79,391,312,64,2544,S7a
56,224,168,80,216,136,40,208,168,64,369,305,87,304,217,79,223,144,64,385,321,55,1984,S7a
48,208,160,80,224,144,72,200,128,72,384,312,80,344,264,96,824,728,64,464,400,96,2744,S7a
55,207,152,88,201,113,63,183,120,64,328,264,88,264,176,88,248,160,64,328,264,80,1839,S7a
72,224,152,88,184,96,56,168,112,64,344,280,88,336,248,72,264,192,72,312,240,72,1904,S7a
72,881,809,79,200,121,63,199,136,64,616,552,88,440,352,96,177,81,79,383,304,104,3000,S7a
47,223,176,88,184,96,72,192,120,56,312,256,104,360,256,64,280,216,72,368,296,80,1999,S7a
64,232,168,80,200,120,48,184,136,56,488,432,40,304,264,64,264,200,72,280,208,96,2048,S7a
64,216,152,72,184,112,64,184,120,56,321,265,79,335,256,72,232,160,80,352,272,56,1880,S7a
64,224,160,80,184,104,72,208,136,64,320,256,80,320,240,96,232,136,56,328,272,-904,912,S7a
64,232,168,88,192,104,64,192,128,56,376,320,80,392,312,48,200,152,96,352,256,88,2024,S7a
56,216,160,80,208,128,64,209,145,63,335,272,88,320,232,64,200,136,88,424,336,80,1992,S7a
56,224,168,72,184,112,56,216,160,64,384,320,88,320,232,80,192,112,96,352,256,72,1944,S7a
64,216,152,72,192,120,56,184,128,56,344,288,88,344,256,72,264,192,104,408,304,72,2024,S7a
72,232,160,80,216,136,48,192,144,72,352,280,104,304,200,96,200,104,80,304,224,96,1896,S7a
56,560,504,96,760,664,96,256,160,64,344,280,96,224,128,88,384,296,80,360,280,80,2968,S7a
56,208,152,72,176,104,64,216,152,72,328,256,96,328,232,72,256,184,80,360,280,80,1952,S7a
55,279,224,80,224,144,72,224,152,64,392,328,104,352,248,112,264,152,88,376,288,88,2199,S7a
56,216,160,96,216,120,64,200,136,48,368,320,80,320,240,64,216,152,80,296,216,56,1888,S7a
64,240,176,80,184,104,64,192,128,48,344,296,80,360,280,80,216,136,80,312,232,88,1936,S7a
64,232,168,80,232,152,72,208,136,72,424,352,88,352,264,96,552,456,72,360,288,72,2432,S7a
56,240,184,88,208,120,64,208,144,64,440,376,96,328,232,64,216,152,72,344,272,80,2064,S7a
56,248,192,88,224,136,80,248,168,64,368,304,96,352,256,72,192,120,56,480,424,80,2192,S7a
72,232,160,80,192,112,48,200,152,56,328,272,96,304,208,112,240,128,88,312,224,72,1880,S7a
64,280,216,72,224,152,80,216,136,64,368,304,96,320,224,80,200,120,80,344,264,80,2032,S7a
64,232,168,88,216,128,64,176,112,80,352,272,88,272,184,80,304,224,88,352,264,88,1992,S7a
64,216,152,88,176,88,64,176,112,64,408,344,88,232,144,104,296,192,80,328,248,72,1904,S7a
72,232,160,72,192,120,48,192,144,56,328,272,88,264,176,80,248,168,80,336,256,80,1872,S7a
64,224,160,80,200,120,64,192,128,64,360,296,96,280,184,96,224,128,72,320,248,88,1888,S7a
56,216,160,80,176,96,56,184,128,64,352,288,88,320,232,96,232,136,88,312,224,96,1888,S7a
64,216,152,80,184,104,56,184,128,48,312,264,96,344,248,112,256,144,88,320,232,88,1904,S7a
56,232,176,88,224,136,72,216,144,64,320,256,88,232,144,104,240,136,72,320,248,96,1880,S7a
64,216,152,80,176,96,80,200,120,64,344,280,96,256,160,88,272,184,56,336,280,96,1896,S7a
80,240,160,88,184,96,72,176,104,56,376,320,96,424,328,80,392,312,72,320,248,72,2184,S7a
64,216,152,96,208,112,72,208,136,56,296,240,112,272,160,120,208,88,88,304,216,88,1800,S7a
64,256,192,72,184,112,64,176,112,64,360,296,88,224,136,104,648,544,104,360,256,120,2328,S7a
80,224,144,88,192,104,64,192,128,80,344,264,88,392,304,71,272,201,104,312,208,72,2000,S7a
80,256,176,72,200,128,64,200,136,56,368,312,104,320,216,96,232,136,80,312,232,88,1976,S7a
64,304,240,72,184,112,64,192,128,56,400,344,112,296,184,80,264,184,64,264,200,96,2000,S7a
72,224,152,80,184,104,56,168,112,72,376,304,64,232,168,80,224,144,80,296,216,48,1752,S7a
56,192,136,88,176,88,56,184,128,56,360,304,96,232,136,96,216,120,72,288,216,72,1720,S7a
58,258,200,71,216,145,63,216,153,63,472,409,79,352,273,55,344,289,55,344,289,47,2249,S7a
55,240,185,63,192,129,55,216,161,47,512,465,79,208,129,79,280,201,47,264,217,87,1999,S7a
39,240,201,71,216,145,47,216,169,39,456,417,47,303,256,80,1929,1849,47,248,201,63,3671,S7a
47,224,177,79,208,129,55,256,201,63,512,449,79,920,841,103,239,136,48,321,273,80,2760,S7a
63,224,161,79,224,145,55,240,185,55,520,465,63,336,273,63,272,209,55,408,353,80,2304,S7a
15,296,281,63,416,353,95,648,553,47,432,385,79,392,313,63,288,225,55,312,257,71,2855,S7a
48,224,176,88,209,121,55,192,137,55,368,313,79,440,361,63,296,233,63,336,273,95,2160,S7a
64,216,152,80,201,121,63,208,145,55,335,280,80,409,329,-921,176,1097,87,288,201,79,1912,S7a
71,223,152,80,201,121,63,192,129,63,424,361,71,952,881,63,224,161,79,392,313,79,2687,S7a
56,216,160,80,209,129,71,224,153,55,527,472,64,345,281,71,400,329,55,472,417,71,2464,S7a
64,225,161,79,224,145,63,200,137,63,408,345,71,848,777,63,216,153,55,424,369,87,2632,S7a
64,289,225,63,208,145,55,191,136,56,784,728,88,329,241,119,215,96,64,408,344,64,2488,S7a
47,231,184,72,209,137,47,224,177,63,408,345,63,360,297,55,280,225,63,288,225,87,2087,S7a
55,240,185,79,216,137,47,216,169,55,392,337,63,543,480,88,441,353,79,272,193,71,2391,S7a
56,208,152,80,208,128,64,201,137,71,471,400,80,257,177,87,248,161,63,248,185,71,1912,S7a
56,216,160,72,209,137,55,231,176,48,449,401,79,287,208,80,241,161,79,304,225,87,2024,S7a
64,216,152,80,184,104,64,193,129,63,343,280,96,272,176,64,241,177,71,287,216,88,1824,S7a
64,272,208,72,216,144,80,208,128,72,1481,1409,87,279,192,80,232,152,80,313,233,87,3088,S7a
47,223,176,64,224,160,64,201,137,55,359,304,80,312,232,80,208,128,88,385,297,79,1991,S7a
56,208,152,72,177,105,63,192,129,55,400,345,79,319,240,65,209,144,79,327,248,72,1904,S7a
56,248,192,64,192,128,56,216,160,64,849,785,87,615,528,80,409,329,55,823,768,80,3432,S7a
55,223,168,80,192,112,64,185,121,63,400,337,87,272,185,71,200,129,79,280,201,87,1839,S7a
56,200,144,72,192,120,56,193,137,55,391,336,80,280,200,96,240,144,104,313,209,79,1888,S7a
64,257,193,87,200,113,79,216,137,63,432,369,95,343,248,80,232,152,80,400,320,72,2152,S7a
64,232,168,88,232,144,72,193,121,79,376,297,95,335,240,80,233,153,79,392,313,71,2064,S7a
56,201,145,95,199,104,64,184,120,64,337,273,95,431,336,48,240,192,80,280,200,88,1960,S7a
56,224,168,80,200,120,64,200,136,72,344,272,88,296,208,80,225,145,71,303,232,80,1872,S7a
64,585,521,87,672,585,79,223,144,80,368,288,88,264,176,96,225,129,87,367,280,88,2792,S7a
64,240,176,96,208,112,72,208,136,64,448,384,104,264,160,72,216,144,80,288,208,104,1976,S7a
64,224,160,88,209,121,71,207,136,88,424,336,88,305,217,87,240,153,79,351,272,80,2040,S7a
63,1895,1832,80,232,152,80,217,137,63,456,393,63,375,312,112,296,184,80,408,328,96,3975,S7a
64,208,144,80,184,104,64,200,136,72,432,360,96,296,200,96,232,136,88,296,208,96,1944,S7a
72,224,152,96,200,104,72,200,128,72,512,440,96,384,288,80,240,160,88,464,376,72,2296,S7a
79,272,193,79,192,113,71,191,120,72,472,400,112,297,185,55,287,232,88,448,360,80,2239,S7a
80,232,152,88,184,96,64,208,144,64,384,320,104,304,200,64,208,144,88,320,232,96,1936,S7a
48,240,192,80,200,120,72,202,130,70,342,272,96,384,288,64,200,136,96,344,248,88,2000,S7a
72,240,168,81,200,119,64,208,144,56,384,328,104,280,176,64,320,256,104,328,224,96,2056,S7a
71,216,145,95,208,113,71,199,128,72,409,337,111,304,193,87,271,184,104,385,281,87,2079,S7a
64,320,256,112,344,232,88,336,248,64,848,784,72,384,312,104,232,128,80,320,240,88,2872,S7a
65,232,167,88,176,88,72,216,144,80,384,304,96,296,200,88,248,160,80,360,280,72,1984,S7a
48,304,256,80,192,112,64,208,144,72,504,432,88,368,280,80,248,168,112,416,304,80,2320,S7a
56,456,400,48,960,912,80,216,136,64,448,384,88,328,240,96,208,112,88,304,216,96,3016,S7a
63,223,160,88,208,120,88,224,136,72,488,416,80,248,168,72,256,184,72,280,208,80,2007,S7a
56,224,168,80,208,128,64,216,152,64,424,360,128,336,208,80,192,112,88,288,200,72,1960,S7a
72,232,160,80,208,128,64,208,144,64,424,360,88,336,248,72,184,112,88,272,184,80,1944,S7a
64,248,184,88,208,120,64,224,160,64,408,344,80,304,224,64,280,216,88,312,224,88,2072,S7a
56,232,176,88,216,128,64,200,136,72,424,352,80,296,216,72,168,96,80,312,232,-928,920,S7a
72,248,176,80,216,136,80,256,176,80,624,544,80,256,176,72,280,208,64,432,368,96,2408,S7a
80,248,168,96,216,120,72,208,136,72,456,384,72,240,168,80,400,320,80,288,208,80,2136,S7a
63,247,184,80,224,144,72,240,168,56,480,424,80,824,744,64,264,200,80,376,296,72,2727,S7a
64,256,192,80,208,128,72,208,136,72,456,384,72,344,272,80,320,240,80,328,248,64,2184,S7a
56,296,240,80,184,104,72,192,120,80,800,720,80,264,184,96,376,280,72,416,344,96,2624,S7a
64,216,152,88,176,88,72,184,112,72,440,368,88,312,224,96,296,200,80,328,248,80,2032,S7a
64,256,192,88,200,112,72,744,672,72,344,272,96,264,168,88,192,104,80,288,208,72,2360,S7a
72,224,152,96,200,104,72,200,128,88,368,280,72,232,160,80,240,160,80,328,248,72,1864,S7a
72,256,184,96,216,120,72,224,152,64,416,352,80,896,816,88,288,200,104,400,296,96,2792,S7a
72,232,160,88,216,128,64,216,152,64,408,344,88,296,208,88,208,120,64,376,312,88,2040,S7a
80,232,152,88,200,112,80,200,120,72,448,376,88,272,184,80,1024,944,88,376,288,72,2824,S7a
80,240,160,88,192,104,72,208,136,64,416,352,-896,248,1144,80,248,168,80,296,216,80,1928,S7a
72,240,168,88,208,120,64,200,136,72,432,360,96,352,256,88,416,328,88,440,352,96,2384,S7a
72,240,168,80,200,120,72,216,144,64,368,304,96,344,248,72,216,144,104,312,208,96,1992,S7a
80,240,160,80,184,104,56,200,144,48,408,360,72,232,160,96,200,104,72,384,312,88,1936,S7a
88,240,152,80,176,96,72,200,128,56,336,280,88,224,136,88,264,176,88,312,224,88,1840,S7a
56,224,168,88,200,112,64,192,128,72,456,384,96,264,168,120,344,224,64,424,360,80,2184,S7a
80,264,184,88,208,120,72,216,144,72,328,256,96,232,136,72,296,224,88,392,304,88,2024,S7a
72,224,152,88,192,104,56,184,128,80,384,304,96,304,208,64,360,296,96,416,320,104,2168,S7a
88,224,136,96,192,96,64,184,120,72,304,232,96,256,160,80,376,296,104,296,192,80,1912,S7a
71,207,136,88,224,136,72,200,128,72,408,336,88,240,152,104,280,176,80,304,224,96,1959,S7a
64,248,184,88,216,128,72,200,128,56,360,304,96,1104,1008,72,440,368,72,416,344,72,3056,S7a
64,240,176,88,208,120,72,208,136,72,352,280,88,280,192,80,336,256,88,1336,1248,87,3047,S7a
64,208,144,80,192,112,64,200,136,80,512,432,104,336,232,64,232,168,88,312,224,111,2103,S7a
56,272,216,80,192,112,72,224,152,56,400,344,96,248,152,64,232,168,88,440,352,96,2104,S7a
72,216,144,80,184,104,64,184,120,80,536,456,112,288,176,80,272,192,72,376,304,80,2136,S7a
64,272,208,88,528,440,72,208,136,88,528,440,80,360,280,80,304,224,80,296,216,72,2568,S7a
72,224,152,80,176,96,64,208,144,56,1568,1512,80,320,240,80,240,160,80,328,248,96,3160,S7a
71,215,144,80,184,104,72,208,136,64,384,320,96,224,128,72,200,128,96,304,208,96,1815,S7a
72,248,176,80,200,120,72,208,136,72,416,344,88,224,136,96,192,96,88,280,192,72,1840,S7a
48,272,224,88,208,120,64,192,128,72,440,368,112,840,728,72,272,200,96,328,232,88,2640,S7a
72,232,160,80,192,112,56,184,128,72,384,312,88,280,192,88,216,128,96,352,256,96,1936,S7a
65,208,143,96,208,112,64,184,120,72,344,272,96,216,120,80,184,104,88,296,208,104,1744,S7a
80,216,136,88,192,104,56,184,128,72,368,296,96,408,312,88,256,168,96,464,368,72,2160,S7a
72,216,144,96,200,104,64,184,120,96,544,448,88,216,128,72,288,216,88,296,208,120,2064,S7a
72,248,176,80,192,112,72,216,144,72,368,296,96,256,160,-904,208,1112,96,376,280,79,1943,S7a
64,352,288,80,224,144,72,232,160,88,448,360,112,320,208,120,224,104,88,416,328,112,2328,S7a
96,264,168,88,200,112,64,216,152,72,408,336,88,216,128,72,224,152,112,304,192,72,1904,S7a
88,240,152,80,200,120,64,192,128,80,536,456,112,232,120,72,272,200,96,288,192,96,2056,S7a
88,240,152,112,216,104,64,224,160,72,416,344,80,216,136,120,336,216,88,352,264,87,2087,S7a
72,224,152,88,216,128,64,216,152,72,1160,1088,128,296,168,80,352,272,88,240,152,104,2808,S7a
71,207,136,80,176,96,64,176,112,80,360,280,96,328,232,80,192,112,88,304,216,80,1823,S7a
64,240,176,88,192,104,72,208,136,80,352,272,88,224,136,88,248,160,80,304,224,72,1840,S7a
56,224,168,96,224,128,88,208,120,80,344,264,96,208,112,96,680,584,104,432,328,72,2392,S7a
114,370,256,96,520,424,112,184,72,88,1536,1448,112,592,480,88,216,128,104,176,72,112,3706,S5a
64,80,16,72,208,136,56,112,56,64,1216,1152,64,672,608,56,120,64,88,256,168,56,2720,S5a
96,232,136,80,208,128,64,200,136,48,392,344,64,272,208,56,128,72,80,272,192,64,1768,S5a
72,200,128,72,192,120,64,184,120,56,5432,5376,88,232,144,72,248,176,80,192,112,56,6736,S5a
72,200,128,80,200,120,72,216,144,48,424,376,64,128,64,40,248,208,56,128,72,64,1608,S5a
72,168,96,88,200,112,64,200,136,48,312,264,72,112,40,56,248,192,72,168,96,48,1456,S5a
72,176,104,87,192,105,48,168,120,40,304,264,72,104,32,72,336,264,72,152,80,48,1480,S5a
64,240,176,71,1768,1697,64,216,152,47,424,377,72,88,16,80,376,296,112,152,40,71,3335,S5a
64,176,112,80,191,111,57,185,128,48,432,384,48,136,88,48,600,552,56,80,24,40,1840,S5a
73,185,112,88,192,104,56,192,136,40,400,360,55,120,65,48,304,256,48,120,72,48,1561,S5a
72,184,112,88,184,96,56,192,136,48,312,264,72,96,24,56,-168,-224,1063,1063,0,40,1903,S5a
72,224,152,80,304,224,56,232,176,48,456,408,47,120,73,64,256,192,64,128,64,56,1776,S5a
64,232,168,64,200,136,72,200,128,55,320,265,72,104,32,56,392,336,72,168,96,48,1664,S5a
56,216,160,79,448,369,48,208,160,56,408,352,64,112,48,72,288,216,72,144,72,63,1887,S5a
64,232,168,79,240,161,63,200,137,48,336,288,80,136,56,80,224,144,72,183,111,57,1608,S5a
72,176,104,80,192,112,64,192,128,56,376,320,72,112,40,72,264,192,55,216,161,48,1576,S5a
64,176,112,88,208,120,63,360,297,40,360,320,72,104,32,56,256,200,64,176,112,48,1688,S5a
48,448,400,40,456,416,48,208,160,39,392,353,64,120,56,56,408,352,56,104,48,55,2191,S5a
71,208,137,63,200,137,64,248,184,32,320,288,80,160,80,56,256,200,48,160,112,48,1600,S5a
80,232,152,80,200,120,64,208,144,56,400,344,64,168,104,56,272,216,56,192,136,32,1704,S5a
72,200,128,88,200,112,63,200,137,48,360,312,56,120,64,64,472,408,72,144,72,63,1759,S5a
72,191,119,89,201,112,64,192,128,56,392,336,72,128,56,56,216,160,63,200,137,48,1568,S5a
64,200,136,80,168,88,64,176,112,48,344,296,64,88,24,79,256,177,48,168,120,47,1447,S5a
64,184,120,87,183,96,65,201,136,47,352,305,72,120,48,72,232,160,64,144,80,55,1471,S5a
64,152,88,87,184,97,63,184,121,40,304,264,56,136,80,24,176,152,72,176,104,55,1367,S5a
64,176,112,80,176,96,56,176,120,48,328,280,72,64,-8,56,240,184,55,128,73,79,1367,S5a
48,160,112,80,184,104,56,176,120,48,344,296,80,96,16,80,312,232,40,184,144,63,1519,S5a
71,176,105,80,192,112,56,176,120,56,360,304,72,104,32,88,408,320,96,96,0,63,1575,S5a
72,168,96,88,224,136,71,200,129,55,336,281,72,120,48,48,184,136,64,160,96,79,1471,S5a
71,176,105,88,184,96,56,176,120,48,296,248,72,80,8,56,200,144,64,192,128,71,1375,S5a
80,168,88,96,192,96,56,168,112,56,288,232,72,104,32,64,216,152,56,128,72,55,1319,S5a
71,432,361,63,176,113,80,240,160,56,448,392,47,112,65,64,560,496,96,96,0,55,2119,S5a
64,216,152,79,232,153,63,224,161,56,776,720,56,288,232,80,592,512,79,88,9,48,2464,S5a
55,416,361,63,192,129,63,216,153,63,360,297,79,144,65,87,248,161,80,184,104,103,1863,S5a
96,304,208,160,944,784,71,240,169,64,408,344,71,184,113,80,320,240,104,216,112,71,2687,S5a
63,288,225,80,192,112,88,256,168,48,424,376,72,128,56,79,232,153,63,216,153,63,1799,S5a
39,416,377,55,208,153,71,224,153,55,400,345,72,120,48,79,232,153,71,200,129,87,1887,S5a
71,176,105,87,208,121,55,176,121,47,336,289,71,104,33,87,224,137,47,152,105,63,1439,S5a
63,160,97,95,176,81,64,176,112,55,280,225,79,104,25,103,224,121,71,152,81,79,1351,S5a
72,160,88,95,192,97,56,176,120,48,288,240,80,112,32,55,248,193,-936,160,1096,63,1399,S5a
63,176,113,63,160,97,55,160,105,55,288,233,55,88,33,55,216,161,-953,168,1121,79,1335,S5a
63,168,105,79,168,89,55,176,121,39,264,225,71,88,17,79,216,137,71,136,65,63,1279,S5a
63,176,113,79,168,89,55,168,113,55,328,273,79,136,57,104,216,112,87,240,153,71,1503,S5a
72,185,113,71,160,89,63,192,129,47,320,273,63,72,9,79,272,193,55,128,73,63,1392,S5a
79,184,105,79,168,89,71,168,97,63,392,329,63,104,41,87,224,137,71,160,89,79,1479,S5a
79,688,609,47,192,145,71,216,145,55,383,328,64,273,209,71,360,289,71,192,121,79,2383,S5a
55,216,161,71,184,113,55,192,137,55,360,305,71,96,25,111,224,113,71,168,97,55,1495,S5a
63,176,113,79,152,73,71,200,129,47,320,273,71,104,33,63,200,137,47,160,113,71,1383,S5a
71,200,129,79,184,105,47,168,121,63,344,281,63,72,9,63,256,193,63,160,97,55,1439,S5a
71,192,121,87,176,89,63,184,121,55,328,273,71,104,33,63,288,225,55,176,121,47,1495,S5a
63,168,105,87,184,97,55,176,121,39,320,281,71,88,17,71,312,241,55,128,73,79,1455,S5a
55,160,105,79,192,113,47,168,121,55,440,385,63,-856,-919,1079,1160,81,63,240,177,79,1583,S5a
80,185,105,87,216,129,55,184,129,47,424,377,55,88,33,63,303,240,56,121,65,47,1568,S5a
63,176,113,79,160,81,63,168,105,55,272,217,71,63,-8,80,249,169,63,168,105,79,1335,S5a
79,168,89,95,176,81,63,167,104,48,265,217,79,96,17,87,216,129,63,120,57,87,1295,S5a
71,184,113,79,176,97,55,168,113,47,295,248,104,129,25,71,264,193,95,168,73,47,1431,S5a
63,152,89,87,192,105,47,152,105,55,304,249,87,120,33,63,272,209,63,144,81,79,1415,S5a
79,176,97,79,192,113,47,152,105,39,312,273,47,80,33,87,224,137,55,168,113,47,1351,S5a
87,224,137,71,696,625,55,184,129,63,328,265,63,104,41,63,232,169,55,120,65,55,1943,S5a
87,336,249,63,168,105,63,183,120,48,345,297,79,96,17,87,224,137,55,136,81,71,1559,S5a
71,176,105,79,168,89,55,176,121,55,344,289,63,96,33,71,320,249,55,200,145,47,1527,S5a
87,200,113,79,176,97,55,184,129,55,344,289,87,120,33,79,248,169,-921,191,1112,56,1519,S5a
80,201,121,87,183,96,56,185,129,39,288,249,79,111,32,96,209,113,63,192,129,71,1440,S5a
63,184,121,87,192,105,71,200,129,63,392,329,55,96,41,71,240,169,55,160,105,47,1511,S5a
63,176,113,71,160,89,63,168,105,47,352,305,47,112,65,87,280,193,63,216,153,79,1543,S5a
39,152,113,79,192,113,63,168,105,55,360,305,47,112,65,71,232,161,55,152,97,71,1439,S5a
95,232,137,79,176,97,71,192,121,47,272,225,87,128,41,71,224,153,47,224,177,47,1495,S5a
80,176,96,88,177,89,47,167,120,40,273,233,71,96,25,63,232,169,55,143,88,80,1344,S5a
63,168,105,71,176,105,47,168,121,55,280,225,55,88,33,71,280,209,39,152,113,55,1367,S5a
63,160,97,79,184,105,47,168,121,55,312,257,47,120,73,71,216,145,-953,128,1081,71,1359,S5a
63,168,105,71,168,97,47,160,113,39,312,273,79,88,9,103,256,153,63,200,137,87,1439,S5a
47,192,145,87,176,89,55,176,121,55,287,232,80,97,17,71,224,153,55,136,81,103,1391,S5a
63,168,105,63,168,105,55,168,113,55,456,401,63,120,57,79,271,192,40,153,113,55,1559,S5a
63,184,121,71,176,105,55,168,113,55,336,281,63,95,32,72,257,185,63,160,97,87,1463,S5a
63,191,128,72,176,104,56,184,128,56,449,393,47,96,49,63,248,185,55,136,81,71,1551,S5a
63,176,113,71,176,105,63,175,112,48,336,288,64,128,64,72,249,177,47,144,97,55,1439,S5a
71,208,137,79,191,112,48,272,224,48,320,272,48,97,49,79,232,153,47,136,89,55,1511,S5a
64,169,105,79,176,97,63,175,112,56,329,273,55,80,25,71,328,257,63,215,152,64,1536,S5a
55,168,113,79,176,97,63,160,97,63,295,232,64,81,17,79,200,121,63,128,65,79,1287,S5a
55,160,105,71,159,88,56,161,105,55,296,241,63,96,33,71,208,137,39,144,105,71,1295,S5a
55,168,113,63,176,113,47,159,112,64,393,329,31,103,72,80,249,169,55,144,89,55,1447,S5a
64,169,105,79,159,80,56,169,113,47,295,248,56,104,48,64,393,329,47,104,57,47,1440,S5a
64,185,121,79,167,88,56,161,105,55,279,224,80,105,25,79,216,137,55,144,89,71,1328,S5a
72,161,89,87,175,88,64,176,112,48,328,280,56,88,32,72,201,129,55,128,73,79,1336,S5a
55,184,129,103,224,121,63,199,136,56,329,273,71,96,25,79,256,177,63,144,81,95,1527,S5a
55,159,104,72,169,97,63,168,105,55,336,281,63,72,9,63,311,248,48,113,65,63,1391,S5a
72,497,425,55,184,129,63,183,120,56,305,249,63,103,40,96,249,153,63,399,336,72,1992,S5a
56,160,104,80,184,104,56,168,112,64,328,264,64,112,48,64,240,176,48,136,88,64,1392,S5a
55,160,105,79,167,88,72,177,105,55,384,329,63,95,32,80,336,256,64,97,33,55,1471,S5a
86,118,32,64,193,129,56,112,56,72,504,432,80,576,496,80,144,64,48,192,144,79,1918,S5a
72,192,120,80,176,96,56,168,112,56,352,296,64,112,48,63,256,193,48,104,56,55,1415,S5a
63,160,97,80,184,104,47,184,137,47,352,305,64,96,32,71,656,585,56,64,8,40,1736,S5a
88,112,24,72,184,112,40,96,56,71,376,305,80,408,328,72,96,24,48,152,104,87,1511,S5a
80,200,120,71,176,105,39,176,137,39,408,369,88,416,328,72,128,56,80,160,80,55,1719,S5a
79,168,89,80,168,88,56,176,120,32,280,248,87,120,33,64,232,168,80,88,8,88,1320,S5a
48,168,120,72,160,88,63,176,113,47,344,297,71,120,49,95,240,145,64,120,56,87,1415,S5a
64,152,88,63,160,97,47,168,121,39,312,273,72,104,32,55,232,177,48,192,144,79,1399,S5a
71,152,81,72,160,88,56,168,112,47,248,201,63,96,33,55,216,161,39,144,105,48,1232,S5a
1063,1160,97,80,184,104,48,184,136,47,312,265,64,112,48,55,232,177,64,128,64,72,2384,S5a
63,160,97,79,176,97,39,160,121,47,296,249,63,96,33,80,216,136,39,104,65,63,1271,S5a
64,144,80,71,144,73,56,160,104,48,272,224,64,80,16,71,192,121,47,96,49,63,1151,S5a
47,152,105,95,192,97,47,152,105,64,328,264,79,112,33,80,192,112,64,144,80,63,1335,S5a
55,152,97,63,168,105,47,152,105,47,304,257,56,88,32,63,208,145,39,104,65,79,1255,S5a
55,136,81,63,160,97,47,136,89,55,264,209,55,72,17,55,216,161,39,96,57,55,1135,S5a
71,160,89,55,144,89,63,168,105,39,304,265,55,72,17,71,224,153,47,112,65,79,1263,S5a
55,160,105,72,168,96,55,160,105,47,312,265,71,80,9,47,304,257,39,96,57,55,1335,S5a
63,192,129,63,168,105,55,176,121,47,280,233,63,104,41,71,208,137,87,152,65,55,1335,S5a
56,169,113,79,176,97,63,168,105,55,352,297,87,120,33,63,407,344,56,73,17,47,1512,S5a
63,176,113,79,152,73,79,184,105,63,328,265,79,104,25,87,280,193,47,136,89,79,1439,S5a
55,168,113,79,160,81,47,176,129,55,288,233,71,112,41,96,248,152,71,112,41,63,1327,S5a
79,184,105,71,176,105,55,184,129,47,296,249,71,112,41,39,208,169,55,240,185,55,1455,S5a
63,456,393,63,208,145,71,208,137,55,328,273,55,104,49,79,256,177,63,112,49,71,1743,S5a
71,184,113,79,167,88,48,177,129,47,320,273,55,96,41,80,216,136,63,112,49,63,1335,S5a
63,168,105,95,192,97,55,168,113,55,312,257,55,104,49,55,232,177,47,120,73,63,1359,S5a
55,152,97,87,184,97,47,144,97,55,376,321,55,80,25,71,312,241,71,184,113,55,1487,S5a
71,176,105,95,200,105,55,160,105,47,320,273,71,120,49,31,224,193,63,256,193,47,1503,S5a
47,160,113,87,176,89,47,168,121,47,320,273,55,112,57,71,192,121,55,176,121,63,1367,S5a
55,160,105,71,176,105,47,168,121,55,328,273,55,96,41,79,240,161,55,176,121,63,1407,S5a
63,168,105,79,176,97,63,176,113,47,320,273,55,104,49,63,216,153,47,144,97,47,1351,S5a
47,168,121,63,160,97,47,168,121,55,312,257,55,104,49,55,192,137,55,152,97,63,1319,S5a
71,176,105,79,160,81,63,160,97,63,296,233,63,128,65,47,216,169,39,224,185,47,1407,S5a
71,160,89,87,184,97,47,152,105,63,296,233,47,120,73,47,224,177,39,136,97,47,1319,S5a
55,160,105,71,152,81,71,160,89,71,296,225,55,128,73,23,192,169,47,144,97,63,1295,S5a
55,152,97,79,168,89,55,160,105,63,344,281,47,104,57,63,264,201,47,168,121,63,1423,S5a
63,184,121,71,160,89,71,176,105,71,296,225,63,104,41,79,216,137,63,152,89,63,1351,S5a
64,177,113,71,168,97,55,160,105,55,336,281,55,80,25,55,288,233,47,136,89,39,1384,S5a
55,168,113,79,176,97,47,176,129,47,304,257,47,96,49,39,216,177,55,144,89,47,1327,S5a
55,160,105,63,160,97,55,168,113,55,312,257,63,136,73,71,352,281,47,136,89,55,1479,S5a
55,191,136,96,185,89,63,176,113,63,296,233,63,360,297,95,128,33,135,272,137,55,1663,S5a
79,200,121,79,176,97,63,168,105,55,312,257,63,120,57,63,192,129,71,216,145,63,1447,S5a
63,160,97,95,192,97,63,168,105,47,272,225,71,128,57,31,176,145,71,151,80,56,1303,S5a
79,272,193,63,184,121,63,176,113,55,280,225,79,136,57,71,240,169,47,176,129,47,1511,S5a
79,200,121,79,176,97,71,176,105,55,304,249,63,96,33,71,224,153,55,136,81,55,1367,S5a
63,176,113,79,176,97,63,176,113,55,384,329,55,144,89,79,320,241,55,96,41,39,1511,S5a
55,160,105,79,159,80,64,169,105,55,328,273,55,96,41,47,240,193,47,112,65,71,1335,S5a
63,184,121,71,184,113,55,159,104,56,297,241,71,112,41,63,304,241,55,200,145,55,1495,S5a
71,168,97,79,176,97,55,168,113,55,288,233,63,56,-7,79,248,169,55,96,41,71,1271,S5a
63,152,89,71,168,97,63,159,96,40,265,225,55,104,49,47,192,145,55,144,89,63,1247,S5a
47,136,89,79,176,97,63,168,105,55,320,265,55,96,41,47,208,161,63,127,64,64,1295,S5a
63,200,137,71,168,97,63,176,113,55,359,304,48,97,49,71,288,217,47,168,121,63,1519,S5a
71,216,145,95,200,105,63,176,113,55,304,249,55,112,57,47,304,257,63,120,57,71,1503,S5a
63,176,113,79,168,89,55,176,121,63,344,281,47,112,65,39,240,201,71,136,65,79,1431,S5a
55,152,97,79,176,97,55,168,113,55,288,233,63,88,25,47,208,161,47,136,89,47,1263,S5a
63,176,113,79,167,88,64,193,129,47,295,248,56,96,40,72,369,297,47,168,121,55,1519,S5a
55,216,161,79,295,216,72,241,169,63,416,353,63,128,65,87,183,96,80,233,153,63,1775,S5a
55,232,177,71,184,113,63,192,129,63,384,321,63,96,33,63,272,209,47,96,49,47,1503,S5a
88,208,120,80,193,113,47,175,128,64,321,257,63,192,129,71,240,169,71,151,80,72,1552,S5a
63,167,104,80,185,105,55,160,105,55,320,265,47,71,24,72,200,128,72,136,64,72,1311,S5a
63,184,121,71,175,104,64,185,121,47,344,297,55,168,113,55,176,121,71,176,105,55,1463,S5a
71,168,97,79,175,96,64,177,113,55,328,273,47,103,56,64,232,168,72,153,81,55,1391,S5a
63,191,128,88,217,129,71,208,137,63,352,289,63,103,40,56,241,185,55,104,49,71,1487,S5a
47,167,120,72,176,104,48,161,113,55,279,224,48,73,25,55,240,185,39,87,48,56,1239,S5a
64,168,104,96,192,96,56,168,112,56,312,256,56,96,40,56,192,136,56,145,89,63,1336,S5a
63,160,97,79,175,96,64,169,105,47,287,240,80,96,16,72,193,121,63,127,64,56,1263,S5a
56,152,96,80,176,96,64,161,97,55,295,240,72,88,16,64,169,105,55,111,56,64,1216,S5a
47,231,184,72,169,97,55,152,97,63,288,225,47,72,25,63,231,168,64,80,16,56,1279,S5a
48,153,105,87,176,89,47,151,104,64,10808,10744,72,361,289,71,79,8,72,184,112,80,11992,S5a
63,176,113,71,151,80,64,160,96,72,281,209,63,71,8,72,384,312,48,88,40,64,1375,S5a
48,216,168,64,208,144,64,193,129,79,351,272,64,88,24,64,232,168,56,120,64,56,1464,S5a
64,152,88,72,176,104,48,168,120,40,464,424,48,72,24,64,304,240,56,80,24,56,1472,S5a
55,144,89,79,176,97,55,160,105,71,288,217,63,56,-7,63,208,145,55,128,73,55,1215,S5a
48,168,120,80,176,96,56,160,104,56,344,288,56,104,48,64,320,256,56,112,56,48,1432,S5a
56,152,96,72,176,104,56,168,112,48,304,256,56,88,32,56,192,136,40,120,80,71,1271,S5a
48,144,96,72,168,96,48,152,104,56,272,216,64,88,24,56,216,160,32,128,96,64,1232,S5a
48,152,104,72,160,88,64,152,88,72,296,224,48,64,16,72,208,136,56,120,64,40,1192,S5a
56,256,200,64,200,136,64,176,112,48,296,248,48,88,40,80,288,208,48,224,176,48,1576,S5a
56,304,248,80,200,120,56,200,144,56,320,264,33,104,71,64,256,192,64,168,104,71,1623,S5a
56,168,112,80,184,104,80,184,104,72,392,320,48,96,48,80,456,376,40,80,40,24,1584,S5a
56,168,112,80,176,96,56,160,104,56,288,232,64,104,40,80,200,120,56,128,72,64,1288,S5a
64,176,112,88,176,88,56,168,112,56,296,240,56,72,16,80,264,184,55,112,57,64,1328,S5a
64,168,104,80,168,88,64,168,104,64,320,256,40,48,8,64,312,248,40,80,40,48,1312,S5a
64,160,96,72,168,96,56,176,120,56,256,200,48,64,16,80,352,272,48,104,56,71,1351,S5a
56,152,96,72,152,80,64,176,112,40,264,224,64,80,16,72,352,280,32,96,64,48,1320,S5a
56,152,96,80,184,104,56,160,104,80,328,248,56,80,24,64,240,176,64,120,56,48,1312,S5a
56,160,104,80,168,88,64,152,88,71,320,249,64,80,16,64,288,224,56,136,80,71,1375,S5a
56,168,112,64,160,96,56,168,112,48,304,256,48,80,32,88,240,152,40,112,72,72,1304,S5a
72,224,152,88,216,128,80,224,144,72,392,320,72,320,248,88,248,160,56,200,144,64,1888,S5a
56,368,312,72,264,192,80,304,224,64,304,240,80,120,40,88,232,144,80,152,72,79,1823,S5a
64,240,176,104,240,136,96,224,128,72,568,496,48,144,96,88,272,184,80,144,64,79,1911,S5a
72,224,152,88,184,96,56,184,128,56,296,240,56,103,47,81,241,160,72,168,96,79,1479,S5a
48,1160,1112,56,272,216,80,232,152,64,312,248,64,104,40,80,224,144,72,144,72,80,2528,S5a
64,184,120,88,192,104,64,192,128,56,528,472,72,264,192,88,168,80,88,160,72,63,1751,S5a
64,200,136,80,184,104,64,184,120,64,327,263,65,137,72,72,208,136,48,144,96,56,1440,S5a
65,81,16,73,153,80,48,56,8,87,1080,993,80,128,48,88,296,208,63,56,-7,64,1914,S5a
64,176,112,80,176,96,64,216,152,48,400,352,56,136,80,56,408,352,48,104,56,48,1664,S5a
64,168,104,72,168,96,56,176,120,55,320,265,72,96,24,64,400,336,48,120,72,55,1503,S5a
56,208,152,88,184,96,56,176,120,56,352,296,55,104,49,63,240,177,47,168,121,80,1512,S5a
55,264,209,79,200,121,56,176,120,55,304,249,87,151,64,64,345,281,88,168,80,64,1672,S5a
47,440,393,71,240,169,79,232,153,56,424,368,80,336,256,87,359,272,97,137,40,95,2263,S5a
55,192,137,71,200,129,39,160,121,63,392,329,87,168,81,79,200,121,72,160,88,48,1520,S5a
48,176,128,87,192,105,55,184,129,55,368,313,96,368,272,64,248,184,88,152,64,71,1759,S5a
72,192,120,80,192,112,48,176,128,64,344,280,71,200,129,72,319,247,65,137,72,63,1623,S5a
72,176,104,72,192,120,48,160,112,47,328,281,56,96,40,63,320,257,32,128,96,55,1455,S5a
55,152,97,72,176,104,64,176,112,56,320,264,63,136,73,48,192,144,48,168,120,72,1392,S5a
55,160,105,64,168,104,63,168,105,55,336,281,55,96,41,63,232,169,56,112,56,55,1327,S5a
79,168,89,80,168,88,56,168,112,48,328,280,55,104,49,32,232,200,47,104,57,63,1335,S5a
64,184,120,79,184,105,39,152,113,56,336,280,72,88,16,64,408,344,55,80,25,63,1495,S5a
55,168,113,79,184,105,56,168,112,71,320,249,64,96,32,48,216,168,55,96,41,63,1311,S5a
63,152,89,87,167,80,65,169,104,80,311,231,64,97,33,47,224,177,47,120,73,64,1304,S5a
80,168,88,87,184,97,56,168,112,64,304,240,71,111,40,48,201,153,56,128,72,71,1335,S5a
63,152,89,88,192,104,48,152,104,72,376,304,23,80,57,55,496,441,55,72,17,55,1575,S5a
63,168,105,79,160,81,63,184,121,63,304,241,55,72,17,63,232,169,56,128,72,41,1289,S5a
47,144,97,79,159,80,56,169,113,55,304,249,47,96,49,63,232,169,63,120,57,79,1303,S5a
63,152,89,104,208,104,47,144,97,63,311,248,72,105,33,63,208,145,79,136,57,71,1335,S5a
63,184,121,79,176,97,55,160,105,71,376,305,47,80,33,39,224,185,55,104,49,64,1368,S5a
55,280,225,79,184,105,72,216,144,71,424,353,39,536,497,63,304,241,72,336,264,63,2343,S5a
79,200,121,95,200,105,55,176,121,63,296,233,55,616,561,71,312,241,63,288,225,55,2143,S5a
63,192,129,79,184,105,63,176,113,63,312,249,55,143,88,56,633,577,87,96,9,55,1791,S5a
63,224,161,87,224,137,71,192,121,71,375,304,56,105,49,71,280,209,79,152,73,103,1655,S5a
79,208,129,87,200,113,79,199,120,72,305,233,63,80,17,71,336,265,71,160,89,87,1575,S5a
55,184,129,79,184,105,47,168,121,63,312,249,71,360,289,71,280,209,63,312,249,47,1847,S5a
63,224,161,87,184,97,63,192,129,63,288,225,63,104,41,71,824,753,71,72,1,55,1943,S5a
95,224,129,87,184,97,63,184,121,55,312,257,55,120,65,71,400,329,71,152,81,63,1639,S5a
63,448,385,47,248,201,55,200,145,55,304,249,63,136,73,79,240,161,55,128,73,79,1783,S5a
95,272,177,95,232,137,79,240,161,31,312,281,79,160,81,79,240,161,71,168,97,47,1671,S5a
63,280,217,79,184,105,71,184,113,79,312,233,71,200,129,71,248,177,63,168,105,63,1639,S5a
79,272,193,79,216,137,71,184,113,71,328,257,63,136,73,55,264,209,63,208,145,63,1671,S5a
63,256,193,79,184,105,79,184,105,79,344,265,63,112,49,71,240,169,63,136,73,111,1567,S5a
63,216,153,87,184,97,55,176,121,63,336,273,55,112,57,63,256,193,71,128,57,63,1471,S5a
63,592,529,79,199,120,64,201,137,71,344,273,63,80,17,63,248,185,63,120,57,63,1847,S5a
63,192,129,87,192,105,63,192,129,63,320,257,63,88,25,63,376,313,55,168,113,55,1583,S5a
71,216,145,87,184,97,71,168,97,79,344,265,55,104,49,55,288,233,55,144,89,55,1503,S5a
63,192,129,87,192,105,63,192,129,63,288,225,71,104,33,55,312,257,31,176,145,55,1511,S5a
71,192,121,87,192,105,63,176,113,79,376,297,39,96,57,79,280,201,63,136,73,55,1503,S5a
63,176,113,87,192,105,71,184,113,87,320,233,63,88,25,55,224,169,55,120,65,63,1367,S5a
63,192,129,79,192,113,63,176,113,71,320,249,55,88,33,63,232,169,63,128,65,71,1399,S5a
63,192,129,95,200,105,71,208,137,63,336,273,63,112,49,79,240,161,55,184,129,63,1535,S5a
63,184,121,87,176,89,63,192,129,63,328,265,63,104,41,63,256,193,55,176,121,47,1463,S5a
71,191,120,80,184,104,80,209,129,63,312,249,71,607,536,64,129,65,63,208,145,47,1887,S5a
63,184,121,79,192,113,63,192,129,63,328,265,63,88,25,71,287,216,56,153,97,95,1519,S5a
55,160,105,87,192,105,63,184,121,63,336,273,63,144,81,63,231,168,56,176,120,64,1487,S5a
55,176,121,87,192,105,79,192,113,71,304,233,47,79,32,64,209,145,63,144,81,63,1359,S5a
71,200,129,103,256,153,71,184,113,71,320,249,95,128,33,63,240,177,55,120,65,47,1495,S5a
63,208,145,87,200,113,79,200,121,63,320,257,63,104,41,55,248,193,79,144,65,47,1471,S5a
79,192,113,95,191,96,64,185,121,79,280,201,79,96,17,71,296,225,63,152,89,63,1455,S5a
80,201,121,95,208,113,79,184,105,87,344,257,55,88,33,71,247,176,56,145,89,63,1480,S5a
63,200,137,79,176,97,63,192,129,71,344,273,63,152,89,55,208,153,55,224,169,39,1535,S5a
63,191,128,88,201,113,71,192,121,71,320,249,63,103,40,56,192,136,72,161,89,55,1415,S5a
71,200,129,95,192,97,63,168,105,79,312,233,79,112,33,79,192,113,63,176,113,71,1423,S5a
71,232,161,87,200,113,63,176,113,71,328,257,63,87,24,64,225,161,71,104,33,63,1415,S5a
71,183,112,88,185,97,63,184,121,71,336,265,55,79,24,64,249,185,71,120,49,55,1391,S5a
39,1088,1049,47,664,617,63,216,153,63,384,321,63,96,33,63,215,152,64,161,97,55,2879,S5a
87,248,161,87,216,129,71,200,129,71,328,257,63,96,33,55,224,169,71,112,41,71,1495,S5a
63,231,168,80,200,120,56,201,145,47,360,313,47,120,73,39,215,176,56,161,105,55,1543,S5a
79,208,129,87,216,129,79,224,145,63,408,345,63,400,337,71,151,80,80,296,216,72,1975,S5a
72,201,129,95,191,96,72,192,120,72,304,232,80,136,56,72,192,120,64,344,280,64,1624,S5a
79,215,136,96,192,96,72,201,129,79,327,248,64,88,24,64,241,177,63,120,57,71,1455,S5a
72,185,113,71,168,97,63,176,113,55,280,225,55,88,33,63,192,129,63,232,169,79,1400,S5a
71,192,121,87,183,96,80,184,104,72,345,273,47,87,40,56,225,169,55,120,65,47,1383,S5a
55,160,105,79,167,88,56,176,120,64,272,208,72,80,8,64,192,128,48,120,72,72,1239,S5a
72,160,88,88,184,96,64,177,113,71,343,272,64,120,56,40,192,152,64,168,104,80,1424,S5a
56,184,128,88,208,120,72,184,112,64,320,256,72,105,33,87,191,104,56,201,145,87,1480,S5a
64,336,272,80,208,128,88,208,120,80,288,208,64,104,40,72,272,200,88,336,248,72,1824,S5a
48,304,256,72,192,120,80,192,112,64,592,528,48,128,80,72,328,256,72,120,48,48,1904,S5a
64,224,160,96,249,153,71,199,128,64,304,240,56,88,32,64,272,208,56,240,184,64,1640,S5a
48,216,168,80,184,104,80,184,104,80,328,248,56,88,32,72,241,169,63,239,176,64,1544,S5a
87,263,176,96,208,112,64,176,112,56,288,232,56,112,56,64,200,136,64,304,240,64,1615,S5a
64,208,144,88,184,96,56,176,120,56,296,240,64,96,32,64,193,129,55,199,144,56,1408,S5a
56,200,144,88,176,88,72,176,104,72,288,216,72,88,16,64,200,136,72,128,56,96,1352,S5a
72,200,128,96,176,80,72,184,112,72,320,248,64,112,48,40,336,296,56,152,96,72,1552,S5a
56,224,168,72,184,112,56,168,112,64,296,232,80,72,-8,56,288,232,48,128,80,72,1432,S5a
64,200,136,80,184,104,64,161,97,71,296,225,55,87,32,64,249,185,47,127,80,80,1384,S5a
72,192,120,96,184,88,72,200,128,48,273,225,55,63,8,56,273,217,55,71,16,56,1312,S5a
64,184,120,88,200,112,48,160,112,56,273,217,63,79,16,56,240,184,64,96,32,56,1288,S5a
72,208,136,88,176,88,64,168,104,72,265,193,71,63,-8,64,264,200,72,80,8,48,1272,S5a
64,208,144,96,192,96,56,184,128,64,296,232,56,88,32,72,224,152,64,120,56,72,1384,S5a
72,184,112,96,224,128,64,176,112,72,280,208,56,56,0,64,248,184,56,72,16,72,1312,S5a
64,200,136,88,192,104,64,192,128,64,320,256,40,72,32,72,352,280,40,136,96,56,1520,S5a
64,184,120,80,176,96,56,160,104,64,296,232,56,80,24,80,225,145,55,184,129,55,1360,S5a
64,168,104,72,161,89,71,167,96,72,313,241,55,71,16,72,224,152,64,152,88,56,1312,S5a
64,224,160,80,200,120,64,168,104,56,296,240,64,96,32,56,200,144,72,168,96,64,1416,S5a
64,208,144,96,184,88,64,176,112,48,392,344,56,184,128,96,192,96,72,208,136,80,1624,S5a
72,184,112,96,184,88,56,184,128,56,320,264,48,80,32,56,680,624,56,120,64,56,1808,S5a
72,184,112,88,176,88,64,176,112,64,336,272,48,96,48,48,272,224,48,136,88,56,1432,S5a
56,176,120,88,208,120,64,208,144,64,296,232,56,80,24,64,264,200,56,96,40,64,1392,S5a
64,176,112,80,184,104,56,184,128,48,344,296,48,56,8,72,288,216,48,112,64,40,1384,S5a
64,176,112,80,184,104,56,160,104,64,320,256,40,88,48,40,208,168,80,152,72,56,1344,S5a
72,216,144,72,200,128,56,184,128,64,304,240,56,104,48,64,232,168,80,136,56,64,1440,S5a
71,95,24,81,206,125,73,113,40,72,429,357,96,366,270,85,127,42,113,176,63,72,1584,S5a
96,144,48,88,215,127,82,145,63,89,375,286,73,239,166,146,288,142,106,160,54,73,1639,S5a
74,113,39,82,175,93,65,208,143,41,360,319,89,136,47,96,215,119,58,176,118,80,1463,S5a
74,185,111,89,199,110,57,200,143,49,335,286,105,113,8,96,351,255,56,216,160,73,1672,S5a
65,159,94,97,192,95,73,192,119,62,320,258,80,95,15,66,313,247,72,111,39,41,1423,S5a
73,168,95,73,175,102,58,169,111,48,279,231,72,87,15,50,265,215,57,88,31,57,1288,S5a
73,182,109,83,186,103,64,176,112,57,343,286,72,96,24,67,231,164,74,160,86,89,1463,S5a
64,159,95,81,184,103,57,183,126,50,384,334,66,104,38,73,400,327,64,86,22,58,1558,S5a
64,168,104,80,192,112,73,192,119,67,313,246,57,104,47,50,299,249,48,215,167,66,1549,S5a
57,168,111,81,175,94,58,169,111,67,306,239,68,72,4,57,281,224,49,112,63,66,1349,S5a
62,190,128,97,176,79,65,209,144,49,327,278,58,82,24,42,376,334,42,137,95,56,1553,S5a
66,185,119,82,192,110,59,185,126,65,369,304,74,104,30,66,256,190,66,128,62,66,1485,S5a
57,152,95,82,192,110,57,185,128,56,296,240,73,96,23,66,249,183,58,104,46,81,1355,S5a
75,177,102,82,185,103,56,184,128,57,376,319,97,624,527,74,113,39,73,264,191,72,1995,S5a
66,177,111,88,192,104,57,184,127,48,353,305,89,112,23,81,232,151,89,127,38,98,1475,S5a
64,160,96,98,168,70,73,192,119,48,296,248,82,105,23,56,296,240,57,135,78,64,1416,S5a
65,152,87,89,191,102,65,193,128,58,296,238,90,120,30,75,537,462,65,66,1,55,1610,S5a
66,176,110,90,184,94,64,184,120,68,336,268,82,88,6,66,216,150,65,136,71,57,1377,S5a
72,152,80,101,176,75,64,175,111,66,377,311,73,88,15,65,464,399,64,136,72,64,1632,S5a
77,160,83,81,176,95,58,176,118,65,304,239,64,72,8,65,320,255,50,145,95,56,1409,S5a
64,152,88,81,184,103,57,176,119,65,352,287,81,128,47,57,615,558,66,73,7,56,1736,S5a
57,151,94,98,185,87,65,192,127,57,352,295,65,88,23,65,616,551,72,74,2,47,1705,S5a
88,400,312,129,815,686,73,240,167,66,376,310,105,128,23,73,295,222,89,112,23,81,2447,S5a
73,152,79,89,176,87,82,191,109,58,457,399,65,112,47,48,400,352,72,73,1,31,1592,S5a
74,160,86,82,168,86,65,192,127,65,344,279,65,72,7,89,592,503,73,64,-9,80,1672,S5a
81,192,111,89,184,95,65,184,119,64,311,247,73,88,15,74,256,182,49,97,48,72,1384,S5a
74,160,86,97,184,87,65,176,111,72,295,223,90,80,-10,57,248,191,73,144,71,57,1344,S5a
89,185,96,98,200,102,65,176,111,73,329,256,47,71,24,64,233,169,64,150,86,73,1417,S5a
71,161,90,89,184,95,58,192,134,57,321,264,71,111,40,73,240,167,65,168,103,64,1441,S5a
65,160,95,90,176,86,65,183,118,66,337,271,82,167,85,73,761,688,71,86,15,66,1936,S5a
71,166,95,99,193,94,66,183,117,57,361,304,97,128,31,89,304,215,71,94,23,82,1511,S5a
65,159,94,89,208,119,73,184,111,73,376,303,121,583,462,115,251,136,126,150,24,80,1991,S5a
65,160,95,89,184,95,59,168,109,65,343,278,72,89,17,70,272,202,72,119,47,72,1407,S5a
65,152,87,81,168,87,73,175,102,66,313,247,82,96,14,81,247,166,74,113,39,81,1345,S5a
81,168,87,104,184,80,73,168,95,75,311,236,73,89,16,65,295,230,65,145,80,55,1415,S5a
47,160,113,88,184,96,57,167,110,58,312,254,65,89,24,72,239,167,73,104,31,73,1328,S5a
73,168,95,81,175,94,66,152,86,57,311,254,66,97,31,97,248,151,65,104,39,97,1352,S5a
57,160,103,74,168,94,58,168,110,58,551,493,97,144,47,82,208,126,74,144,70,41,1584,S5a
89,184,95,102,184,82,66,168,102,57,296,239,82,88,6,73,272,199,64,112,48,81,1385,S5a
55,135,80,90,168,78,66,168,102,50,288,238,65,72,7,66,224,158,65,128,63,105,1288,S5a
56,152,96,90,185,95,65,183,118,42,304,262,73,80,7,57,225,168,66,119,53,50,1298,S5a
90,200,110,90,168,78,65,176,111,66,353,287,81,135,54,58,184,126,58,144,86,65,1425,S5a
65,152,87,81,176,95,56,168,112,65,311,246,65,80,15,59,240,181,57,128,71,64,1319,S5a
65,144,79,89,175,86,66,185,119,49,583,534,81,256,175,89,488,399,56,63,7,58,1952,S5a
66,201,135,80,216,136,65,169,104,64,350,286,82,88,6,74,264,190,50,120,70,73,1481,S5a
56,143,87,90,168,78,57,160,103,74,304,230,66,73,7,64,223,159,56,151,95,74,1296,S5a
73,160,87,74,160,86,73,176,103,73,304,231,80,95,15,58,209,151,56,152,96,80,1336,S5a
57,161,104,81,168,87,65,167,102,60,304,244,63,72,9,65,280,215,65,112,47,98,1362,S5a
57,152,95,83,161,78,73,169,96,64,343,279,65,80,15,81,224,143,56,135,79,90,1354,S5a
55,142,87,73,144,71,65,168,103,57,287,230,50,65,15,65,193,128,49,102,53,114,1215,S5a
56,128,72,89,160,71,57,160,103,57,280,223,65,56,-9,81,224,143,48,80,32,89,1177,S5a
49,136,87,81,176,95,57,160,103,72,280,208,65,56,-9,73,192,119,49,96,47,81,1177,S5a
57,160,103,74,160,86,58,152,94,49,312,263,65,88,23,81,191,110,57,144,87,88,1295,S5a
57,144,87,109,168,59,64,176,112,57,280,223,57,80,23,73,224,151,72,-848,-920,1079,1303,S5a
50,136,86,90,184,94,57,168,111,57,264,207,73,80,7,73,208,135,57,120,63,98,1258,S5a
57,135,78,90,160,70,65,159,94,74,273,199,74,88,14,65,200,135,57,120,63,87,1222,S5a
63,150,87,82,170,88,63,181,118,58,329,271,65,80,15,73,208,135,64,264,200,48,1430,S5a
81,176,95,81,160,79,73,175,102,66,304,238,57,72,15,99,216,117,59,137,78,88,1328,S5a
57,144,87,74,167,93,68,184,116,50,296,246,50,56,6,65,249,184,56,119,63,65,1280,S5a
59,172,113,82,171,89,67,181,114,58,278,220,83,123,40,90,220,130,74,188,114,82,1415,S5a
81,210,129,98,202,104,74,170,96,50,267,217,66,88,22,74,202,128,49,194,145,73,1406,S5a
81,178,97,89,176,87,74,178,104,74,314,240,57,104,47,51,259,208,49,112,63,90,1411,S5a
72,175,103,82,178,96,57,177,120,61,289,228,74,88,14,73,266,193,57,128,71,89,1390,S5a
79,182,103,89,184,95,66,177,111,49,305,256,66,96,30,74,209,135,58,185,127,73,1411,S5a
64,160,96,89,168,79,66,169,103,64,296,232,74,129,55,90,224,134,49,112,63,89,1347,S5a
97,176,79,90,184,94,57,160,103,58,337,279,65,576,511,83,249,166,73,184,111,89,1955,S5a
66,169,103,80,176,96,65,168,103,65,352,287,66,119,53,75,242,167,64,167,103,65,1458,S5a
73,184,111,82,168,86,57,168,111,41,353,312,61,127,66,49,224,175,58,121,63,69,1414,S5a
64,176,112,73,160,87,65,160,95,73,344,271,65,89,24,64,231,167,79,120,41,65,1345,S5a
75,160,85,90,168,78,65,176,111,64,464,400,56,72,16,90,224,134,57,128,71,65,1457,S5a
66,209,143,79,190,111,66,185,119,73,393,320,56,119,63,66,185,119,66,135,69,41,1457,S5a
58,160,102,83,210,127,57,167,110,66,313,247,49,111,62,90,177,87,63,352,289,81,1571,S5a
58,176,118,82,176,94,82,193,111,64,368,304,60,119,59,65,584,519,73,75,2,55,1746,S5a
73,200,127,81,183,102,65,192,127,65,456,391,73,112,39,66,344,278,65,80,15,49,1616,S5a
57,216,159,66,176,110,73,200,127,69,320,251,65,104,39,64,224,160,81,264,183,73,1577,S5a
65,207,142,81,184,103,73,192,119,57,312,255,65,96,31,81,225,144,72,167,95,97,1480,S5a
90,200,110,81,183,102,65,177,112,72,312,240,66,79,13,74,481,407,89,104,15,48,1584,S5a
59,233,174,81,208,127,40,184,144,33,319,286,83,113,30,97,240,143,72,216,144,114,1627,S5a
81,208,127,80,176,96,65,176,111,65,320,255,102,111,9,82,289,207,109,168,59,106,1554,S5a
74,232,158,96,184,88,84,201,117,64,310,246,83,73,-10,98,231,133,66,137,71,72,1440,S5a
80,192,112,82,160,78,64,176,112,69,320,251,50,89,39,64,351,287,65,97,32,56,1441,S5a
65,176,111,89,176,87,57,152,95,66,337,271,48,96,48,80,216,136,72,167,95,80,1400,S5a
73,184,111,73,168,95,65,168,103,57,280,223,74,104,30,74,217,143,48,130,82,69,1320,S5a
72,175,103,90,193,103,49,152,103,74,304,230,66,80,14,82,232,150,66,128,62,98,1362,S5a
73,184,111,98,184,86,65,152,87,73,296,223,74,88,14,90,200,110,67,160,93,65,1329,S5a
66,160,94,97,184,87,74,176,102,57,304,247,82,120,38,76,224,148,65,160,95,57,1385,S5a
65,184,119,105,184,79,65,168,103,58,312,254,73,80,7,65,200,135,74,136,62,65,1329,S5a
74,168,94,81,168,87,74,185,111,72,295,223,82,96,14,73,216,143,65,136,71,65,1329,S5a
64,167,103,97,185,88,58,167,109,65,328,263,82,120,38,73,224,151,49,136,87,64,1391,S5a
71,168,97,96,176,80,64,167,103,58,273,215,64,79,15,65,320,255,74,88,14,73,1344,S5a
73,160,87,81,160,79,74,168,94,71,304,233,65,88,23,89,184,95,64,135,71,74,1273,S5a
80,190,110,89,186,97,66,158,92,66,281,215,49,89,40,73,407,334,41,128,87,58,1497,S5a
57,160,103,74,168,94,58,136,78,65,328,263,66,104,38,66,200,134,-934,144,1078,81,1321,S5a
64,168,104,81,152,71,57,151,94,66,313,247,48,72,24,80,304,224,49,96,47,64,1320,S5a
140,268,128,112,224,112,136,264,128,88,496,408,120,664,544,137,360,223,136,480,344,128,2884,S4a
144,304,160,96,224,128,104,256,152,80,400,320,112,369,257,127,367,240,136,408,272,112,2440,S4a
135,295,160,104,272,168,120,296,176,88,408,320,136,432,296,104,720,616,112,288,176,112,2823,S4a
112,248,136,104,224,120,104,255,151,81,593,512,120,328,208,136,736,600,128,296,168,120,2800,S4a
128,328,200,112,232,120,112,272,160,112,457,345,135,319,184,129,383,254,145,305,160,151,2447,S4a
104,392,288,112,560,448,128,288,160,95,472,377,128,351,223,105,289,184,136,360,224,144,2856,S4a
133,309,176,153,249,96,152,320,168,112,440,328,120,352,232,152,352,200,128,376,248,128,2526,S4a
144,320,176,120,272,152,112,312,200,104,425,321,119,319,200,128,384,256,136,344,208,128,2504,S4a
128,376,248,152,344,192,128,328,200,88,400,312,136,648,512,128,840,712,128,328,200,128,3392,S4a
144,320,176,128,223,95,105,265,160,88,392,304,128,312,184,160,336,176,152,280,128,128,2256,S4a
120,336,216,152,360,208,128,328,200,96,376,280,144,368,224,152,352,200,144,360,216,136,2616,S4a
136,320,184,136,264,128,128,304,176,112,424,312,136,544,408,112,704,592,128,392,264,112,3064,S4a
152,272,120,128,280,152,128,256,128,96,360,264,152,368,216,144,392,248,136,312,176,112,2352,S4a
128,304,176,144,240,96,128,272,144,88,416,328,112,416,304,120,328,208,128,280,152,136,2392,S4a
129,281,152,144,312,168,128,312,184,120,560,440,120,368,248,120,296,176,112,336,224,144,2609,S4a
135,695,560,144,1048,904,144,328,184,128,1050,922,150,382,232,136,328,192,128,312,184,152,4295,S4a
144,312,168,144,272,128,136,320,184,112,408,296,136,472,336,136,384,248,120,312,192,128,2608,S4a
128,296,168,144,288,144,144,344,200,104,368,264,136,336,200,136,360,224,119,312,193,152,2456,S4a
112,383,271,153,785,632,128,336,208,128,432,304,144,264,120,120,280,160,112,288,176,112,2880,S4a
136,384,248,144,296,152,128,304,176,112,368,256,144,352,208,128,376,248,128,312,184,144,2536,S4a
128,328,200,144,272,128,152,376,224,128,1040,912,128,1240,1112,143,368,225,104,232,128,120,3976,S4a
128,296,168,128,264,136,160,296,136,88,425,337,135,311,176,120,328,208,128,280,152,112,2312,S4a
112,320,208,152,256,104,152,328,176,128,416,288,152,376,224,144,336,192,144,296,152,152,2480,S4a
127,416,289,136,328,192,128,328,200,120,464,344,128,408,280,136,352,216,128,352,224,120,2768,S4a
145,345,200,152,368,216,160,368,208,144,488,344,152,336,184,136,336,200,144,320,176,128,2689,S4a
113,408,295,128,304,176,136,344,208,127,440,313,152,336,184,152,392,240,144,344,200,128,2696,S4a
128,336,208,136,336,200,152,304,152,128,424,296,152,288,136,177,472,295,144,328,184,104,2592,S4a
151,383,232,120,264,144,136,288,152,112,440,328,152,400,248,152,336,184,144,296,152,144,2551,S4a
136,552,416,104,296,192,152,272,120,104,352,248,136,360,224,144,344,200,128,328,200,104,2608,S4a
152,336,184,128,264,136,152,328,176,128,472,344,144,320,176,152,352,200,128,312,184,128,2512,S4a
136,336,200,152,272,120,160,344,184,112,408,296,136,336,200,128,336,208,144,296,152,136,2464,S4a
152,336,184,152,328,176,128,399,271,105,993,888,136,368,232,160,336,176,128,328,200,152,3240,S4a
136,328,192,136,312,176,136,344,208,112,432,320,152,320,168,168,392,224,152,409,257,143,2680,S4a
152,352,200,152,272,120,136,320,184,152,384,232,160,352,192,136,400,264,176,376,200,144,2600,S4a
136,312,176,144,488,344,151,360,209,152,496,344,128,305,177,143,439,296,144,1601,1457,135,4136,S4a
136,296,160,136,288,152,152,376,224,144,824,680,144,609,465,135,823,688,120,360,240,168,3744,S4a
136,336,200,128,247,119,153,297,144,128,488,360,176,368,192,144,408,264,152,328,176,151,2623,S4a
104,328,224,144,328,184,128,328,200,120,520,400,152,352,200,136,328,192,136,344,208,152,2680,S4a
127,327,200,128,304,176,152,319,167,121,529,408,161,360,199,160,351,191,153,321,168,152,2663,S4a
154,401,247,136,432,296,152,656,504,128,1352,1224,152,440,288,152,400,248,136,320,184,152,4153,S4a
152,352,200,128,280,152,144,296,152,104,448,344,136,288,152,160,312,152,136,360,224,120,2456,S4a
128,328,200,152,304,152,144,328,184,128,472,344,144,368,224,120,497,377,127,311,184,144,2752,S4a
120,320,200,128,336,208,128,313,185,119,455,336,168,312,144,176,384,208,160,360,200,112,2592,S4a
144,376,232,144,296,152,152,304,152,104,448,344,152,320,168,152,360,208,144,328,184,152,2584,S4a
136,368,232,144,632,488,136,352,216,128,472,344,160,360,200,160,336,176,104,280,176,152,2952,S4a
144,344,200,120,296,176,136,296,160,104,600,496,152,376,224,136,344,208,152,320,168,152,2728,S4a
128,400,272,144,1152,1008,200,472,272,160,1080,920,177,368,191,128,328,200,136,368,232,144,4312,S4a
128,328,200,128,272,144,168,312,144,112,432,320,168,320,152,160,368,208,144,344,200,152,2528,S4a
128,360,232,136,352,216,152,344,192,128,472,344,152,360,208,144,384,240,128,664,536,120,3056,S4a
137,337,200,136,264,128,168,304,136,136,544,408,160,568,408,136,384,248,144,440,296,152,2993,S4a
151,351,200,160,231,71,169,305,136,128,472,344,160,328,168,168,392,224,112,312,200,152,2543,S4a
144,376,232,152,304,152,168,304,136,136,393,257,167,279,112,168,368,200,160,336,176,168,2528,S4a
152,304,152,160,288,128,152,304,152,136,504,368,160,352,192,184,392,208,200,400,200,152,2696,S4a
152,352,200,145,320,175,136,288,152,120,464,344,136,288,152,136,296,160,128,408,280,112,2528,S4a
144,272,128,152,328,176,152,304,152,136,368,232,152,264,112,161,376,215,144,512,368,152,2576,S4a
152,424,272,136,400,264,152,304,152,128,544,416,144,344,200,152,360,208,152,408,256,120,2904,S4a
152,336,184,128,256,128,144,296,152,128,544,416,160,360,200,152,352,200,144,344,200,120,2608,S4a
128,321,193,127,286,159,153,329,176,120,440,320,152,352,200,144,336,192,144,296,152,160,2520,S4a
152,264,112,160,304,144,176,328,152,160,600,440,152,312,160,168,352,184,144,352,208,152,2664,S4a
152,312,160,144,320,176,152,304,152,136,440,304,151,352,201,136,360,224,128,304,176,160,2552,S4a
136,360,224,136,576,440,136,280,144,128,448,320,160,272,112,145,336,191,128,304,176,136,2712,S4a
152,328,176,136,296,160,160,312,152,120,544,424,152,472,320,176,376,200,152,320,168,128,2776,S4a
127,247,120,136,280,144,176,256,80,136,456,320,153,328,175,144,328,184,128,288,160,128,2311,S4a
152,352,200,136,336,200,144,416,272,136,800,664,168,464,296,144,392,248,136,440,304,144,3344,S4a
88,432,344,152,432,280,160,320,160,128,792,664,144,336,192,128,400,272,127,368,241,136,3216,S4a
152,328,176,144,288,144,144,280,136,112,769,657,151,527,376,112,288,176,152,288,136,144,2912,S4a
152,328,176,152,304,152,144,320,176,112,416,304,152,360,208,128,329,201,127,303,176,136,2496,S4a
159,359,200,128,264,136,152,288,136,120,400,280,168,304,136,168,368,200,136,264,128,152,2399,S4a
152,328,176,128,264,136,152,288,136,136,416,280,176,368,192,144,296,152,144,520,376,152,2632,S4a
160,344,184,144,272,128,160,320,160,120,417,297,151,448,297,127,311,184,152,392,240,152,2656,S4a
176,336,160,151,280,129,168,296,128,120,536,416,160,303,143,154,353,199,104,304,200,144,2552,S4a
136,344,208,128,848,720,128,296,168,112,768,656,136,313,177,143,1183,1040,120,320,200,112,4184,S4a
160,360,200,120,296,176,144,336,192,104,424,320,152,288,136,144,592,448,136,408,272,152,2856,S4a
136,480,344,136,248,112,169,296,127,128,544,416,152,352,200,137,448,311,152,344,192,104,2816,S4a
152,336,184,136,320,184,160,296,136,112,425,313,151,391,240,112,320,208,152,312,160,120,2520,S4a
160,344,184,144,296,152,152,329,177,119,455,336,176,408,232,152,375,223,137,289,152,128,2624,S4a
128,344,216,144,320,176,152,312,160,120,425,305,159,527,368,120,464,344,120,376,256,128,2896,S4a
152,320,168,128,320,192,136,288,152,128,648,520,152,400,248,104,272,168,152,640,488,104,2992,S4a
120,536,416,128,304,176,160,320,160,128,392,264,160,368,208,112,256,144,152,296,144,136,2608,S4a
144,320,176,128,304,176,136,280,144,136,360,224,176,304,128,128,328,200,96,353,257,119,2368,S4a
128,305,177,127,319,192,152,296,144,89,360,271,168,314,146,126,374,248,152,352,200,105,2425,S4a
136,296,160,128,280,152,176,288,112,112,344,232,160,312,152,114,800,686,136,248,112,112,2680,S4a
144,336,192,136,288,152,160,280,120,128,376,248,168,344,176,120,304,184,144,320,176,120,2368,S4a
135,304,169,136,240,104,176,296,120,119,368,249,152,376,224,128,360,232,152,352,200,144,2440,S4a
104,232,128,128,280,152,160,288,128,112,384,272,152,376,224,128,344,216,136,321,185,119,2344,S4a
152,345,193,135,295,160,176,337,161,143,479,336,152,400,248,128,352,224,152,312,160,128,2648,S4a
136,336,200,136,264,128,152,304,152,112,368,256,152,368,216,112,312,200,128,328,200,104,2384,S4a
136,336,200,128,288,160,152,288,136,104,384,280,152,296,144,120,320,200,136,296,160,144,2352,S4a
152,312,160,152,332,180,172,292,120,128,385,257,176,320,144,143,407,264,136,336,200,136,2520,S4a
152,312,160,144,304,160,136,312,176,112,408,296,160,336,176,137,368,231,136,368,232,136,2544,S4a
152,360,208,152,376,224,152,448,296,144,968,824,176,304,128,136,392,256,136,800,664,144,3792,S4a
128,424,296,120,320,200,152,312,160,128,409,281,175,367,192,112,416,304,152,319,167,137,2704,S4a
152,353,201,175,319,144,160,320,160,120,424,304,160,584,424,112,360,248,152,568,416,128,3056,S4a
96,304,208,144,288,144,152,280,128,120,328,208,160,336,176,120,360,240,120,305,185,135,2336,S4a
152,280,128,152,304,152,121,288,167,113,480,367,144,376,232,136,360,224,128,336,208,136,2560,S4a
160,656,496,136,360,224,120,280,160,120,472,352,160,399,239,113,529,416,128,424,296,104,3224,S4a
110,190,80,144,287,143,96,177,81,88,360,272,136,280,144,128,233,105,127,247,120,80,1854,S4a
120,272,152,120,232,112,136,249,113,103,391,288,128,320,192,112,385,273,128,351,223,112,2312,S4a
128,249,121,143,200,57,119,224,105,103,360,257,159,488,329,103,280,177,127,311,184,120,2232,S4a
111,239,128,128,280,152,120,256,136,112,393,281,135,383,248,104,297,193,127,2128,2001,135,4111,S4a
135,216,81,143,223,80,136,240,104,88,409,321,143,383,240,112,344,232,128,624,496,112,2551,S4a
120,272,152,144,176,32,152,256,104,88,416,328,128,304,176,120,392,272,129,640,511,112,2568,S4a
119,192,73,111,191,80,140,241,101,88,375,287,160,432,272,120,225,105,119,376,257,127,2159,S4a
112,344,232,160,281,121,111,239,128,96,496,400,152,352,200,128,257,129,119,447,328,136,2552,S4a
128,265,137,127,240,113,127,263,136,136,585,449,207,407,200,152,304,152,152,281,129,119,2464,S4a
111,280,169,159,223,64,152,281,129,151,496,345,127,431,304,104,257,153,111,720,609,95,2783,S4a
135,280,145,119,327,208,104,240,136,120,408,288,136,385,249,104,263,159,104,441,337,111,2455,S4a
112,288,176,128,233,105,143,248,105,111,455,344,128,409,281,127,240,113,103,488,385,119,2480,S4a
136,240,104,112,264,152,104,273,169,87,399,312,128,353,225,103,328,225,95,423,328,128,2408,S4a
128,306,178,135,231,96,144,281,137,111,431,320,120,352,232,136,264,128,136,329,193,120,2314,S4a
129,217,88,129,264,135,112,240,128,104,424,320,136,408,272,128,384,256,128,465,337,127,2529,S4a
119,223,104,88,224,136,112,240,128,88,377,289,128,407,279,128,345,217,136,431,295,144,2391,S4a
135,208,73,111,296,185,87,216,129,111,399,288,137,336,199,129,385,256,128,336,208,151,2327,S4a
151,1096,945,143,904,761,111,208,97,87,359,272,128,337,209,127,240,113,127,255,128,112,3511,S4a
135,247,112,112,225,113,128,343,215,120,576,456,136,432,296,120,224,104,120,401,281,135,2583,S4a
128,249,121,111,280,169,111,304,193,103,583,480,136,465,329,127,248,121,120,271,151,120,2520,S4a
127,304,177,127,295,168,136,297,161,103,375,272,152,568,416,120,264,144,128,345,217,135,2583,S4a
87,192,105,128,207,79,112,224,112,105,376,271,136,473,337,118,246,128,136,442,306,151,2311,S4a
127,215,88,120,256,136,128,239,111,89,441,352,128,345,217,95,271,176,127,353,226,127,2247,S4a
111,191,80,104,216,112,120,248,128,112,432,320,128,400,272,120,249,129,103,264,161,127,2127,S4a
152,289,137,103,248,145,111,240,129,95,440,345,135,367,232,129,337,208,103,304,201,135,2360,S4a
127,240,113,111,231,120,128,296,168,96,385,289,127,399,272,129,313,184,119,416,297,111,2391,S4a
112,265,153,95,240,145,127,272,145,103,344,241,159,384,225,136,239,103,112,433,321,135,2312,S4a
124,260,136,120,209,89,111,263,152,104,455,351,169,482,313,119,279,160,136,625,489,103,2676,S4a
120,321,201,111,248,137,119,272,153,112,384,272,143,392,249,103,328,225,120,2215,2095,112,4272,S4a
112,224,112,103,240,137,119,272,153,103,568,465,151,304,153,128,383,255,121,321,200,111,2423,S4a
143,872,729,104,280,176,120,272,152,111,360,249,159,400,241,144,296,152,159,680,521,135,3295,S4a
127,296,169,128,288,160,127,264,137,120,440,320,144,384,240,144,336,192,127,535,408,136,2679,S4a
119,191,72,104,201,97,111,264,153,103,336,233,128,423,295,121,313,192,120,592,472,111,2431,S4a
111,192,81,112,240,128,103,208,105,111,360,249,135,415,280,136,249,113,119,448,329,111,2223,S4a
128,217,89,111,215,104,120,249,129,135,576,441,152,328,176,128,288,160,128,287,159,128,2288,S4a
136,272,136,103,232,129,127,256,129,111,335,224,176,465,289,136,240,104,120,320,200,127,2247,S4a
103,272,169,119,256,137,151,264,113,136,456,320,152,511,359,121,241,120,128,792,664,127,2919,S4a
127,256,129,119,247,128,113,249,136,128,447,319,160,337,177,128,256,128,127,312,185,127,2231,S4a
135,255,120,112,296,184,128,257,129,136,471,335,161,401,240,128,296,168,95,511,416,152,2639,S4a
111,192,81,104,215,111,136,233,97,104,1984,1880,152,472,320,128,280,152,111,328,217,127,3831,S4a
126,279,153,120,257,137,127,264,137,127,520,393,175,424,249,120,248,128,120,344,224,111,2447,S4a
128,232,104,119,232,113,119,208,89,95,424,329,151,816,665,128,202,74,116,397,281,129,2640,S4a
145,329,184,128,288,160,103,255,152,96,392,296,152,369,217,119,272,153,128,383,255,129,2417,S4a
119,344,225,127,255,128,128,233,105,104,423,319,121,377,256,119,296,177,128,456,328,112,2496,S4a
152,304,152,119,280,161,136,272,136,111,760,649,127,360,233,112,296,184,112,264,152,127,2663,S4a
119,232,113,136,288,152,119,224,105,119,360,241,152,424,272,112,360,248,119,304,185,128,2320,S4a
111,224,113,104,248,144,103,272,169,127,2024,1897,135,447,312,129,233,104,128,248,120,127,3823,S4a
127,272,145,95,256,161,111,264,153,111,368,257,151,312,161,128,304,176,128,360,232,104,2240,S4a
119,280,161,120,248,128,127,240,113,103,384,281,168,712,544,95,376,281,128,960,832,128,3328,S4a
128,256,128,111,264,153,120,232,112,112,375,263,161,337,176,119,288,169,127,288,161,144,2184,S4a
152,352,200,135,336,201,136,264,128,112,384,272,152,448,296,104,304,200,136,344,208,112,2544,S4a
128,288,160,128,264,136,128,272,144,128,448,320,128,456,328,128,224,96,128,416,288,127,2495,S4a
128,201,73,111,216,105,127,248,121,120,424,304,152,400,248,120,1696,1576,112,584,472,119,3888,S4a
128,240,112,119,232,113,128,248,120,127,439,312,153,425,272,128,264,136,120,416,296,111,2375,S4a
120,264,144,112,248,136,128,256,128,120,448,328,128,384,256,135,1679,1544,113,384,271,104,3767,S4a
105,217,112,112,312,200,96,256,160,104,400,296,127,448,321,104,1608,1504,120,864,744,88,4193,S4a
119,224,105,127,224,97,160,264,104,104,544,440,143,672,529,96,312,216,127,1063,936,112,3415,S4a
111,207,96,112,297,185,151,328,177,135,752,617,152,399,247,121,241,120,128,352,224,96,2672,S4a
128,208,80,127,256,129,136,248,112,88,320,232,144,447,303,120,1696,1576,129,416,287,137,3728,S4a
111,256,145,112,479,367,113,225,112,120,344,224,144,504,360,119,904,785,95,440,345,104,3256,S4a
128,216,88,127,248,121,120,304,184,103,384,281,134,376,242,136,1352,1216,152,415,263,144,3439,S4a
120,248,128,128,312,184,111,263,152,121,448,327,144,441,297,120,1032,912,128,432,304,128,3304,S4a
128,256,128,120,256,136,119,272,153,120,448,328,151,1608,1457,127,352,225,104,432,328,112,3736,S4a
112,240,128,128,288,160,127,256,129,143,616,473,152,360,208,152,1744,1592,112,408,296,136,4048,S4a
111,240,129,120,232,112,128,304,176,128,640,512,143,704,561,128,376,248,128,416,288,128,3040,S4a
120,233,113,111,224,113,103,264,161,128,1544,1416,136,360,224,120,1072,952,104,407,303,113,4217,S4a
128,272,144,112,240,128,119,232,113,127,400,273,160,504,344,103,328,225,136,504,368,136,2616,S4a
128,256,128,119,256,137,135,272,137,128,568,440,160,504,344,128,296,168,176,480,304,136,2768,S4a
128,264,136,112,224,112,152,400,248,72,1184,1112,136,352,216,136,320,184,95,272,177,88,3104,S4a
120,264,144,104,288,184,419,609,190,96,449,353,136,368,232,151,335,184,128,280,152,112,2705,S4a
153,289,136,136,304,168,120,288,168,120,608,488,128,672,544,152,896,744,120,1583,1463,129,4769,S4a
128,184,56,120,232,112,160,296,136,120,464,344,143,496,353,128,288,160,160,592,432,88,2640,S4a
128,240,112,144,287,143,129,257,128,120,616,496,136,439,303,137,297,160,152,488,336,104,2728,S4a
128,232,104,136,248,112,152,232,80,136,568,432,160,456,296,112,256,144,128,792,664,128,2912,S4a
104,240,136,160,1416,1256,144,328,184,152,520,368,152,423,271,129,353,224,167,560,393,128,3968,S4a
128,304,176,136,328,192,144,264,120,152,1192,1040,176,504,328,128,360,232,128,296,168,112,3360,S4a
136,232,96,136,264,128,136,360,224,120,464,344,160,528,368,136,432,296,168,712,544,104,3096,S4a
120,280,160,136,248,112,112,232,120,128,416,288,176,472,296,128,1584,1456,136,512,376,120,3864,S4a
112,240,128,120,296,176,128,336,208,136,448,312,160,312,152,128,376,248,128,456,328,104,2568,S4a
136,240,104,152,248,96,152,256,104,120,447,327,161,561,400,128,1144,1016,128,304,176,111,3311,S4a
128,335,207,153,281,128,136,248,112,112,408,296,144,312,168,112,1232,1120,128,264,136,128,3208,S4a
128,304,176,112,264,152,136,280,144,112,456,344,160,520,360,120,272,152,152,416,264,112,2624,S4a
112,256,144,128,312,184,112,248,136,104,448,344,152,376,224,136,992,856,136,352,216,128,3112,S4a
136,240,104,112,248,136,160,264,104,104,480,376,176,344,168,128,616,488,128,488,360,112,2792,S4a
136,264,128,128,224,96,152,240,88,88,384,296,160,624,464,112,576,464,128,352,224,112,2776,S4a
128,256,128,104,256,152,152,296,144,120,392,272,200,488,288,112,712,600,136,728,592,120,3248,S4a
112,312,200,112,216,104,176,296,120,112,520,408,176,728,552,112,224,112,136,296,160,96,2688,S4a
128,288,160,136,272,136,152,264,112,128,504,376,136,464,328,104,256,152,136,464,328,80,2592,S4a
112,240,128,112,312,200,112,256,144,112,1064,952,136,296,160,128,264,136,128,312,184,128,2872,S4a
120,272,152,136,240,104,144,296,152,128,408,280,128,328,200,112,873,761,151,304,153,127,2848,S4a
136,248,112,120,240,120,152,296,144,112,488,376,152,448,296,120,1128,1008,128,384,256,144,3376,S4a
104,288,184,137,248,111,168,272,104,136,479,343,161,345,184,128,352,224,128,352,224,112,2448,S4a
120,240,120,128,336,208,160,278,118,138,434,296,184,368,184,128,616,488,144,288,144,144,2704,S4a
152,264,112,152,280,128,168,296,128,136,440,304,184,504,320,144,392,248,160,336,176,104,2616,S4a
136,272,136,128,288,160,160,272,112,144,616,472,184,433,249,119,287,168,152,352,200,152,2672,S4a
144,320,176,120,304,184,159,296,137,151,1024,873,152,360,208,128,688,560,136,296,160,112,3400,S4a
119,165,46,105,192,87,106,176,70,98,352,254,122,288,166,113,208,95,129,392,263,122,1895,S4a
90,203,113,94,197,103,121,200,79,89,416,327,161,391,230,122,274,152,142,248,106,103,2032,S4a
73,208,135,89,185,96,105,215,110,91,376,285,114,401,287,137,400,263,95,256,161,129,2170,S4a
103,271,168,104,216,112,106,224,118,81,335,254,131,361,230,71,304,233,129,304,175,114,2129,S4a
81,200,119,89,216,127,121,264,143,106,369,263,152,327,175,105,328,223,136,328,192,113,2145,S4a
113,240,127,124,208,84,138,208,70,105,464,359,122,424,302,105,304,199,130,264,134,73,2185,S4a
114,208,94,106,199,93,217,217,0,106,424,318,145,368,223,129,368,239,129,256,127,121,2161,S4a
97,320,223,121,296,175,137,320,183,130,1608,1478,154,569,415,96,272,176,129,328,199,98,3811,S4a
89,256,167,97,224,127,145,271,126,130,409,279,161,343,182,146,329,183,168,280,112,146,2258,S4a
114,223,109,138,280,142,130,249,119,80,376,296,179,328,149,130,345,215,152,375,223,122,2298,S4a
113,231,118,113,241,128,121,256,135,121,464,343,154,336,182,136,360,224,145,360,215,145,2393,S4a
98,512,414,113,248,135,140,288,148,130,386,256,152,343,191,113,311,198,155,329,174,129,2546,S4a
122,248,126,121,256,135,129,264,135,114,361,247,176,375,199,128,280,152,154,353,199,113,2250,S4a
80,296,216,128,224,96,136,296,160,97,640,543,145,495,350,106,369,263,146,296,150,113,2729,S4a
122,274,152,137,296,159,144,304,160,128,383,255,154,353,199,120,320,200,154,784,630,129,2843,S4a
106,216,110,145,448,303,138,304,166,105,424,319,154,369,215,153,423,270,137,441,304,120,2745,S4a
114,257,143,130,264,134,137,279,142,146,496,350,131,297,166,129,336,207,137,472,335,114,2515,S4a
121,272,151,137,271,134,122,289,167,96,400,304,144,310,166,122,313,191,129,279,150,139,2273,S4a
114,258,144,130,240,110,145,288,143,122,592,470,130,338,208,143,325,182,161,304,143,114,2459,S4a
122,248,126,122,279,157,146,330,184,120,392,272,129,336,207,113,288,175,152,288,136,128,2289,S4a
122,200,78,129,233,104,128,255,127,108,423,315,147,337,190,138,304,166,129,328,199,121,2201,S4a
105,217,112,113,256,143,121,232,111,113,400,287,130,288,158,106,264,158,113,312,199,104,2073,S4a
130,192,62,121,231,110,131,249,118,122,400,278,146,488,342,113,232,119,145,409,264,121,2322,S4a
111,431,320,138,607,469,147,299,152,105,447,342,145,336,191,104,360,256,121,216,95,129,2825,S4a
138,264,126,122,208,86,137,264,127,81,376,295,129,384,255,114,337,223,113,295,182,90,2218,S4a
106,233,127,89,256,167,113,248,135,98,392,294,129,400,271,129,264,135,129,264,135,130,2187,S4a
106,258,152,104,247,143,89,272,183,81,505,424,127,399,272,73,288,215,114,304,190,82,2355,S4a
113,240,127,89,217,128,113,264,151,97,464,367,136,408,272,105,296,191,112,304,192,97,2290,S4a
113,224,111,113,248,135,121,256,135,97,400,303,154,432,278,130,264,134,129,393,264,128,2345,S4a
120,208,88,130,223,93,138,233,95,112,376,264,137,448,311,106,248,142,129,256,127,137,2129,S4a
130,209,79,112,263,151,129,295,166,98,425,327,146,328,182,121,281,160,120,296,176,121,2218,S4a
91,203,112,98,248,150,120,264,144,97,384,287,128,336,208,113,223,110,122,265,143,113,2036,S4a
137,240,103,121,224,103,129,257,128,104,430,326,163,505,342,121,256,135,137,304,167,106,2322,S4a
105,216,111,129,216,87,130,248,118,105,353,248,145,399,254,113,328,215,121,385,264,184,2329,S4a
1105,1224,119,121,280,159,129,296,167,121,512,391,129,303,174,90,233,143,120,360,240,97,3305,S4a
90,201,111,112,232,120,129,240,111,106,368,262,161,424,263,130,384,254,145,232,87,137,2218,S4a
120,256,136,120,231,111,170,288,118,122,385,263,129,386,257,110,294,184,121,264,143,121,2225,S4a
117,264,147,130,232,102,128,280,152,129,432,303,145,432,287,113,512,399,130,304,174,129,2585,S4a
153,232,79,121,271,150,129,289,160,98,464,366,130,376,246,128,255,127,130,402,272,145,2434,S4a
113,208,95,114,215,101,126,265,139,120,487,367,162,400,238,122,337,215,128,241,113,112,2265,S4a
102,236,134,122,304,182,130,272,142,99,368,269,146,409,263,145,400,255,129,375,246,138,2502,S4a
91,247,156,98,225,127,113,240,127,97,352,255,136,384,248,153,328,175,130,336,206,145,2257,S4a
90,184,94,97,200,103,123,232,109,105,384,279,137,455,318,106,241,135,121,312,191,107,2115,S4a
1106,1280,174,104,209,105,112,231,119,106,376,270,138,400,262,137,257,120,129,239,110,130,3122,S4a
105,272,167,97,496,399,137,264,127,105,360,255,170,368,198,114,216,102,137,336,199,97,2409,S4a
105,192,87,121,248,127,121,224,103,121,344,223,152,352,200,145,328,183,137,352,215,121,2161,S4a
130,241,111,121,255,134,138,273,135,129,520,391,170,456,286,113,704,591,137,288,151,106,2843,S4a
130,184,54,97,232,135,105,256,151,113,544,431,129,808,679,130,308,178,134,269,135,96,2697,S4a
121,216,95,113,215,102,129,231,102,131,384,253,171,418,247,129,288,159,160,288,128,129,2169,S4a
138,233,95,129,232,103,113,240,127,106,423,317,147,417,270,114,265,151,129,343,214,96,2249,S4a
114,233,119,128,255,127,114,217,103,120,496,376,146,367,221,155,345,190,129,256,127,153,2322,S4a
105,616,511,130,248,118,137,288,151,97,359,262,170,345,175,129,287,158,129,249,120,146,2538,S4a
121,215,94,130,224,94,130,240,110,105,392,287,145,328,183,129,312,183,138,296,158,130,2137,S4a
106,185,79,97,272,175,137,255,118,107,361,254,162,320,158,98,400,302,130,328,198,114,2235,S4a
114,233,119,129,240,111,145,248,103,114,392,278,154,368,214,122,945,823,129,320,191,104,2850,S4a
121,192,71,137,1384,1247,137,320,183,129,1008,879,114,1456,1342,113,184,71,113,344,231,122,5010,S4a
97,160,63,112,1408,1296,137,287,150,97,425,328,137,383,246,98,225,127,129,464,335,142,3494,S4a
114,208,94,128,288,160,129,272,143,112,456,344,130,344,214,172,304,132,105,424,319,129,2425,S4a
113,224,111,97,351,254,114,266,152,112,407,295,161,520,359,161,2264,2103,153,337,184,-871,3498,S4a
128,231,103,121,208,87,130,289,159,88,383,295,129,416,287,98,1113,1015,120,520,400,102,3262,S4a
111,152,41,121,400,279,96,368,272,106,424,318,146,448,302,129,1023,894,122,448,326,114,3377,S4a
114,201,87,113,216,103,129,232,103,89,336,247,136,360,224,128,1071,943,99,441,342,104,2961,S4a
104,191,87,146,193,47,122,224,102,121,351,230,129,674,545,103,222,119,130,289,159,121,2265,S4a
90,184,94,113,192,79,113,224,111,89,448,359,145,360,215,122,616,494,129,391,262,115,2530,S4a
105,200,95,113,976,863,137,296,159,113,440,327,145,695,550,97,192,95,106,360,254,129,3288,S4a
98,184,86,105,183,78,139,240,101,106,369,263,152,560,408,146,632,486,137,345,208,126,2639,S4a
113,232,119,126,215,89,130,248,118,89,399,310,131,577,446,114,208,94,121,306,185,128,2313,S4a
129,199,70,129,241,112,129,223,94,98,345,247,144,448,304,113,2472,2359,121,336,215,105,4369,S4a
89,151,62,98,184,86,106,217,111,113,360,247,145,439,294,99,489,390,128,344,216,137,2321,S4a
113,176,63,97,224,127,97,200,103,98,408,310,169,1560,1391,97,255,158,115,1377,1262,98,4298,S4a
89,152,63,109,199,90,98,216,118,90,361,271,137,376,239,114,280,166,106,256,150,89,1929,S4a
90,536,446,113,215,102,125,217,92,97,352,255,137,416,279,137,256,119,154,360,206,106,2458,S4a
105,184,79,97,176,79,113,200,87,106,584,478,129,688,559,106,264,158,113,568,455,129,2793,S4a
97,167,70,97,459,362,102,230,128,97,352,255,153,512,359,153,294,141,129,338,209,113,2465,S4a
130,217,87,104,183,79,113,200,87,112,720,608,137,815,678,122,1889,1767,122,352,230,105,4481,S4a
104,2392,2288,128,991,863,154,241,87,96,423,327,138,400,262,146,304,158,146,392,246,145,5288,S4a
104,199,95,104,224,120,113,207,94,90,337,247,153,432,279,114,240,126,137,464,327,95,2198,S4a
97,192,95,106,193,87,96,224,128,97,560,463,145,592,447,105,280,175,145,343,198,131,2515,S4a
98,208,110,105,200,95,122,224,102,98,432,334,145,832,687,136,223,87,98,433,335,112,2664,S4a
128,240,112,121,248,127,145,280,135,130,960,830,153,280,127,162,448,286,122,279,157,114,2849,S4a
98,225,127,105,231,126,121,233,112,104,392,288,145,320,175,136,1248,1112,137,480,343,105,3234,S4a
130,344,214,169,1072,903,145,264,119,129,520,391,128,304,176,129,296,167,121,359,238,121,3280,S4a
130,249,119,120,248,128,145,246,101,131,466,335,170,415,245,121,546,425,128,271,143,106,2547,S4a
99,167,68,106,210,104,129,240,111,117,432,315,145,312,167,137,456,319,113,888,775,113,2818,S4a
113,199,86,130,209,79,114,224,110,113,455,342,163,448,285,130,505,375,169,680,511,89,2809,S4a
105,160,55,112,200,88,138,208,70,98,328,230,168,335,167,154,350,196,173,482,309,139,2202,S4a
141,183,42,129,209,80,137,215,78,130,489,359,160,360,200,153,200,47,161,256,95,138,2050,S4a
105,184,79,121,200,79,130,232,102,113,432,319,144,272,128,130,264,134,130,274,144,120,1978,S4a
137,232,95,105,185,80,120,208,88,138,376,238,144,303,159,146,825,679,136,280,144,120,2529,S4a
130,193,63,121,208,87,137,231,94,121,961,840,169,377,208,136,310,174,114,329,215,113,2722,S4a
113,256,143,105,192,87,112,215,103,98,393,295,137,424,287,97,288,191,104,448,344,73,2289,S4a
105,176,71,104,174,70,139,210,71,121,536,415,144,304,160,135,368,233,144,302,158,155,2225,S4a
115,218,103,114,184,70,129,216,87,113,392,279,138,408,270,162,488,326,170,360,190,153,2419,S4a
130,224,94,113,217,104,144,247,103,121,648,527,169,384,215,150,384,234,162,343,181,163,2610,S4a
120,256,136,121,208,87,129,216,87,114,376,262,169,377,208,104,295,191,129,360,231,137,2225,S4a
113,151,38,106,185,79,105,191,86,105,345,240,145,271,126,129,3080,2951,146,265,119,89,4577,S4a
129,176,47,137,206,69,115,217,102,122,552,430,170,425,255,146,297,151,143,327,184,97,2297,S4a
88,208,120,80,664,584,113,872,759,97,456,359,153,408,255,98,200,102,97,208,111,96,3112,S4a
105,200,95,90,192,102,114,248,134,88,464,376,129,296,167,114,312,198,113,240,127,113,2065,S4a
98,264,166,97,239,142,130,249,119,106,368,262,130,312,182,121,368,247,132,328,196,98,2226,S4a
97,208,111,104,199,95,97,216,119,98,648,550,140,448,308,121,240,119,114,224,110,137,2320,S4a
89,208,119,90,184,94,129,208,79,98,392,294,154,431,277,99,313,214,97,312,215,113,2161,S4a
98,216,118,105,209,104,104,200,96,105,512,407,129,344,215,121,320,199,97,232,135,112,2145,S4a
122,265,143,104,224,120,129,231,102,89,513,424,145,479,334,89,392,303,122,361,239,105,2570,S4a
96,255,159,98,200,102,145,248,103,98,392,294,153,408,255,138,697,559,153,928,775,105,3233,S4a
82,216,134,89,191,102,106,209,103,89,472,383,137,400,263,122,351,229,107,249,142,121,2209,S4a
98,272,174,97,208,111,105,216,111,114,392,278,137,368,231,113,288,175,137,280,143,98,2122,S4a
73,208,135,98,219,121,110,220,110,82,369,287,146,344,198,105,2600,2495,89,408,319,89,4457,S4a
82,223,141,81,184,103,105,216,111,98,520,422,114,329,215,121,279,158,99,281,182,97,2129,S4a
89,264,175,89,184,95,105,200,95,98,408,310,121,376,255,146,351,205,99,249,150,105,2137,S4a
96,240,144,112,182,70,115,226,111,89,472,383,120,408,288,153,302,149,139,298,159,113,2241,S4a
152,312,160,122,304,182,107,288,181,122,992,870,114,329,215,129,272,143,113,832,719,81,3410,S4a
106,200,94,97,215,118,106,200,94,91,345,254,138,328,190,123,344,221,122,295,173,115,2042,S4a
98,233,135,105,216,111,114,272,158,88,1176,1088,129,416,287,105,312,207,113,256,143,129,3010,S4a
106,256,150,108,216,108,97,248,151,82,377,295,121,456,335,121,319,198,121,280,159,123,2275,S4a
113,273,160,97,199,102,128,313,185,97,1575,1478,147,480,333,98,337,239,145,1327,1182,106,4610,S4a
96,2095,1999,114,697,583,145,255,110,82,473,391,136,352,216,113,215,102,138,273,135,129,4489,S4a
121,240,119,113,200,87,129,216,87,105,432,327,129,352,223,145,297,152,152,263,111,130,2130,S4a
105,279,174,122,248,126,113,240,127,98,392,294,137,440,303,127,312,185,90,256,166,138,2305,S4a
96,224,128,97,191,94,113,217,104,81,399,318,113,1569,1456,104,520,416,120,511,391,114,3745,S4a
113,256,143,113,263,150,105,3105,3000,81,679,598,97,400,303,90,297,207,105,311,206,81,5392,S4a
90,400,310,113,336,223,114,344,230,120,416,296,128,512,384,113,224,111,128,239,111,114,2585,S4a
97,200,103,101,192,91,114,223,109,90,361,271,121,488,367,105,256,151,105,336,231,97,2153,S4a
97,184,87,89,232,143,105,240,135,105,360,255,121,344,223,121,288,167,129,287,158,130,2065,S4a
97,400,303,129,295,166,98,209,111,97,416,319,121,271,150,145,361,216,114,263,149,98,2313,S4a
105,200,95,73,272,199,105,248,143,90,376,286,121,368,247,133,312,179,120,264,144,90,2130,S4a
81,192,111,129,288,159,106,248,142,114,413,299,132,291,159,122,320,198,97,312,215,98,2162,S4a
98,209,111,112,224,112,95,222,127,83,440,357,123,345,222,112,280,168,122,256,134,106,2082,S4a
95,366,271,107,250,143,112,223,111,90,376,286,106,287,181,123,250,127,121,295,174,114,2161,S4a
113,224,111,73,224,151,128,256,128,73,392,319,129,400,271,96,-712,-808,1129,1280,151,128,2192,S4a
115,217,102,120,256,136,130,240,110,81,360,279,130,296,166,137,368,231,113,247,134,114,2098,S4a
131,312,181,129,1208,1079,169,688,519,112,384,272,138,248,110,121,272,151,105,448,343,74,3634,S4a
122,232,110,122,216,94,129,240,111,105,360,255,146,440,294,90,232,142,122,680,558,97,2497,S4a
120,215,95,130,240,110,129,233,104,112,408,296,145,390,245,122,226,104,137,431,294,129,2272,S4a
128,199,71,114,217,103,113,224,111,96,368,272,145,456,311,145,246,101,131,266,135,121,2097,S4a
138,241,103,112,247,135,146,281,135,106,576,470,121,1871,1750,128,425,297,113,776,663,81,4498,S4a
122,193,71,113,208,95,120,216,96,97,336,239,129,312,183,129,248,119,129,312,183,121,1946,S4a
113,199,86,129,217,88,137,240,103,104,392,288,137,376,239,138,288,150,154,328,174,144,2184,S4a
144,272,128,128,295,167,129,256,127,137,496,359,120,336,216,112,264,152,137,352,215,130,2401,S4a
121,240,119,121,257,136,128,264,136,104,335,231,130,416,286,114,328,214,98,232,134,106,2178,S4a
98,168,70,121,216,95,115,208,93,106,376,270,121,424,303,114,376,262,130,256,126,113,2137,S4a
103,143,40,96,168,72,129,199,70,105,393,288,128,254,126,107,354,247,97,200,103,64,1775,S4a
97,168,71,129,224,95,129,232,103,97,471,374,154,344,190,122,257,135,129,336,207,113,2145,S4a
121,224,103,131,216,85,144,240,96,121,463,342,162,681,519,122,176,54,149,280,131,114,2394,S4a
88,176,88,97,191,94,122,225,103,113,496,383,121,319,198,122,313,191,137,319,182,128,2167,S4a
113,200,87,128,183,55,114,233,119,137,895,758,132,345,213,113,328,215,122,216,94,89,2489,S4a
113,216,103,128,200,72,113,207,94,114,394,280,145,414,269,154,272,118,130,257,127,113,2073,S4a
113,185,72,112,224,112,136,232,96,112,384,272,170,376,206,113,471,358,130,304,174,106,2282,S4a
114,201,87,128,200,72,136,239,103,138,1232,1094,145,416,271,107,289,182,130,343,213,106,3026,S4a
137,256,119,120,208,88,145,216,71,121,376,255,161,360,199,129,256,127,153,256,103,89,2017,S4a
106,233,127,122,216,94,115,208,93,80,344,264,137,344,207,97,264,167,117,295,178,113,2017,S4a
113,191,78,130,241,111,137,248,111,81,480,399,137,592,455,145,352,207,114,441,327,112,2657,S4a
114,225,111,121,200,79,129,224,95,137,424,287,145,344,199,97,220,123,101,220,119,97,1954,S4a
138,264,126,114,192,78,114,224,110,89,504,415,121,480,359,113,272,159,105,336,231,98,2370,S4a
97,200,103,114,256,142,130,240,110,99,792,693,137,857,720,121,207,86,126,272,146,97,2921,S4a
113,184,71,113,216,103,121,224,103,105,368,263,145,447,302,106,216,110,122,392,270,138,2185,S4a
130,313,183,96,175,79,130,217,87,97,351,254,145,505,360,113,783,670,123,640,517,106,3090,S4a
113,241,128,97,208,111,202,223,21,122,464,342,113,480,367,122,280,158,98,425,327,113,2434,S4a
114,241,127,121,255,134,130,265,135,113,511,398,123,377,254,121,696,575,121,304,183,64,2713,S4a
97,200,103,121,208,87,129,232,103,114,448,334,145,408,263,105,1144,1039,114,376,262,114,3130,S4a
106,209,103,121,184,63,145,240,95,114,344,230,137,376,239,137,264,127,129,296,167,121,2034,S4a
98,201,103,112,207,95,137,224,87,114,384,270,137,392,255,106,216,110,98,345,247,88,2057,S4a
81,808,727,129,256,127,122,217,95,90,327,237,138,288,150,130,345,215,121,327,206,114,2682,S4a
134,272,138,130,184,54,137,232,95,106,376,270,146,392,246,114,416,302,121,336,215,114,2322,S4a
97,167,70,115,215,100,114,210,96,113,432,319,152,464,312,104,184,80,114,278,164,114,2064,S4a
114,346,232,105,256,151,121,294,173,99,930,831,89,463,374,122,633,511,104,495,391,105,3522,S4a
113,168,55,114,224,110,145,247,102,130,569,439,153,448,295,137,384,247,153,400,247,114,2554,S4a
114,208,94,130,232,102,129,239,110,122,674,552,96,703,607,137,200,63,138,464,326,137,2857,S4a
121,280,159,122,209,87,152,254,102,115,401,286,122,464,342,145,192,47,114,416,302,-854,1362,S4a
137,200,63,130,249,119,132,215,83,91,360,269,154,441,287,128,256,128,137,336,199,112,2169,S4a
104,184,80,113,224,111,161,255,94,89,369,280,160,487,327,146,353,207,136,359,223,106,2337,S4a
114,184,70,113,200,87,137,223,86,114,360,246,145,448,303,106,184,78,130,408,278,145,2152,S4a
111,158,47,105,184,79,129,216,87,113,488,375,153,456,303,112,208,96,104,288,184,113,2111,S4a
114,159,45,114,209,95,129,264,135,121,890,769,152,397,245,138,296,158,114,561,447,89,2865,S4a
122,168,46,121,224,103,137,232,95,113,407,294,123,473,350,73,232,159,113,168,55,97,2001,S4a
105,201,96,120,255,135,121,224,103,129,520,391,121,679,558,115,177,62,136,688,552,97,2841,S4a
113,240,127,186,553,367,144,271,127,121,377,256,145,408,263,152,208,56,152,391,239,113,2561,S4a
122,161,39,137,272,135,136,247,111,106,376,270,170,512,342,130,161,31,128,303,175,130,2162,S4a
113,265,152,120,232,112,144,231,87,138,464,326,146,313,167,112,328,216,160,344,184,120,2297,S4a
96,160,64,113,184,71,137,224,87,128,388,260,133,379,246,114,298,184,128,342,214,115,2090,S4a
97,336,239,130,256,126,137,240,103,113,503,390,162,321,159,145,327,182,162,329,167,137,2449,S4a
128,248,120,145,296,151,145,280,135,138,592,454,161,360,199,121,664,543,153,424,271,128,2992,S4a
121,256,135,129,281,152,145,287,142,121,480,359,152,312,160,129,310,181,146,322,176,128,2376,S4a
122,280,158,138,280,142,144,280,136,101,391,290,162,393,231,113,319,206,130,329,199,105,2377,S4a
113,273,160,113,256,143,161,264,103,121,360,239,170,296,126,146,448,302,98,2081,1983,136,4114,S4a
122,193,71,122,199,77,130,224,94,122,368,246,162,304,142,130,336,206,114,297,183,97,2018,S4a
98,184,86,123,225,102,153,1248,1095,144,823,679,154,704,550,114,145,31,128,423,295,98,3850,S4a
96,158,62,106,201,95,104,216,112,89,376,287,121,439,318,129,320,191,139,353,214,105,2168,S4a
153,223,70,122,209,87,146,255,109,121,633,512,146,848,702,113,152,39,145,239,94,130,2689,S4a
89,184,95,120,192,72,129,224,95,105,327,222,154,465,311,105,208,103,122,464,342,120,2184,S4a
112,200,88,144,456,312,121,232,111,114,-576,-690,1129,1272,143,120,209,89,153,239,86,129,2161,S4a
98,168,70,122,200,78,114,241,127,105,352,247,153,320,167,120,368,248,117,295,178,114,2058,S4a
152,318,166,114,1754,1640,129,328,199,112,777,665,128,416,288,175,304,129,161,416,255,96,4409,S3a
138,312,174,121,304,183,97,168,71,129,744,615,89,335,246,106,313,207,97,296,199,104,2576,S3a
113,239,126,106,224,118,82,169,87,104,335,231,98,312,214,153,336,183,98,300,202,117,2032,S3a
106,232,126,97,207,110,98,194,96,104,302,198,90,305,215,152,352,200,114,240,126,104,1936,S3a
98,248,150,114,233,119,88,183,95,105,344,239,97,304,207,129,344,215,113,312,199,121,2089,S3a
89,224,135,104,232,128,80,159,79,131,377,246,101,440,339,145,360,215,88,344,256,128,2264,S3a
97,223,126,97,217,120,88,183,95,114,313,199,96,320,224,161,311,150,105,264,159,130,1961,S3a
104,231,127,89,208,119,81,200,119,136,303,167,114,289,175,168,319,151,114,273,159,129,1952,S3a
97,207,110,97,225,128,90,176,86,153,312,159,82,279,197,155,313,158,121,337,216,129,1978,S3a
90,216,126,98,216,118,73,192,119,137,288,151,81,312,231,161,352,191,113,328,215,105,2009,S3a
106,241,135,105,207,102,84,201,117,105,255,150,97,296,199,123,425,302,98,543,445,113,2281,S3a
113,215,102,107,208,101,89,201,112,97,399,302,106,425,319,112,280,168,135,320,185,96,2144,S3a
120,232,112,105,215,110,99,217,118,106,336,230,113,327,214,162,352,190,131,264,133,114,2057,S3a
105,232,127,89,208,119,73,208,135,121,280,159,116,432,316,121,328,207,105,328,223,130,2146,S3a
97,209,112,88,207,119,82,185,103,104,255,151,90,416,326,161,265,104,144,303,159,105,1945,S3a
82,209,127,88,199,111,66,200,134,130,289,159,80,336,256,160,423,263,115,288,173,106,2050,S3a
89,200,111,97,208,111,81,184,103,114,280,166,90,480,390,129,344,215,97,328,231,153,2177,S3a
97,208,111,88,199,111,74,209,135,122,272,150,97,415,318,115,329,214,114,280,166,122,2034,S3a
90,192,102,99,216,117,90,176,86,114,329,215,96,328,232,137,343,206,105,273,168,129,1986,S3a
98,185,87,113,224,111,89,183,94,140,265,125,90,383,293,171,322,151,98,256,158,145,1963,S3a
90,192,102,105,217,112,80,152,72,130,504,374,96,287,191,145,360,215,114,273,159,120,2105,S3a
74,209,135,97,215,118,74,169,95,138,456,318,113,296,183,147,328,181,121,232,111,114,2019,S3a
105,200,95,114,216,102,88,167,79,122,281,159,97,344,247,193,335,142,130,273,143,129,1945,S3a
113,217,104,105,216,111,97,183,86,106,312,206,97,377,280,192,328,136,121,295,174,146,2074,S3a
112,231,119,121,248,127,98,209,111,137,319,182,145,488,343,146,336,190,121,312,191,114,2257,S3a
122,255,133,114,241,127,81,208,127,105,329,224,105,343,238,162,368,206,130,240,110,130,2114,S3a
114,209,95,120,240,120,96,160,64,112,312,200,97,320,223,153,368,215,130,312,182,153,2074,S3a
113,224,111,106,216,110,96,336,240,89,1737,1648,105,592,487,154,352,198,114,272,158,105,3834,S3a
129,263,134,123,241,118,98,200,102,129,511,382,114,466,352,185,334,149,138,312,174,162,2489,S3a
98,209,111,113,208,95,98,168,70,114,432,318,106,345,239,144,296,152,112,272,160,113,2043,S3a
116,207,91,116,209,93,97,184,87,98,280,182,114,392,278,130,416,286,106,320,214,129,2137,S3a
97,209,112,97,200,103,80,128,48,112,320,208,120,344,224,161,337,176,104,272,168,145,1955,S3a
99,209,110,121,224,103,90,128,38,145,328,183,121,656,535,202,1705,1503,122,352,230,114,3716,S3a
122,232,110,106,208,102,90,152,62,137,272,135,106,321,215,186,328,142,170,296,126,130,1939,S3a
97,199,102,115,225,110,89,130,41,112,334,222,113,313,200,169,328,159,128,248,120,129,1906,S3a
116,200,84,114,224,110,89,169,80,129,296,167,96,336,240,274,392,118,105,368,263,138,2123,S3a
113,199,86,114,216,102,89,145,56,120,359,239,121,328,207,146,367,221,115,282,167,210,2106,S3a
114,240,126,105,216,111,81,216,135,121,272,151,113,376,263,169,344,175,137,384,247,129,2177,S3a
90,192,102,114,224,110,90,161,71,120,303,183,97,304,207,154,473,319,136,407,271,121,2185,S3a
81,192,111,106,216,110,72,143,71,115,401,286,114,399,285,128,312,184,121,320,199,113,2096,S3a
105,208,103,105,216,111,89,168,79,114,367,253,162,433,271,169,440,271,105,248,143,132,2212,S3a
97,192,95,114,216,102,90,160,70,105,672,567,121,352,231,145,376,231,129,344,215,144,2456,S3a
145,304,159,137,1162,1025,119,325,206,122,945,823,113,463,350,157,337,180,185,383,198,137,4056,S3a
113,224,111,114,224,110,89,193,104,144,327,183,106,320,214,178,817,639,122,310,188,123,2538,S3a
105,231,126,114,239,125,91,217,126,121,544,423,105,487,382,123,313,190,122,312,190,152,2495,S3a
132,257,125,104,215,111,89,225,136,112,271,159,114,304,190,177,456,279,105,314,209,152,2194,S3a
89,200,111,114,232,118,97,184,87,121,360,239,113,368,255,201,367,166,106,305,199,170,2186,S3a
99,200,101,146,280,134,113,223,110,130,369,239,113,281,168,169,407,238,114,287,173,146,2193,S3a
97,200,103,115,217,102,105,168,63,138,335,197,114,314,200,185,351,166,113,273,160,169,2027,S3a
97,209,112,111,223,112,97,169,72,136,359,223,113,272,159,153,360,207,113,240,127,144,1976,S3a
81,191,110,114,217,103,90,152,62,124,304,180,113,280,167,233,336,103,121,295,174,178,1953,S3a
114,216,102,153,257,104,112,231,119,161,329,168,160,383,223,194,337,143,175,319,144,161,2233,S3a
105,216,111,115,231,116,98,263,165,131,370,239,104,344,240,160,376,216,127,296,169,145,2241,S3a
97,209,112,137,239,102,97,185,88,153,264,111,114,384,270,169,256,87,122,384,262,162,2083,S3a
128,248,120,129,240,111,104,241,137,127,310,183,139,395,256,176,286,110,132,295,163,170,2185,S3a
113,216,103,121,225,104,113,160,47,130,336,206,113,296,183,162,336,174,162,248,86,137,1954,S3a
129,249,120,145,255,110,97,225,128,153,647,494,82,665,583,144,264,120,113,321,208,96,2722,S3a
106,216,110,130,240,110,97,216,119,130,568,438,130,304,174,193,296,103,129,368,239,169,2377,S3a
94,212,118,122,225,103,95,192,97,151,295,144,97,304,207,162,313,151,160,272,112,113,1926,S3a
120,232,112,112,311,199,145,297,152,137,448,311,98,392,294,129,296,167,129,344,215,105,2425,S3a
128,247,119,114,232,118,106,240,134,113,351,238,115,384,269,146,337,191,114,280,166,146,2217,S3a
97,208,111,122,217,95,113,183,70,162,505,343,120,336,216,200,360,160,137,304,167,153,2266,S3a
97,215,118,106,217,111,98,192,94,131,418,287,111,494,383,186,-640,-826,1121,1288,167,153,2337,S3a
105,224,119,98,209,111,88,152,64,137,464,327,96,280,184,145,407,262,113,352,239,122,2210,S3a
107,225,118,113,233,120,87,167,80,153,352,199,120,312,192,154,352,198,113,240,127,137,2018,S3a
89,232,143,115,223,108,83,113,30,121,511,390,66,505,439,218,344,126,146,257,111,168,2353,S3a
121,233,112,136,256,120,89,128,39,177,392,215,112,320,208,202,336,134,153,256,103,113,2034,S3a
97,208,111,121,216,95,96,97,1,135,750,615,122,297,175,154,392,238,122,296,174,113,2369,S3a
98,209,111,114,232,118,88,184,96,144,1167,1023,129,336,207,146,329,183,135,279,144,138,2874,S3a
113,208,95,129,248,119,98,216,118,146,288,142,113,280,167,203,400,197,145,344,199,138,2122,S3a
98,208,110,137,237,100,101,186,85,131,377,246,107,264,157,185,360,175,162,257,95,193,2082,S3a
114,233,119,120,248,128,97,136,39,145,408,263,121,247,126,187,329,142,170,217,47,154,1972,S3a
112,224,112,113,216,103,97,168,71,138,497,359,113,241,128,184,398,214,178,216,38,-846,1114,S3a
130,241,111,153,248,95,113,168,55,153,439,286,138,449,311,185,304,119,104,335,231,169,2353,S3a
93,219,126,107,233,126,90,192,102,137,368,231,107,321,214,177,400,223,113,294,181,147,2174,S3a
113,256,143,122,233,111,105,160,55,161,480,319,128,312,184,289,472,183,137,576,439,187,2676,S3a
97,200,103,114,224,110,105,192,87,137,272,135,121,360,239,185,344,159,177,304,127,137,2033,S3a
145,256,111,113,224,111,113,208,95,137,512,375,97,425,328,152,335,183,137,304,167,161,2425,S3a
104,215,111,106,208,102,98,201,103,128,376,248,137,400,263,169,328,159,138,392,254,137,2257,S3a
119,239,120,114,232,118,115,257,142,105,354,249,119,414,295,129,296,167,178,360,182,129,2281,S3a
98,216,118,98,209,111,79,136,57,120,439,319,114,432,318,154,321,167,114,288,174,113,2154,S3a
88,191,103,112,240,128,98,216,118,129,312,183,97,296,199,106,336,230,98,240,142,97,1928,S3a
98,193,95,113,207,94,89,167,78,123,353,230,98,305,207,113,384,271,104,280,176,131,2020,S3a
120,224,104,105,224,119,82,176,94,137,377,240,105,360,255,144,415,271,122,721,599,128,2625,S3a
90,208,118,113,280,167,105,209,104,120,319,199,114,321,207,161,368,207,137,280,143,153,2138,S3a
97,216,119,122,224,102,105,184,79,144,328,184,105,352,247,194,440,246,138,344,206,178,2266,S3a
115,474,359,106,238,132,131,210,79,137,408,271,128,272,144,144,400,256,121,384,263,113,2499,S3a
136,249,113,129,256,127,88,215,127,89,399,310,107,394,287,152,336,184,114,400,286,113,2362,S3a
119,208,89,145,256,111,113,408,295,137,640,503,169,312,143,170,312,142,146,329,183,137,2602,S3a
97,208,111,129,216,87,129,232,103,113,576,463,113,456,343,169,408,239,209,408,199,138,2642,S3a
106,232,126,104,207,103,97,184,87,121,433,312,129,336,207,168,336,168,145,368,223,153,2249,S3a
105,240,135,113,224,111,97,152,55,160,440,280,90,263,173,171,377,206,113,225,112,161,2082,S3a
88,200,112,129,224,95,97,224,127,160,295,135,114,297,183,161,392,231,233,304,71,145,2081,S3a
105,226,121,119,231,112,97,151,54,162,432,270,130,321,191,192,415,223,122,353,231,97,2226,S3a
100,192,92,130,248,118,113,169,56,129,328,199,113,359,246,177,273,96,121,312,191,112,1993,S3a
141,389,248,128,285,157,125,265,140,109,1326,1217,94,1750,1656,156,672,516,109,515,406,94,5296,S3a
110,250,140,110,313,203,125,235,110,140,515,375,125,422,297,188,328,140,94,328,234,125,2516,S3a
109,250,141,111,236,125,93,218,125,110,344,234,125,391,266,140,484,344,125,328,203,125,2376,S3a
109,250,141,109,218,109,94,219,125,141,391,250,93,297,204,171,328,157,125,375,250,140,2218,S3a
110,250,140,111,221,110,109,249,140,110,532,422,156,406,250,156,328,172,109,344,235,125,2455,S3a
109,297,188,109,234,125,125,188,63,109,312,203,141,383,242,172,313,141,140,343,203,110,2180,S3a
141,265,124,125,250,125,97,269,172,125,391,266,125,265,140,203,360,157,109,343,234,157,2300,S3a
110,235,125,125,218,93,94,219,125,110,313,203,93,265,172,172,391,219,141,406,265,141,2188,S3a
109,234,125,125,235,110,109,281,172,140,376,236,125,391,266,187,312,125,141,344,203,125,2298,S3a
94,203,109,125,235,110,93,187,94,110,313,203,140,359,219,156,328,172,141,281,140,141,2047,S3a
125,219,94,140,265,125,94,266,172,141,297,156,109,359,250,203,344,141,141,344,203,156,2250,S3a
94,219,125,109,203,94,125,219,94,109,297,188,93,406,313,156,345,189,125,360,235,109,2158,S3a
110,250,140,94,297,203,109,234,125,127,321,194,110,375,265,157,391,234,203,674,471,158,2700,S3a
140,281,141,140,281,141,141,297,156,125,328,203,94,406,312,188,328,140,110,360,250,234,2515,S3a
109,234,125,125,250,125,95,267,172,141,516,375,93,406,313,156,318,162,120,346,226,125,2462,S3a
109,250,141,140,265,125,125,266,141,125,328,203,125,469,344,156,375,219,125,375,250,156,2484,S3a
93,250,157,93,234,141,78,250,172,109,344,235,125,344,219,171,359,188,125,328,203,141,2250,S3a
125,266,141,125,234,109,110,281,171,110,297,187,125,610,485,218,406,188,125,375,250,109,2578,S3a
125,265,140,110,266,156,78,313,235,109,312,203,109,453,344,125,318,193,141,344,203,110,2381,S3a
125,312,187,110,250,140,110,250,140,110,391,281,109,375,266,141,344,203,109,343,234,125,2390,S3a
94,219,125,110,235,125,93,265,172,141,313,172,93,515,422,172,328,156,110,344,234,125,2344,S3a
110,250,140,125,219,94,125,219,94,156,406,250,142,377,235,234,357,123,127,315,188,156,2299,S3a
203,406,203,109,250,141,125,203,78,141,375,234,141,297,156,187,297,110,172,297,125,125,2250,S3a
125,281,156,125,250,125,109,234,125,125,328,203,110,328,218,157,375,218,125,329,204,125,2250,S3a
110,250,140,125,235,110,140,265,125,110,329,219,125,343,218,141,311,170,140,281,141,172,2186,S3a
125,234,109,141,265,124,110,235,125,156,344,188,140,312,172,219,313,94,156,312,156,156,2171,S3a
125,219,94,141,235,94,109,203,94,156,359,203,125,344,219,140,281,141,156,312,156,158,2111,S3a
125,250,125,125,250,125,109,187,78,172,344,172,140,297,157,203,343,140,125,297,172,157,2125,S3a
110,219,109,141,235,94,109,234,125,108,374,266,125,281,156,203,328,125,141,344,203,141,2156,S3a
94,234,140,110,219,109,109,141,32,156,546,390,172,313,141,156,328,172,125,219,94,125,2125,S3a
140,265,125,141,250,109,157,219,62,125,422,297,127,1236,1109,125,734,609,94,381,287,110,3617,S3a
110,235,125,140,250,110,94,297,203,125,328,203,109,451,342,173,377,204,142,354,212,125,2417,S3a
125,234,109,110,235,125,109,250,141,140,406,266,125,359,234,157,344,187,172,344,172,141,2313,S3a
110,219,109,141,266,125,78,265,187,125,313,188,125,391,266,125,328,203,156,297,141,171,2250,S3a
125,250,125,125,266,141,94,265,171,125,391,266,141,313,172,156,390,234,125,297,172,125,2297,S3a
110,219,109,141,234,93,125,235,110,109,359,250,94,391,297,140,344,204,140,312,172,125,2219,S3a
125,250,125,140,250,110,109,187,78,141,360,219,125,312,187,156,531,375,110,407,297,125,2422,S3a
125,234,109,141,250,109,141,156,15,110,453,343,141,375,234,172,344,172,125,266,141,172,2250,S3a
94,219,125,126,236,110,93,265,172,94,328,234,110,329,219,171,365,194,93,297,204,140,2179,S3a
109,218,109,110,219,109,110,212,102,125,375,250,109,469,360,172,406,234,125,297,172,125,2321,S3a
125,273,148,125,250,125,109,198,89,109,359,250,109,344,235,140,406,266,125,297,172,109,2236,S3a
141,266,125,125,218,93,110,204,94,125,375,250,78,328,250,156,406,250,109,312,203,125,2234,S3a
125,250,125,109,219,110,109,219,110,125,328,203,109,422,313,140,359,219,109,375,266,141,2313,S3a
141,266,125,109,234,125,94,313,219,125,343,218,110,374,264,141,391,250,125,391,266,156,2468,S3a
109,249,140,110,219,109,110,203,93,125,422,297,125,344,219,140,346,206,157,313,156,156,2252,S3a
93,234,141,125,234,109,141,250,109,141,360,219,125,342,217,203,375,172,140,328,188,140,2263,S3a
125,266,141,109,218,109,110,266,156,141,328,187,109,406,297,172,344,172,125,422,297,125,2375,S3a
109,234,125,125,219,94,125,312,187,125,297,172,125,391,266,157,454,297,141,328,187,141,2376,S3a
125,266,141,125,250,125,109,266,157,93,359,266,109,438,329,156,359,203,125,500,375,156,2594,S3a
140,312,172,110,250,140,125,328,203,141,438,297,125,437,312,143,424,281,140,375,235,156,2720,S3a
141,281,140,125,235,110,93,265,172,125,344,219,109,375,266,172,359,187,125,360,235,140,2359,S3a
125,250,125,140,296,156,125,297,172,125,344,219,141,391,250,172,343,171,157,424,267,156,2501,S3a
140,250,110,140,250,110,140,234,94,125,359,234,141,391,250,156,312,156,157,297,140,156,2249,S3a
141,250,109,141,250,109,125,266,141,125,359,234,141,360,219,140,359,219,125,375,250,156,2375,S3a
125,250,125,141,250,109,125,266,141,141,359,218,125,313,188,187,453,266,141,455,314,156,2502,S3a
140,281,141,125,234,109,125,250,125,125,375,250,125,359,234,172,485,313,172,406,234,125,2515,S3a
125,250,125,141,250,109,125,250,125,125,375,250,141,375,234,188,438,250,125,523,398,188,2649,S3a
94,250,156,110,250,140,110,266,156,125,344,219,125,312,187,172,422,250,125,359,234,125,2328,S3a
172,297,125,125,250,125,156,312,156,141,469,328,141,455,314,171,406,235,140,719,579,171,3079,S3a
125,266,141,125,234,109,110,203,93,141,313,172,140,406,266,188,406,218,125,485,360,140,2453,S3a
140,265,125,141,266,125,125,266,141,156,421,265,110,454,344,171,421,250,141,360,219,125,2578,S3a
109,266,157,109,234,125,109,250,141,109,406,297,110,360,250,157,407,250,140,390,250,203,2516,S3a
109,250,141,156,266,110,156,203,47,140,515,375,141,422,281,203,375,172,188,344,156,140,2515,S3a
125,250,125,140,234,94,125,234,109,125,344,219,94,391,297,164,375,211,110,360,250,172,2360,S3a
125,250,125,125,234,109,125,188,63,140,468,328,125,344,219,172,344,172,172,312,140,157,2297,S3a
109,250,141,140,250,110,125,312,187,141,328,187,110,406,296,219,422,203,125,344,219,141,2453,S3a
125,266,141,94,203,109,109,187,78,172,422,250,125,360,235,140,343,203,125,344,219,156,2281,S3a
109,218,109,157,250,93,141,266,125,125,359,234,125,438,313,156,406,250,158,408,250,141,2486,S3a
125,250,125,141,250,109,125,234,109,139,285,146,120,338,218,157,353,196,125,359,234,141,2210,S3a
110,250,140,125,250,125,125,282,157,93,343,250,125,360,235,140,328,188,125,344,219,140,2297,S3a
94,297,203,140,265,125,157,266,109,125,797,672,140,500,360,172,422,250,125,329,204,141,3017,S3a
172,297,125,109,234,125,110,250,140,157,391,234,125,390,265,157,407,250,125,375,250,156,2500,S3a
125,281,156,140,254,114,103,243,140,125,457,332,171,468,297,157,297,140,141,422,281,156,2578,S3a
141,266,125,140,250,110,140,250,110,125,390,265,141,328,187,186,419,233,125,375,250,188,2466,S3a
125,234,109,125,234,109,110,297,187,141,360,219,109,296,187,235,407,172,125,312,187,188,2328,S3a
140,250,110,140,234,94,141,250,109,125,297,172,109,391,282,171,392,221,125,312,187,156,2282,S3a
125,250,125,110,235,125,125,359,234,141,1374,1233,141,422,281,156,328,172,125,313,188,140,3421,S3a
109,234,125,125,234,109,125,282,157,156,328,172,109,359,250,141,391,250,140,297,157,156,2281,S3a
188,391,203,109,250,141,125,188,63,109,390,281,125,407,282,125,375,250,109,375,266,78,2454,S3a
93,250,157,146,271,125,125,234,109,141,469,328,140,453,313,172,406,234,156,516,360,125,2724,S3a
125,266,141,141,250,109,156,234,78,141,453,312,157,407,250,234,375,141,171,437,266,141,2563,S3a
140,281,141,156,281,125,125,203,78,141,297,156,125,344,219,172,406,234,141,313,172,124,2249,S3a
140,375,235,140,265,125,125,141,16,109,501,392,125,813,688,140,375,235,140,344,204,125,2939,S3a
141,297,156,140,265,125,125,219,94,125,344,219,125,297,172,140,375,235,140,312,172,219,2328,S3a
156,281,125,125,250,125,110,250,140,125,344,219,94,360,266,140,343,203,141,375,234,110,2313,S3a
187,344,157,125,250,125,156,250,94,140,312,172,125,375,250,188,391,203,140,422,282,125,2469,S3a
125,265,140,141,250,109,141,250,109,125,313,188,133,376,243,125,486,361,125,517,392,137,2594,S3a
141,297,156,125,234,109,141,235,94,140,484,344,141,469,328,156,421,265,172,344,172,188,2672,S3a
144,279,135,156,266,110,140,222,82,109,344,235,109,328,219,187,375,188,156,437,281,141,2392,S3a
141,282,141,156,281,125,138,232,94,125,328,203,125,1015,890,141,578,437,141,313,172,141,3170,S3a
140,265,125,157,266,109,156,219,63,156,328,172,156,344,188,203,390,187,125,375,250,141,2328,S3a
125,250,125,141,266,125,125,203,78,140,328,188,125,437,312,188,281,93,141,344,203,172,2281,S3a
140,252,112,172,250,78,172,188,16,125,359,234,141,297,156,172,422,250,140,250,110,172,2190,S3a
141,266,125,170,264,94,109,234,125,172,406,234,141,297,156,188,438,250,156,625,469,140,2670,S3a
157,282,125,156,234,78,156,312,156,172,391,219,125,359,234,188,375,187,125,391,266,125,2469,S3a
141,266,125,187,344,157,156,265,109,141,360,219,109,468,359,172,351,179,108,327,219,114,2495,S3a
156,313,157,172,312,140,172,297,125,156,359,203,125,532,407,161,317,156,157,360,203,156,2646,S3a
125,282,157,156,281,125,156,250,94,125,312,187,125,500,375,172,313,141,125,359,234,125,2422,S3a
125,250,125,140,250,110,140,218,78,141,314,173,123,483,360,203,390,187,125,360,235,140,2405,S3a
125,266,141,156,266,110,156,218,62,142,314,172,125,860,735,203,437,234,142,439,297,141,2941,S3a
141,266,125,138,248,110,140,156,16,156,328,172,125,500,375,172,391,219,125,328,203,140,2357,S3a
125,282,157,125,250,125,125,203,78,140,359,219,125,472,347,148,304,156,125,328,203,125,2323,S3a
125,265,140,132,241,109,156,187,31,141,360,219,125,453,328,172,375,203,125,312,187,141,2334,S3a
125,250,125,141,250,109,109,219,110,156,406,250,109,406,297,156,328,172,127,387,260,125,2371,S3a
110,250,140,141,256,115,140,156,16,172,484,312,141,407,266,140,328,188,93,328,235,109,2318,S3a
110,250,140,125,262,137,109,250,141,125,359,234,125,531,406,172,391,219,141,797,656,125,2965,S3a
126,298,172,141,297,156,141,281,140,125,344,219,94,469,375,125,343,218,94,391,297,125,2548,S3a
125,250,125,141,240,99,156,265,109,156,313,157,109,390,281,188,313,125,125,359,234,141,2271,S3a
105,230,125,125,250,125,125,250,125,141,375,234,125,406,281,141,344,203,125,375,250,125,2355,S3a
140,312,172,141,266,125,156,250,94,140,406,266,125,469,344,156,406,250,125,391,266,109,2609,S3a
141,297,156,142,267,125,141,266,125,109,344,235,140,562,422,172,360,188,125,422,297,140,2658,S3a
110,219,109,141,250,109,125,188,63,156,343,187,141,344,203,172,391,219,125,328,203,141,2204,S3a
125,250,125,140,250,110,187,203,16,172,437,265,125,422,297,156,328,172,141,375,234,156,2421,S3a
140,281,141,140,265,125,141,235,94,140,390,250,172,500,328,157,328,171,141,360,219,140,2499,S3a
156,281,125,141,250,109,141,281,140,125,360,235,125,375,250,140,359,219,141,359,218,157,2422,S3a
125,265,140,125,235,110,125,203,78,156,328,172,125,359,234,156,360,204,140,390,250,141,2281,S3a
140,281,141,125,250,125,141,250,109,125,313,188,140,468,328,157,360,203,109,328,219,140,2390,S3a
141,282,141,140,265,125,141,235,94,125,312,187,141,469,328,125,375,250,140,453,313,125,2516,S3a
172,344,172,172,312,140,172,344,172,141,328,187,156,422,266,187,359,172,110,330,220,125,2564,S3a
141,282,141,140,250,110,140,281,141,125,312,187,141,469,328,141,365,224,115,367,252,156,2482,S3a
125,265,140,125,235,110,156,250,94,140,328,188,141,359,218,157,422,265,141,370,229,125,2354,S3a
141,282,141,140,265,125,141,219,78,140,469,329,125,359,234,141,344,203,115,396,281,125,2459,S3a
125,234,109,157,250,93,141,282,141,140,281,141,125,391,266,156,375,219,156,296,140,125,2234,S3a
109,250,141,140,250,110,140,265,125,141,282,141,129,486,357,141,359,218,125,485,360,125,2502,S3a
125,250,125,140,250,110,125,234,109,156,328,172,110,391,281,172,408,236,140,343,203,141,2345,S3a
125,266,141,125,250,125,125,265,140,141,313,172,109,437,328,188,433,245,152,381,229,161,2506,S3a
125,235,110,140,265,125,125,287,162,110,277,167,125,391,266,134,369,235,140,312,172,125,2261,S3a
141,268,127,125,235,110,140,234,94,125,375,250,141,365,224,141,416,275,141,312,171,141,2346,S3a
94,234,140,125,250,125,110,188,78,156,375,219,125,328,203,187,376,189,157,344,187,156,2251,S3a
125,266,141,156,281,125,141,250,109,156,297,141,140,390,250,172,391,219,172,359,187,157,2391,S3a
125,282,157,156,265,109,125,235,110,140,375,235,140,329,189,172,390,218,156,328,172,156,2360,S3a
125,281,156,125,250,125,141,250,109,156,328,172,125,438,313,156,375,219,140,375,235,109,2406,S3a
145,271,126,110,250,140,94,234,140,141,282,141,125,437,312,141,391,250,125,328,203,125,2318,S3a
125,266,141,125,250,125,109,234,125,141,407,266,140,359,219,172,375,203,125,406,281,188,2485,S3a
125,265,140,141,250,109,125,235,110,140,343,203,125,442,317,124,406,282,172,375,203,125,2441,S3a
125,266,141,125,250,125,109,234,125,125,329,204,140,421,281,157,407,250,125,343,218,125,2375,S3a
125,265,140,141,235,94,125,250,125,140,359,219,125,422,297,140,390,250,125,391,266,94,2406,S3a
156,312,156,125,250,125,141,235,94,125,359,234,125,453,328,172,438,266,140,437,297,157,2641,S3a
125,281,156,125,250,125,141,250,109,141,297,156,140,412,272,153,488,335,157,408,251,125,2511,S3a
140,281,141,156,265,109,157,266,109,156,531,375,157,391,234,141,375,234,156,484,328,172,2765,S3a
140,265,125,141,266,125,141,250,109,172,422,250,156,406,250,141,438,297,125,406,281,125,2578,S3a
141,266,125,125,281,156,156,234,78,156,406,250,141,329,188,171,453,282,125,343,218,157,2469,S3a
172,329,157,171,312,141,141,266,125,171,390,219,141,375,234,172,391,219,109,375,266,140,2578,S3a
140,281,141,156,281,125,157,328,171,157,360,203,140,406,266,172,345,173,172,359,187,140,2500,S3a
141,266,125,156,266,110,171,312,141,141,328,187,156,531,375,125,391,266,125,328,203,141,2563,S3a
140,281,141,141,266,125,140,281,141,172,359,187,141,406,265,172,408,236,156,313,157,203,2517,S3a
156,297,141,141,266,125,125,265,140,141,328,187,125,375,250,196,421,225,172,500,328,172,2624,S3a
141,266,125,93,218,125,110,235,125,140,281,141,156,399,243,188,329,141,125,359,234,156,2243,S3a
172,313,141,140,265,125,141,250,109,141,352,211,141,368,227,157,407,250,156,422,266,156,2533,S3a
141,297,156,125,234,109,125,250,125,141,266,125,125,406,281,156,422,266,141,359,218,141,2375,S3a
156,281,125,125,234,109,141,266,125,132,279,147,156,409,253,172,375,203,125,329,204,109,2282,S3a
140,281,141,109,219,110,140,219,79,125,343,218,141,328,187,172,375,203,157,344,187,156,2265,S3a
110,250,140,141,250,109,125,266,141,156,408,252,156,453,297,172,672,500,156,437,281,125,2861,S3a
172,313,141,140,265,125,157,328,171,157,766,609,172,594,422,187,437,250,157,422,265,203,3328,S3a
172,281,109,156,266,110,156,234,78,125,625,500,141,469,328,172,397,225,172,406,234,182,2860,S3a
156,297,141,125,234,109,141,235,94,140,312,172,141,406,265,141,407,266,156,453,297,156,2500,S3a
110,266,156,109,234,125,125,250,125,125,250,125,141,438,297,172,391,219,141,329,188,156,2314,S3a
109,250,141,109,218,109,125,250,125,172,297,125,125,422,297,141,375,234,141,313,172,156,2281,S3a
125,265,140,141,235,94,109,234,125,109,297,188,156,375,219,141,437,296,141,407,266,109,2359,S3a
125,296,171,157,250,93,157,219,62,141,297,156,141,359,218,157,391,234,156,328,172,141,2281,S3a
141,297,156,125,250,125,125,234,109,110,313,203,125,422,297,171,375,204,156,359,203,156,2406,S3a
156,281,125,140,250,110,140,234,94,125,360,235,156,312,156,172,406,234,172,330,158,140,2313,S3a
140,281,141,141,250,109,156,234,78,125,266,141,156,463,307,187,344,157,172,287,115,171,2296,S3a
125,250,125,140,234,94,156,203,47,125,1182,1057,149,399,250,172,360,188,172,422,250,125,3175,S3a
157,313,156,125,234,109,141,266,125,125,594,469,156,460,304,172,328,156,141,391,250,125,2711,S3a
157,313,156,140,274,134,172,219,47,140,437,297,157,531,374,157,422,265,157,438,281,125,2759,S3a
141,282,141,125,250,125,140,328,188,156,328,172,172,453,281,141,375,234,172,422,250,125,2563,S3a
125,266,141,156,281,125,140,281,141,219,609,390,172,453,281,125,391,266,141,438,297,125,2844,S3a
140,281,141,141,266,125,128,253,125,110,344,234,156,438,282,140,386,246,156,391,235,140,2499,S3a
171,296,125,141,266,125,156,344,188,140,359,219,141,406,265,172,391,219,141,344,203,125,2531,S3a
141,281,140,157,282,125,140,312,172,125,376,251,126,488,362,125,422,297,157,516,359,125,2802,S3a
140,297,157,140,250,110,135,245,110,125,390,265,141,407,266,171,375,204,156,296,140,141,2401,S3a
125,250,125,125,250,125,140,234,94,110,313,203,140,500,360,156,453,297,140,390,250,141,2531,S3a
125,251,126,125,234,109,141,219,78,140,343,203,141,469,328,156,391,235,172,594,422,109,2610,S3a
141,266,125,125,266,141,125,265,140,121,430,309,140,413,273,140,343,203,156,359,203,125,2467,S3a
141,266,125,125,218,93,141,250,109,157,282,125,125,453,328,156,343,187,157,516,359,109,2437,S3a
125,235,110,156,265,109,157,235,78,140,531,391,141,422,281,140,344,204,124,359,235,156,2547,S3a
125,250,125,141,250,109,156,219,63,140,312,172,156,422,266,172,422,250,125,297,172,124,2296,S3a
141,266,125,109,234,125,141,203,62,141,313,172,140,437,297,141,344,203,141,344,203,125,2266,S3a
125,250,125,125,234,109,141,235,94,125,328,203,140,375,235,187,343,156,157,313,156,141,2219,S3a
141,281,140,110,219,109,141,219,78,140,390,250,157,422,265,125,360,235,171,391,220,118,2400,S3a
113,238,125,125,234,109,125,266,141,125,266,141,125,422,297,140,390,250,141,359,218,172,2347,S3a
109,234,125,110,235,125,109,265,156,125,250,125,125,453,328,157,422,265,141,701,560,125,2685,S3a
125,250,125,125,219,94,156,219,63,125,328,203,141,391,250,156,359,203,125,312,187,141,2219,S3a
141,266,125,125,234,109,172,203,31,125,1111,986,125,469,344,156,453,297,140,375,235,156,3267,S3a
125,266,141,125,234,109,141,234,93,172,391,219,141,422,281,187,406,219,156,344,188,172,2469,S3a
130,255,125,125,250,125,131,210,79,125,390,265,125,437,312,157,422,265,141,328,187,188,2480,S3a
140,265,125,110,230,120,109,203,94,125,329,204,140,421,281,188,360,172,172,312,140,125,2245,S3a
141,266,125,109,218,109,125,250,125,125,360,235,171,437,266,172,344,172,140,406,266,156,2437,S3a
109,234,125,141,221,80,156,218,62,157,360,203,156,406,250,156,344,188,156,375,219,172,2330,S3a
125,250,125,140,250,110,140,296,156,125,297,172,125,438,313,172,375,203,140,375,235,156,2437,S3a
125,368,243,159,331,172,131,271,140,141,422,281,110,438,328,140,312,172,110,344,234,94,2580,S3a
125,265,140,141,266,125,141,234,93,125,391,266,125,375,250,156,344,188,140,359,219,141,2375,S3a
110,266,156,141,297,156,125,234,109,110,344,234,112,455,343,172,329,157,125,390,265,141,2456,S3a
156,312,156,110,250,140,125,250,125,125,454,329,140,453,313,151,313,162,141,313,172,125,2470,S3a
141,281,140,141,281,140,125,250,125,141,438,297,125,422,297,156,312,156,141,563,422,140,2687,S3a
109,250,141,125,250,125,94,297,203,109,406,297,94,447,353,141,344,203,125,391,266,109,2494,S3a
125,297,172,125,281,156,125,313,188,156,350,194,94,437,343,157,453,296,141,469,328,110,2710,S3a
127,305,178,119,291,172,125,281,156,110,563,453,109,484,375,156,391,235,140,500,360,93,2908,S3a
140,265,125,125,266,141,125,297,172,94,422,328,93,547,454,140,375,235,171,484,313,140,2796,S3a
140,296,156,157,297,140,172,328,156,157,454,297,109,468,359,172,344,172,141,437,296,125,2749,S3a
125,266,141,125,281,156,125,234,109,125,500,375,125,516,391,140,343,203,143,486,343,94,2720,S3a
125,282,157,109,250,141,109,250,141,125,281,156,140,392,252,157,422,265,110,406,296,125,2408,S3a
125,297,172,140,328,188,125,250,125,140,453,313,125,422,297,172,359,187,141,375,234,125,2609,S3a
110,266,156,109,266,157,109,218,109,110,345,235,93,406,313,125,359,234,110,375,265,157,2392,S3a
156,297,141,125,250,125,109,219,110,125,546,421,110,547,437,141,360,219,125,484,359,203,2906,S3a
109,250,141,109,234,125,94,203,109,125,328,203,94,422,328,141,375,234,141,438,297,109,2359,S3a
125,266,141,109,250,141,93,218,125,141,361,220,141,453,312,157,391,234,125,406,281,110,2455,S3a
109,234,125,110,250,140,110,203,93,125,422,297,154,501,347,141,375,234,141,438,297,125,2548,S3a
141,282,141,125,250,125,125,234,109,125,391,266,93,323,230,172,406,234,156,359,203,125,2370,S3a
125,247,122,125,250,125,94,234,140,125,344,219,110,406,296,143,362,219,125,375,250,109,2327,S3a
141,297,156,109,266,157,125,250,125,109,390,281,110,688,578,140,375,235,125,375,250,109,2750,S3a
110,250,140,110,266,156,94,187,93,141,438,297,94,547,453,142,376,234,141,391,250,140,2595,S3a
125,265,140,110,235,125,109,234,125,109,328,219,109,500,391,156,359,203,125,407,282,109,2437,S3a
125,250,125,109,250,141,93,203,110,125,390,265,125,438,313,125,359,234,125,438,313,109,2437,S3a
110,250,140,110,252,142,94,234,140,109,344,235,109,515,406,110,329,219,125,375,250,109,2408,S3a
125,234,109,125,266,141,110,266,156,109,375,266,125,531,406,141,406,265,141,391,250,125,2594,S3a
141,250,109,110,250,140,110,235,125,125,314,189,109,453,344,156,390,234,110,407,297,140,2439,S3a
109,250,141,109,250,141,93,234,141,127,392,265,94,391,297,156,390,234,125,391,266,141,2439,S3a
125,265,140,110,235,125,109,219,110,140,343,203,110,422,312,156,391,235,140,344,204,156,2375,S3a
125,265,140,124,249,125,110,266,156,125,344,219,94,390,296,141,360,219,125,406,281,109,2389,S3a
141,329,188,125,267,142,125,265,140,141,375,234,110,375,265,157,391,234,109,422,313,125,2549,S3a
125,266,141,109,297,188,94,332,238,125,750,625,78,1343,1265,110,419,309,125,469,344,109,3985,S3a
125,266,141,125,297,172,125,250,125,140,437,297,109,453,344,156,360,204,156,406,250,140,2609,S3a
156,297,141,140,281,141,156,281,125,125,391,266,125,422,297,172,406,234,141,374,233,125,2577,S3a
141,282,141,140,265,125,157,252,95,141,547,406,94,562,468,110,407,297,171,359,188,140,2814,S3a
125,281,156,93,249,156,110,204,94,125,359,234,125,437,312,141,375,234,125,375,250,172,2452,S3a
125,265,140,110,235,125,109,250,141,140,406,266,109,422,313,156,359,203,156,375,219,141,2453,S3a
141,297,156,125,281,156,125,188,63,172,453,281,125,359,234,125,375,250,141,406,265,110,2469,S3a
125,266,141,125,250,125,109,236,127,109,328,219,125,437,312,141,438,297,141,453,312,125,2533,S3a
141,281,140,110,235,125,109,203,94,125,422,297,109,359,250,141,391,250,140,328,188,142,2361,S3a
109,250,141,109,250,141,109,219,110,125,547,422,156,796,640,110,735,625,156,500,344,93,3390,S3a
157,297,140,125,281,156,141,282,141,109,375,266,125,562,437,110,391,281,140,500,360,78,2766,S3a
110,250,140,110,232,122,109,234,125,141,453,312,125,422,297,156,359,203,157,407,250,156,2513,S3a
157,297,140,141,282,141,125,234,109,125,344,219,140,422,282,140,406,266,125,437,312,156,2578,S3a
125,266,141,125,250,125,93,250,157,109,343,234,125,485,360,140,422,282,187,421,234,141,2578,S3a
188,313,125,125,250,125,125,234,109,141,344,203,109,470,361,203,391,188,156,406,250,140,2548,S3a
140,265,125,125,250,125,125,235,110,124,328,204,125,484,359,125,391,266,140,392,252,140,2485,S3a
141,281,140,125,250,125,110,266,156,140,437,297,125,438,313,156,405,249,141,375,234,141,2593,S3a
125,297,172,125,266,141,125,219,94,140,421,281,125,391,266,156,406,250,141,413,272,156,2569,S3a
140,281,141,125,266,141,125,250,125,125,390,265,110,344,234,172,422,250,156,453,297,156,2562,S3a
140,281,141,125,250,125,125,234,109,141,377,236,140,469,329,140,421,281,141,454,313,156,2642,S3a
141,281,140,125,250,125,125,266,141,172,359,187,141,609,468,162,474,312,157,688,531,125,3052,S3a
141,329,188,156,1218,1062,157,469,312,125,797,672,141,437,296,172,375,203,172,438,266,140,4203,S3a
156,281,125,125,282,157,106,246,140,172,438,266,125,378,253,187,453,266,140,484,344,109,2671,S3a
125,281,156,125,266,141,125,281,156,125,328,203,141,438,297,140,422,282,140,484,344,156,2656,S3a
140,296,156,125,266,141,109,281,172,141,328,187,110,438,328,156,406,250,125,422,297,125,2562,S3a
125,266,141,109,250,141,125,250,125,140,375,235,132,469,337,157,391,234,141,422,281,156,2579,S3a
109,265,156,125,250,125,125,266,141,125,375,250,125,359,234,172,453,281,110,438,328,109,2515,S3a
125,250,125,125,250,125,109,266,157,140,375,235,125,390,265,188,391,203,140,422,282,156,2500,S3a
141,281,140,110,235,125,125,234,109,141,313,172,125,328,203,346,698,352,172,438,266,140,2667,S3a
115,255,140,125,250,125,110,297,187,109,359,250,110,360,250,140,375,235,140,406,266,141,2443,S3a
125,265,140,110,235,125,109,203,94,140,359,219,109,359,250,188,438,250,125,344,219,156,2359,S3a
125,250,125,125,266,141,94,203,109,125,375,250,156,500,344,156,408,252,141,375,234,141,2518,S3a
141,266,125,125,250,125,109,187,78,157,407,250,125,375,250,187,406,219,140,375,235,156,2422,S3a
111,236,125,110,250,140,110,235,125,125,297,172,125,375,250,187,531,344,140,344,204,140,2408,S3a
109,234,125,125,235,110,93,281,188,109,359,250,110,469,359,125,391,266,125,408,283,125,2502,S3a
109,250,141,109,234,125,110,235,125,140,328,188,140,441,301,156,453,297,125,516,391,187,2644,S3a
126,266,140,141,266,125,125,250,125,156,500,344,125,437,312,172,391,219,172,406,234,141,2657,S3a
125,250,125,141,281,140,110,266,156,110,500,390,141,500,359,129,444,315,125,469,344,125,2835,S3a
119,259,140,125,250,125,125,235,110,109,344,235,109,406,297,156,406,250,125,687,562,110,2697,S3a
172,406,234,172,407,235,140,468,328,157,579,422,156,500,344,125,468,343,172,453,281,110,3391,S3a
141,438,297,140,314,174,125,406,281,141,531,390,141,547,406,203,375,172,156,563,407,109,3283,S3a
141,375,234,125,297,172,125,344,219,156,453,297,109,468,359,172,391,219,156,688,532,141,3157,S3a
140,343,203,141,313,172,156,312,156,157,969,812,141,438,297,140,500,360,125,500,375,125,3500,S3a
172,344,172,125,281,156,125,297,172,141,408,267,109,422,313,156,422,266,125,449,324,141,2764,S3a
141,313,172,125,265,140,125,297,172,125,391,266,125,406,281,156,406,250,125,360,235,141,2579,S3a
141,297,156,125,281,156,141,282,141,140,359,219,125,422,297,156,437,281,157,453,296,157,2688,S3a
125,266,141,156,266,110,125,281,156,140,359,219,110,516,406,125,438,313,140,937,797,125,3188,S3a
140,328,188,140,281,141,125,250,125,156,375,219,141,422,281,203,625,422,172,562,390,156,2999,S3a
172,422,250,171,1500,1329,156,343,187,142,424,282,140,531,391,141,547,406,172,558,386,125,4450,S3a
140,281,141,141,266,125,140,234,94,141,328,187,125,422,297,141,406,265,156,344,188,125,2406,S3a
156,312,156,141,250,109,141,219,78,156,281,125,141,391,250,203,406,203,140,428,288,141,2428,S3a
156,328,172,141,266,125,125,250,125,109,297,188,125,406,281,172,391,219,125,421,296,141,2500,S3a
125,266,141,141,266,125,140,203,63,140,375,235,156,390,234,125,407,282,140,499,359,141,2547,S3a
125,265,140,141,282,141,109,234,125,125,469,344,172,375,203,125,375,250,140,312,172,110,2422,S3a
125,250,125,125,250,125,125,156,31,156,656,500,125,391,266,125,392,267,125,344,219,125,2564,S3a
125,266,141,140,265,125,110,188,78,140,437,297,156,500,344,156,438,282,125,406,281,125,2625,S3a
141,266,125,141,250,109,109,187,78,141,469,328,141,626,485,156,437,281,141,359,218,125,2719,S3a
125,250,125,140,250,110,125,218,93,141,360,219,125,500,375,203,406,203,156,484,328,94,2562,S3a
125,273,148,125,234,109,141,212,71,156,390,234,125,469,344,125,406,281,125,344,219,156,2484,S3a
125,250,125,125,250,125,125,203,78,172,500,328,125,375,250,172,391,219,140,359,219,109,2437,S3a
125,265,140,141,266,125,109,203,94,110,487,377,94,2516,2422,156,297,141,140,921,781,110,5065,S3a
111,236,125,110,235,125,94,172,78,109,389,280,94,360,266,140,343,203,110,333,223,125,2193,S3a
125,250,125,125,281,156,141,250,109,141,594,453,125,390,265,157,485,328,125,500,375,125,2875,S3a
125,250,125,125,252,127,125,187,62,141,547,406,125,375,250,188,360,172,156,375,219,125,2471,S3a
110,235,125,125,234,109,110,203,93,110,344,234,109,578,469,156,313,157,156,328,172,125,2360,S3a
160,137,-23,103,39,-64,136,168,32,112,1232,1120,96,808,712,112,168,56,80,280,200,88,2920,S1a
104,176,72,88,56,-32,112,168,56,88,336,248,80,360,280,128,416,288,88,504,416,112,2128,S1a
112,112,0,80,32,-48,112,144,32,112,720,608,72,416,344,128,144,16,88,296,208,80,1944,S1a
104,80,-24,128,56,-72,137,136,-1,120,344,224,64,560,496,104,105,1,55,184,129,87,1552,S1a
96,144,48,96,41,-55,120,151,31,72,296,224,64,457,393,112,112,0,55,175,120,104,1480,S1a
87,176,89,111,31,-80,136,161,25,79,224,145,79,264,185,111,144,33,71,199,128,88,1287,S1a
40,161,121,119,71,-48,96,145,49,87,1135,1048,96,465,369,111,552,441,95,136,41,87,2752,S1a
104,120,16,111,55,-56,120,153,33,80,264,184,64,656,592,128,128,0,128,232,104,80,1688,S1a
88,168,80,111,56,-55,136,136,0,96,208,112,80,448,368,128,128,0,88,192,104,103,1439,S1a
78,199,121,111,31,-80,138,160,22,81,208,127,89,537,448,103,88,-15,96,240,144,96,1559,S1a
103,232,129,120,56,-64,112,144,32,88,232,144,80,616,536,96,112,16,88,200,112,104,1696,S1a
104,144,40,104,48,-56,136,168,32,80,232,152,80,432,352,128,128,0,88,168,80,96,1416,S1a
112,152,40,96,40,-56,120,152,32,80,224,144,80,624,544,112,113,1,87,191,104,88,1584,S1a
104,128,24,96,56,-40,120,152,32,104,264,160,80,392,312,104,105,1,55,223,168,88,1408,S1a
88,168,80,120,48,-72,136,168,32,96,248,152,96,368,272,96,128,32,64,160,96,80,1368,S1a
104,184,80,152,64,-88,89,144,55,80,208,128,64,232,168,104,272,168,104,128,24,88,1320,S1a
88,96,8,80,40,-40,104,144,40,80,192,112,80,400,320,113,113,0,63,207,144,128,1320,S1a
104,160,56,56,8,-48,128,160,32,80,176,96,80,312,232,112,192,80,80,136,56,88,1232,S1a
105,104,-1,88,48,-40,112,136,24,80,264,184,72,536,464,97,64,-33,80,216,136,96,1464,S1a
127,175,48,80,33,-47,119,159,40,96,345,249,87,272,185,128,128,0,63,167,104,104,1383,S1a
103,167,64,128,80,-48,112,144,32,107,232,125,104,432,328,113,113,0,79,191,112,96,1455,S1a
96,95,-1,112,56,-56,137,137,0,79,279,200,80,409,329,104,104,0,79,200,121,127,1407,S1a
87,127,40,80,33,-47,136,136,0,87,264,177,79,319,240,113,113,0,63,215,152,120,1327,S1a
112,112,0,95,47,-48,129,144,15,80,304,224,88,312,224,104,264,160,104,129,25,87,1399,S1a
105,145,40,79,39,-40,129,160,31,73,273,200,63,312,249,103,136,33,63,168,105,71,1304,S1a
87,183,96,88,32,-56,127,176,49,72,248,176,72,361,289,95,119,24,72,193,121,103,1415,S1a
104,104,0,112,64,-48,112,112,0,79,224,145,71,392,321,96,96,0,64,200,136,96,1288,S1a
104,136,32,96,48,-48,128,136,8,88,272,184,96,464,368,112,112,0,64,176,112,104,1448,S1a
96,136,40,104,40,-64,153,152,-1,88,304,216,80,351,271,113,114,1,47,207,160,96,1400,S1a
120,152,32,120,64,-56,127,112,-15,104,568,464,80,496,416,128,129,1,71,143,72,128,1792,S1a
120,144,24,136,64,-72,112,128,16,80,264,184,80,264,184,112,128,16,80,168,88,112,1272,S1a
88,112,24,120,72,-48,112,128,16,72,224,152,72,343,271,105,106,1,47,191,144,104,1280,S1a
101,109,8,120,56,-64,120,152,32,80,216,136,88,320,232,104,105,1,71,167,96,88,1213,S1a
153,152,-1,96,40,-56,104,136,32,72,232,160,80,232,152,128,136,8,80,184,104,104,1216,S1a
105,104,-1,120,64,-56,129,128,-1,104,232,128,72,272,200,104,160,56,64,168,104,128,1256,S1a
112,112,0,168,112,-56,88,104,16,80,232,152,72,328,256,96,97,1,55,207,152,80,1272,S1a
119,118,-1,112,48,-64,145,144,-1,64,208,144,67,297,230,127,128,1,63,192,129,103,1238,S1a
89,88,-1,96,40,-56,120,152,32,64,192,128,80,264,184,112,136,24,64,168,104,88,1128,S1a
105,105,0,103,63,-40,120,144,24,80,216,136,64,233,169,127,159,32,72,169,97,103,1192,S1a
136,168,32,200,200,0,111,144,33,55,744,689,47,136,89,111,288,177,71,183,112,128,1991,S1a
104,104,0,119,79,-40,98,152,54,88,192,104,64,265,201,127,168,41,79,160,81,95,1215,S1a
135,152,17,112,56,-56,144,144,0,87,367,280,96,176,80,127,168,41,80,161,81,112,1336,S1a
136,304,168,88,39,-49,129,160,31,80,280,200,65,241,176,135,135,0,104,185,81,103,1447,S1a
103,144,41,103,47,-56,129,161,32,63,248,185,88,272,184,127,160,33,80,168,88,104,1304,S1a
128,128,0,112,40,-72,136,152,16,79,232,153,80,304,224,103,128,25,79,192,113,112,1288,S1a
144,168,24,88,48,-40,120,144,24,80,208,128,80,248,168,128,128,0,80,200,120,112,1256,S1a
127,167,40,113,57,-56,120,136,16,88,216,128,64,216,152,104,160,56,80,152,72,112,1216,S1a
128,128,0,136,97,-39,104,104,0,96,200,104,72,256,184,120,144,24,80,160,80,104,1193,S1a
112,112,0,88,56,-32,128,128,0,104,200,96,80,264,184,112,112,0,72,168,96,104,1144,S1a
128,160,32,104,64,-40,120,128,8,80,192,112,79,224,145,120,152,32,64,152,88,88,1160,S1a
136,167,31,56,16,-40,129,129,0,80,232,152,63,208,145,136,168,32,80,167,87,97,1184,S1a
112,168,56,95,40,-55,160,160,0,72,192,120,56,216,160,128,184,56,72,176,104,96,1232,S1a
128,160,32,87,48,-39,144,144,0,80,192,112,64,208,144,112,152,40,80,136,56,104,1144,S1a
104,168,64,104,64,-40,104,128,24,88,184,96,64,240,176,104,144,40,64,152,88,104,1184,S1a
137,136,-1,72,32,-40,120,128,8,112,240,128,72,192,120,120,152,32,80,168,88,104,1152,S1a
145,144,-1,120,80,-40,96,96,0,79,232,153,80,216,136,112,144,32,80,168,88,104,1184,S1a
104,136,32,96,56,-40,121,120,-1,72,208,136,80,192,112,112,176,64,80,176,96,144,1208,S1a
104,136,32,88,48,-40,113,112,-1,72,224,152,64,168,104,104,160,56,80,152,72,88,1088,S1a
104,120,16,97,64,-33,121,120,-1,88,216,128,64,176,112,120,200,80,80,136,56,72,1104,S1a
95,127,32,88,48,-40,121,120,-1,80,240,160,40,192,152,104,136,32,88,216,128,128,1207,S1a
120,88,-32,120,64,-56,113,112,-1,88,184,96,64,320,256,112,128,16,80,192,112,104,1192,S1a
88,120,32,104,64,-40,97,96,-1,104,217,113,71,311,240,128,129,1,71,176,105,79,1192,S1a
111,176,65,111,79,-32,120,120,0,64,209,145,79,207,128,104,184,80,80,160,80,104,1239,S1a
111,151,40,120,64,-56,112,168,56,72,152,80,64,241,177,103,160,57,63,160,97,87,1183,S1a
129,129,0,103,55,-48,113,113,0,79,182,103,73,233,160,104,136,32,81,152,71,88,1088,S1a
111,183,72,72,25,-47,152,152,0,87,224,137,55,279,224,121,121,0,87,176,89,111,1271,S1a
104,128,24,104,56,-48,104,127,23,88,185,97,55,280,225,103,120,17,79,176,97,95,1167,S1a
111,128,17,119,79,-40,120,120,0,81,193,112,71,200,129,114,151,37,72,161,89,104,1136,S1a
104,144,40,72,36,-36,124,140,16,80,200,120,64,264,200,104,104,0,80,208,128,104,1200,S1a
112,112,0,120,80,-40,128,128,0,80,184,104,80,224,144,104,136,32,80,152,72,104,1120,S1a
104,200,96,144,80,-64,144,144,0,104,160,56,88,272,184,104,120,16,80,200,120,80,1256,S1a
112,176,64,97,56,-41,128,128,0,104,208,104,64,224,160,112,144,32,72,176,104,104,1216,S1a
88,120,32,104,48,-56,144,144,0,72,184,112,64,176,112,128,184,56,80,168,88,104,1128,S1a
112,168,56,120,56,-64,152,152,0,104,168,64,72,240,168,128,168,40,80,144,64,96,1192,S1a
112,136,24,104,40,-64,129,128,-1,80,200,120,80,328,248,88,89,1,39,199,160,112,1232,S1a
80,56,-24,136,96,-40,104,120,16,80,168,88,80,232,152,104,120,16,64,168,104,88,1048,S1a
80,120,40,120,80,-40,121,120,-1,80,184,104,88,216,128,96,136,40,112,176,64,88,1120,S1a
112,168,56,136,112,-24,104,104,0,96,176,80,80,176,96,112,184,72,80,136,56,104,1160,S1a
104,136,32,128,88,-40,120,136,16,80,160,80,88,264,176,104,160,56,72,160,88,112,1216,S1a
112,111,-1,112,56,-56,153,152,-1,80,176,96,88,288,200,104,105,1,79,191,112,96,1175,S1a
104,136,32,112,56,-56,145,144,-1,104,160,56,72,232,160,112,112,0,73,297,224,87,1224,S1a
72,71,-1,152,104,-48,129,128,-1,88,176,88,56,232,176,104,136,32,56,160,104,96,1103,S1a
128,160,32,72,24,-48,104,121,17,79,175,96,80,304,224,112,145,33,71,168,97,79,1176,S1a
87,143,56,96,56,-40,129,128,-1,80,177,97,63,223,160,128,129,1,87,191,104,88,1135,S1a
95,119,24,104,40,-64,145,145,0,103,183,80,72,257,185,127,167,40,80,200,120,120,1231,S1a
88,129,41,104,32,-72,134,119,-15,97,200,103,64,192,128,144,200,56,81,185,104,95,1152,S1a
111,136,25,79,15,-64,153,153,0,79,184,105,63,176,113,135,168,33,79,176,97,127,1135,S1a
96,96,0,111,63,-48,145,145,0,71,176,105,78,168,90,127,184,57,71,144,73,127,1103,S1a
87,152,65,56,0,-56,152,152,0,79,192,113,79,232,153,128,168,40,71,160,89,103,1159,S1a
128,128,0,103,40,-63,144,144,0,79,192,113,55,248,193,128,160,32,71,184,113,87,1183,S1a
111,128,17,160,72,-88,128,128,0,95,176,81,71,184,113,127,176,49,72,160,88,79,1103,S1a
130,129,-1,127,63,-64,128,128,0,79,184,105,64,216,152,96,120,24,64,176,112,96,1112,S1a
104,136,32,96,41,-55,143,143,0,80,184,104,56,224,168,104,152,48,64,152,88,104,1136,S1a
128,136,8,96,56,-40,127,104,-23,64,192,128,80,208,128,136,137,1,79,183,104,95,1111,S1a
104,136,32,72,15,-57,129,121,-8,96,248,152,35,328,293,128,129,1,47,175,128,104,1256,S1a
112,144,32,112,56,-56,129,128,-1,79,176,97,80,256,176,120,136,16,80,168,88,104,1168,S1a
112,136,24,120,48,-72,152,128,-24,80,208,128,64,288,224,104,104,0,80,208,128,112,1232,S1a
105,104,-1,160,104,-56,113,112,-1,96,192,96,56,184,128,120,152,32,80,176,96,96,1120,S1a
105,104,-1,96,40,-56,113,112,-1,80,288,208,80,351,271,106,89,-17,80,208,128,104,1296,S1a
95,119,24,104,56,-48,105,105,0,94,271,177,72,312,240,114,88,-26,72,376,304,112,1439,S1a
112,112,0,79,40,-39,103,120,17,71,199,128,64,280,216,88,89,1,79,159,80,80,1079,S1a
80,128,48,72,40,-32,96,153,57,79,120,41,79,271,192,105,105,0,79,160,81,79,1056,S1a
89,152,63,105,105,0,39,72,33,79,207,128,57,153,96,103,184,81,63,111,48,80,1064,S1a
80,80,0,87,71,-16,57,89,32,71,176,105,55,216,161,95,120,25,63,144,81,87,983,S1a
79,112,33,104,72,-32,71,103,32,73,177,104,63,184,121,88,144,56,71,127,56,89,1008,S1a
87,135,48,113,81,-32,80,112,32,71,160,89,64,1424,1360,71,96,25,56,144,88,79,2231,S1a
81,81,0,87,48,-39,95,127,32,64,185,121,64,288,224,104,128,24,56,168,112,88,1113,S1a
87,136,49,104,56,-48,104,143,39,65,169,104,63,224,161,104,216,112,72,136,64,95,1175,S1a
71,128,57,88,40,-48,112,152,40,80,176,96,64,248,184,112,192,80,48,120,72,96,1152,S1a
104,168,64,88,56,-32,96,128,32,72,184,112,80,216,136,104,152,48,80,136,56,88,1128,S1a
80,136,56,135,103,-32,97,121,24,72,176,104,72,224,152,80,120,40,88,168,80,96,1144,S1a
104,128,24,160,128,-32,112,112,0,64,160,96,80,208,128,112,152,40,64,152,88,88,1128,S1a
56,336,280,120,56,-64,121,120,-1,80,216,136,72,360,288,111,96,-15,72,208,136,88,1480,S1a
104,152,48,32,1,-31,127,407,280,120,728,608,56,424,368,80,81,1,71,175,104,96,2064,S1a
89,88,-1,88,56,-32,96,104,8,72,256,184,48,512,464,101,80,-21,72,177,105,95,1368,S1a
88,216,128,104,56,-48,128,152,24,80,208,128,64,320,256,120,121,1,79,191,112,104,1368,S1a
112,176,64,72,24,-48,128,136,8,80,200,120,56,240,184,128,129,1,79,184,105,103,1192,S1a
104,136,32,104,48,-56,120,152,32,56,176,120,64,225,161,128,128,0,63,175,112,112,1152,S1a
104,144,40,72,24,-48,120,136,16,80,185,105,55,248,193,104,104,0,63,176,113,120,1137,S1a
88,129,41,80,15,-65,145,145,0,79,160,81,79,191,112,104,144,40,64,153,89,87,1024,S1a
136,135,-1,97,56,-41,96,129,33,79,159,80,80,249,169,120,120,0,63,184,121,103,1135,S1a
119,176,57,88,47,-41,120,153,33,79,144,65,71,232,161,128,128,0,71,200,129,104,1184,S1a
95,184,89,136,80,-56,111,144,33,80,160,80,55,239,184,113,113,0,80,192,112,104,1216,S1a
104,144,40,119,48,-71,144,152,8,64,168,104,80,256,176,127,144,17,88,200,112,96,1208,S1a
104,104,0,96,40,-56,120,160,40,56,144,88,72,248,176,104,112,8,64,192,128,88,1088,S1a
120,120,0,88,56,-32,120,152,32,55,160,105,55,208,153,80,160,80,80,200,120,104,1160,S1a
104,160,56,96,15,-81,137,169,32,80,160,80,56,208,152,88,104,16,56,176,120,80,1072,S1a
80,96,16,96,40,-56,135,120,-15,88,184,96,72,224,152,112,144,32,80,184,104,80,1072,S1a
129,128,-1,80,24,-56,120,120,0,80,184,104,64,240,176,96,144,48,56,152,96,104,1096,S1a
111,128,17,72,40,-32,111,111,0,81,217,136,56,1368,1312,88,89,1,63,215,152,96,2264,S1a
104,144,40,80,25,-55,136,135,-1,96,184,88,56,304,248,113,113,0,63,175,112,88,1168,S1a
96,128,32,96,40,-56,121,120,-1,96,200,104,64,248,184,120,121,1,63,191,128,80,1128,S1a
120,128,8,128,88,-40,80,112,32,80,161,81,79,231,152,104,128,24,72,176,104,96,1120,S1a
96,145,49,111,31,-80,136,144,8,88,192,104,48,208,160,105,105,0,79,208,129,103,1136,S1a
104,120,16,112,56,-56,145,144,-1,80,183,103,57,273,216,104,105,1,47,184,137,103,1168,S1a
88,143,55,105,50,-55,119,151,32,103,173,70,75,363,288,120,120,0,63,175,112,104,1279,S1a
105,105,0,103,55,-48,137,145,8,87,184,97,55,256,201,103,112,9,79,191,112,96,1144,S1a
95,120,25,103,47,-56,145,161,16,87,143,56,80,257,177,120,120,0,79,167,88,89,1104,S1a
88,128,40,111,55,-56,137,169,32,71,136,65,79,232,153,120,136,16,63,192,129,96,1144,S1a
128,128,0,112,56,-56,120,151,31,97,136,39,81,289,208,95,128,33,64,160,96,104,1152,S1a
96,144,48,104,32,-72,128,128,0,104,144,40,80,343,263,97,98,1,55,183,128,112,1184,S1a
136,208,72,168,56,-112,152,184,32,80,168,88,72,288,216,96,136,40,64,144,80,104,1288,S1a
128,128,0,96,48,-48,112,112,0,72,216,144,80,272,192,120,176,56,64,152,88,112,1216,S1a
80,56,-24,153,128,-25,88,120,32,72,184,112,64,272,208,112,360,248,72,112,40,80,1312,S1a
64,96,32,72,34,-38,94,126,32,80,168,88,56,216,160,88,120,32,56,136,80,64,960,S1a
104,104,0,80,40,-40,96,120,24,72,200,128,64,240,176,96,112,16,64,160,96,80,1056,S1a
104,120,16,96,56,-40,121,120,-1,80,184,104,72,184,112,96,120,24,64,160,96,88,1032,S1a
105,104,-1,88,31,-57,122,121,-1,80,240,160,64,344,280,104,105,1,55,167,112,112,1224,S1a
105,104,-1,80,32,-48,137,136,-1,72,192,120,71,296,225,112,113,1,71,175,104,112,1160,S1a
112,112,0,80,32,-48,129,128,-1,80,184,104,80,343,263,138,138,0,63,175,112,104,1216,S1a
81,80,-1,112,56,-56,121,120,-1,64,176,112,72,216,144,104,136,32,64,144,80,104,1032,S1a
81,80,-1,90,56,-34,88,128,40,56,144,88,72,208,136,104,120,16,80,144,64,96,976,S1a
73,72,-1,128,80,-48,105,105,0,79,167,88,80,176,96,120,184,64,64,137,73,95,1016,S1a
79,111,32,88,32,-56,104,136,32,56,153,97,63,263,200,104,121,17,63,191,128,80,1087,S1a
128,128,0,112,63,-49,97,97,0,79,192,113,63,240,177,112,144,32,79,144,65,103,1111,S1a
72,104,32,79,39,-40,129,129,0,63,152,89,71,205,134,82,123,41,64,152,88,104,1008,S1a
120,120,0,72,24,-48,119,104,-15,80,208,128,64,288,224,128,129,1,71,167,96,104,1144,S1a
96,120,24,104,48,-56,120,120,0,88,200,112,64,280,216,112,112,0,72,168,96,104,1152,S1a
64,104,40,80,34,-46,151,150,-1,80,176,96,80,208,128,80,160,80,56,128,72,80,1040,S1a
72,96,24,120,56,-64,111,96,-15,80,208,128,64,160,96,112,151,39,73,153,80,88,1008,S1a
104,120,16,120,56,-64,136,136,0,80,168,88,88,232,144,112,168,56,80,120,40,104,1104,S1a
120,128,8,184,120,-64,112,120,8,88,160,72,56,192,136,96,128,32,72,152,80,96,1096,S1a
34,72,38,120,1696,1576,89,88,-1,120,512,392,80,144,64,104,160,56,80,136,56,80,2888,S1a
112,112,0,96,48,-48,113,112,-1,72,232,160,48,240,192,104,104,0,56,160,104,112,1120,S1a
72,88,16,88,40,-48,120,120,0,64,160,96,72,248,176,80,81,1,62,151,89,96,984,S1a
105,104,-1,96,48,-48,128,136,8,88,168,80,56,184,128,112,112,0,64,144,80,104,1000,S1a
88,104,16,120,56,-64,136,160,24,72,136,64,80,224,144,96,96,0,64,152,88,88,1016,S1a
104,136,32,96,40,-56,136,168,32,56,136,80,64,168,104,104,208,104,64,120,56,104,1080,S1a
105,104,-1,104,56,-48,129,128,-1,80,176,96,56,176,120,96,144,48,56,136,80,88,1008,S1a
104,136,32,88,32,-56,120,136,16,80,144,64,80,208,128,121,121,0,63,151,88,96,1024,S1a
112,169,57,110,55,-55,112,137,25,71,151,80,72,200,128,96,128,32,80,153,73,103,1096,S1a
103,120,17,119,63,-56,121,121,0,70,176,106,63,168,105,111,152,41,79,136,57,103,1039,S1a
112,111,-1,128,40,-88,137,137,0,79,176,97,72,184,112,96,152,56,64,128,64,103,1031,S1a
120,120,0,119,55,-64,112,120,8,72,177,105,55,167,112,97,129,32,64,168,104,79,1015,S1a
103,136,33,112,56,-56,128,152,24,56,160,104,71,192,121,104,160,56,64,120,56,103,1079,S1a
104,104,0,127,72,-55,120,120,0,55,168,113,80,160,80,120,152,32,64,152,88,88,1016,S1a
120,120,0,88,32,-56,136,136,0,64,168,104,71,176,105,88,144,56,48,152,104,104,1032,S1a
95,111,16,129,48,-81,137,161,24,56,136,80,64,192,128,103,120,17,88,176,88,112,1056,S1a
104,104,0,112,56,-56,96,120,24,56,152,96,88,192,104,112,152,40,64,144,80,112,1032,S1a
128,128,0,104,40,-64,128,160,32,40,120,80,80,200,120,128,128,0,80,160,80,88,1024,S1a
128,168,40,136,80,-56,112,112,0,80,168,88,64,168,104,104,144,40,80,136,56,96,1072,S1a
112,152,40,96,32,-64,136,168,32,64,144,80,80,328,248,64,192,128,80,96,16,104,1216,S1a
128,128,0,88,24,-64,136,152,16,80,152,72,72,200,128,112,144,32,56,152,96,96,1048,S1a
128,168,40,64,1,-63,144,143,-1,72,168,96,64,168,104,96,144,48,64,160,96,88,1040,S1a
104,120,16,136,32,-104,144,176,32,56,160,104,64,176,112,104,136,32,56,160,104,80,1040,S1a
129,128,-1,120,64,-56,137,136,-1,64,192,128,72,144,72,112,168,56,56,136,80,112,1080,S1a
128,152,24,104,15,-89,153,129,-24,80,185,105,63,166,103,105,162,57,63,119,56,112,1040,S1a
144,232,88,80,28,-52,133,132,-1,80,176,96,72,200,128,96,152,56,64,152,88,96,1168,S1a
129,128,-1,96,16,-80,129,128,-1,80,160,80,72,224,152,105,105,0,79,176,97,103,1040,S1a
127,183,56,96,40,-56,144,160,16,72,497,425,63,167,104,88,144,56,64,145,81,103,1439,S1a
129,137,8,79,31,-48,137,137,0,71,183,112,56,168,112,88,144,56,72,137,65,88,1025,S1a
113,162,49,87,31,-56,137,137,0,87,175,88,73,177,104,111,168,57,55,120,65,96,1066,S1a
111,152,41,111,24,-87,144,176,32,63,167,104,64,177,113,104,207,103,48,137,89,96,1136,S1a
112,144,32,112,32,-80,160,160,0,63,168,105,128,264,136,103,232,129,72,152,80,80,1232,S1a
120,144,24,80,31,-49,116,147,31,70,150,80,56,240,184,88,88,0,56,184,128,88,1072,S1a
103,200,97,80,0,-80,128,168,40,72,160,88,56,224,168,104,104,0,80,176,96,88,1120,S1a
104,136,32,120,40,-80,136,136,0,80,160,80,56,224,168,104,120,16,64,176,112,104,1096,S1a
110,110,0,72,16,-56,120,120,0,80,208,128,72,192,120,104,160,56,64,112,48,88,1006,S1a
105,104,-1,80,27,-53,93,109,16,64,200,136,72,248,176,121,121,0,55,159,104,72,1040,S1a
104,160,56,120,64,-56,104,145,41,79,143,64,80,280,200,96,112,16,64,144,80,88,1136,S1a
72,96,24,135,88,-47,113,112,-1,56,200,144,56,216,160,104,128,24,80,161,81,79,1080,S1a
80,112,32,112,64,-48,113,112,-1,64,176,112,80,176,96,104,136,32,64,160,96,80,1016,S1a
80,112,32,112,56,-56,113,112,-1,88,168,80,80,208,128,104,152,48,64,168,104,88,1064,S1a
72,96,24,104,80,-24,104,120,16,72,168,96,56,153,97,127,184,57,71,151,80,104,1056,S1a
81,81,0,111,56,-55,112,111,-1,88,200,112,56,225,169,79,103,24,64,145,81,87,1008,S1a
79,144,65,96,64,-32,87,120,33,63,144,81,71,208,137,112,112,0,79,152,73,79,1023,S1a
111,152,41,103,55,-48,121,153,32,80,152,72,72,192,120,128,128,0,71,151,80,89,1072,S1a
104,104,0,72,24,-48,112,112,0,96,224,128,64,272,208,128,128,0,80,144,64,104,1112,S1a
88,88,0,104,48,-56,120,120,0,80,184,104,56,280,224,120,120,0,80,176,96,96,1112,S1a
88,80,-8,88,32,-56,120,120,0,80,168,88,56,256,200,104,105,1,79,159,80,104,1024,S1a
80,104,24,80,15,-65,153,153,0,64,168,104,72,168,96,112,160,48,88,152,64,104,1024,S1a
112,112,0,80,24,-56,121,120,-1,80,256,176,72,168,96,96,152,56,64,120,56,112,1064,S1a
103,88,-15,112,56,-56,113,112,-1,80,168,88,80,240,160,112,113,1,71,151,80,112,1040,S1a
112,152,40,120,64,-56,119,104,-15,112,216,104,48,168,120,128,152,24,64,143,79,89,1088,S1a
95,240,145,128,72,-56,120,151,31,105,193,88,80,240,160,136,168,32,96,200,104,96,1360,S1a
105,104,-1,88,56,-32,105,104,-1,80,192,112,80,208,128,112,136,24,80,144,64,104,1048,S1a
112,120,8,120,64,-56,113,113,0,79,400,321,111,167,56,128,240,112,72,104,32,104,1312,S1a
136,136,0,143,64,-79,111,143,32,80,160,80,80,240,160,104,160,56,88,153,65,112,1168,S1a
104,144,40,113,36,-77,132,164,32,80,169,89,63,232,169,103,128,25,63,159,96,104,1136,S1a
95,128,33,135,79,-56,137,153,16,79,128,49,87,224,137,104,127,23,57,161,104,87,1087,S1a
112,128,16,119,72,-47,96,128,32,72,143,71,81,201,120,112,144,32,56,160,104,88,1064,S1a
103,208,105,120,1,-119,143,191,48,80,183,103,73,201,128,112,280,168,80,160,80,112,1336,S1a
104,144,40,96,35,-61,133,133,0,79,176,97,72,168,96,104,160,56,72,144,72,104,1064,S1a
128,160,32,96,32,-64,112,152,40,80,136,56,64,256,192,112,144,32,80,176,96,80,1136,S1a
128,168,40,104,40,-64,104,104,0,80,184,104,72,392,320,144,145,1,71,207,136,104,1344,S1a
96,136,40,120,48,-72,112,128,16,80,168,88,80,264,184,120,121,1,78,167,89,88,1120,S1a
111,136,25,112,56,-56,113,112,-1,88,184,96,72,199,127,113,145,32,72,152,80,88,1072,S1a
128,160,32,104,40,-64,111,96,-15,80,296,216,72,159,87,129,281,152,64,160,96,127,1319,S1a
104,137,33,87,31,-56,112,111,-1,81,193,112,56,248,192,96,97,1,71,167,96,88,1072,S1a
104,136,32,104,40,-64,120,137,17,79,167,88,80,248,168,80,96,16,72,224,152,104,1152,S1a
105,104,-1,96,40,-56,104,112,8,80,164,84,60,188,128,104,152,48,64,120,56,96,976,S1a
104,136,32,112,36,-76,117,116,-1,80,184,104,64,176,112,112,160,48,64,120,56,104,1032,S1a
128,160,32,152,24,-128,169,168,-1,80,808,728,65,512,447,128,96,-32,64,240,176,36,2044,S1a
112,151,39,120,48,-72,105,104,-1,80,201,121,55,223,168,120,121,1,79,168,89,87,1103,S1a
152,808,656,136,56,-80,88,145,57,111,151,40,80,369,289,109,110,1,72,177,105,112,1928,S1a
120,119,-1,121,57,-64,96,96,0,87,192,105,64,271,207,120,233,113,71,176,105,103,1247,S1a
136,136,0,144,80,-64,120,120,0,79,176,97,72,192,120,103,136,33,79,152,73,87,1079,S1a
112,112,0,112,80,-32,88,88,0,64,160,96,63,208,145,128,128,0,64,176,112,95,1047,S1a
112,128,16,112,48,-64,104,104,0,80,176,96,72,224,152,104,120,16,80,160,80,88,1048,S1a
104,128,24,144,56,-88,129,129,0,87,191,104,63,200,137,80,183,103,88,160,72,96,1143,S1a
88,144,56,120,63,-57,128,105,-23,64,192,128,80,224,144,136,192,56,72,144,72,104,1168,S1a
96,128,32,160,104,-56,104,104,0,64,168,104,56,184,128,96,192,96,104,152,48,120,1152,S1a
104,144,40,120,64,-56,113,112,-1,48,160,112,80,232,152,88,168,80,72,136,64,96,1112,S1a
88,112,24,104,40,-64,105,104,-1,80,200,120,72,232,160,88,136,48,64,152,88,104,1080,S1a
56,144,88,144,112,-32,89,88,-1,88,256,168,80,144,64,104,184,80,80,128,48,88,1144,S1a
112,152,40,88,49,-39,96,95,-1,64,200,136,80,273,193,127,224,97,47,232,185,119,1344,S1a
103,136,33,120,15,-105,152,137,-15,71,207,136,80,209,129,111,263,152,80,144,64,104,1215,S1a
128,128,0,152,87,-65,120,88,-32,80,232,152,72,161,89,143,208,65,87,184,97,96,1184,S1a
88,145,57,144,80,-64,120,120,0,80,191,111,81,217,136,127,151,24,88,161,73,95,1160,S1a
112,144,32,160,120,-40,121,95,-26,88,897,809,80,528,448,128,88,-40,80,207,127,105,2184,S1a
128,688,560,128,80,-48,120,120,0,88,215,127,81,193,112,128,648,520,103,167,64,121,2232,S1a
136,136,0,136,48,-88,128,128,0,72,200,128,80,208,128,112,176,64,88,160,72,136,1192,S1a
135,135,0,137,57,-80,136,104,-32,96,200,104,88,240,152,104,535,431,89,129,40,128,1528,S1a
104,104,0,128,56,-72,127,127,0,81,177,96,80,232,152,136,137,1,103,175,72,120,1128,S1a
104,104,0,128,33,-95,152,151,-1,72,200,128,56,216,160,136,176,40,96,176,80,104,1160,S1a
120,160,40,152,104,-48,80,112,32,80,168,88,80,208,128,144,272,128,104,168,64,112,1304,S1a
104,137,33,151,47,-104,144,168,24,64,168,104,80,200,120,88,176,88,80,160,80,104,1160,S1a
88,120,32,128,40,-88,128,120,-8,80,208,128,72,224,152,136,192,56,72,152,80,128,1184,S1a
103,119,16,120,40,-80,145,144,-1,64,192,128,64,168,104,112,152,40,80,160,80,112,1087,S1a
127,175,48,120,64,-56,128,144,16,80,192,112,80,216,136,120,177,57,87,144,57,95,1207,S1a
97,96,-1,128,57,-71,134,120,-14,87,246,159,40,194,154,127,182,55,97,154,57,111,1160,S1a
129,185,56,112,47,-65,129,161,32,71,319,248,104,199,95,80,201,121,89,161,72,103,1376,S1a
111,128,17,160,40,-120,152,152,0,63,176,113,63,160,97,120,143,23,81,161,80,79,1039,S1a
128,128,0,128,56,-72,128,152,24,79,152,73,64,192,128,111,144,33,64,152,88,103,1079,S1a
128,128,0,112,39,-73,145,145,0,56,168,112,79,160,81,96,152,56,80,136,56,80,1008,S1a
88,88,0,128,64,-64,144,112,-32,64,192,128,88,200,112,80,192,112,87,112,25,104,1064,S1a
128,128,0,136,56,-80,129,104,-25,88,200,112,72,256,184,103,120,17,80,152,72,88,1104,S1a
112,144,32,160,80,-80,161,160,-1,64,144,80,80,200,120,80,144,64,104,208,104,104,1184,S1a
128,152,24,177,1,-176,176,175,-1,64,192,128,64,208,144,96,136,40,80,160,80,96,1120,S1a
111,96,-15,112,48,-64,151,143,-8,65,193,128,72,304,232,104,128,24,88,184,96,88,1184,S1a
97,96,-1,104,40,-64,129,128,-1,64,335,271,57,577,520,128,129,1,71,903,832,104,2312,S1a
129,128,-1,120,48,-72,123,96,-27,88,240,152,49,256,207,104,168,64,80,168,88,112,1216,S1a
113,112,-1,168,64,-104,137,136,-1,73,193,120,63,191,128,112,136,24,72,168,96,104,1104,S1a
95,111,16,209,129,-80,94,80,-14,71,216,145,79,256,177,104,104,0,79,184,105,87,1167,S1a
128,128,0,143,63,-80,136,153,17,63,168,105,55,255,200,88,121,33,64,143,79,96,1127,S1a
128,127,-1,120,65,-55,120,120,0,80,176,96,71,192,121,104,144,40,79,159,80,113,1096,S1a
112,144,32,120,55,-65,153,153,0,63,168,105,71,224,153,104,120,16,88,168,80,103,1135,S1a
112,112,0,144,63,-81,129,129,0,80,168,88,80,248,168,104,104,0,80,184,104,104,1112,S1a
112,144,32,209,56,-153,153,152,-1,56,168,112,72,200,128,88,136,48,56,152,96,88,1096,S1a
80,120,40,136,96,-40,120,120,0,80,192,112,80,184,104,96,136,40,64,144,80,88,1080,S1a
80,160,80,168,112,-56,121,120,-1,80,168,88,80,240,160,88,344,256,88,144,56,104,1392,S1a
80,112,32,152,80,-72,121,120,-1,104,208,104,72,224,152,104,152,48,88,168,80,112,1176,S1a
105,120,15,144,88,-56,105,104,-1,72,232,160,80,256,176,96,112,16,64,168,104,96,1176,S1a
80,120,40,136,72,-64,129,128,-1,80,192,112,64,192,128,128,208,80,80,160,80,88,1160,S1a
128,144,16,144,80,-64,113,113,0,71,183,112,64,505,441,119,120,1,71,223,152,40,1408,S1a
104,128,24,176,104,-72,121,120,-1,72,1248,1176,56,161,105,87,168,81,95,164,69,100,2193,S1a
87,121,34,142,87,-55,112,112,0,71,328,257,63,224,161,111,264,153,88,144,56,111,1391,S1a
103,128,25,192,112,-80,112,112,0,63,200,137,63,152,89,112,192,80,72,120,48,104,1120,S1a
96,136,40,192,112,-80,128,128,0,63,264,201,80,216,136,104,176,72,72,136,64,96,1264,S1a
112,168,56,208,152,-56,136,184,48,80,480,400,64,144,80,88,224,136,56,104,48,112,1568,S1a
88,104,16,144,103,-41,97,97,0,64,192,128,79,224,145,104,600,496,88,120,32,104,1544,S1a
112,168,56,144,104,-40,96,112,16,80,184,104,72,272,200,120,224,104,104,184,80,88,1336,S1a
80,112,32,136,104,-32,120,136,16,64,168,104,72,536,464,104,136,32,80,160,80,104,1456,S1a
112,144,32,136,72,-64,120,144,24,64,168,104,56,319,263,121,153,32,81,192,111,128,1320,S1a
101,101,0,104,52,-52,92,92,0,56,240,184,64,176,112,112,232,120,64,128,64,96,1117,S1a
96,95,-1,104,52,-52,93,92,-1,72,240,168,56,264,208,96,241,145,63,143,80,96,1223,S1a
128,160,32,96,45,-51,107,107,0,64,288,224,64,224,160,103,136,33,72,144,72,103,1207,S1a
104,104,0,96,56,-40,96,96,0,80,232,152,56,256,200,111,152,41,72,160,88,96,1152,S1a
153,152,-1,96,56,-40,104,96,-8,87,224,137,80,248,168,128,192,64,80,152,72,80,1200,S1a
112,112,0,128,56,-72,120,88,-32,64,208,144,63,184,121,104,144,40,80,144,64,80,1016,S1a
96,152,56,144,104,-40,95,72,-23,64,200,136,80,144,64,96,151,55,73,473,400,120,1416,S1a
113,112,-1,120,40,-80,137,136,-1,48,176,128,56,176,120,112,136,24,72,160,88,96,1032,S1a
104,103,-1,120,56,-64,105,104,-1,80,200,120,80,312,232,112,153,41,79,143,64,104,1175,S1a
88,88,0,119,63,-56,112,136,24,64,177,113,79,279,200,112,113,1,63,167,104,104,1127,S1a
96,95,-1,96,40,-56,121,120,-1,64,176,112,64,192,128,128,160,32,72,128,56,96,1007,S1a
112,152,40,128,80,-48,104,128,24,56,168,112,64,161,97,112,143,31,65,129,64,104,1065,S1a
104,103,-1,120,65,-55,103,88,-15,71,208,137,71,151,80,113,144,31,80,136,56,88,983,S1a
103,144,41,135,72,-63,128,128,0,56,176,120,63,255,192,97,97,0,80,191,111,105,1168,S1a
80,80,0,136,88,-48,104,104,0,56,215,159,80,713,633,119,143,24,88,169,81,103,1615,S1a
104,104,0,136,72,-64,120,120,0,72,192,120,64,216,152,104,168,64,79,144,65,120,1136,S1a
104,112,8,144,72,-72,120,120,0,88,168,80,72,256,184,88,208,120,112,151,39,105,1192,S1a
112,136,24,120,47,-73,129,89,-40,80,232,152,48,447,399,96,81,-15,80,176,96,104,1312,S1a
120,120,0,120,55,-65,137,137,0,64,192,128,56,216,160,104,120,16,88,168,80,88,1096,S1a
80,80,0,152,104,-48,105,104,-1,80,192,112,56,184,128,104,168,64,80,160,80,96,1088,S1a
119,104,-15,88,48,-40,105,104,-1,64,192,128,64,168,104,104,136,32,56,128,72,96,976,S1a
97,96,-1,136,80,-56,121,120,-1,64,184,120,64,176,112,112,176,64,80,136,56,104,1072,S1a
104,128,24,120,64,-56,121,120,-1,80,192,112,72,216,144,112,144,32,64,136,72,96,1096,S1a
95,128,33,152,48,-104,137,136,-1,72,184,112,56,168,112,104,136,32,71,160,89,80,1040,S1a
104,160,56,168,88,-80,112,136,24,56,208,152,64,192,128,88,184,96,72,112,40,104,1184,S1a
121,120,-1,144,80,-64,136,160,24,64,144,80,72,200,128,80,136,56,80,176,96,80,1096,S1a
112,144,32,128,56,-72,153,153,0,79,176,97,55,256,201,103,104,1,63,159,96,105,1153,S1a
111,127,16,120,57,-63,120,151,31,56,161,105,63,200,137,79,111,32,64,193,129,87,1087,S1a
128,128,0,128,48,-80,119,112,-7,55,392,337,88,192,104,127,216,89,72,104,32,111,1303,S1a
96,120,24,128,64,-64,128,128,0,55,192,137,56,296,240,120,160,40,88,176,88,96,1232,S1a
104,120,16,112,56,-56,120,136,16,64,168,104,64,208,144,128,152,24,80,144,64,111,1095,S1a
137,137,0,136,80,-56,136,136,0,64,168,104,80,216,136,112,176,64,80,128,48,128,1169,S1a
112,152,40,144,80,-64,120,120,0,80,184,104,72,256,184,128,176,48,80,136,56,96,1200,S1a
104,120,16,139,80,-59,128,128,0,80,176,96,79,192,113,128,160,32,88,144,56,96,1096,S1a
104,104,0,168,40,-128,152,152,0,64,192,128,72,152,80,104,160,56,72,120,48,88,1008,S1a
121,120,-1,160,80,-80,128,128,0,79,160,81,64,200,136,112,144,32,80,152,72,96,1080,S1a
112,152,40,144,72,-72,104,136,32,72,160,88,64,192,128,112,144,32,56,136,80,88,1080,S1a
112,144,32,225,57,-168,168,167,-1,80,184,104,56,160,104,112,176,64,80,136,56,104,1128,S1a
112,152,40,176,72,-104,153,152,-1,64,216,152,56,144,88,112,408,296,72,112,40,104,1360,S1a
96,128,32,168,96,-72,137,136,-1,56,168,112,80,200,120,104,161,57,79,143,64,112,1144,S1a
112,136,24,168,56,-112,169,168,-1,48,152,104,72,176,104,112,152,40,80,120,40,104,1064,S1a
120,120,0,119,55,-64,129,129,0,79,247,168,64,145,81,103,232,129,80,119,39,104,1151,S1a
129,129,0,135,56,-79,112,112,0,63,183,120,56,241,185,111,143,32,73,168,95,104,1136,S1a
95,64,-31,175,112,-63,144,144,0,63,168,105,48,224,176,119,151,32,89,145,56,104,1112,S1a
128,152,24,144,64,-80,136,136,0,72,168,96,63,191,128,120,185,65,88,152,64,111,1159,S1a
104,136,32,120,64,-56,136,136,0,72,176,104,56,184,128,104,144,40,64,152,88,96,1088,S1a
80,136,56,144,80,-64,136,136,0,72,184,112,64,184,120,88,280,192,96,168,72,88,1256,S1a
104,104,0,168,88,-80,152,152,0,80,160,80,56,240,184,128,128,0,80,168,88,104,1144,S1a
112,128,16,176,104,-72,144,144,0,80,160,80,56,184,128,112,160,48,80,152,72,80,1112,S1a
104,120,16,160,80,-80,128,144,16,56,232,176,64,240,176,104,184,80,64,144,80,104,1248,S1a
128,144,16,168,88,-80,128,144,16,64,168,104,56,184,128,128,160,32,88,176,88,80,1144,S1a
121,120,-1,200,104,-96,128,160,32,80,144,64,64,192,128,96,144,48,72,144,72,104,1112,S1a
113,112,-1,136,80,-56,121,121,0,71,183,112,56,184,128,120,168,48,72,152,80,88,1088,S1a
104,136,32,136,72,-64,145,144,-1,56,168,112,56,256,200,104,176,72,72,136,64,80,1168,S1a
105,104,-1,184,88,-96,145,144,-1,64,152,88,64,216,152,88,144,56,80,144,64,104,1096,S1a
88,120,32,176,112,-64,120,144,24,64,152,88,80,224,144,120,128,8,88,200,112,104,1184,S1a
103,143,40,152,72,-80,153,152,-1,72,152,80,80,1050,970,103,103,0,96,168,72,71,1911,S1a
112,168,56,136,49,-87,152,152,0,79,183,104,57,352,295,176,209,33,79,184,105,79,1376,S1a
127,167,40,177,80,-97,151,136,-15,72,184,112,56,232,176,112,120,8,88,176,88,97,1192,S1a
105,161,56,160,79,-81,160,129,-31,88,184,96,80,224,144,111,144,33,71,159,88,88,1168,S1a
112,128,16,176,104,-72,136,136,0,72,176,104,64,264,200,136,192,56,56,160,104,103,1263,S1a
111,200,89,160,80,-80,168,168,0,80,256,176,80,184,104,103,193,90,62,119,57,96,1296,S1a
128,128,0,152,72,-80,136,136,0,64,168,104,80,256,176,104,144,40,80,152,72,104,1160,S1a
88,104,16,200,88,-112,139,112,-27,80,176,96,80,192,112,112,144,32,72,152,80,88,1056,S1a
88,120,32,208,80,-128,160,176,16,64,168,104,64,192,128,112,152,40,64,144,80,96,1128,S1a
81,81,0,176,80,-96,143,120,-23,80,176,96,64,192,128,104,152,48,64,144,80,112,1057,S1a
112,136,24,168,80,-88,145,144,-1,56,168,112,56,224,168,96,136,40,64,160,96,80,1128,S1a
113,80,-33,192,112,-80,135,120,-15,64,192,128,64,192,128,96,192,96,80,168,88,88,1144,S1a
81,80,-1,192,112,-80,128,144,16,56,160,104,80,232,152,112,184,72,72,168,96,72,1152,S1a
73,73,0,183,143,-40,128,96,-32,88,200,112,80,200,120,96,136,40,80,160,80,80,1088,S1a
56,120,64,152,88,-64,129,128,-1,64,192,128,80,208,128,104,168,64,80,161,81,95,1160,S1a
130,129,-1,144,56,-88,129,129,0,55,176,121,63,224,161,103,135,32,80,160,80,80,1089,S1a
112,112,0,176,88,-88,111,88,-23,63,848,785,87,144,57,95,264,169,80,160,80,96,1800,S1a
72,112,40,193,56,-137,137,136,-1,40,192,152,48,232,184,104,120,16,72,176,104,104,1128,S1a
97,97,0,168,64,-104,136,136,0,56,167,111,81,241,160,104,128,24,80,152,72,104,1089,S1a
89,88,-1,152,80,-72,105,104,-1,64,296,232,80,239,159,105,737,632,104,152,48,96,1792,S1a
80,96,16,152,80,-72,105,104,-1,64,480,416,104,176,72,112,184,72,80,144,64,96,1360,S1a
89,88,-1,128,80,-48,105,104,-1,80,192,112,64,224,160,104,136,32,88,160,72,88,1072,S1a
87,143,56,168,88,-80,113,112,-1,56,193,137,79,287,208,104,136,32,80,208,128,96,1263,S1a
55,41,-14,191,343,152,144,104,-40,72,928,856,81,160,79,136,400,264,72,224,152,88,2288,S1a
96,96,0,136,80,-56,97,97,0,55,208,153,63,232,169,111,151,40,56,161,105,87,1112,S1a
104,160,56,144,40,-104,128,104,-24,72,296,224,72,184,112,120,248,128,64,152,88,112,1296,S1a
81,80,-1,144,88,-56,111,88,-23,64,192,128,64,192,128,96,144,48,72,128,56,88,1000,S1a
80,80,0,136,80,-56,103,88,-15,64,192,128,72,159,87,129,145,16,80,144,64,80,968,S1a
104,104,0,144,88,-56,113,112,-1,72,176,104,64,240,176,104,120,16,80,160,80,88,1088,S1a
104,104,0,160,88,-72,111,96,-15,72,208,136,64,160,96,112,168,56,64,136,72,96,1056,S1a
104,112,8,144,64,-80,135,120,-15,64,200,136,64,216,152,112,128,16,72,160,88,80,1080,S1a
80,136,56,160,104,-56,113,112,-1,56,192,136,72,216,144,88,144,56,72,128,56,112,1144,S1a
95,119,24,208,80,-128,129,144,15,56,184,128,64,192,128,112,168,56,80,136,56,96,1119,S1a
96,112,16,136,72,-64,137,137,0,63,191,128,64,168,104,112,184,72,72,136,64,96,1096,S1a
104,103,-1,144,80,-64,136,96,-40,72,248,176,72,160,88,120,152,32,80,144,64,88,1071,S1a
112,144,32,152,72,-80,153,153,0,55,151,96,56,208,152,104,136,32,80,145,65,103,1112,S1a
104,104,0,111,47,-64,113,113,0,39,200,161,63,192,129,111,168,57,47,136,89,87,1047,S1a
80,79,-1,168,112,-56,112,112,0,80,336,256,89,192,103,97,217,120,55,96,41,104,1248,S1a
112,144,32,185,32,-153,153,152,-1,72,160,88,72,296,224,128,128,0,56,184,128,103,1199,S1a
112,112,0,152,72,-80,136,136,0,64,752,688,80,448,368,104,105,1,79,183,104,88,1896,S1a
95,80,-15,152,48,-104,128,128,0,72,176,104,72,224,152,87,144,57,56,160,104,80,1040,S1a
105,104,-1,160,104,-56,113,112,-1,80,168,88,80,216,136,104,144,40,64,136,72,96,1080,S1a
96,104,8,160,80,-80,112,128,16,63,160,97,64,192,128,112,136,24,80,136,56,88,1024,S1a
