H.t,DD.t_h,UD.t_h,H.h,DD.h_u,UD.h_u,H.u,DD.u_g,UD.u_g,H.g,DD.g_dash,UD.g_dash,H.dash,DD.dash_1,UD.dash_1,H.1,DD.1_7,UD.1_7,H.7,DD.7_3,UD.7_3,H.3,total,user
58,123,65,96,312,216,80,216,136,64,776,712,80,208,128,80,632,552,112,464,352,72,2803,4
104,216,112,80,432,352,80,400,320,88,880,792,96,247,151,89,545,456,64,448,384,80,3248,4
63,113,50,71,175,104,64,208,144,80,968,888,56,608,552,55,208,153,88,680,592,80,3040,4
47,128,81,80,200,120,64,288,224,80,536,456,88,336,248,80,456,376,72,304,232,80,2328,4
55,152,97,88,224,136,64,280,216,55,1032,977,88,392,304,64,384,320,72,432,360,56,2952,4
56,144,88,80,184,104,72,256,184,56,952,896,72,640,568,71,312,241,80,520,440,79,3087,4
47,176,129,80,192,112,64,232,168,64,808,744,104,272,168,79,368,289,80,408,328,48,2504,4
48,152,104,63,632,569,56,480,424,56,912,856,80,328,248,63,336,273,32,328,296,71,3239,4
56,176,120,79,200,121,55,207,152,64,417,353,80,488,408,87,1407,1320,80,417,337,56,3368,4
72,128,56,79,176,97,95,256,161,72,664,592,87,312,225,80,552,472,80,313,233,70,2471,4
55,169,114,71,176,105,80,240,160,64,1232,1168,71,256,185,71,904,833,87,368,281,55,3400,4
47,128,81,56,160,104,64,248,184,55,736,681,71,328,257,80,264,184,64,280,216,55,2199,4
80,176,96,81,169,88,63,223,160,64,736,672,64,329,265,96,447,351,88,929,841,63,3072,4
63,176,113,80,184,104,79,256,177,55,600,545,79,432,353,87,408,321,79,358,279,105,2519,4
40,194,154,63,207,144,57,216,159,57,672,615,81,320,239,88,480,392,64,609,545,47,2745,4
80,193,113,103,231,128,80,242,162,55,1294,1239,80,1328,1248,81,377,296,64,1272,1208,104,5041,4
56,168,112,80,176,96,65,208,143,64,400,336,72,416,344,96,336,240,80,320,240,87,2111,4
65,168,103,88,169,81,79,239,160,80,944,864,80,552,472,48,384,336,80,376,296,64,2896,4
64,176,112,104,192,88,96,224,128,72,705,633,71,400,329,95,328,233,55,368,313,79,2472,4
80,232,152,88,208,120,96,248,152,80,872,792,96,432,336,72,448,376,56,592,536,72,3104,4
88,192,104,80,217,137,71,247,176,48,848,800,64,456,392,56,400,344,80,352,272,80,2792,4
57,168,111,73,201,128,71,223,152,64,824,760,72,464,392,97,360,263,80,368,288,80,2688,4
48,169,121,71,167,96,65,200,135,56,571,515,85,317,232,79,407,328,72,393,321,55,2279,4
56,184,128,56,184,128,48,176,128,72,1048,976,72,224,152,104,592,488,72,296,224,112,2816,4
72,176,104,72,200,128,56,192,136,64,688,624,88,400,312,80,336,256,64,728,664,56,2776,4
33,200,167,56,168,112,80,208,128,56,528,472,80,440,360,80,416,336,80,344,264,82,2386,4
56,152,96,72,176,104,72,224,152,64,752,688,88,384,296,64,416,352,56,360,304,97,2561,4
64,176,112,71,176,105,80,192,112,80,577,497,79,311,232,80,336,256,80,336,256,56,2160,4
72,224,152,72,192,120,64,176,112,64,512,448,96,328,232,80,424,344,96,280,184,80,2216,4
72,208,136,56,168,112,104,216,112,64,496,432,80,296,216,64,353,289,55,519,464,80,2336,4
32,136,104,80,176,96,80,224,144,80,688,608,104,344,240,85,280,195,56,320,264,88,2256,4
56,184,128,80,208,128,104,256,152,76,480,404,88,312,224,64,328,264,56,296,240,80,2144,4
48,208,160,80,185,105,71,223,152,56,703,647,89,257,168,80,912,832,64,312,248,88,2888,4
64,168,104,64,176,112,80,552,472,103,6176,6073,71,639,568,104,242,138,63,567,504,64,8584,4
103,385,282,134,2206,2072,96,305,209,55,727,672,88,392,304,80,328,248,80,232,152,64,4639,4
88,222,134,90,834,744,95,336,241,79,1456,1377,80,384,304,87,319,232,79,320,241,81,3952,4
103,167,64,80,193,113,71,207,136,80,481,401,87,727,640,80,249,169,55,455,400,72,2551,4
80,168,88,88,200,112,104,288,184,80,1383,1303,97,345,248,104,880,776,104,384,280,80,3728,4
72,160,88,80,208,128,88,265,177,87,935,848,56,704,648,72,272,200,80,329,249,87,2960,4
56,160,104,104,208,104,97,255,158,89,801,712,88,304,216,80,344,264,64,248,184,96,2416,4
64,168,104,104,536,432,64,224,160,80,792,712,80,288,208,104,376,272,72,304,232,96,2784,4
72,160,88,80,184,104,88,223,135,81,769,688,104,328,224,96,264,168,80,296,216,104,2328,4
80,200,120,80,184,104,80,232,152,56,728,672,80,264,184,104,313,209,87,295,208,96,2312,4
80,184,104,112,240,128,80,224,144,64,1008,944,96,440,344,88,432,344,64,304,240,112,2944,4
80,152,72,80,176,96,80,226,146,78,494,416,88,312,224,81,384,303,72,272,200,80,2096,4
72,200,128,88,207,119,81,313,232,71,616,545,96,272,176,95,336,241,88,432,344,104,2480,4
97,241,144,88,200,112,96,272,176,80,576,496,88,400,312,80,264,184,104,328,224,104,2385,4
80,168,88,104,200,96,104,256,152,80,424,344,120,328,208,127,336,209,96,296,200,88,2096,4
88,176,88,96,176,80,96,224,128,72,616,544,80,328,248,64,1688,1624,80,1152,1072,80,4440,4
81,153,72,88,208,120,80,224,144,88,568,480,131,488,357,112,384,272,88,296,208,113,2434,4
104,192,88,88,184,96,88,208,120,88,488,400,128,376,248,127,416,289,88,280,192,136,2280,4
104,200,96,104,192,88,88,208,120,88,664,576,128,328,200,104,384,280,120,312,192,129,2417,4
88,208,120,104,184,80,112,248,136,128,632,504,128,335,207,136,329,193,113,280,167,104,2320,4
103,207,104,104,256,152,103,256,153,113,480,367,143,368,225,120,328,208,112,320,208,104,2319,4
87,215,128,104,208,104,113,232,119,136,496,360,129,656,527,136,416,280,104,272,168,104,2599,4
80,160,80,96,224,128,79,191,112,92,432,340,129,393,264,128,312,184,104,264,160,112,2088,4
56,184,128,104,200,96,88,217,129,94,518,424,97,257,160,104,312,208,104,288,184,112,2088,4
80,176,96,87,176,89,113,240,127,87,384,297,123,368,245,113,248,135,80,312,232,88,1992,4
64,176,112,103,192,89,104,208,104,88,680,592,152,648,496,120,640,520,104,1192,1088,96,3832,4
80,192,112,117,775,658,72,240,168,89,1073,984,104,640,536,104,208,104,96,280,184,120,3528,4
87,208,121,88,176,88,104,232,128,88,440,352,119,352,233,87,336,249,80,272,192,88,2104,4
97,176,79,81,209,128,104,240,136,80,496,416,128,384,256,104,408,304,80,280,200,104,2297,4
80,192,112,88,167,79,97,201,104,88,575,487,125,433,308,104,304,200,104,360,256,88,2320,4
80,176,96,80,176,96,103,208,105,88,472,384,136,304,168,104,368,264,104,304,200,122,2130,4
88,209,121,103,224,121,90,224,134,72,384,312,119,360,241,80,456,376,72,376,304,79,2312,4
96,191,95,80,160,80,105,209,104,80,432,352,136,312,176,113,600,487,112,272,160,87,2263,4
104,193,89,103,192,89,96,215,119,97,489,392,127,335,208,120,809,689,104,408,304,96,2737,4
88,168,80,88,463,375,96,232,136,89,401,312,127,304,177,119,335,216,128,337,209,127,2367,4
72,216,144,88,167,79,96,249,153,80,488,408,136,296,160,113,456,343,104,431,327,113,2416,4
71,184,113,87,176,89,103,208,105,122,472,350,134,328,194,135,344,209,127,456,329,103,2271,4
88,192,104,104,192,88,121,262,141,98,482,384,127,352,225,120,320,200,120,295,175,120,2215,4
80,232,152,64,216,152,88,192,104,88,1400,1312,103,288,185,96,520,424,72,512,440,104,3464,4
88,208,120,104,192,88,104,256,152,104,672,568,104,368,264,128,416,288,111,352,241,128,2592,4
81,160,79,80,184,104,88,200,112,80,416,336,120,328,208,122,760,638,104,320,216,144,2512,4
87,167,80,88,193,105,96,208,112,104,400,296,112,320,208,112,392,280,104,360,256,128,2168,4
80,176,96,104,192,88,104,248,144,88,368,280,128,304,176,88,328,240,113,312,199,136,2064,4
80,216,136,96,184,88,96,240,144,82,408,326,128,320,192,104,728,624,104,248,144,120,2464,4
88,240,152,114,232,118,128,352,224,120,1104,984,112,456,344,128,328,200,104,304,200,104,3120,4
80,184,104,96,208,112,88,200,112,96,376,280,114,239,125,112,441,329,104,320,216,104,2072,4
102,182,80,120,584,464,73,593,520,104,992,888,104,539,435,101,285,184,88,433,345,66,3674,4
55,159,104,81,217,136,88,200,112,87,488,401,104,312,208,80,360,280,114,320,206,96,2152,4
104,224,120,120,1208,1088,64,447,383,89,929,840,120,392,272,112,320,208,120,280,160,88,3888,4
64,152,88,80,288,208,112,312,200,103,552,449,136,400,264,80,1055,975,120,288,168,112,3159,4
79,159,80,88,176,88,112,216,104,96,488,392,136,408,272,87,343,256,114,361,247,104,2255,4
80,168,88,87,176,89,114,215,101,81,481,400,113,328,215,88,336,248,104,288,184,96,2088,4
79,167,88,88,184,96,96,224,128,88,560,472,152,320,168,104,368,264,108,296,188,128,2247,4
64,201,137,104,184,80,104,232,128,114,879,765,97,305,208,104,368,264,72,312,240,96,2577,4
80,152,72,88,192,104,96,240,144,96,520,424,128,392,264,128,376,248,88,392,304,104,2368,4
73,153,80,88,200,112,88,216,128,104,1000,896,104,456,352,80,328,248,104,376,272,96,2825,4
81,241,160,88,208,120,104,256,152,104,888,784,104,232,128,87,327,240,104,1105,1001,108,3365,4
80,152,72,104,969,865,113,384,271,104,880,776,128,392,264,96,344,248,104,320,216,96,3537,4
88,200,112,88,216,128,104,304,200,113,1296,1183,88,560,472,104,424,320,96,448,352,104,3552,4
79,207,128,112,225,113,111,279,168,89,521,432,112,345,233,119,369,250,117,302,185,88,2336,4
78,182,104,104,296,192,113,304,191,87,632,545,113,408,295,88,288,200,87,343,256,96,2549,4
80,160,80,88,224,136,80,240,160,80,680,600,104,368,264,104,344,240,104,472,368,128,2616,4
96,176,80,88,225,137,79,240,161,64,520,456,113,392,279,96,328,232,136,280,144,136,2297,4
78,159,81,79,272,193,55,232,177,64,472,408,87,392,305,87,358,271,105,337,232,104,2326,4
87,239,152,80,232,152,80,280,200,72,616,544,96,824,728,80,312,232,96,408,312,72,2983,4
80,176,96,80,288,208,88,329,241,103,855,752,104,337,233,95,215,120,113,248,135,96,2544,4
88,232,144,56,240,184,64,272,208,48,832,784,79,424,345,119,416,297,96,280,184,136,2832,4
72,184,112,80,224,144,64,248,184,72,616,544,104,336,232,80,288,208,104,304,200,129,2329,4
88,200,112,80,240,160,71,272,201,81,960,879,79,359,280,81,289,208,88,248,160,87,2655,4
64,176,112,64,249,185,57,232,175,55,527,472,72,288,216,80,304,224,88,385,297,71,2232,4
80,200,120,72,225,153,63,239,176,56,409,353,79,304,225,71,320,249,80,312,232,87,2096,4
80,209,129,79,223,144,73,249,176,71,399,328,96,400,304,88,329,241,95,447,352,104,2360,4
88,216,128,72,216,144,56,240,184,80,472,392,112,320,208,129,400,271,112,367,255,129,2360,4
88,144,56,56,200,144,72,248,176,56,400,344,104,312,208,72,304,232,72,296,224,136,2040,4
104,256,152,72,232,160,56,232,176,72,448,376,104,448,344,72,296,224,96,336,240,88,2336,4
88,240,152,72,248,176,88,272,184,80,448,368,96,408,312,72,296,224,72,264,192,112,2288,4
104,192,88,88,248,160,64,248,184,72,471,399,88,361,273,72,288,216,103,336,233,104,2248,4
56,240,184,80,336,256,72,648,576,72,664,592,80,328,248,80,280,200,80,256,176,96,2848,4
104,368,264,128,736,608,80,320,240,104,600,496,104,352,248,112,440,328,112,344,232,71,3231,4
72,144,72,96,304,208,80,280,200,88,384,296,104,368,264,113,344,231,112,288,176,88,2200,4
113,791,678,80,721,641,103,288,185,139,464,325,128,296,168,131,328,197,112,336,224,113,3337,4
88,224,136,64,288,224,55,320,265,64,615,551,81,401,320,87,408,321,80,432,352,96,2784,4
80,400,320,63,408,345,63,392,329,104,335,231,64,304,240,88,297,209,127,304,177,120,2560,4
87,320,233,104,327,223,80,329,249,72,632,560,95,391,296,128,352,224,128,392,264,112,2855,4
71,327,256,96,1040,944,57,344,287,64,1176,1112,112,392,280,128,329,201,111,303,192,129,4040,4
88,256,168,103,320,217,63,294,231,65,538,473,95,400,305,87,320,233,95,304,209,96,2528,4
103,264,161,104,303,199,79,304,225,80,472,392,89,337,248,119,400,281,88,327,239,136,2543,4
96,320,224,104,305,201,95,287,192,88,561,473,95,319,224,129,353,224,96,264,168,110,2519,4
96,288,192,136,312,176,83,297,214,88,607,519,104,416,312,136,384,248,104,369,265,114,2787,4
104,281,177,103,279,176,80,296,216,64,480,416,113,344,231,136,385,249,112,334,222,97,2496,4
110,327,217,97,304,207,98,344,246,65,512,447,104,400,296,131,496,365,64,721,657,127,3231,4
95,303,208,96,280,184,88,320,232,80,872,792,128,432,304,112,296,184,88,288,200,80,2871,4
80,280,200,80,288,208,80,304,224,63,511,448,65,337,272,128,392,264,80,1208,1128,104,3424,4
104,304,200,104,296,192,128,520,392,113,952,839,120,473,353,135,1527,1392,104,352,248,112,4536,4
96,232,136,104,240,136,80,264,184,64,565,501,91,467,376,129,520,391,96,216,120,113,2617,4
104,272,168,104,216,112,128,241,113,102,495,393,129,376,247,113,424,311,144,368,224,96,2488,4
103,302,199,64,825,761,80,232,152,72,650,578,110,406,296,112,432,320,88,393,305,94,3334,4
72,176,104,104,232,128,96,257,161,72,463,391,114,400,286,96,327,231,105,433,328,96,2384,4
104,208,104,64,232,168,88,264,176,82,696,614,104,400,296,136,313,177,103,487,384,88,2688,4
81,297,216,79,239,160,104,324,220,76,1188,1112,88,472,384,104,703,599,73,306,233,87,3616,4
88,240,152,80,176,96,112,264,152,79,903,824,112,1089,977,104,320,216,113,240,127,80,3312,4
72,224,152,104,200,96,96,232,136,109,576,467,127,328,201,119,304,185,96,248,152,96,2208,4
77,213,136,103,248,145,96,352,256,104,1064,960,79,400,321,88,288,200,96,1416,1320,26,4007,4
72,255,183,89,209,120,88,272,184,88,440,352,88,352,264,96,368,272,72,440,368,96,2432,4
96,232,136,104,192,88,96,232,136,90,1216,1126,112,408,296,104,272,168,112,264,152,64,2880,4
63,279,216,56,256,200,64,336,272,80,784,704,64,288,224,80,304,224,80,696,616,72,3015,4
104,248,144,96,207,111,96,232,136,88,664,576,114,1489,1375,96,385,289,151,359,208,104,3688,4
96,223,127,97,233,136,96,248,152,99,832,733,112,360,248,96,272,176,72,272,200,88,2528,4
88,217,129,112,200,88,111,264,153,72,432,360,114,528,414,104,288,184,113,384,271,104,2417,4
105,225,120,104,224,120,104,359,255,114,1409,1295,111,376,265,104,1120,1016,87,248,161,56,4017,4
96,712,616,82,249,167,55,223,168,65,777,712,96,881,785,94,550,456,114,312,198,80,3784,4
104,232,128,104,216,112,104,272,168,96,1249,1153,88,304,216,103,304,201,72,272,200,113,2962,4
104,256,152,81,184,103,112,264,152,88,1120,1032,96,360,264,128,287,159,89,281,192,104,2856,4
87,216,129,79,192,113,79,231,152,89,856,767,105,1353,1248,104,400,296,120,328,208,112,3688,4
80,241,161,87,176,89,94,232,138,80,431,351,96,384,288,112,321,209,129,424,295,104,2313,4
82,265,183,96,200,104,103,248,145,97,591,494,88,360,272,112,312,200,73,352,279,105,2433,4
103,255,152,97,201,104,87,232,145,82,526,444,105,361,256,104,288,184,96,409,313,111,2383,4
79,255,176,88,273,185,55,272,217,103,568,465,87,375,288,104,305,201,103,288,185,103,2439,4
54,254,200,112,241,129,80,215,135,82,513,431,103,295,192,129,336,207,120,352,232,112,2318,4
80,214,134,82,194,112,80,217,137,87,615,528,104,337,233,95,303,208,112,288,176,104,2272,4
80,225,145,87,232,145,80,279,199,56,1328,1272,130,352,222,113,336,223,114,304,190,132,3188,4
88,280,192,88,208,120,88,241,153,80,1184,1104,111,351,240,128,400,272,80,384,304,88,3136,4
88,256,168,104,224,120,88,232,144,105,592,487,112,320,208,96,976,880,122,386,264,109,3095,4
64,208,144,88,200,112,89,448,359,88,992,904,104,640,536,128,360,232,80,376,296,72,3296,4
80,378,298,102,886,784,104,448,344,81,496,415,104,480,376,80,192,112,88,216,128,88,3184,4
80,896,816,88,248,160,104,480,376,64,1023,959,80,425,345,96,336,240,96,368,272,96,3872,4
88,240,152,96,208,112,88,232,144,89,680,591,123,432,309,96,416,320,104,304,200,88,2600,4
64,240,176,80,232,152,72,240,168,104,504,400,120,360,240,96,328,232,113,328,215,104,2336,4
87,215,128,104,191,87,81,209,128,88,472,384,130,344,214,129,360,231,104,280,176,112,2183,4
88,544,456,104,312,208,72,280,208,96,543,447,105,529,424,80,368,288,120,327,207,89,2992,4
88,248,160,80,200,120,87,248,161,79,560,481,88,312,224,113,392,279,104,352,248,128,2440,4
88,224,136,72,576,504,88,760,672,104,472,368,123,304,181,128,352,224,104,232,128,120,3040,4
80,161,81,103,207,104,88,224,136,80,736,656,96,960,864,80,272,192,96,368,272,128,3056,4
80,200,120,81,208,127,96,624,528,88,584,496,88,384,296,72,344,272,104,336,232,96,2776,4
80,231,151,97,201,104,96,256,160,97,584,487,96,288,192,128,264,136,120,408,288,112,2344,4
80,240,160,103,215,112,113,257,144,79,544,465,63,296,233,129,352,223,72,304,232,104,2312,4
62,222,160,96,176,80,103,232,129,94,1048,954,104,384,280,103,328,225,80,384,304,71,2845,4
112,256,144,96,232,136,104,265,161,86,783,697,88,392,304,80,312,232,96,344,248,87,2671,4
79,215,136,104,232,128,80,248,168,88,496,408,104,351,247,128,313,185,123,368,245,96,2319,4
81,209,128,72,184,112,64,217,153,79,535,456,112,336,224,112,1536,1424,128,400,272,96,3513,4
112,208,96,104,192,88,80,216,136,106,529,423,95,519,424,113,799,686,128,424,296,88,2975,4
64,216,152,88,192,104,88,248,160,105,600,495,112,376,264,111,424,313,112,344,232,104,2504,4
63,223,160,80,200,120,81,233,152,91,496,405,128,448,320,120,544,424,120,303,183,137,2584,4
88,247,159,97,209,112,80,216,136,87,440,353,136,440,304,119,928,809,113,312,199,136,2928,4
56,312,256,87,272,185,80,256,176,96,872,776,127,319,192,113,313,200,113,392,279,72,2808,4
65,265,200,87,216,129,80,256,176,79,544,465,104,288,184,103,1447,1344,124,473,349,88,3577,4
95,256,161,79,192,113,113,232,119,95,488,393,128,352,224,112,2128,2016,136,408,272,127,4183,4
79,192,113,80,184,104,79,216,137,95,456,361,111,328,217,103,415,312,105,449,344,104,2344,4
79,239,160,80,201,121,88,258,170,45,414,369,87,831,744,88,408,320,64,552,488,104,3007,4
80,225,145,103,191,88,80,233,153,87,639,552,113,472,359,88,1232,1144,105,608,503,129,3729,4
70,174,104,114,200,86,88,233,145,87,674,587,101,333,232,128,1088,960,104,432,328,113,3247,4
79,207,128,106,185,79,128,264,136,107,817,710,119,351,232,127,424,297,128,1192,1064,80,3520,4
71,280,209,104,264,160,88,288,200,88,706,618,94,254,160,114,1696,1582,80,488,408,80,4056,4
79,182,103,87,224,137,80,360,280,80,1024,944,113,344,231,137,632,495,120,296,176,113,3175,4
80,232,152,97,1272,1175,96,1000,904,104,744,640,160,632,472,130,864,734,129,424,295,64,5232,4
105,233,128,104,184,80,104,224,120,88,464,376,96,320,224,104,432,328,136,304,168,104,2265,4
64,167,103,81,169,88,80,216,136,80,512,432,104,432,328,111,416,305,104,408,304,80,2400,4
96,176,80,80,168,88,80,192,112,80,488,408,103,328,225,96,376,280,96,432,336,88,2248,4
88,240,152,72,168,96,104,224,120,80,424,344,112,376,264,88,520,432,128,480,352,79,2511,4
88,248,160,80,192,112,80,192,112,80,912,832,120,352,232,80,1648,1568,103,392,289,119,4055,4
72,272,200,127,577,450,80,200,120,88,536,448,130,328,198,104,552,448,112,400,288,72,2937,4
72,176,104,96,176,80,72,192,120,72,440,368,104,408,304,72,1344,1272,88,704,616,48,3488,4
88,192,104,79,208,129,79,231,152,74,608,534,129,288,159,97,1161,1064,136,328,192,96,3112,4
72,191,119,80,185,105,87,216,129,80,496,416,135,536,401,120,280,160,113,352,239,40,2296,4
56,177,121,80,176,96,79,280,201,104,903,799,132,417,285,95,919,824,104,921,817,88,3881,4
70,182,112,96,168,72,88,240,152,80,481,401,119,448,329,103,472,369,103,272,169,103,2366,4
87,232,145,71,168,97,79,224,145,72,472,400,87,344,257,103,1887,1784,72,249,177,87,3663,4
79,280,201,87,208,121,127,671,544,64,440,376,131,297,166,79,1360,1281,55,248,193,102,3606,4
79,215,136,80,160,80,80,217,137,71,495,424,95,248,153,113,352,239,104,392,288,112,2191,4
57,162,105,79,183,104,80,208,128,64,464,400,96,272,176,88,568,480,112,368,256,80,2305,4
72,201,129,64,152,88,96,208,112,72,440,368,128,537,409,87,399,312,96,280,184,104,2321,4
80,200,120,88,176,88,80,209,129,95,823,728,112,681,569,103,775,672,96,688,592,103,3655,4
72,200,128,72,168,96,80,192,112,80,416,336,128,287,159,121,1161,1040,80,272,192,80,2776,4
72,176,104,88,184,96,72,200,128,80,529,449,103,327,224,96,680,584,88,296,208,113,2505,4
72,176,104,72,168,96,80,200,120,88,488,400,104,448,344,95,696,601,104,320,216,96,2592,4
81,209,128,72,176,104,96,208,112,88,496,408,131,288,157,104,368,264,120,416,296,113,2274,4
95,223,128,72,160,88,80,240,160,81,496,415,104,272,168,112,456,344,120,328,208,104,2279,4
96,296,200,80,224,144,96,232,136,85,536,451,104,288,184,136,416,280,104,424,320,96,2512,4
96,176,80,88,192,104,88,224,136,72,609,537,127,527,400,123,456,333,104,952,848,80,3216,4
72,192,120,80,161,81,79,231,152,80,512,432,88,680,592,88,240,152,88,864,776,96,2976,4
105,256,151,88,168,80,80,192,112,88,456,368,136,375,239,130,521,391,112,344,232,96,2408,4
88,200,112,80,176,96,72,200,128,96,535,439,122,273,151,128,928,800,96,248,152,96,2656,4
96,240,144,96,151,55,96,216,120,87,505,418,104,344,240,113,384,271,131,352,221,104,2296,4
104,240,136,96,168,72,88,224,136,88,456,368,128,360,232,96,352,256,113,344,231,80,2224,4
89,240,151,104,184,80,88,208,120,80,432,352,129,280,151,96,351,255,120,361,241,104,2160,4
88,248,160,104,240,136,113,552,439,96,1016,920,88,664,576,112,832,720,96,232,136,80,3864,4
88,177,89,88,176,88,80,183,103,89,545,456,113,344,231,96,336,240,88,304,216,112,2177,4
104,216,112,88,183,95,73,185,112,80,463,383,129,328,199,121,305,184,96,424,328,88,2192,4
87,168,81,96,168,72,88,216,128,72,408,336,112,336,224,104,360,256,120,312,192,113,2081,4
120,200,80,112,168,56,104,224,120,96,807,711,120,353,233,112,360,248,88,288,200,113,2513,4
72,297,225,136,824,688,88,208,120,71,472,401,95,272,177,114,336,222,80,216,136,95,2720,4
79,216,137,80,176,96,104,232,128,72,359,287,114,312,198,80,337,257,87,336,249,104,2072,4
81,209,128,88,192,104,79,208,129,80,504,424,104,440,336,96,384,288,104,344,240,80,2361,4
96,215,119,81,177,96,72,192,120,80,512,432,128,303,175,104,361,257,88,352,264,104,2216,4
65,209,144,80,176,96,80,200,120,88,519,431,97,312,215,104,345,241,56,312,256,88,2161,4
85,206,121,95,183,88,73,225,152,72,592,520,103,336,233,95,376,281,88,360,272,80,2358,4
80,217,137,80,200,120,80,199,119,88,809,721,104,615,511,80,660,580,93,1173,1080,80,3953,4
72,216,144,71,175,104,73,184,111,89,728,639,120,361,241,104,423,319,81,304,223,112,2503,4
95,248,153,79,215,136,80,233,153,80,512,432,104,344,240,104,360,256,103,312,209,104,2328,4
78,239,161,95,287,192,89,305,216,79,471,392,88,392,304,64,367,303,89,394,305,87,2542,4
71,200,129,79,208,129,79,280,201,79,1143,1064,104,345,241,95,352,257,95,367,272,96,2991,4
88,224,136,88,168,80,81,241,160,63,463,400,120,281,161,104,400,296,128,334,206,115,2226,4
79,263,184,105,272,167,89,585,496,71,535,464,114,241,127,103,367,264,120,320,200,73,2656,4
79,248,169,87,191,104,96,225,129,87,440,353,87,343,256,88,424,336,88,513,425,95,2479,4
88,264,176,104,248,144,80,266,186,54,686,632,96,352,256,104,392,288,72,352,280,113,2673,4
80,240,160,80,184,104,64,208,144,80,416,336,104,320,216,80,313,233,95,280,185,103,2064,4
87,232,145,80,200,120,88,240,152,64,399,335,105,280,175,129,369,240,80,272,192,103,2095,4
88,216,128,96,232,136,88,240,152,64,400,336,104,384,280,105,408,303,124,600,476,80,2560,4
104,240,136,88,200,112,80,208,128,64,504,440,88,313,225,103,399,296,113,425,312,63,2352,4
88,224,136,88,192,104,104,208,104,99,512,413,88,352,264,104,368,264,80,271,191,105,2232,4
89,217,128,88,192,104,87,216,129,89,488,399,96,272,176,136,376,240,128,376,248,96,2233,4
80,232,152,71,183,112,88,277,189,44,388,344,80,335,255,105,377,272,111,319,208,104,2215,4
80,223,143,105,168,63,113,240,127,80,406,326,97,289,192,112,711,599,88,367,279,119,2523,4
80,304,224,104,223,119,72,248,176,73,519,446,104,431,327,128,303,175,114,272,158,104,2404,4
79,183,104,88,168,80,113,264,151,79,423,344,96,264,168,104,967,863,80,383,303,80,2732,4
72,175,103,104,200,96,88,329,241,80,576,496,103,423,320,88,304,216,104,399,295,113,2519,4
96,176,80,88,175,87,103,352,249,81,847,766,104,233,129,95,759,664,88,240,152,113,2895,4
96,288,192,104,232,128,88,255,167,88,592,504,72,280,208,88,336,248,112,287,175,104,2374,4
103,232,129,88,215,127,96,225,129,96,440,344,112,303,191,96,281,185,95,391,296,88,2175,4
104,264,160,80,200,120,87,232,145,96,432,336,102,583,481,96,888,792,104,287,183,104,2990,4
63,272,209,80,176,96,80,192,112,96,408,312,88,320,232,88,743,655,104,305,201,114,2530,4
104,264,160,96,184,88,88,232,144,88,416,328,128,472,344,72,264,192,127,312,185,112,2256,4
87,248,161,103,184,81,87,223,136,96,344,248,120,376,256,104,328,224,130,360,230,112,2175,4
95,215,120,96,184,88,88,208,120,88,360,272,112,272,160,103,999,896,104,257,153,120,2615,4
80,200,120,87,176,89,113,232,119,79,335,256,124,273,149,127,303,176,104,289,185,103,1911,4
79,200,121,88,176,88,88,200,112,88,408,320,128,295,167,105,337,232,128,304,176,64,1984,4
104,256,152,96,200,104,96,223,127,80,360,280,132,345,213,136,1441,1305,103,263,160,128,3216,4
105,216,111,88,185,97,79,200,121,79,423,344,130,345,215,95,272,177,120,279,159,129,2049,4
96,224,128,96,177,81,87,191,104,96,368,272,104,280,176,114,560,446,152,368,216,152,2320,4
80,192,112,96,192,96,96,200,104,96,576,480,128,280,152,80,1328,1248,130,407,277,114,3289,4
112,239,127,105,169,64,88,183,95,105,417,312,80,320,240,96,560,464,138,344,206,128,2360,4
105,257,152,88,200,112,80,216,136,96,496,400,113,311,198,97,433,336,136,384,248,111,2408,4
104,272,168,96,192,96,80,216,136,80,351,271,105,360,255,112,440,328,122,344,222,105,2280,4
72,232,160,104,224,120,112,289,177,103,1046,943,104,281,177,95,336,241,113,264,151,104,2776,4
96,257,161,87,175,88,88,233,145,87,367,280,104,552,448,104,480,376,113,472,359,80,2616,4
80,233,153,103,191,88,104,256,152,104,1208,1104,96,311,215,98,1065,967,104,440,336,104,3808,4
88,216,128,80,215,135,96,224,128,97,649,552,113,313,200,129,391,262,120,408,288,72,2488,4
103,304,201,88,216,128,88,224,136,103,503,400,89,289,200,112,400,288,104,296,192,129,2361,4
104,248,144,104,216,112,104,240,136,81,376,295,103,456,353,104,256,152,88,376,288,104,2272,4
88,240,152,104,208,104,80,232,152,79,504,425,123,296,173,104,368,264,130,376,246,96,2320,4
104,224,120,104,216,112,104,264,160,97,735,638,113,280,167,81,905,824,104,312,208,104,3040,4
64,216,152,88,198,110,98,202,104,104,407,303,114,240,126,121,481,360,113,216,103,119,2079,4
105,265,160,95,168,73,95,248,153,104,648,544,113,575,462,88,520,432,104,441,337,80,2945,4
123,712,589,96,208,112,112,487,375,88,320,232,104,408,304,121,369,248,128,311,183,112,2927,4
54,214,160,96,192,96,88,216,128,89,457,368,103,319,216,89,513,424,87,343,256,88,2342,4
122,370,248,114,208,94,120,688,568,112,441,329,95,271,176,128,545,417,103,360,257,102,2985,4
105,232,127,113,232,119,104,232,128,104,393,289,127,359,232,136,433,297,127,383,256,127,2391,4
79,183,104,115,216,101,96,200,104,106,496,390,131,344,213,80,408,328,136,368,232,136,2351,4
80,233,153,103,225,122,77,214,137,96,888,792,88,929,841,111,583,472,56,703,647,124,3899,4
81,201,120,96,200,104,95,215,120,85,1337,1252,131,672,541,113,289,176,126,255,129,120,3289,4
88,313,225,103,231,128,104,257,153,86,423,337,114,296,182,136,368,232,88,280,192,120,2288,4
88,264,176,80,216,136,96,224,128,80,792,712,88,376,288,120,560,440,129,400,271,103,2935,4
82,170,88,113,184,71,104,216,112,88,624,536,136,976,840,96,424,328,96,280,184,104,2978,4
95,159,64,104,161,57,87,191,104,88,464,376,96,320,224,120,352,232,120,256,136,128,2031,4
88,200,112,96,232,136,88,224,136,80,400,320,123,424,301,104,336,232,104,1312,1208,80,3208,4
71,223,152,80,152,72,80,224,144,56,480,424,104,304,200,104,336,232,96,280,184,112,2111,4
80,195,115,76,157,81,80,208,128,80,368,288,128,328,200,96,864,768,112,408,296,104,2632,4
64,665,601,129,344,215,80,216,136,72,416,344,96,240,144,104,327,223,80,257,177,104,2569,4
88,256,168,87,152,65,88,248,160,80,424,344,104,240,136,88,1072,984,96,280,184,112,2784,4
95,223,128,88,200,112,96,272,176,88,496,408,120,344,224,112,1128,1016,104,424,320,96,3183,4
88,232,144,72,160,88,80,232,152,72,392,320,104,288,184,120,544,424,112,360,248,96,2304,4
96,248,152,104,232,128,88,232,144,80,424,344,96,336,240,111,471,360,97,417,320,80,2440,4
103,264,161,88,200,112,88,224,136,88,536,448,135,344,209,111,416,305,72,416,344,64,2464,4
80,232,152,72,168,96,72,223,151,81,401,320,96,320,224,88,447,359,104,433,329,79,2303,4
64,232,168,88,216,128,80,216,136,80,488,408,88,312,224,80,359,279,89,297,208,128,2248,4
71,256,185,81,208,127,80,217,137,79,424,345,104,472,368,88,392,304,79,415,336,112,2496,4
81,208,127,96,184,88,73,209,136,79,696,617,72,352,280,88,559,471,81,777,696,103,3088,4
78,198,120,88,160,72,81,232,151,80,505,425,87,256,169,95,343,248,88,265,177,113,2072,4
112,257,145,87,216,129,96,231,135,86,496,410,120,305,185,112,392,280,87,543,456,96,2536,4
80,208,128,80,160,80,80,216,136,80,424,344,89,233,144,95,519,424,105,256,151,96,2112,4
80,192,112,88,192,104,65,249,184,80,919,839,105,297,192,128,368,240,104,360,256,120,2697,4
108,174,66,80,145,65,80,216,136,72,360,288,96,272,176,88,536,448,96,361,265,119,2183,4
112,696,584,104,528,424,112,528,416,64,832,768,104,440,336,80,392,312,80,216,136,56,3688,4
69,197,128,80,176,96,72,216,144,114,520,406,113,472,359,124,296,172,96,352,256,104,2333,4
104,328,224,88,192,104,104,255,151,89,473,384,104,288,184,128,368,240,97,296,199,103,2303,4
96,240,144,92,208,116,96,367,271,153,897,744,113,280,167,104,337,233,122,303,181,113,2745,4
104,256,152,80,176,96,88,336,248,72,768,696,111,335,224,112,336,224,80,282,202,104,2593,4
80,264,184,104,208,104,80,225,145,79,407,328,104,401,297,87,375,288,97,360,263,105,2345,4
96,224,128,88,192,104,80,248,168,80,368,288,88,392,304,104,552,448,96,320,224,79,2375,4
93,221,128,96,184,88,88,272,184,72,665,593,96,512,416,96,240,144,104,568,464,104,2766,4
80,184,104,88,184,96,104,377,273,54,711,657,87,320,233,120,671,551,118,313,195,104,2864,4
81,225,144,80,184,104,72,224,152,72,512,440,88,376,288,80,368,288,127,304,177,127,2320,4
77,237,160,80,168,88,95,223,128,89,497,408,96,368,272,88,312,224,104,336,232,104,2245,4
79,223,144,88,168,80,104,216,112,88,400,312,96,296,200,121,432,311,80,384,304,112,2231,4
80,217,137,88,199,111,81,209,128,79,488,409,113,296,183,112,607,495,96,352,256,72,2440,4
72,201,129,71,223,152,88,240,152,88,465,377,103,304,201,79,384,305,96,328,232,79,2224,4
103,240,137,79,183,104,97,305,208,84,1047,963,96,1031,935,56,218,162,87,447,360,104,3575,4
79,183,104,95,168,73,80,240,160,64,560,496,88,552,464,80,208,128,88,432,344,96,2439,4
96,160,64,112,248,136,88,280,192,64,528,464,104,696,592,56,320,264,80,528,448,104,2864,4
88,240,152,88,176,88,88,240,152,99,408,309,96,497,401,95,329,234,102,382,280,113,2385,4
56,208,152,120,192,72,104,208,104,104,456,352,104,383,279,120,328,208,89,408,319,105,2288,4
105,241,136,104,199,95,105,257,152,120,503,383,97,449,352,104,368,264,104,311,207,113,2441,4
112,208,96,96,200,104,72,200,128,96,408,312,104,679,575,97,184,87,105,313,208,96,2288,4
119,720,601,128,224,96,104,280,176,88,591,503,129,505,376,112,832,720,136,456,320,113,3721,4
113,232,119,88,217,129,111,247,136,104,799,695,81,457,376,128,696,568,120,456,336,104,3208,4
103,175,72,104,184,80,88,216,128,88,440,352,104,288,184,120,1248,1128,56,248,192,88,2887,4
88,208,120,113,224,111,104,240,136,99,448,349,87,808,721,96,400,304,80,320,240,96,2744,4
79,320,241,112,264,152,87,240,153,96,504,408,112,392,280,113,984,871,96,408,312,111,3223,4
72,191,119,88,209,121,104,256,152,96,664,568,127,344,217,120,544,424,128,336,208,103,2647,4
96,224,128,104,184,80,119,264,145,111,504,393,111,519,408,114,312,198,136,985,849,103,3095,4
82,192,110,103,223,120,104,248,144,81,809,728,119,392,273,104,879,775,80,304,224,144,3191,4
95,248,153,104,343,239,127,1345,1218,103,751,648,104,761,657,122,535,413,88,320,232,114,4417,4
89,217,128,103,200,97,103,239,136,80,648,568,96,384,288,112,392,280,113,336,223,120,2536,4
104,256,152,114,224,110,95,289,194,80,559,479,119,712,593,104,416,312,112,336,224,113,2905,4
87,215,128,113,208,95,103,281,178,103,1287,1184,112,488,376,104,215,111,105,489,384,96,3279,4
89,249,160,119,208,89,120,256,136,79,519,440,105,322,217,110,391,281,95,648,553,128,2721,4
104,224,120,104,192,88,88,216,128,88,408,320,88,400,312,120,944,824,120,344,224,136,2864,4
71,192,121,103,183,80,97,225,128,88,568,480,104,255,151,121,393,272,96,1264,1168,104,3184,4
88,248,160,104,176,72,113,248,135,88,472,384,96,840,744,104,272,168,104,727,623,64,3047,4
94,254,160,88,168,80,96,216,120,87,472,385,120,320,200,128,336,208,103,296,193,88,2150,4
95,207,112,88,200,112,88,216,128,104,400,296,120,416,296,96,448,352,112,1040,928,112,3039,4
80,240,160,104,200,96,96,231,135,80,457,377,136,416,280,127,423,296,105,601,496,96,2664,4
80,200,120,88,192,104,87,231,144,80,401,321,88,448,360,79,856,777,144,392,248,128,2848,4
112,280,168,95,200,105,104,232,128,129,593,464,103,519,416,96,272,176,119,280,161,104,2480,4
96,304,208,113,296,183,96,287,191,89,368,279,145,585,440,80,1136,1056,80,256,176,120,3352,4
80,223,143,115,192,77,105,217,112,103,488,385,111,416,305,135,376,241,87,392,305,80,2384,4
112,241,129,104,208,104,95,224,129,96,496,400,87,367,280,120,825,705,103,992,889,103,3456,4
104,281,177,130,712,582,87,256,169,63,392,329,87,360,273,128,279,151,81,264,183,114,2658,4
104,184,80,104,193,89,103,231,128,129,625,496,103,872,769,112,488,376,79,327,248,96,3016,4
87,215,128,104,168,64,116,240,124,104,408,304,131,1008,877,136,200,64,136,344,208,112,2695,4
112,199,87,152,232,80,128,282,154,78,550,472,120,680,560,112,288,176,120,672,552,88,2991,4
80,201,121,127,223,96,113,232,119,121,560,439,112,639,527,105,289,184,131,656,525,104,2904,4
112,224,112,120,217,97,104,263,159,97,689,592,112,592,480,122,408,286,128,352,224,113,2858,4
97,305,208,136,272,136,106,360,254,104,579,475,101,301,200,144,488,344,128,336,208,152,2793,4
88,184,96,104,208,104,120,271,151,89,441,352,104,384,280,136,416,280,129,696,567,80,2680,4
96,192,96,113,256,143,128,472,344,72,728,656,112,312,200,113,240,127,104,320,216,123,2643,4
80,232,152,104,417,313,79,703,624,104,719,615,97,217,120,144,344,200,112,496,384,112,3240,4
104,232,128,112,280,168,104,1592,1488,104,904,800,80,480,400,104,376,272,96,288,192,80,4232,4
88,248,160,107,216,109,104,256,152,104,832,728,128,864,736,119,200,81,111,256,145,136,3008,4
80,256,176,96,200,104,80,216,136,80,832,752,128,944,816,113,296,183,88,416,328,80,3240,4
97,225,128,88,191,103,130,385,255,137,1064,927,120,344,224,96,296,200,88,240,152,80,2825,4
87,216,129,95,168,73,88,248,160,80,520,440,104,288,184,87,312,225,104,272,168,104,2128,4
63,215,152,88,193,105,95,255,160,88,480,392,121,497,376,95,248,153,127,359,232,120,2367,4
81,257,176,123,200,77,117,240,123,107,487,380,128,433,305,112,280,168,127,239,112,112,2248,4
104,200,96,96,160,64,112,233,121,103,1575,1472,96,641,545,71,263,192,120,384,264,88,3544,4
87,215,128,120,184,64,114,280,166,105,728,623,88,280,192,144,424,280,80,233,153,111,2455,4
80,240,160,80,248,168,104,352,248,83,3304,3221,104,3296,3192,104,656,552,88,776,688,80,8952,4
105,369,264,104,928,824,104,495,391,121,1353,1232,95,544,449,96,328,232,136,968,832,104,5089,4
88,169,81,103,167,64,113,208,95,96,641,545,104,591,487,122,480,358,113,321,208,103,2680,4
120,280,160,122,232,110,120,1040,920,88,488,400,80,368,288,104,312,208,104,785,681,87,3592,4
96,232,136,113,264,151,104,248,144,88,440,352,88,288,200,114,392,278,104,456,352,113,2433,4
88,184,96,103,184,81,96,224,128,88,424,336,88,352,264,112,312,200,88,264,176,80,2024,4
88,240,152,104,224,120,96,239,143,81,561,480,112,424,312,88,296,208,104,344,240,88,2416,4
96,280,184,104,224,120,104,241,137,71,439,368,104,288,184,88,368,280,64,344,280,113,2297,4
88,224,136,88,208,120,96,224,128,105,432,327,112,272,160,112,320,208,104,288,184,104,2072,4
80,216,136,80,184,104,104,248,144,96,496,400,129,296,167,104,344,240,104,328,224,112,2224,4
80,232,152,96,208,112,104,224,120,97,472,375,113,304,191,128,328,200,143,344,201,96,2208,4
96,224,128,95,200,105,104,240,136,104,576,472,128,320,192,120,464,344,136,360,224,80,2464,4
80,232,152,104,232,128,80,316,236,84,843,759,118,1217,1099,104,360,256,127,296,169,80,3576,4
105,376,271,88,240,152,80,488,408,47,1512,1465,72,1944,1872,80,296,216,72,336,264,48,5240,5
48,352,304,80,313,233,159,399,240,96,1152,1056,80,1591,1511,65,753,688,88,648,560,64,5272,5
80,392,312,96,296,200,144,448,304,120,1911,1791,88,473,385,55,832,777,112,768,656,56,5176,5
80,600,520,104,768,664,95,520,425,80,480,400,120,376,256,80,607,527,120,384,264,88,3823,5
56,688,632,64,272,208,72,623,551,64,944,880,105,1121,1016,71,680,609,104,175,71,81,4584,5
88,312,224,104,320,216,95,360,265,103,680,577,136,327,191,98,481,383,136,160,24,88,2728,5
72,271,199,97,240,143,105,289,184,80,408,328,144,240,96,88,2392,2304,112,114,2,86,4040,5
89,281,192,88,224,136,88,256,168,72,440,368,112,376,264,64,392,328,127,184,57,56,2209,5
80,256,176,72,208,136,72,240,168,56,416,360,87,344,257,72,303,231,97,281,184,47,2095,5
80,304,224,80,201,121,96,296,200,72,464,392,128,256,128,64,568,504,104,183,79,41,2313,5
96,248,152,72,200,128,80,232,152,56,432,376,72,207,135,73,1512,1439,65,105,40,56,2992,5
72,256,184,88,225,137,70,271,201,56,360,304,72,279,207,81,585,504,153,176,23,48,2200,5
96,225,129,103,228,125,91,1715,1624,40,952,912,72,320,248,80,312,232,96,192,96,48,3992,5
50,560,510,64,161,97,79,271,192,64,664,600,72,336,264,72,503,431,97,98,1,39,2632,5
72,232,160,72,216,144,72,264,192,64,480,416,72,216,144,88,680,592,73,73,0,71,2232,5
72,224,152,64,176,112,72,232,160,40,352,312,80,200,120,72,728,656,72,73,1,55,2040,5
88,216,128,95,199,104,81,217,136,56,367,311,96,505,409,72,120,48,72,232,160,48,1904,5
72,184,112,96,200,104,80,192,112,64,408,344,112,567,455,73,169,96,95,224,129,48,1992,5
72,361,289,80,224,144,88,264,176,56,463,407,113,377,264,64,1071,1007,73,632,559,57,3449,5
87,271,184,89,400,311,89,504,415,73,1608,1535,65,345,280,48,2536,2488,112,113,1,55,5832,5
72,448,376,88,192,104,87,264,177,56,368,312,88,408,320,39,415,376,97,313,216,56,2464,5
57,361,304,87,263,176,89,680,591,65,656,591,57,320,263,65,609,544,136,248,112,72,3209,5
72,328,256,65,176,111,65,256,191,57,464,407,137,296,159,89,625,536,104,167,63,80,2392,5
72,224,152,89,200,111,89,256,167,65,409,344,103,279,176,81,656,575,129,130,1,70,2224,5
73,216,143,81,200,119,73,248,175,57,368,311,112,297,185,80,471,391,121,123,2,45,1968,5
72,280,208,72,208,136,97,264,167,57,480,423,73,247,174,82,825,743,96,152,56,41,2497,5
73,208,135,81,176,95,72,224,152,57,424,367,73,288,215,56,856,800,81,84,3,21,2281,5
72,192,120,88,207,119,81,441,360,56,712,656,65,4504,4439,89,168,79,88,304,216,41,6569,5
63,183,120,80,184,104,80,208,128,57,344,287,81,432,351,81,536,455,81,81,0,63,2031,5
89,185,96,88,191,103,80,248,168,49,409,360,72,319,247,65,816,751,105,107,2,54,2329,5
72,224,152,80,280,200,80,265,185,48,1550,1502,82,345,263,56,488,432,97,681,584,63,3896,5
89,233,144,96,239,143,80,240,160,73,512,439,105,256,151,65,688,623,145,320,175,56,2544,5
79,199,120,89,208,119,88,216,128,72,376,304,89,232,143,64,536,472,97,224,127,49,2040,5
90,224,134,88,193,105,95,212,117,67,475,408,121,264,143,72,272,200,121,216,95,73,1929,5
81,208,127,81,192,111,73,264,191,64,520,456,71,311,240,57,793,736,105,106,1,71,2465,5
63,1656,1593,96,1143,1047,57,400,343,56,1185,1129,63,295,232,65,312,247,88,240,152,40,5271,5
80,240,160,73,184,111,72,1160,1088,97,1224,1127,55,304,249,97,592,495,96,152,56,41,3897,5
72,224,152,72,184,112,72,224,152,56,400,344,64,240,176,64,1184,1120,113,672,559,40,3168,5
87,215,128,81,184,103,72,224,152,57,384,327,72,224,152,56,992,936,86,98,12,54,2375,5
64,176,112,88,200,112,64,200,136,48,344,296,64,240,176,64,928,864,81,82,1,54,2224,5
89,216,127,80,184,104,73,216,143,56,464,408,57,448,391,48,1224,1176,113,114,1,62,2928,5
73,208,135,80,184,104,72,247,175,57,401,344,88,264,176,65,728,663,121,272,151,49,2353,5
80,200,120,80,200,120,80,224,144,56,488,432,128,184,56,80,1072,992,88,106,18,37,2511,5
80,232,152,79,200,121,72,328,256,56,1208,1152,73,288,215,40,1024,984,88,392,304,40,3712,5
72,200,128,88,208,120,64,272,208,56,376,320,113,304,191,64,472,408,96,200,104,49,2081,5
88,248,160,80,208,128,80,448,368,56,535,479,89,297,208,56,368,312,112,256,144,72,2432,5
72,224,152,96,224,128,79,248,169,72,560,488,112,216,104,56,840,784,105,106,1,62,2480,5
81,200,119,80,192,112,72,248,176,56,400,344,104,304,200,48,664,616,121,304,183,64,2376,5
64,184,120,88,208,120,80,232,152,48,424,376,96,256,160,80,1016,936,80,96,16,56,2472,5
80,264,184,88,208,120,104,240,136,72,392,320,104,240,136,64,680,616,96,233,137,71,2328,5
88,216,128,96,216,120,80,208,128,56,440,384,104,232,128,64,1176,1112,89,152,63,56,2696,5
88,216,128,88,200,112,71,216,145,56,416,360,72,192,120,72,624,552,88,90,2,62,2016,5
97,265,168,72,168,96,88,224,136,64,424,360,89,224,135,112,912,800,112,912,800,48,3177,5
80,432,352,72,192,120,72,296,224,88,1592,1504,104,1328,1224,72,1088,1016,64,88,24,64,5080,5
89,223,134,81,185,104,88,272,184,48,432,384,80,224,144,80,840,760,96,97,1,79,2352,5
64,191,127,81,232,151,73,433,360,72,504,432,63,383,320,89,577,488,96,98,2,101,2519,5
81,209,128,72,184,112,72,224,152,64,392,328,113,280,167,112,752,640,128,129,1,111,2281,5
80,184,104,96,200,104,80,207,127,73,337,264,95,240,145,144,296,152,128,231,103,105,1800,5
88,216,128,80,200,120,72,680,608,80,424,344,128,352,224,56,680,624,80,104,24,112,2768,5
89,201,112,80,192,112,88,231,143,57,385,328,96,232,136,56,1408,1352,112,114,2,78,2841,5
64,192,128,96,208,112,80,304,224,71,408,337,120,264,144,96,272,176,112,360,248,88,2096,5
73,184,111,80,192,112,72,224,152,64,336,272,104,264,160,56,1448,1392,88,111,23,73,2832,5
80,216,136,80,224,144,72,320,248,56,383,327,81,1081,1000,56,1280,1224,80,168,88,56,3728,5
73,175,102,73,169,96,72,200,128,48,304,256,56,312,256,48,872,824,64,85,21,51,2168,5
79,192,113,71,176,105,72,176,104,71,320,249,96,312,216,88,648,560,96,168,72,64,2056,5
81,176,95,88,208,120,72,200,128,65,352,287,104,288,184,64,984,920,89,90,1,62,2360,5
96,200,104,88,184,96,72,200,128,48,336,288,54,280,226,56,944,888,72,104,32,64,2312,5
72,168,96,88,180,92,76,196,120,48,408,360,88,288,200,72,744,672,96,152,56,144,2280,5
80,208,128,80,168,88,88,216,128,80,320,240,88,336,248,80,648,568,88,112,24,48,2056,5
72,184,112,96,200,104,72,208,136,56,384,328,56,992,936,88,872,784,80,100,20,76,3016,5
80,200,120,80,240,160,40,1640,1600,40,1329,1289,64,327,263,41,561,520,87,89,2,38,4424,5
64,184,120,80,208,128,64,231,167,57,369,312,72,271,199,73,529,456,112,114,2,54,1960,5
56,232,176,88,279,191,88,273,185,95,416,321,111,175,64,105,465,360,120,192,72,71,2103,5
89,361,272,72,192,120,72,200,128,56,408,352,72,432,360,120,520,400,96,120,24,80,2313,5
72,543,471,56,160,104,56,592,536,57,417,360,96,168,72,96,336,240,79,160,81,120,2496,5
88,216,128,80,175,95,105,265,160,96,385,289,71,287,216,104,232,128,87,184,97,103,1847,5
72,176,104,88,178,90,94,221,127,89,393,304,56,160,104,128,336,208,80,176,96,64,1704,5
128,296,168,120,640,520,88,648,560,64,448,384,80,495,415,73,1057,984,96,184,88,128,3896,5
96,224,128,80,191,111,89,233,144,63,368,305,96,152,56,88,256,168,120,176,56,88,1688,5
81,281,200,64,176,112,88,224,136,56,352,296,72,231,159,56,1001,945,64,80,16,40,2385,5
73,425,352,64,167,103,73,336,263,56,360,304,73,185,112,72,440,368,64,135,71,73,2121,5
72,192,120,81,176,95,81,249,168,64,392,328,64,440,376,104,105,1,59,230,171,49,1833,5
64,191,127,81,184,103,65,192,127,65,392,327,80,424,344,80,82,2,63,246,183,89,1800,5
89,216,127,89,184,95,89,216,127,64,416,352,88,264,176,112,184,72,81,193,112,72,1745,5
81,200,119,89,209,120,72,199,127,56,328,272,113,304,191,104,176,72,97,208,111,40,1664,5
89,200,111,89,208,119,89,280,191,57,408,351,113,265,152,112,135,23,96,224,128,72,1792,5
80,200,120,97,200,103,80,184,104,73,352,279,121,184,63,113,296,183,97,240,143,72,1728,5
89,584,495,65,176,111,65,192,127,64,352,288,65,168,103,81,593,512,88,89,1,62,2216,5
89,376,287,73,208,135,88,240,152,80,344,264,112,160,48,97,344,247,97,192,95,41,1905,5
73,376,303,80,226,146,71,230,159,56,392,336,81,160,79,104,352,248,105,232,127,113,2081,5
72,664,592,72,178,106,78,214,136,57,336,279,86,160,74,57,216,159,81,160,79,89,2017,5
65,208,143,96,312,216,88,232,144,57,312,255,81,152,71,88,1145,1057,64,73,9,86,2520,5
73,168,95,81,184,103,73,176,103,89,360,271,89,136,47,137,544,407,121,123,2,70,1761,5
81,168,87,88,177,89,80,207,127,56,424,368,73,432,359,88,104,16,80,200,120,24,1736,5
79,190,111,66,249,183,89,312,223,65,320,255,88,168,80,96,224,128,56,136,80,56,1655,5
72,239,167,65,440,375,57,376,319,40,520,480,72,272,200,89,681,592,96,97,1,54,2679,5
81,226,145,64,224,160,88,272,184,55,1720,1665,103,352,249,96,296,200,112,136,24,80,3306,5
96,248,152,80,192,112,72,224,152,56,544,488,103,384,281,87,672,585,79,88,9,63,2415,5
88,232,144,72,200,128,64,208,144,40,392,352,80,184,104,72,240,168,79,176,97,71,1703,5
64,168,104,95,240,145,72,240,168,55,416,361,95,400,305,87,112,25,79,168,89,143,1887,5
63,200,137,71,191,120,64,209,145,40,368,328,55,216,161,72,168,96,79,232,153,96,1680,5
103,440,337,64,224,160,63,248,185,48,424,376,63,200,137,80,480,400,56,64,8,79,2159,5
71,192,121,71,208,137,39,176,137,55,320,265,95,248,153,103,168,65,79,256,177,87,1655,5
56,201,145,79,216,137,55,216,161,55,383,328,64,145,81,80,280,200,63,216,153,80,1737,5
81,209,128,71,192,121,63,208,145,47,336,289,95,480,385,71,80,9,87,256,169,87,1848,5
71,200,129,79,192,113,63,200,137,47,416,369,87,112,25,87,223,136,96,232,136,80,1655,5
80,217,137,71,191,120,64,193,129,55,440,385,55,312,257,55,824,769,63,72,9,23,2272,5
71,208,137,71,200,129,64,176,112,63,352,289,56,128,72,119,376,257,47,343,296,32,1815,5
79,208,129,79,192,113,71,184,113,47,328,281,47,144,97,71,248,177,47,208,161,55,1567,5
63,216,153,79,184,105,63,192,129,39,320,281,111,136,25,87,240,153,87,224,137,64,1576,5
80,209,129,79,207,128,56,177,121,47,536,489,55,360,305,79,456,377,72,64,-8,95,2104,5
79,184,105,95,224,129,55,184,129,55,280,225,95,120,25,87,280,193,55,168,113,79,1519,5
71,208,137,79,199,120,72,201,129,63,336,273,71,152,81,111,264,153,55,184,129,79,1623,5
79,216,137,87,199,112,64,193,129,47,352,305,71,88,17,95,256,161,71,216,145,31,1551,5
96,217,121,79,175,96,64,168,104,56,296,240,64,105,41,79,248,169,55,176,121,79,1464,5
71,184,113,79,200,121,47,168,121,63,296,233,71,128,57,95,216,121,79,152,73,79,1423,5
55,192,137,71,200,129,55,192,137,39,408,369,71,128,57,95,184,89,63,152,89,63,1519,5
80,193,113,79,248,169,79,423,344,64,401,337,63,96,33,95,296,201,63,128,65,95,1880,5
79,208,129,79,200,121,71,184,113,63,280,217,119,176,57,103,191,88,72,169,97,87,1495,5
71,192,121,79,199,120,72,201,129,71,336,265,71,144,73,87,200,113,63,128,65,95,1495,5
63,176,113,79,192,113,71,200,129,63,360,297,95,112,17,95,-688,-783,1079,1184,105,71,1607,5
79,192,113,87,208,121,71,184,113,63,312,249,63,128,65,79,192,113,63,144,81,127,1487,5
80,184,104,96,224,128,64,200,136,40,297,257,71,120,49,95,208,113,55,216,161,71,1520,5
55,232,177,79,216,137,55,216,161,55,336,281,87,152,65,79,272,193,135,224,89,71,1719,5
64,192,128,80,184,104,64,177,113,63,304,241,87,120,33,103,192,89,63,127,64,88,1384,5
71,192,121,87,232,145,71,264,193,55,360,305,95,216,121,119,136,17,119,160,41,143,1703,5
55,184,129,79,192,113,47,176,129,39,295,256,88,121,33,103,192,89,79,128,49,95,1383,5
72,209,137,63,200,137,55,184,129,47,304,257,103,192,89,103,192,89,71,176,105,71,1528,5
71,192,121,71,192,121,55,176,121,55,327,272,96,168,72,72,169,97,55,216,161,87,1527,5
79,280,201,63,176,113,63,199,136,56,392,336,72,-815,-887,1127,1208,81,87,216,129,79,1735,5
63,192,129,87,200,113,55,175,120,56,401,345,71,160,89,95,216,121,87,168,81,119,1631,5
56,217,161,63,168,105,71,200,129,47,511,464,64,161,97,79,272,193,71,240,169,63,1832,5
80,217,137,79,200,121,63,184,121,71,343,272,80,168,88,56,169,113,87,176,89,63,1520,5
79,207,128,88,192,104,64,177,113,63,304,241,79,256,177,87,128,41,95,208,113,111,1583,5
87,208,121,87,184,97,71,176,105,55,304,249,79,152,73,87,200,113,71,160,89,87,1471,5
79,192,113,79,176,97,63,176,113,55,280,225,71,128,57,79,176,97,79,136,57,111,1375,5
79,216,137,71,176,105,55,184,129,47,280,233,63,144,81,103,216,113,71,144,73,95,1455,5
80,184,104,104,200,96,64,176,112,56,337,281,63,136,73,87,208,121,71,175,104,72,1488,5
79,192,113,79,192,113,55,168,113,63,320,257,55,968,913,71,88,17,79,215,136,120,2263,5
87,208,121,87,199,112,56,176,120,64,289,225,87,208,121,119,176,57,71,160,89,103,1519,5
71,191,120,80,177,97,71,192,121,63,344,281,63,376,313,55,376,321,47,144,97,71,1871,5
79,184,105,79,184,105,55,176,121,55,296,241,79,112,33,119,216,97,79,128,49,95,1391,5
79,192,113,87,208,121,63,216,153,55,703,648,64,513,449,111,607,496,80,88,8,96,2623,5
87,208,121,87,200,113,71,176,105,55,304,249,79,151,72,112,217,105,79,111,32,112,1479,5
80,184,104,96,200,104,72,208,136,56,377,321,63,160,97,119,224,105,103,207,104,72,1632,5
71,183,112,88,201,113,55,175,120,56,281,225,55,112,57,79,263,184,56,97,41,111,1423,5
80,193,113,79,176,97,63,175,112,48,289,241,95,120,25,119,232,113,79,112,33,95,1392,5
64,193,129,71,176,105,71,192,121,55,1176,1121,47,312,265,71,96,25,55,215,160,96,2456,5
56,208,152,48,160,112,72,184,112,56,296,240,96,136,40,128,232,104,96,113,17,119,1448,5
87,231,144,80,192,112,64,176,112,64,368,304,56,105,49,103,320,217,79,151,72,80,1623,5
63,176,113,71,168,97,63,175,112,56,337,281,47,103,56,80,257,177,55,128,73,63,1407,5
72,184,112,80,184,104,64,168,104,56,312,256,64,112,48,72,313,241,55,119,64,96,1488,5
71,199,128,96,193,97,71,183,112,72,313,241,79,143,64,104,208,104,48,136,88,72,1447,5
80,200,120,80,176,96,80,224,144,48,440,392,80,137,57,63,208,145,63,143,80,64,1592,5
72,208,136,72,168,96,56,168,112,72,320,248,80,128,48,104,424,320,24,97,73,103,1616,5
64,168,104,72,176,104,56,168,112,56,272,216,96,120,24,104,216,112,72,120,48,88,1328,5
48,152,104,72,177,105,71,175,104,64,376,312,72,553,481,71,103,32,80,240,160,64,1840,5
72,176,104,72,168,96,88,184,96,64,416,352,80,184,104,96,152,56,96,152,56,88,1520,5
80,192,112,80,176,96,80,184,104,64,320,256,64,104,40,88,240,152,64,96,32,120,1432,5
71,199,128,80,192,112,64,184,120,56,288,232,72,136,64,96,224,128,152,184,32,80,1487,5
71,183,112,72,184,112,72,184,112,56,392,336,56,160,104,72,224,152,56,176,120,64,1567,5
79,167,88,96,192,96,64,184,120,56,329,273,71,239,168,88,161,73,79,159,80,112,1543,5
64,192,128,72,176,104,56,176,120,56,305,249,55,127,72,96,232,136,56,96,40,96,1400,5
64,184,120,80,184,104,72,176,104,72,304,232,56,280,224,72,144,72,128,176,48,96,1544,5
72,176,104,80,184,104,64,160,96,64,296,232,80,128,48,88,192,104,72,96,24,128,1360,5
72,176,104,80,176,96,64,168,104,72,304,232,96,120,24,96,224,128,72,104,32,128,1400,5
72,176,104,80,176,96,64,176,112,64,328,264,64,128,64,88,520,432,72,136,64,88,1728,5
64,168,104,80,184,104,64,168,104,64,352,288,56,192,136,112,192,80,72,168,96,87,1511,5
72,176,104,88,192,104,64,168,104,80,320,240,64,184,120,120,584,464,72,280,208,48,1952,5
72,192,120,80,184,104,72,184,112,56,344,288,72,112,40,96,216,120,80,120,40,72,1424,5
72,192,120,96,200,104,72,200,128,48,328,280,64,144,80,96,248,152,64,120,56,88,1520,5
80,192,112,80,192,112,64,184,120,72,304,232,80,120,40,72,248,176,56,176,120,48,1464,5
64,184,120,88,200,112,56,184,128,48,304,256,56,160,104,72,248,176,64,144,80,88,1512,5
88,184,96,80,176,96,80,192,112,64,296,232,80,128,48,104,208,104,96,120,24,104,1408,5
72,184,112,80,176,96,72,184,112,64,328,264,72,144,72,104,272,168,64,152,88,88,1528,5
80,200,120,88,176,88,64,184,120,48,288,240,56,184,128,64,184,120,72,144,72,56,1416,5
72,184,112,88,200,112,56,168,112,56,280,224,64,136,72,104,264,160,56,128,72,88,1448,5
72,192,120,72,176,104,56,184,128,48,288,240,80,104,24,104,312,208,56,280,224,72,1608,5
64,208,144,64,176,112,55,184,129,39,360,321,64,152,88,80,296,216,56,176,120,72,1624,5
64,200,136,64,176,112,56,168,112,56,312,256,80,128,48,88,247,159,89,225,136,55,1511,5
80,224,144,80,192,112,64,176,112,64,328,264,80,144,64,80,264,184,64,176,112,56,1560,5
80,176,96,96,208,112,64,200,136,48,392,344,64,128,64,88,344,256,88,264,176,80,1792,5
64,160,96,88,192,104,64,200,136,48,368,320,96,176,80,104,272,168,120,232,112,72,1672,5
80,216,136,80,192,112,72,184,112,48,280,232,88,144,56,96,248,152,64,224,160,64,1552,5
64,200,136,88,192,104,64,184,120,64,352,288,72,144,72,120,232,112,64,208,144,72,1584,5
88,200,112,72,176,104,71,176,105,56,344,288,72,136,64,96,240,144,48,176,128,56,1504,5
104,240,136,80,192,112,56,176,120,56,320,264,80,176,96,120,192,72,80,168,88,72,1536,5
79,184,105,96,184,88,72,168,96,64,320,256,104,168,64,80,192,112,72,208,136,64,1488,5
72,176,104,88,184,96,64,168,104,56,304,248,88,160,72,96,152,56,88,184,96,56,1384,5
80,184,104,64,200,136,64,176,112,48,320,272,80,120,40,96,248,152,88,176,88,48,1472,5
88,184,96,80,184,104,56,168,112,56,336,280,80,104,24,104,384,280,48,136,88,56,1552,5
72,168,96,88,184,96,72,184,112,56,288,232,88,272,184,96,136,40,72,256,184,48,1536,5
82,90,8,74,168,94,81,233,152,56,408,352,96,216,120,136,328,192,103,152,49,72,1667,5
89,192,103,96,185,89,63,192,129,40,344,304,103,136,33,80,192,112,136,152,16,71,1464,5
72,168,96,87,168,81,72,176,104,63,304,241,135,128,-7,88,248,160,95,160,65,31,1383,5
63,192,129,63,168,105,63,168,105,48,320,272,88,128,40,96,208,112,72,128,56,88,1400,5
63,175,112,88,192,104,64,169,105,47,272,225,63,112,49,64,176,112,64,136,72,63,1295,5
47,168,121,88,192,104,63,168,105,55,288,233,79,136,57,64,216,152,95,152,57,55,1375,5
63,184,121,80,184,104,47,168,121,40,408,368,64,160,96,71,216,145,47,216,169,64,1600,5
64,176,112,72,192,120,56,160,104,64,296,232,63,104,41,71,264,193,55,192,137,87,1471,5
63,192,129,56,160,104,31,144,113,56,280,224,79,128,49,64,216,152,55,152,97,55,1327,5
47,160,113,63,184,121,39,152,113,63,312,249,71,144,73,63,240,177,39,176,137,55,1423,5
63,168,105,79,184,105,47,168,121,47,336,289,72,336,264,87,80,-7,71,192,121,71,1535,5
72,192,120,64,176,112,47,160,113,39,288,249,79,136,57,79,200,121,63,224,161,87,1463,5
63,176,113,71,175,104,40,144,104,56,337,281,72,120,48,79,280,201,63,136,73,63,1431,5
71,184,113,71,176,105,47,152,105,47,360,313,63,512,449,79,80,1,47,216,169,63,1743,5
72,177,105,88,224,136,55,184,129,55,360,305,63,112,49,79,200,121,55,120,65,63,1440,5
63,160,97,87,176,89,39,152,113,47,280,233,63,112,49,71,208,137,47,80,33,79,1247,5
63,168,105,71,168,97,55,168,113,63,304,241,143,280,137,79,136,57,55,176,121,63,1463,5
79,160,81,87,176,89,55,160,105,47,288,241,71,136,65,63,208,145,47,120,73,33,1281,5
48,169,121,71,191,120,24,128,104,64,297,233,79,104,25,79,208,129,71,128,57,71,1296,5
79,184,105,87,176,89,39,152,113,55,376,321,47,104,57,71,192,121,55,128,73,87,1399,5
55,168,113,79,184,105,55,168,113,55,480,425,63,408,345,55,95,40,48,201,153,63,1767,5
63,168,105,71,160,89,71,168,97,63,311,248,80,113,33,111,272,161,79,144,65,63,1399,5
63,159,96,88,184,96,80,176,96,64,305,241,72,104,32,79,208,129,71,135,64,88,1359,5
63,160,97,87,176,89,63,176,113,47,272,225,71,128,57,79,208,129,47,112,65,47,1279,5
63,168,105,87,184,97,55,168,113,55,288,233,95,128,33,79,168,89,71,152,81,79,1335,5
64,153,89,103,208,105,55,159,104,88,360,272,80,121,41,87,232,145,71,104,33,71,1408,5
71,168,97,79,168,89,55,168,113,55,336,281,71,88,17,111,264,153,71,128,57,103,1423,5
72,168,96,96,177,81,63,160,97,63,287,224,56,104,48,88,233,145,55,120,65,63,1312,5
71,176,105,71,160,89,63,168,105,55,352,297,103,120,17,87,360,273,63,384,321,47,1767,5
71,168,97,87,176,89,55,152,97,63,312,249,55,136,81,95,360,265,55,160,105,71,1535,5
87,176,89,103,200,97,63,168,105,55,407,352,72,144,72,72,465,393,71,120,49,95,1775,5
63,167,104,88,176,88,64,168,104,64,433,369,55,144,89,71,152,81,63,208,145,87,1535,5
80,185,105,79,192,113,55,160,105,55,351,296,48,80,32,64,433,369,55,168,113,71,1640,5
63,168,105,71,152,81,63,168,105,63,312,249,55,104,49,71,176,105,55,176,121,55,1311,5
63,151,88,72,160,88,56,160,104,48,345,297,55,128,73,87,224,137,55,176,121,55,1399,5
63,200,137,71,176,105,47,160,113,47,272,225,79,103,24,72,193,121,55,136,81,79,1319,5
72,168,96,80,152,72,72,177,105,55,279,224,64,104,40,72,200,128,56,209,153,87,1376,5
87,184,97,79,168,89,55,160,105,55,280,225,87,104,17,71,216,145,71,200,129,103,1415,5
63,160,97,95,176,81,63,208,145,55,1072,1017,63,856,793,71,104,33,55,176,121,87,2839,5
87,216,129,71,159,88,72,185,113,55,328,273,71,128,57,103,224,121,71,192,121,87,1519,5
80,209,129,71,176,105,63,224,161,47,344,297,63,103,40,96,201,105,79,152,73,79,1488,5
64,168,104,72,153,81,71,192,121,55,304,249,71,120,49,87,191,104,72,185,113,71,1384,5
64,153,89,71,160,89,71,176,105,47,280,233,79,112,33,63,175,112,64,153,89,63,1272,5
63,160,97,79,152,73,63,168,105,55,280,225,63,136,73,63,200,137,55,120,65,63,1279,5
72,161,89,79,176,97,63,176,113,55,272,217,71,120,49,71,183,112,72,185,113,71,1344,5
104,201,97,87,184,97,63,176,113,63,624,561,55,232,177,103,680,577,79,64,-15,63,2224,5
64,153,89,71,168,97,55,160,105,55,351,296,64,128,64,80,152,72,72,225,153,95,1432,5
39,135,96,88,185,97,63,168,105,63,280,217,63,144,81,79,168,89,79,152,73,79,1311,5
71,160,89,79,168,89,63,200,137,55,424,369,47,144,97,95,160,65,63,200,137,87,1543,5
79,184,105,87,176,89,71,192,121,47,319,272,72,176,104,120,201,81,63,255,192,88,1591,5
87,184,97,87,168,81,71,184,113,63,336,273,79,136,57,103,456,353,87,544,457,87,2095,5
80,193,113,79,159,80,64,184,120,64,344,280,72,497,425,79,95,16,80,304,224,64,1840,5
48,169,121,79,184,105,55,176,121,55,336,281,87,784,697,63,111,48,72,320,248,56,2136,5
64,177,113,71,167,96,72,193,121,47,312,265,87,191,104,96,233,137,71,328,257,63,1664,5
71,168,97,95,192,97,63,184,121,47,360,313,71,232,161,95,152,57,111,224,113,71,1583,5
71,200,129,71,208,137,79,368,289,55,336,281,71,704,633,71,104,33,71,255,184,56,2231,5
63,160,97,87,191,104,72,168,96,64,288,224,72,105,33,79,351,272,56,185,129,111,1559,5
72,168,96,80,176,96,64,168,104,64,281,217,87,112,25,95,231,136,88,232,144,88,1456,5
80,177,97,87,176,89,71,184,113,63,312,249,55,768,713,63,112,49,71,304,233,55,2088,5
64,176,112,80,176,96,72,176,104,56,289,233,87,112,25,95,463,368,72,305,233,39,1736,5
72,184,112,88,192,104,64,192,128,64,448,384,64,552,488,88,425,337,119,280,161,55,2328,5
79,168,89,71,168,97,63,167,104,80,320,240,80,673,593,79,96,17,95,208,113,71,1871,5
72,169,97,87,216,129,55,159,104,48,297,249,95,296,201,87,320,233,71,240,169,55,1752,5
80,200,120,80,177,97,63,167,104,56,353,297,103,183,80,88,153,65,79,191,112,56,1480,5
56,161,105,63,167,104,64,169,105,63,288,225,79,135,56,96,233,137,71,232,161,71,1456,5
63,167,104,72,169,97,71,176,105,47,312,265,55,208,153,79,183,104,56,376,320,72,1663,5
72,193,121,71,191,120,64,177,113,63,519,456,48,265,217,87,135,48,64,217,153,71,1768,5
72,168,96,88,168,80,88,200,112,64,576,512,56,792,736,48,104,56,56,400,344,56,2464,5
71,335,264,64,152,88,64,168,104,56,273,217,79,151,72,80,193,113,55,239,184,56,1567,5
72,177,105,79,176,97,71,168,97,71,304,233,79,128,49,87,256,169,55,271,216,64,1544,5
72,168,96,80,168,88,64,169,105,63,424,361,71,367,296,72,73,1,71,247,176,64,1680,5
64,176,112,72,185,113,55,168,113,47,327,280,64,376,312,64,113,49,55,184,129,71,1600,5
80,176,96,88,200,112,56,160,104,56,568,512,56,632,576,64,104,40,72,280,208,80,2200,5
64,152,88,88,184,96,64,168,104,48,297,249,63,103,40,88,273,185,63,223,160,64,1464,5
64,168,104,64,152,88,80,288,208,48,568,520,64,720,656,56,160,104,104,280,176,88,2424,5
64,161,97,79,160,81,71,167,96,56,272,216,56,160,104,56,353,297,63,303,240,48,1624,5
64,176,112,72,448,376,56,216,160,56,304,248,72,152,80,96,184,88,80,168,88,72,1720,5
72,176,104,88,209,121,39,167,128,48,328,280,72,136,64,80,184,104,56,160,104,72,1432,5
64,168,104,72,152,80,72,168,96,56,360,304,56,128,72,64,352,288,48,256,208,56,1640,5
48,152,104,80,160,80,64,160,96,56,272,216,64,128,64,64,1040,976,40,80,40,56,2048,5
64,152,88,64,144,80,72,184,112,64,272,208,64,144,80,40,264,224,56,176,120,56,1392,5
71,168,97,80,184,104,64,176,112,48,305,257,79,143,64,72,280,208,56,136,80,88,1480,5
88,200,112,72,152,80,64,168,104,72,280,208,80,152,72,88,288,200,96,208,112,64,1512,5
48,152,104,80,168,88,64,176,112,48,704,656,80,464,384,80,112,32,48,272,224,72,2120,5
72,168,96,88,184,96,56,168,112,32,264,232,72,128,56,88,304,216,72,224,152,72,1512,5
64,168,104,64,168,104,55,160,105,72,328,256,64,136,72,72,192,120,64,176,112,64,1392,5
72,208,136,64,144,80,88,208,120,56,352,296,120,264,144,72,152,80,96,192,96,80,1600,5
72,168,96,88,184,96,48,144,96,64,312,248,72,129,57,95,199,104,88,144,56,80,1360,5
88,216,128,72,208,136,56,184,128,64,328,264,80,128,48,80,264,184,80,128,48,72,1528,5
64,184,120,72,184,112,64,176,112,48,336,288,80,128,48,96,384,288,80,216,136,72,1680,5
80,192,112,64,168,104,64,192,128,48,920,872,80,408,328,72,88,16,72,288,216,72,2328,5
64,176,112,80,184,104,64,152,88,72,312,240,80,144,64,96,256,160,72,192,120,88,1504,5
71,184,113,64,176,112,56,184,128,48,296,248,160,280,120,96,176,80,72,216,144,88,1600,5
56,168,112,72,192,120,56,199,143,65,313,248,80,192,112,48,184,136,40,256,216,72,1576,5
56,168,112,80,176,96,64,184,120,56,296,240,72,120,48,64,232,168,64,208,144,80,1464,5
88,192,104,80,184,104,64,184,120,56,416,360,64,368,304,64,384,320,80,176,96,64,1968,5
87,200,113,88,200,112,56,168,112,48,296,248,64,152,88,56,224,168,48,264,216,56,1560,5
72,168,96,88,184,96,64,176,112,64,272,208,80,128,48,96,272,176,64,232,168,64,1496,5
89,225,136,80,217,137,47,248,201,47,560,513,88,160,72,136,280,144,72,200,128,72,1962,5
80,192,112,88,192,104,56,160,104,56,280,224,88,120,32,80,216,136,48,144,96,40,1344,5
71,167,96,80,168,88,48,152,104,48,336,288,48,88,40,56,225,169,39,120,81,55,1311,5
71,160,89,56,168,112,48,152,104,40,264,224,72,80,8,64,544,480,63,56,-7,71,1495,5
64,161,97,80,192,112,48,160,112,48,320,272,72,96,24,71,247,176,40,185,145,64,1425,5
72,168,96,72,168,96,56,160,104,48,256,208,72,88,16,88,288,200,72,168,96,79,1375,5
64,168,104,72,160,88,48,152,104,64,280,216,72,96,24,63,240,177,48,120,72,55,1271,5
64,144,80,71,152,81,64,168,104,48,224,176,64,104,40,80,176,96,56,128,72,72,1168,5
72,176,104,80,192,112,63,168,105,63,320,257,112,120,8,104,240,136,96,280,184,128,1624,5
71,184,113,88,176,88,39,168,129,64,312,248,112,128,16,95,376,281,40,168,128,96,1608,5
71,167,96,80,177,97,39,160,121,39,328,289,72,88,16,79,600,521,48,72,24,48,1640,5
63,151,88,96,176,80,57,169,112,48,288,240,103,160,57,63,407,344,72,233,161,55,1639,5
64,160,96,88,168,80,56,160,104,56,344,288,63,432,369,88,120,32,80,160,80,88,1632,5
56,168,112,56,144,88,64,175,111,48,265,217,72,112,40,88,296,208,56,176,120,112,1448,5
55,160,105,72,168,96,40,152,112,48,304,256,88,128,40,96,200,104,64,160,96,88,1360,5
57,161,104,79,184,105,47,160,113,55,311,256,88,169,81,80,216,136,56,224,168,63,1488,5
64,184,120,64,152,88,64,168,104,48,320,272,80,520,440,88,104,16,80,304,224,63,1815,5
72,185,113,79,167,88,40,144,104,48,281,233,80,136,56,79,200,121,55,240,185,56,1409,5
64,160,96,72,160,88,56,176,120,48,264,216,71,136,65,72,232,160,80,168,88,88,1384,5
64,192,128,72,160,88,63,176,113,55,288,233,80,160,80,88,224,136,64,200,136,79,1479,5
72,184,112,72,160,88,64,184,120,39,400,361,56,136,80,48,232,184,39,216,177,63,1575,5
72,176,104,71,152,81,64,184,120,48,288,240,88,192,104,80,160,80,56,224,168,71,1447,5
48,160,112,72,168,96,55,176,121,48,271,223,88,160,72,80,153,73,63,239,176,48,1375,5
72,176,104,64,144,80,56,168,112,40,304,264,87,112,25,88,224,136,72,160,88,48,1336,5
63,407,344,64,185,121,63,192,129,55,1248,1193,95,136,41,95,935,840,88,81,-7,55,3239,5
56,176,120,55,144,89,55,168,113,47,264,217,79,120,41,80,232,152,55,192,137,39,1335,5
64,152,88,71,151,80,48,145,97,71,279,208,80,145,65,72,216,144,64,160,96,63,1311,5
71,160,89,87,168,81,55,152,97,64,288,224,96,160,64,88,192,104,63,200,137,64,1384,5
71,176,105,71,152,81,55,160,105,55,264,209,119,184,65,87,224,137,63,232,169,63,1455,5
72,160,88,80,160,80,55,168,113,64,472,408,72,144,72,80,152,72,96,200,104,55,1511,5
56,152,96,80,161,81,48,160,112,47,256,209,79,128,49,63,208,145,55,184,129,71,1320,5
64,168,104,71,152,81,55,151,96,56,305,249,63,552,489,95,456,361,79,56,-23,79,1919,5
72,160,88,95,168,73,63,176,113,47,336,289,103,128,25,87,184,97,79,168,89,79,1399,5
71,192,121,63,160,97,55,152,97,55,248,193,79,136,57,79,168,89,79,144,65,95,1295,5
79,184,105,71,160,89,55,160,105,55,288,233,87,104,17,87,208,121,87,152,65,87,1343,5
55,152,97,79,160,81,47,144,97,55,280,225,80,112,32,95,728,633,71,88,17,39,1703,5
72,168,96,71,160,89,63,168,105,55,328,273,79,120,41,71,248,177,39,216,177,23,1431,5
56,169,113,71,152,81,55,160,105,55,344,289,64,152,88,71,176,105,72,192,120,48,1393,5
63,160,97,87,168,81,55,168,113,72,288,216,71,96,25,95,232,137,55,192,137,71,1375,5
71,176,105,71,144,73,55,176,121,47,288,241,47,128,81,71,200,129,64,208,144,64,1384,5
87,176,89,87,168,81,55,152,97,63,560,497,87,136,49,71,168,97,71,168,97,63,1591,5
79,152,73,111,192,81,55,160,105,55,288,233,71,112,41,55,176,121,87,184,97,71,1335,5
55,152,97,79,160,81,55,168,113,47,296,249,71,128,57,111,184,73,87,248,161,63,1399,5
71,184,113,95,192,97,64,176,112,55,440,385,55,176,121,79,288,209,79,192,113,87,1735,5
79,184,105,79,168,89,47,160,113,55,440,385,63,144,81,71,200,129,55,208,153,71,1575,5
71,160,89,79,160,81,63,184,121,39,480,441,55,96,41,71,248,177,63,168,105,79,1575,5
71,160,89,111,176,65,71,176,105,63,392,329,63,104,41,71,232,161,63,416,353,63,1719,5
63,168,105,79,168,89,47,152,105,55,288,233,71,96,25,63,216,153,71,216,145,63,1367,5
63,168,105,71,152,81,55,160,105,47,336,289,79,120,41,71,320,249,63,200,137,55,1511,5
63,160,97,79,176,97,47,144,97,47,656,609,63,456,393,71,120,49,63,280,217,55,2047,5
63,168,105,64,160,96,55,160,105,55,304,249,55,88,33,87,272,185,71,232,161,79,1463,5
47,160,113,71,144,73,55,176,121,47,336,289,63,128,65,55,384,329,55,128,73,63,1519,5
63,176,113,87,168,81,47,168,121,39,368,329,55,144,89,79,224,145,55,184,129,63,1495,5
87,192,105,63,160,97,63,160,97,55,304,249,71,104,33,63,616,553,55,128,73,55,1719,5
64,152,88,64,152,88,56,160,104,56,273,217,63,120,57,63,320,257,39,256,217,55,1488,5
135,256,121,79,168,89,63,168,105,55,328,273,55,104,49,79,384,305,39,120,81,47,1575,5
56,161,105,79,176,97,55,160,105,47,264,217,79,128,49,63,200,137,55,256,201,63,1408,5
63,160,97,79,168,89,71,183,112,64,281,217,95,127,32,56,201,145,71,168,97,79,1367,5
63,159,96,80,161,81,63,152,89,63,408,345,71,296,225,79,264,185,63,1367,1304,72,2879,5
71,168,97,79,160,81,63,160,97,47,344,297,87,303,216,96,137,41,63,200,137,71,1543,5
63,160,97,71,159,88,40,153,113,47,256,209,79,88,9,87,216,129,55,192,137,71,1295,5
71,168,97,79,160,81,63,160,97,63,272,209,79,96,17,87,224,137,55,128,73,71,1279,5
55,160,105,79,168,89,63,168,105,55,280,225,79,136,57,63,168,105,63,215,152,96,1391,5
55,152,97,79,152,73,55,168,113,55,384,329,55,152,97,79,192,113,63,168,105,95,1463,5
87,224,137,87,184,97,71,184,113,55,560,505,87,152,65,119,272,153,63,184,121,87,1847,5
64,176,112,72,184,112,56,169,113,63,304,241,79,152,73,87,191,104,64,153,89,95,1424,5
63,168,105,63,136,73,55,152,97,63,264,201,71,104,33,103,280,177,55,192,137,79,1375,5
55,160,105,71,160,89,63,160,97,71,624,553,63,200,137,71,144,73,87,175,88,80,1703,5
71,144,73,79,168,89,63,160,97,63,272,209,71,120,49,71,192,121,79,168,89,71,1295,5
39,144,105,79,168,89,55,152,97,63,504,441,71,304,233,79,184,105,87,232,145,63,1751,5
64,152,88,88,169,81,63,192,129,47,280,233,79,112,33,63,208,145,63,168,105,87,1368,5
47,160,113,71,168,97,63,208,145,47,560,513,63,128,65,79,152,73,55,216,161,103,1695,5
87,184,97,87,168,81,79,184,105,71,448,377,55,104,49,55,376,321,63,160,97,79,1703,5
71,160,89,87,151,64,88,201,113,63,335,272,104,168,64,96,352,256,64,177,113,87,1631,5
56,153,97,95,192,97,63,176,113,63,280,217,63,120,57,79,176,97,71,136,65,127,1360,5
79,152,73,79,152,73,79,184,105,55,392,337,55,88,33,95,376,281,47,176,129,71,1591,5
96,544,448,56,441,385,63,208,145,55,303,248,80,88,8,104,320,216,64,121,57,87,2112,5
63,168,105,79,184,105,71,199,128,64,505,441,63,111,48,72,401,329,47,167,120,88,1823,5
63,176,113,63,151,88,56,168,112,56,305,249,71,103,32,80,201,121,71,128,57,79,1311,5
79,160,81,79,160,81,55,152,97,71,272,201,79,136,57,39,280,241,55,112,57,55,1327,5
72,176,104,72,169,97,63,183,120,48,360,312,80,97,17,87,368,281,63,104,41,87,1544,5
95,208,113,87,168,81,55,168,113,55,288,233,47,80,33,95,200,105,79,120,41,87,1319,5
56,160,104,64,161,97,47,152,105,63,287,224,56,105,49,71,191,120,64,144,80,56,1256,5
71,168,97,87,160,73,71,168,97,63,256,193,71,96,25,87,224,137,71,152,81,103,1327,5
80,169,89,87,168,81,55,152,97,63,288,225,63,88,25,103,264,161,95,200,105,71,1400,5
63,152,89,63,152,89,63,160,97,63,392,329,47,152,105,71,192,121,79,431,352,64,1695,5
103,272,169,95,231,136,80,208,128,64,856,792,48,153,105,55,1200,1145,71,80,9,55,3055,5
71,160,89,79,168,89,79,192,113,55,288,233,71,80,9,103,231,128,80,201,121,87,1407,5
79,168,89,79,168,89,55,160,105,55,248,193,71,88,17,95,208,113,87,144,57,103,1287,5
63,167,104,64,144,80,72,176,104,56,272,216,80,104,24,80,225,145,63,144,81,103,1335,5
71,160,89,71,168,97,63,176,113,71,287,216,88,120,32,80,192,112,88,128,40,104,1335,5
80,169,89,79,176,97,55,151,96,64,265,201,79,88,9,103,247,144,56,137,81,79,1312,5
87,175,88,88,160,72,72,176,104,64,393,329,63,88,25,87,224,137,71,160,89,79,1455,5
71,183,112,72,184,112,72,176,104,48,328,280,80,88,8,80,256,176,56,112,56,56,1383,5
80,177,97,79,168,89,63,184,121,47,295,248,80,137,57,79,384,305,63,256,193,39,1640,5
80,193,113,79,191,112,56,184,128,56,328,272,88,120,32,96,272,176,72,217,145,71,1576,5
64,184,120,80,184,104,80,192,112,64,328,264,72,144,72,120,217,97,63,160,97,63,1472,5
72,201,129,63,176,113,71,192,121,63,376,313,79,168,89,87,200,113,63,232,169,95,1640,5
72,201,129,87,192,105,63,183,120,48,368,320,56,169,113,79,584,505,47,408,361,95,2200,5
70,1257,1187,74,199,125,71,201,130,65,1976,1911,64,496,432,112,412,300,58,225,167,95,4861,6
66,236,170,61,176,115,66,216,150,56,1053,997,60,496,436,125,504,379,80,228,148,64,2973,6
65,235,170,62,251,189,67,254,187,48,1169,1121,64,485,421,159,426,267,53,336,283,91,3247,6
62,327,265,64,174,110,63,206,143,50,1222,1172,60,624,564,94,321,227,88,328,240,90,3292,6
79,397,318,79,331,252,72,235,163,64,1304,1240,66,475,409,111,345,234,74,220,146,115,3422,6
77,236,159,76,211,135,68,240,172,61,721,660,74,473,399,92,368,276,40,428,388,103,2780,6
80,219,139,65,199,134,73,235,162,54,679,625,72,565,493,147,542,395,109,290,181,94,2823,6
70,573,503,101,353,252,58,223,165,54,1099,1045,74,566,492,120,287,167,78,245,167,72,3418,6
78,609,531,68,187,119,68,210,142,66,654,588,74,518,444,172,321,149,124,304,180,92,2895,6
66,531,465,75,201,126,65,422,357,63,1275,1212,64,525,461,130,258,128,63,250,187,136,3598,6
60,252,192,67,195,128,65,419,354,58,1287,1229,69,660,591,130,447,317,115,246,131,102,3608,6
66,246,180,55,184,129,60,204,144,59,1064,1005,71,546,475,126,436,310,100,232,132,89,3001,6
64,254,190,64,229,165,62,235,173,60,907,847,69,470,401,130,328,198,66,308,242,111,2842,6
71,565,494,58,154,96,58,181,123,49,953,904,68,531,463,126,249,123,70,628,558,84,3345,6
73,219,146,67,174,107,69,202,133,61,1126,1065,71,557,486,133,264,131,87,193,106,178,2913,6
78,244,166,77,434,357,83,290,207,65,1392,1327,75,775,700,186,470,284,136,370,234,88,4063,6
77,468,391,75,188,113,63,202,139,50,1060,1010,81,567,486,152,624,472,122,287,165,93,3489,6
118,552,434,80,189,109,71,210,139,54,851,797,74,538,464,129,290,161,91,228,137,108,2966,6
62,216,154,65,206,141,58,252,194,73,1534,1461,76,538,462,119,302,183,82,226,144,77,3351,6
85,248,163,58,176,118,73,307,234,61,2486,2425,63,530,467,134,359,225,99,278,179,120,4504,6
71,222,151,66,179,113,67,195,128,66,1542,1476,63,1263,1200,120,273,153,89,216,127,139,4029,6
65,509,444,68,189,121,71,233,162,67,1300,1233,75,582,507,131,320,189,89,351,262,119,3603,6
64,260,196,70,179,109,64,208,144,66,3861,3795,114,976,862,194,311,117,112,410,298,140,6345,6
78,536,458,58,226,168,93,290,197,65,1293,1228,86,513,427,138,448,310,131,352,221,162,3820,6
77,266,189,75,230,155,75,250,175,80,1216,1136,64,651,587,131,634,503,87,577,490,119,3943,6
73,255,182,71,222,151,65,211,146,66,941,875,76,900,824,145,433,288,132,237,105,93,3292,6
81,211,130,63,186,123,65,219,154,53,1456,1403,71,520,449,150,422,272,76,393,317,81,3488,6
59,218,159,70,263,193,66,217,151,69,1168,1099,66,1119,1053,142,1010,868,89,500,411,84,4579,6
75,363,288,74,242,168,82,233,151,53,3484,3431,68,1083,1015,105,386,281,81,395,314,75,6261,6
65,315,250,73,312,239,68,356,288,67,1041,974,67,677,610,119,400,281,80,400,320,70,3571,6
81,594,513,80,325,245,75,470,395,67,843,776,72,580,508,117,561,444,75,436,361,68,3877,6
74,879,805,86,376,290,78,427,349,68,1172,1104,76,469,393,174,524,350,84,226,142,71,4144,6
70,414,344,84,322,238,83,358,275,82,927,845,74,669,595,126,811,685,71,450,379,61,4012,6
70,487,417,78,314,236,73,315,242,61,1168,1107,73,540,467,126,577,451,77,407,330,69,3877,6
63,417,354,67,282,215,70,338,268,72,919,847,73,484,411,96,380,284,73,271,198,60,3151,6
62,360,298,76,264,188,74,368,294,57,1094,1037,66,597,531,119,476,357,84,283,199,72,3514,6
64,378,314,99,326,227,60,959,899,74,1168,1094,69,400,331,65,395,330,78,337,259,78,4041,6
57,358,301,69,230,161,72,531,459,81,1250,1169,69,566,497,107,425,318,85,297,212,83,3740,6
70,440,370,82,335,253,76,416,340,93,1638,1545,63,670,607,66,322,256,84,205,121,60,4086,6
72,451,379,79,245,166,88,502,414,72,1183,1111,64,640,576,97,623,526,90,277,187,64,3985,6
62,291,229,84,279,195,75,393,318,73,778,705,71,515,444,71,556,485,80,252,172,57,3121,6
56,263,207,73,227,154,62,231,169,58,923,865,74,520,446,122,1277,1155,93,355,262,68,3864,6
73,323,250,92,329,237,83,405,322,80,903,823,65,983,918,87,570,483,89,418,329,85,4016,6
88,268,180,74,203,129,63,267,204,65,1899,1834,62,1359,1297,144,314,170,88,335,247,79,4724,6
81,184,103,68,210,142,72,211,139,61,1121,1060,78,561,483,135,421,286,97,188,91,78,2974,6
110,203,93,91,214,123,90,170,80,62,853,791,77,740,663,144,290,146,78,258,180,66,2794,6
101,220,119,81,203,122,81,196,115,84,835,751,71,428,357,73,284,211,57,422,365,75,2663,6
85,169,84,70,178,108,82,198,116,71,1084,1013,66,578,512,119,275,156,107,211,104,92,2785,6
103,143,40,74,184,110,89,151,62,86,1005,919,88,503,415,132,312,180,107,355,248,89,2742,6
78,194,116,66,170,104,64,177,113,71,839,768,70,418,348,87,320,233,112,481,369,78,2677,6
88,216,128,75,214,139,74,188,114,88,777,689,78,411,333,113,294,181,92,248,156,84,2432,6
98,151,53,76,169,93,73,237,164,72,910,838,72,486,414,140,321,181,98,225,127,95,2594,6
84,159,75,54,168,114,68,128,60,69,976,907,60,398,338,88,304,216,67,151,84,74,2358,6
96,167,71,55,154,99,70,142,72,64,1004,940,63,846,783,108,238,130,71,359,288,79,2989,6
80,165,85,55,165,110,68,140,72,63,744,681,70,434,364,115,253,138,88,369,281,87,2357,6
85,146,61,63,170,107,73,252,179,53,845,792,81,489,408,152,315,163,146,263,117,79,2559,6
109,155,46,70,163,93,68,110,42,63,1065,1002,61,504,443,104,303,199,83,193,110,69,2562,6
73,146,73,69,199,130,65,174,109,65,844,779,75,389,314,91,222,131,73,183,110,63,2220,6
77,119,42,44,131,87,70,103,33,64,1305,1241,80,597,517,102,240,138,65,235,170,92,2822,6
71,113,42,48,147,99,64,117,53,61,949,888,57,487,430,94,197,103,75,190,115,73,2273,6
84,141,57,54,141,87,59,188,129,62,800,738,80,458,378,110,200,90,75,121,46,64,2113,6
63,152,89,73,390,317,67,227,160,61,1101,1040,68,1112,1044,120,336,216,84,169,85,63,3550,6
79,201,122,66,178,112,72,223,151,71,1087,1016,55,615,560,133,574,441,109,454,345,62,3394,6
91,289,198,112,344,232,93,315,222,77,1144,1067,80,676,596,121,244,123,77,197,120,63,3272,6
80,192,112,74,178,104,74,243,169,67,761,694,76,491,415,117,322,205,102,179,77,63,2429,6
73,184,111,69,185,116,68,212,144,67,948,881,73,557,484,104,219,115,101,459,358,94,2858,6
100,234,134,77,205,128,82,252,170,68,821,753,81,544,463,135,327,192,80,260,180,80,2723,6
84,312,228,81,246,165,68,248,180,71,1030,959,79,953,874,89,265,176,82,536,454,107,3697,6
82,194,112,79,200,121,60,227,167,62,772,710,79,556,477,112,224,112,73,312,239,65,2550,6
78,170,92,75,200,125,73,259,186,68,941,873,78,572,494,132,280,148,95,169,74,84,2675,6
62,202,140,82,182,100,67,212,145,72,771,699,81,497,416,116,242,126,82,285,203,79,2470,6
66,365,299,69,284,215,59,410,351,59,1215,1156,71,482,411,100,382,282,75,253,178,57,3448,6
75,1163,1088,85,585,500,82,263,181,67,796,729,71,390,319,88,569,481,71,357,286,63,4186,6
82,258,176,81,226,145,95,269,174,68,1056,988,74,627,553,78,217,139,114,231,117,64,2948,6
72,251,179,79,220,141,86,251,165,67,947,880,66,522,456,108,439,331,89,251,162,57,2938,6
79,208,129,73,210,137,73,1032,959,56,2481,2425,77,444,367,133,428,295,89,306,217,72,5181,6
78,215,137,81,214,133,88,542,454,78,853,775,75,698,623,97,307,210,95,506,411,67,3402,6
97,322,225,97,271,174,80,345,265,68,911,843,74,480,406,90,251,161,86,256,170,87,2923,6
81,200,119,62,179,117,78,249,171,59,955,896,83,556,473,153,496,343,100,264,164,70,2969,6
79,245,166,77,192,115,78,222,144,69,824,755,73,565,492,111,313,202,87,383,296,71,2815,6
113,266,153,75,198,123,70,227,157,70,964,894,74,656,582,107,345,238,73,402,329,72,3130,6
75,264,189,63,175,112,64,228,164,71,811,740,70,771,701,122,373,251,110,336,226,66,3024,6
56,209,153,55,165,110,60,233,173,56,823,767,64,811,747,84,373,289,75,186,111,68,2868,6
63,149,86,70,203,133,64,250,186,53,930,877,69,631,562,122,397,275,76,265,189,53,2878,6
67,169,102,73,196,123,80,372,292,80,977,897,63,523,460,90,395,305,63,263,200,67,2962,6
71,229,158,69,195,126,61,228,167,54,984,930,67,485,418,89,310,221,54,226,172,74,2731,6
52,178,126,75,202,127,70,247,177,70,846,776,65,511,446,66,482,416,71,356,285,83,2905,6
75,254,179,32,183,151,86,300,214,55,1001,946,62,436,374,68,335,267,71,215,144,67,2791,6
63,165,102,65,195,130,75,247,172,60,920,860,102,429,327,90,387,297,68,337,269,61,2741,6
62,222,160,64,229,165,63,904,841,49,992,943,61,1042,981,100,380,280,70,249,179,54,4072,6
79,270,191,68,186,118,63,209,146,53,756,703,63,469,406,106,396,290,73,506,433,57,2849,6
70,233,163,59,189,130,62,223,161,47,783,736,67,448,381,80,296,216,73,273,200,69,2514,6
75,269,194,68,201,133,65,221,156,69,731,662,61,489,428,84,329,245,72,166,94,70,2476,6
78,233,155,73,204,131,61,217,156,65,868,803,70,637,567,77,315,238,76,193,117,55,2722,6
56,175,119,72,168,96,57,184,127,41,561,520,48,1631,1583,64,536,472,56,216,160,56,3527,6
56,192,136,56,201,145,63,207,144,48,1504,1456,40,592,552,64,401,337,55,375,320,56,3528,6
49,192,143,56,200,144,57,200,143,49,504,455,56,616,560,64,336,272,56,264,208,48,2360,6
72,240,168,64,184,120,56,184,128,64,392,328,65,456,391,80,344,264,57,240,183,56,2096,6
64,192,128,56,168,112,40,384,344,56,1416,1360,49,400,351,72,424,352,56,240,184,48,3272,6
56,208,152,56,184,128,56,184,128,56,384,328,56,400,344,72,504,432,56,305,249,56,2225,6
56,192,136,56,176,120,56,184,128,57,424,367,57,400,343,64,600,536,72,240,168,57,2273,6
56,184,128,64,168,104,48,176,128,56,376,320,56,440,384,40,353,313,55,311,256,56,2064,6
57,200,143,57,160,103,56,184,128,48,328,280,49,384,335,64,321,257,63,215,152,48,1840,6
63,224,161,72,312,240,56,233,177,56,495,439,56,440,384,64,360,296,64,224,160,40,2328,6
48,192,144,64,176,112,40,160,120,40,344,304,56,360,304,80,800,720,64,360,296,48,2440,6
56,216,160,56,176,120,49,168,119,56,568,512,48,473,425,71,287,216,64,168,104,56,2112,6
65,184,119,64,160,96,48,159,111,49,321,272,49,376,327,72,360,288,72,311,239,49,1920,6
43,182,139,49,145,96,56,168,112,48,376,328,56,352,296,56,272,216,73,231,158,41,1767,6
72,168,96,64,168,104,56,168,112,56,528,472,57,408,351,72,344,272,56,264,208,56,2104,6
64,176,112,64,160,96,64,184,120,48,409,361,47,343,296,72,312,240,65,208,143,48,1840,6
56,184,128,56,152,96,48,184,136,40,359,319,41,977,936,45,272,227,49,280,231,56,2464,6
57,191,134,65,160,95,41,153,112,56,352,296,56,344,288,56,472,416,72,280,208,48,2000,6
72,168,96,72,168,96,56,176,120,48,376,328,56,352,296,64,392,328,64,304,240,56,1992,6
64,208,144,40,455,415,73,209,136,56,800,744,57,384,327,64,360,296,72,233,161,47,2696,6
65,192,127,64,160,96,48,160,112,56,561,505,55,503,448,64,304,240,64,272,208,64,2216,6
44,192,148,40,337,297,63,183,120,56,896,840,48,312,264,64,320,256,56,264,208,48,2552,6
64,176,112,56,152,96,48,160,112,56,384,328,48,352,304,64,248,184,48,240,192,56,1768,6
72,192,120,56,152,96,56,176,120,56,1024,968,48,1008,960,56,272,216,56,200,144,56,3080,6
72,192,120,72,176,104,48,160,112,48,280,232,56,416,360,48,216,168,56,240,184,56,1736,6
72,184,112,56,176,120,48,168,120,48,392,344,56,392,336,64,264,200,56,208,152,56,1840,6
64,184,120,56,144,88,64,184,120,48,311,263,65,329,264,56,248,192,56,160,104,40,1600,6
64,184,120,64,160,96,48,152,104,56,360,304,56,264,208,56,568,512,72,256,184,48,1992,6
56,184,128,72,160,88,48,160,112,48,368,320,56,368,312,71,335,264,64,280,216,60,1915,6
64,192,128,72,160,88,56,155,99,54,325,271,40,840,800,65,232,167,64,200,136,40,2144,6
56,176,120,64,144,80,48,160,112,48,280,232,48,328,280,56,1000,944,65,352,287,48,2488,6
56,168,112,72,160,88,56,144,88,56,344,288,56,384,328,72,288,216,57,232,175,40,1760,6
72,176,104,72,160,88,48,152,104,40,432,392,48,1064,1016,64,296,232,56,232,176,56,2568,6
72,208,136,72,176,104,55,168,113,55,919,864,54,529,475,72,296,224,64,216,152,64,2576,6
56,192,136,72,168,96,56,160,104,56,440,384,48,376,328,72,376,304,56,256,200,48,2016,6
52,184,132,64,168,104,56,168,112,48,351,303,41,1337,1296,72,144,72,91,112,21,55,2519,6
72,208,136,64,176,112,56,184,128,64,544,480,56,480,424,72,191,119,65,184,119,48,2015,6
72,208,136,71,192,121,56,176,120,56,536,480,56,416,360,72,368,296,56,248,192,56,2200,6
56,192,136,64,184,120,40,152,112,40,272,232,48,296,248,63,304,241,56,240,184,56,1696,6
64,184,120,64,159,95,41,145,104,56,296,240,56,303,247,88,337,249,72,200,128,48,1672,6
56,177,121,56,152,96,48,152,104,48,344,296,63,344,281,88,384,296,56,207,151,57,1817,6
72,200,128,71,176,105,40,152,112,56,424,368,56,328,272,88,255,167,73,200,127,49,1784,6
71,183,112,65,168,103,56,168,112,57,361,304,48,328,280,72,480,408,64,183,119,57,1928,6
72,184,112,72,160,88,56,168,112,48,312,264,64,576,512,63,304,241,64,304,240,56,2064,6
48,184,136,56,144,88,48,152,104,48,296,248,48,344,296,56,200,144,56,184,128,40,1544,6
64,175,111,57,137,80,56,168,112,40,279,239,57,313,256,56,232,176,72,208,136,40,1552,6
56,184,128,72,176,104,56,160,104,48,320,272,48,983,935,56,265,209,64,191,127,48,2327,6
44,184,140,64,159,95,41,137,96,56,368,312,56,472,416,87,423,336,64,248,184,48,2039,6
72,200,128,72,224,152,64,192,128,56,736,680,56,1064,1008,80,200,120,64,224,160,40,2880,6
65,209,144,72,176,104,56,176,120,40,328,288,48,424,376,80,216,136,64,199,135,56,1784,6
55,176,121,72,160,88,56,160,104,56,312,256,48,400,352,72,199,127,73,185,112,48,1640,6
72,184,112,72,160,88,64,312,248,56,1256,1200,56,359,303,65,257,192,64,159,95,49,2736,6
56,184,128,64,160,96,47,136,89,46,328,282,48,303,255,65,304,239,57,225,168,40,1680,6
56,168,112,64,160,96,48,144,96,56,344,288,55,480,425,64,135,71,73,113,40,56,1600,6
72,199,127,65,161,96,39,135,96,57,400,343,48,537,489,64,160,96,64,152,88,55,1799,6
64,184,120,73,161,88,56,167,111,41,328,287,40,441,401,72,535,463,57,240,183,48,2104,6
73,216,143,72,160,88,57,161,104,56,328,272,39,431,392,89,281,192,64,223,159,65,1865,6
57,217,160,72,199,127,64,225,161,55,375,320,56,369,313,72,184,112,56,144,88,40,1753,6
64,191,127,65,160,95,49,160,111,57,336,279,57,352,295,81,216,135,73,168,95,57,1640,6
73,240,167,72,193,121,56,167,111,65,392,327,49,392,343,89,312,223,72,200,128,57,1953,6
73,225,152,72,191,119,57,184,127,65,400,335,57,392,335,88,224,136,73,176,103,65,1857,6
72,200,128,64,152,88,55,167,112,65,353,288,56,312,256,89,216,127,73,169,96,72,1641,6
57,192,135,57,161,104,56,167,111,57,608,551,65,488,423,88,392,304,73,232,159,57,2297,6
49,191,142,57,160,103,49,168,119,57,376,319,57,648,591,96,152,56,89,144,55,56,1895,6
72,199,127,57,168,111,65,192,127,57,960,903,65,408,343,113,400,287,73,216,143,49,2592,6
73,200,127,73,168,95,41,153,112,56,287,231,57,504,447,113,249,136,71,175,104,73,1809,6
80,208,128,64,144,80,64,168,104,64,376,312,65,368,303,89,328,239,72,264,192,57,1913,6
48,176,128,57,208,151,72,200,128,57,832,775,46,424,378,81,304,223,73,184,111,64,2392,6
64,207,143,57,152,95,57,168,111,49,400,351,56,424,368,104,216,112,72,193,121,64,1824,6
64,200,136,57,152,95,57,160,103,56,441,385,55,439,384,113,320,207,73,313,240,72,2097,6
88,231,143,57,160,103,56,169,113,64,1135,1071,57,432,375,113,504,391,72,296,224,57,2984,6
73,192,119,65,152,87,65,184,119,56,440,384,64,465,401,72,311,239,64,208,144,64,2016,6
73,208,135,80,176,96,57,176,119,56,432,376,64,424,360,88,328,240,72,376,304,64,2184,6
57,184,127,72,184,112,57,184,127,57,968,911,65,425,360,63,399,336,73,368,295,56,2768,6
65,192,127,72,168,96,49,160,111,56,368,312,65,464,399,72,312,240,64,256,192,64,1984,6
72,198,126,49,153,104,41,136,95,56,424,368,56,392,336,80,272,192,81,217,136,40,1832,6
72,208,136,56,160,104,48,152,104,57,440,383,64,464,400,88,320,232,72,216,144,72,2032,6
64,168,104,64,153,89,55,151,96,72,424,352,73,560,487,72,200,128,88,192,104,57,1905,6
71,215,144,64,184,120,57,176,119,57,392,335,56,936,880,84,352,268,72,216,144,72,2543,6
48,192,144,66,160,94,48,145,97,63,567,504,56,464,408,88,432,344,72,264,192,48,2272,6
64,184,120,72,176,104,56,184,128,48,368,320,48,1024,976,66,256,190,64,200,136,48,2440,6
60,184,124,72,176,104,41,160,119,48,384,336,48,424,376,40,224,184,56,192,136,57,1801,6
72,216,144,73,176,103,56,184,128,56,351,295,57,433,376,48,176,128,72,184,112,56,1776,6
56,208,152,17,352,335,40,168,128,56,873,817,56,775,719,96,232,136,72,200,128,48,2856,6
80,200,120,72,184,112,56,169,113,55,407,352,56,2072,2016,58,312,254,81,392,311,80,3816,6
72,184,112,72,168,96,56,168,112,56,352,296,57,440,383,63,344,281,73,264,191,40,1960,6
63,199,136,41,192,151,64,184,120,64,984,920,64,464,400,72,328,256,72,343,271,65,2759,6
64,184,120,72,176,104,56,160,104,56,368,312,63,360,297,65,288,223,64,216,152,57,1809,6
61,192,131,72,176,104,65,176,111,56,352,296,65,400,335,64,264,200,48,216,168,56,1832,6
72,192,120,72,184,112,64,174,110,66,386,320,56,464,408,64,208,144,64,184,120,56,1848,6
64,192,128,72,168,96,48,152,104,65,312,247,56,368,312,56,200,144,64,208,144,56,1656,6
56,176,120,64,176,112,64,192,128,48,416,368,56,464,408,63,224,161,73,193,120,55,1896,6
72,224,152,64,192,128,56,184,128,56,800,744,62,336,274,72,240,168,72,192,120,72,2240,6
71,191,120,72,152,80,56,160,104,56,328,272,48,1024,976,80,272,192,64,424,360,72,2623,6
72,192,120,56,160,104,56,160,104,48,280,232,72,311,239,81,233,152,72,160,88,80,1576,6
64,176,112,64,160,96,56,152,96,56,336,280,56,376,320,64,264,200,72,176,104,56,1696,6
72,200,128,72,168,96,56,168,112,48,352,304,56,368,312,64,256,192,64,224,160,48,1784,6
63,183,120,80,176,96,56,152,96,64,672,608,56,544,488,72,232,160,72,232,160,56,2247,6
56,184,128,56,152,96,40,136,96,56,396,340,60,460,400,80,272,192,56,328,272,56,1984,6
73,184,111,72,176,104,56,152,96,56,327,271,57,360,303,73,225,152,56,168,112,64,1656,6
56,184,128,24,279,255,56,193,137,47,864,817,58,360,302,80,368,288,55,264,209,56,2568,6
64,168,104,72,144,72,64,168,104,48,344,296,48,335,287,56,264,208,56,216,160,48,1687,6
72,176,104,64,160,96,48,135,87,57,297,240,56,391,335,57,224,167,72,208,136,56,1647,6
72,192,120,64,144,80,56,144,88,55,288,233,57,384,327,56,160,104,56,152,96,56,1520,6
57,161,104,56,152,96,48,143,95,64,881,817,64,352,288,80,224,144,56,168,112,48,2129,6
64,168,104,56,136,80,48,135,87,57,280,223,49,512,463,80,153,73,72,120,48,56,1560,6
64,168,104,56,151,95,57,152,95,65,377,312,56,888,832,36,232,196,56,184,128,56,2208,6
63,175,112,57,136,79,57,145,88,56,280,224,47,320,273,48,344,296,56,184,128,48,1632,6
72,176,104,64,152,88,40,152,112,56,1112,1056,56,375,319,73,305,232,64,192,128,48,2512,6
80,663,583,72,217,145,48,152,104,56,896,840,56,448,392,72,320,248,56,160,104,56,2912,6
64,168,104,64,152,88,56,136,80,64,328,264,56,304,248,64,776,712,72,144,72,39,2047,6
66,185,119,56,135,79,57,140,83,60,277,217,47,336,289,56,224,168,56,235,179,69,1601,6
72,175,103,65,153,88,39,136,97,56,256,200,64,296,232,56,272,216,56,216,160,47,1551,6
72,176,104,56,152,96,40,136,96,56,328,272,64,336,272,55,271,216,58,160,102,57,1616,6
72,183,111,65,153,88,48,136,88,64,320,256,40,344,304,63,184,121,64,128,64,63,1511,6
64,176,112,64,144,80,58,144,86,64,304,240,56,415,359,56,168,112,65,145,80,48,1544,6
57,168,111,57,144,87,48,161,113,56,464,408,40,295,255,89,208,119,65,152,87,49,1641,6
65,168,103,65,144,79,57,160,103,49,352,303,49,913,864,72,207,135,57,170,113,55,2169,6
64,192,128,49,161,112,56,151,95,56,288,232,48,592,544,81,145,64,64,151,87,57,1737,6
72,192,120,32,143,111,49,160,111,56,368,312,49,889,840,64,223,159,64,152,88,49,2176,6
72,184,112,64,160,96,49,161,112,48,1143,1095,57,537,480,88,232,144,56,255,199,97,2769,6
73,192,119,73,176,103,56,153,97,57,360,303,56,935,879,73,441,368,72,200,128,40,2497,6
73,193,120,71,168,97,48,160,112,56,471,415,57,953,896,63,312,249,56,200,144,32,2489,6
81,200,119,64,161,97,40,135,95,57,328,271,48,1152,1104,81,217,136,64,232,168,48,2473,6
73,192,119,73,168,95,49,136,87,56,328,272,49,616,567,72,183,111,73,209,136,49,1881,6
72,199,127,65,152,87,49,144,95,65,304,239,57,856,799,73,168,95,81,248,167,33,2104,6
72,191,119,73,152,79,57,145,88,72,328,256,39,487,448,48,280,232,65,224,159,57,1864,6
65,184,119,73,151,78,50,137,87,65,312,247,56,864,808,65,112,47,97,128,31,57,1945,6
56,175,119,57,128,71,56,160,104,50,425,375,48,1047,999,73,184,111,65,144,79,49,2312,6
52,176,124,57,144,87,57,152,95,57,320,263,48,1600,1552,81,473,392,56,432,376,63,3360,6
42,176,134,64,160,96,49,152,103,49,376,327,65,424,359,57,288,231,57,208,151,66,1850,6
64,176,112,49,128,79,57,152,95,56,296,240,49,640,591,145,569,424,64,271,207,57,2289,6
57,192,135,40,128,88,57,152,95,57,360,303,49,392,343,73,296,223,57,200,143,49,1769,6
74,192,118,56,145,89,48,135,87,64,320,256,49,441,392,79,287,208,65,177,112,47,1744,6
57,184,127,48,144,96,51,144,93,57,352,295,57,440,383,40,208,168,64,192,128,57,1721,6
72,216,144,65,168,103,48,152,104,57,368,311,48,1104,1056,55,304,249,57,352,295,65,2729,6
72,192,120,56,160,104,56,160,104,64,497,433,55,847,792,56,288,232,48,185,137,65,2394,6
73,184,111,56,144,88,56,152,96,57,416,359,64,392,328,65,248,183,55,160,105,40,1736,6
61,184,123,64,159,95,41,138,97,55,479,424,56,528,472,64,160,96,56,152,96,40,1840,6
88,232,144,72,281,209,63,191,128,56,576,520,72,377,305,55,239,184,64,176,112,56,2128,6
73,192,119,64,144,80,56,144,88,72,408,336,56,416,360,64,280,216,57,168,111,57,1809,6
71,191,120,64,160,96,48,152,104,48,416,368,56,480,424,56,321,265,63,239,176,56,2015,6
72,185,113,55,143,88,49,144,95,64,392,328,57,360,303,56,328,272,64,264,200,56,1872,6
81,200,119,72,192,120,56,168,112,56,784,728,64,472,408,64,456,392,80,352,272,48,2672,6
72,225,153,71,183,112,72,201,129,55,487,432,48,961,913,55,343,288,72,408,336,56,2864,6
64,208,144,72,168,96,64,167,103,57,417,360,72,464,392,72,440,368,72,336,264,56,2256,6
68,208,140,64,160,96,64,168,104,56,440,384,48,832,784,56,360,304,64,296,232,64,2528,6
73,232,159,72,200,128,64,184,120,65,640,575,56,1032,976,73,312,239,64,176,112,64,2840,6
62,200,138,72,160,88,56,168,112,56,1073,1017,50,1223,1173,80,368,288,64,264,200,48,3504,6
73,272,199,64,193,129,55,199,144,48,552,504,48,568,520,120,304,184,64,192,128,63,2343,6
72,208,136,64,168,104,57,160,103,72,592,520,72,472,400,72,328,256,56,248,192,80,2256,6
70,214,144,64,177,113,47,159,112,57,505,448,64,936,872,45,248,203,64,224,160,40,2503,6
53,368,315,72,272,200,55,224,169,48,360,312,48,968,920,50,240,190,56,216,160,63,2711,6
65,273,208,64,191,127,73,225,152,48,400,352,55,352,297,56,304,248,56,280,224,58,2083,6
62,200,138,56,152,96,48,152,104,56,424,368,64,408,344,80,265,185,65,199,134,55,1855,6
72,208,136,56,137,81,63,158,95,65,409,344,48,880,832,72,256,184,48,152,104,56,2256,6
72,455,383,64,200,136,64,208,144,64,384,320,56,880,824,73,320,247,56,200,144,40,2687,6
90,265,175,65,191,126,70,162,92,64,408,344,56,440,384,73,216,143,64,192,128,56,1930,6
57,208,151,72,176,104,56,168,112,56,528,472,56,368,312,60,288,228,56,200,144,56,1992,6
65,224,159,32,136,104,56,168,112,48,352,304,64,360,296,72,232,160,65,191,126,9,1672,6
57,200,143,56,160,104,56,168,112,64,408,344,56,424,368,56,224,168,56,168,112,48,1800,6
64,200,136,72,160,88,55,152,97,64,352,288,64,416,352,64,240,176,72,168,96,56,1744,6
72,216,144,64,159,95,49,161,112,56,352,296,47,1040,993,56,296,240,56,184,128,47,2455,6
72,208,136,56,144,88,55,152,97,64,320,256,56,487,431,57,265,208,56,216,160,40,1832,6
80,200,120,64,144,80,56,151,95,57,378,321,55,375,320,64,304,240,56,192,136,56,1800,6
56,184,128,55,144,89,64,152,88,64,352,288,56,400,344,56,224,168,63,215,152,49,1720,6
64,200,136,56,152,96,56,152,96,64,344,280,56,392,336,72,216,144,48,168,120,48,1672,6
61,198,137,48,153,105,39,151,112,56,360,304,56,376,320,56,208,152,72,144,72,56,1646,6
56,183,127,57,153,96,48,152,104,56,432,376,48,344,296,57,272,215,56,152,96,49,1737,6
56,175,119,64,145,81,56,152,96,65,336,271,48,368,320,32,264,232,72,96,24,64,1600,6
56,191,135,57,160,103,49,153,104,48,424,376,56,464,408,72,208,136,58,135,77,56,1791,6
66,208,142,32,120,88,64,160,96,64,448,384,56,416,360,64,215,151,57,153,96,48,1768,6
80,200,120,55,144,89,64,160,96,56,360,304,64,448,384,48,240,192,72,144,72,40,1736,6
72,312,240,56,792,736,64,872,808,56,1024,968,63,440,377,64,224,160,64,208,144,56,3928,6
72,208,136,64,168,104,56,152,96,64,367,303,64,393,329,72,216,144,72,200,128,47,1751,6
73,200,127,56,152,96,56,152,96,64,399,335,57,308,251,85,221,136,80,161,81,47,1640,6
64,208,144,71,207,136,64,456,392,57,577,520,48,1087,1039,43,257,214,64,192,128,48,3032,6
80,224,144,72,176,104,56,168,112,56,336,280,64,392,328,56,224,168,64,184,120,48,1752,6
72,191,119,73,161,88,56,168,112,56,416,360,56,311,255,66,209,143,71,144,73,48,1648,6
72,208,136,63,160,97,56,160,104,56,447,391,49,607,558,1,122,121,64,192,128,48,1944,6
80,224,144,80,208,128,72,200,128,64,439,375,65,441,376,48,224,176,55,184,129,40,1960,6
80,224,144,64,160,96,56,175,119,57,425,368,56,423,367,57,192,135,73,129,56,48,1776,6
73,209,136,63,160,97,56,151,95,65,361,296,56,400,344,56,152,96,64,122,58,62,1617,6
81,217,136,64,143,79,57,160,103,57,321,264,56,400,344,56,344,288,64,152,88,48,1785,6
64,208,144,64,168,104,56,168,112,57,368,311,57,553,496,55,168,113,72,128,56,40,1801,6
80,225,145,64,159,95,64,161,97,43,357,314,67,475,408,64,168,104,80,136,56,39,1720,6
72,224,152,72,168,96,56,184,128,48,680,632,48,1224,1176,58,176,118,73,200,127,65,2921,6
61,207,146,73,160,87,57,152,95,64,360,296,57,432,375,49,136,87,73,169,96,48,1664,6
72,209,137,63,167,104,40,151,111,57,384,327,57,689,632,65,167,102,89,161,72,40,1968,6
64,192,128,65,160,95,49,192,143,57,1129,1072,52,520,468,72,272,200,64,199,135,40,2704,6
72,199,127,64,161,97,55,152,97,64,335,271,65,416,351,73,200,127,73,169,96,56,1688,6
56,208,152,65,185,120,72,191,119,57,344,287,57,472,415,65,184,119,57,184,127,48,1816,6
65,193,128,64,167,103,49,161,112,48,359,311,49,1048,999,74,233,159,56,167,111,56,2384,6
65,232,167,73,177,104,63,159,96,64,401,337,72,391,319,73,256,183,64,160,96,57,1833,6
72,240,168,72,176,104,56,168,112,64,352,288,64,439,375,57,209,152,55,176,121,56,1816,6
72,208,136,80,175,95,57,169,112,64,408,344,48,416,368,81,240,159,57,160,103,56,1832,6
72,519,447,74,304,230,57,232,175,73,432,359,57,440,383,66,224,158,65,208,143,41,2400,6
71,208,137,63,144,81,55,159,104,64,385,321,55,352,297,79,344,265,71,192,121,63,1847,6
71,192,121,55,143,88,48,176,128,56,441,385,55,328,273,79,272,193,79,208,129,63,1823,6
55,192,137,55,151,96,48,153,105,55,391,336,56,329,273,71,264,193,71,216,145,71,1767,6
63,192,129,63,144,81,55,151,96,56,337,281,55,296,241,63,280,217,79,215,136,64,1679,6
64,208,144,64,169,105,47,152,105,55,384,329,63,336,273,63,983,920,72,265,193,63,2560,6
64,201,137,55,144,89,47,160,113,63,360,297,63,375,312,72,233,161,71,200,129,63,1736,6
72,209,137,63,151,88,56,168,112,56,377,321,55,320,265,79,320,241,79,320,241,71,1936,6
71,184,113,55,136,81,47,160,113,63,464,401,71,312,241,71,264,193,79,208,129,71,1799,6
64,193,129,47,136,89,47,160,113,47,392,345,71,416,345,80,392,312,79,264,185,55,2008,6
71,192,121,55,136,81,39,152,113,47,400,353,63,304,241,63,528,465,95,280,185,63,2055,6
63,200,137,55,128,73,55,152,97,55,320,265,63,328,265,55,280,225,80,216,136,63,1687,6
71,176,105,47,128,81,47,144,97,63,408,345,71,368,297,63,368,305,71,232,161,47,1871,6
72,177,105,47,119,72,56,161,105,47,288,241,63,416,353,63,327,264,64,201,137,63,1752,6
79,208,129,55,127,72,48,161,113,55,344,289,55,352,297,63,288,225,71,200,129,71,1751,6
73,184,111,63,144,81,55,152,97,63,327,264,64,369,305,71,320,249,79,224,145,55,1775,6
71,184,113,71,152,81,47,152,105,55,624,569,71,448,377,55,344,289,71,216,145,55,2175,6
63,192,129,47,128,81,55,168,113,63,432,369,55,248,193,55,376,321,87,248,161,47,1839,6
80,217,137,47,128,81,55,160,105,63,384,321,63,336,273,63,304,241,79,288,209,63,1880,6
72,177,105,63,144,81,55,160,105,63,416,353,71,320,249,80,200,120,95,192,97,55,1664,6
81,192,111,63,152,89,55,152,97,71,480,409,79,360,281,71,360,289,63,256,193,55,2007,6
63,183,120,64,137,73,63,168,105,71,408,337,72,312,240,63,304,241,79,232,153,55,1799,6
63,184,121,63,128,65,63,176,113,73,392,319,63,280,217,71,472,401,80,544,464,71,2247,6
79,200,121,55,136,81,55,160,105,63,568,505,71,376,305,47,304,257,71,208,137,63,2015,6
79,192,113,63,144,81,55,168,113,55,448,393,71,344,273,87,360,273,79,312,233,63,2031,6
64,177,113,55,144,89,55,152,97,55,464,409,63,328,265,63,280,217,79,264,185,55,1864,6
71,176,105,63,160,97,39,144,105,63,408,345,63,280,217,55,336,281,79,184,105,39,1727,6
80,183,103,72,145,73,55,160,105,63,344,281,63,208,145,63,312,249,79,192,113,55,1599,6
71,184,113,63,143,80,56,152,96,64,321,257,63,256,193,71,312,241,79,176,97,63,1607,6
64,185,121,47,136,89,47,144,97,63,416,353,79,296,217,71,344,273,71,168,97,55,1744,6
87,216,129,55,128,73,55,160,105,71,464,393,71,288,217,63,320,257,87,240,153,55,1871,6
79,184,105,55,152,97,55,160,105,63,384,321,71,224,153,79,328,249,79,136,57,47,1615,6
79,192,113,63,152,89,63,160,97,63,392,329,79,256,177,71,296,225,80,184,104,55,1687,6
71,184,113,55,144,89,55,160,105,63,384,321,63,200,137,79,344,265,80,168,88,47,1631,6
56,193,137,63,152,89,63,168,105,63,512,449,79,216,137,71,312,241,71,168,97,47,1768,6
71,168,97,71,167,96,48,145,97,71,368,297,80,192,112,87,288,201,79,168,89,63,1559,6
71,184,113,55,144,89,55,160,105,55,352,297,71,232,161,87,272,185,80,176,96,63,1583,6
71,192,121,47,176,129,55,152,97,71,376,305,71,263,192,64,233,169,71,176,105,63,1631,6
63,192,129,55,144,89,55,152,97,71,376,305,63,320,257,71,272,201,71,224,153,55,1735,6
63,168,105,63,136,73,55,160,105,55,304,249,71,344,273,73,256,183,71,136,65,55,1559,6
63,176,113,63,144,81,55,152,97,63,336,273,63,560,497,79,296,217,63,167,104,48,1879,6
80,200,120,63,136,73,55,160,105,55,288,233,63,248,185,79,488,409,79,184,105,71,1775,6
71,184,113,71,160,89,55,160,105,63,328,265,63,376,313,79,352,273,80,256,176,79,1895,6
79,200,121,55,144,89,71,183,112,56,409,353,87,320,233,71,304,233,87,208,121,63,1831,6
71,184,113,55,136,81,63,176,113,63,328,265,80,280,200,87,264,177,87,176,89,80,1624,6
71,168,97,63,136,73,55,152,97,71,800,729,87,360,273,71,360,289,79,208,129,63,2247,6
79,200,121,63,144,81,63,160,97,63,320,257,63,384,321,71,280,209,80,200,120,63,1751,6
87,208,121,47,192,145,71,216,145,63,464,401,63,824,761,71,264,193,63,176,113,55,2399,6
63,192,129,47,144,97,47,144,97,71,328,257,63,328,265,87,256,169,63,160,97,55,1607,6
71,168,97,63,144,81,55,144,89,71,320,249,63,264,201,79,240,161,71,168,97,63,1511,6
63,160,97,55,136,81,47,144,97,63,304,241,55,280,225,79,976,897,71,200,129,47,2247,6
87,200,113,63,136,73,55,144,89,63,368,305,63,512,449,95,240,145,-921,216,1137,55,1871,6
79,200,121,63,144,81,63,160,97,72,328,256,71,280,209,95,304,209,79,240,161,63,1719,6
73,200,127,55,144,89,63,176,113,63,376,313,79,392,313,79,280,201,79,184,105,63,1815,6
79,192,113,71,144,73,72,192,120,63,440,377,73,248,175,95,-584,-679,1071,1224,153,71,1927,6
80,200,120,63,152,89,55,168,113,63,352,289,63,344,281,79,304,225,80,248,168,71,1839,6
71,200,129,71,176,105,55,160,105,71,424,353,71,440,369,111,376,265,87,232,145,71,2079,6
79,184,105,63,152,89,63,176,113,63,424,361,79,248,169,79,360,281,87,184,97,55,1783,6
71,192,121,47,160,113,63,184,121,63,472,409,71,896,825,87,328,241,71,288,217,63,2583,6
63,192,129,71,232,161,63,168,105,63,344,281,63,264,201,71,272,201,71,216,145,71,1759,6
63,184,121,63,168,105,55,160,105,63,336,273,63,336,273,80,280,200,79,208,129,63,1735,6
71,184,113,73,168,95,47,160,113,55,360,305,55,768,713,87,392,305,71,288,217,55,2375,6
71,192,121,63,152,89,55,152,97,63,368,305,63,304,241,79,272,193,71,224,153,63,1727,6
71,192,121,63,152,89,63,160,97,71,440,369,95,320,225,95,472,377,79,224,145,55,2015,6
71,176,105,71,144,73,63,160,97,63,288,225,71,200,129,111,360,249,87,208,121,63,1599,6
79,192,113,55,136,81,71,176,105,55,336,281,63,872,809,71,288,217,79,208,129,55,2263,6
79,200,121,55,144,89,63,160,97,71,384,313,63,376,313,79,296,217,79,264,185,63,1887,6
63,208,145,39,128,89,63,160,97,63,392,329,71,304,233,87,384,297,80,240,160,63,1879,6
63,184,121,63,152,89,63,160,97,63,360,297,63,272,209,87,408,321,88,264,176,63,1863,6
71,192,121,63,160,97,55,168,113,63,376,313,79,328,249,95,320,225,63,232,169,63,1839,6
71,192,121,63,160,97,55,160,105,63,352,289,63,272,209,87,256,169,71,280,209,63,1735,6
63,192,129,71,168,97,55,184,129,55,432,377,71,360,289,87,448,361,71,272,201,63,2119,6
71,184,113,71,176,105,63,176,113,71,424,353,63,872,809,79,240,161,73,240,167,55,2367,6
87,208,121,63,144,81,63,168,105,63,336,273,63,280,217,79,344,265,71,264,193,71,1815,6
80,192,112,63,152,89,63,152,89,71,344,273,63,368,305,71,224,153,63,176,113,63,1671,6
79,192,113,63,160,97,55,168,113,63,336,273,80,272,192,95,264,169,79,184,105,63,1639,6
71,200,129,55,144,89,63,160,97,80,352,272,71,288,217,87,296,209,55,192,137,63,1695,6
71,168,97,71,168,97,63,168,105,63,336,273,71,272,201,95,288,193,79,168,89,63,1631,6
79,200,121,63,144,81,63,168,105,72,352,280,55,336,281,111,272,161,79,168,89,71,1711,6
71,200,129,55,128,73,63,168,105,63,368,305,55,352,297,63,264,201,87,224,137,71,1775,6
79,200,121,63,152,89,55,168,113,55,392,337,63,296,233,71,296,225,71,176,105,63,1743,6
63,176,113,63,152,89,55,144,89,63,328,265,63,248,185,87,360,273,79,160,81,55,1623,6
63,168,105,55,144,89,55,144,89,63,344,281,63,344,281,71,328,257,71,184,113,55,1711,6
71,208,137,55,160,105,55,160,105,63,392,329,63,376,313,103,232,129,63,160,97,63,1751,6
71,208,137,63,152,89,55,160,105,71,408,337,71,344,273,63,256,193,71,200,129,71,1799,6
79,216,137,63,152,89,71,168,97,63,360,297,71,352,281,71,408,337,87,192,105,71,1919,6
63,208,145,55,160,105,55,168,113,63,576,513,71,664,593,95,640,545,95,552,457,71,3039,6
71,200,129,63,152,89,55,160,105,63,400,337,55,400,345,80,216,136,71,200,129,79,1807,6
80,200,120,63,168,105,55,168,113,71,536,465,71,456,385,80,432,352,79,312,233,79,2351,6
79,216,137,63,160,97,63,176,113,71,376,305,71,280,209,87,288,201,71,192,121,71,1759,6
79,224,145,71,168,97,63,184,121,63,528,465,80,368,288,79,640,561,79,224,145,71,2407,6
121,200,79,64,552,488,72,1232,1160,104,824,720,72,328,256,80,904,824,72,160,88,88,4288,8
80,168,88,72,296,224,88,752,664,80,2503,2423,65,225,160,80,928,848,72,344,272,40,5256,8
106,185,79,72,224,152,72,528,456,80,960,880,73,328,255,96,856,760,56,376,320,72,3529,8
64,136,72,79,399,320,73,617,544,72,920,848,89,176,87,88,728,640,80,344,264,88,3408,8
64,192,128,56,399,343,65,1233,1168,112,1023,911,81,977,896,112,296,184,72,280,208,96,4496,8
56,136,80,72,432,360,80,576,496,88,600,512,80,360,280,72,1024,952,56,216,160,72,3416,8
73,161,88,72,488,416,112,943,831,97,929,832,81,648,567,80,999,919,97,441,344,72,4681,8
80,176,96,72,336,264,40,496,456,96,1528,1432,96,424,328,112,479,367,65,472,407,64,3975,8
72,141,69,75,263,188,92,764,672,96,760,664,93,312,219,96,592,496,88,375,287,49,3256,8
72,152,80,72,288,216,80,680,600,96,480,384,80,219,139,117,589,472,80,472,392,64,2944,8
97,177,80,88,448,360,88,992,904,128,663,535,104,832,728,121,777,656,136,319,183,89,4297,8
96,256,160,104,584,480,104,424,320,95,944,849,96,720,624,103,256,153,112,296,184,87,3567,8
71,183,112,89,640,551,105,473,368,88,719,631,89,737,648,120,240,120,87,375,288,65,3432,8
71,168,97,72,583,511,73,401,328,96,896,800,106,248,142,79,959,880,113,297,184,112,3664,8
48,184,136,88,287,199,81,513,432,72,744,672,88,248,160,96,688,592,63,319,256,73,3056,8
120,416,296,119,664,545,96,2400,2304,112,2872,2760,95,680,585,152,503,351,97,576,479,112,8223,8
64,136,72,97,265,168,79,535,456,73,592,519,105,320,215,81,608,527,73,264,191,72,2792,8
61,184,123,73,304,231,89,336,247,73,592,519,97,320,223,89,544,455,64,296,232,65,2641,8
57,272,215,80,304,224,81,312,231,57,1752,1695,89,257,168,72,1343,1271,65,304,239,56,4600,8
57,176,119,72,272,200,81,448,367,56,712,656,83,304,221,81,648,567,80,225,145,63,2848,8
57,184,127,73,272,199,73,360,287,80,680,600,88,296,208,105,464,359,73,256,183,80,2592,8
72,175,103,72,296,224,72,928,856,73,688,615,89,536,447,96,320,224,80,400,320,81,3424,8
41,168,127,49,328,279,65,368,303,41,512,471,81,248,167,73,856,783,89,264,175,73,2817,8
57,200,143,73,272,199,64,504,440,72,608,536,88,344,256,97,664,567,96,312,216,89,2993,8
73,216,143,81,248,167,81,568,487,73,1520,1447,89,415,326,114,361,247,72,352,280,73,3753,8
72,191,119,74,289,215,80,616,536,57,944,887,89,296,207,96,624,528,73,256,183,65,3281,8
73,168,95,65,224,159,80,384,304,41,632,591,89,416,327,105,488,383,64,272,208,72,2656,8
57,192,135,80,272,192,80,400,320,65,304,239,120,320,200,104,688,584,72,256,184,64,2496,8
64,176,112,64,296,232,80,488,408,80,352,272,96,312,216,81,1384,1303,89,392,303,96,3496,8
64,208,144,72,249,177,79,327,248,57,1312,1255,105,1209,1104,95,463,368,89,320,231,56,4144,8
88,200,112,81,256,175,72,2056,1984,81,448,367,72,1080,1008,97,680,583,64,248,184,56,5024,8
81,208,127,88,240,152,88,272,184,72,504,432,88,408,320,88,824,736,80,480,400,96,3032,8
57,184,127,72,232,160,72,288,216,72,1888,1816,81,272,191,80,632,552,72,416,344,56,3968,8
41,208,167,72,304,232,72,432,360,64,376,312,80,296,216,88,704,616,64,272,208,64,2656,8
73,168,95,80,831,751,65,1129,1064,81,2448,2367,65,1152,1087,88,752,664,80,248,168,64,6792,8
64,159,95,73,288,215,89,384,295,49,657,608,72,344,272,88,992,904,72,264,192,80,3168,8
72,168,96,80,296,216,88,360,272,88,432,344,88,368,280,72,968,896,80,311,231,65,2968,8
80,184,104,72,280,208,72,554,482,62,638,576,80,240,160,96,720,624,81,312,231,72,3000,8
80,168,88,72,272,200,80,256,176,64,440,376,105,384,279,144,416,272,88,320,232,64,2320,8
88,240,152,71,288,217,72,328,256,65,352,287,88,272,184,88,519,431,65,233,168,64,2296,8
81,184,103,80,320,240,80,440,360,72,479,407,113,321,208,80,712,632,88,336,248,64,2856,8
80,200,120,80,400,320,96,456,360,80,392,312,88,632,544,136,384,248,80,376,296,88,2928,8
96,184,88,56,199,143,81,233,152,56,640,584,80,264,184,112,744,632,88,352,264,64,2680,8
137,279,142,97,961,864,72,264,192,80,2376,2296,88,360,272,96,768,672,95,336,241,96,5440,8
80,159,79,89,305,216,80,336,256,112,1936,1824,93,696,603,104,807,703,105,312,207,81,4632,8
89,167,78,81,433,352,88,272,184,80,480,400,96,279,183,89,785,696,96,312,216,72,2800,8
56,264,208,72,1616,1544,89,416,327,72,568,496,72,352,280,72,856,784,65,224,159,88,4384,8
64,176,112,63,216,153,88,447,359,97,545,448,80,632,552,89,1032,943,80,224,144,88,3360,8
100,240,140,80,288,208,64,352,288,72,912,840,97,816,719,88,304,216,96,319,223,80,3311,8
72,224,152,72,328,256,88,280,192,104,400,296,88,504,416,120,1751,1631,97,393,296,88,3968,8
113,200,87,95,408,313,80,440,360,112,416,304,96,512,416,88,783,695,89,209,120,88,3056,8
104,152,48,80,368,288,104,559,455,113,353,240,104,424,320,135,536,401,104,495,391,89,2976,8
80,215,135,65,345,280,80,328,248,80,464,384,87,464,377,144,656,512,64,456,392,104,3032,8
72,191,119,73,305,232,72,336,264,72,520,448,88,271,183,89,761,672,72,272,200,64,2720,8
65,160,95,73,401,328,95,360,265,71,344,273,88,320,232,104,528,424,72,256,184,72,2441,8
41,169,128,80,256,176,80,384,304,48,3159,3111,89,1360,1271,81,577,496,64,352,288,55,6312,8
48,208,160,64,240,176,80,352,272,80,264,184,88,1056,968,112,392,280,80,280,200,80,2872,8
72,240,168,56,792,736,88,552,464,88,808,720,96,440,344,112,864,752,80,232,152,72,4000,8
64,184,120,88,368,280,88,328,240,72,1640,1568,104,488,384,88,592,504,87,264,177,80,3944,8
81,209,128,80,311,231,81,377,296,72,552,480,96,384,288,88,1248,1160,55,208,153,80,3369,8
81,208,127,72,288,216,104,336,232,88,400,312,96,376,280,120,1664,1544,88,336,248,48,3656,8
88,160,72,72,255,183,73,417,344,96,520,424,88,592,504,128,528,400,87,299,212,85,2856,8
136,272,136,72,416,344,80,287,207,128,497,369,104,472,368,104,391,287,80,441,361,88,2864,8
89,233,144,96,824,728,79,303,224,97,1505,1408,120,615,495,97,249,152,80,400,320,96,4225,8
72,216,144,88,264,176,80,224,144,80,432,352,80,248,168,96,687,591,81,209,128,88,2368,8
80,191,111,65,232,167,89,417,328,95,1232,1137,88,408,320,88,744,656,88,256,168,88,3568,8
65,193,128,63,231,168,73,409,336,80,704,624,96,416,320,112,712,600,88,280,192,71,3016,8
89,169,80,80,456,376,88,336,248,71,391,320,97,416,319,81,665,584,88,248,160,80,2761,8
90,152,62,88,256,168,79,456,377,80,463,383,105,416,311,89,889,800,67,312,245,64,3008,8
80,208,128,80,256,176,71,304,233,104,376,272,104,472,368,96,487,391,81,240,159,80,2423,8
48,240,192,56,223,167,73,360,287,113,905,792,96,352,256,88,752,664,88,368,280,71,3271,8
64,168,104,72,224,152,88,663,575,73,313,240,95,728,633,104,599,495,89,216,127,72,2983,8
88,199,111,72,233,161,88,304,216,72,1432,1360,80,960,880,112,616,504,88,271,183,64,4079,8
80,191,111,81,280,199,88,304,216,73,520,447,96,536,440,105,784,679,80,207,127,112,2934,8
48,191,143,65,216,151,81,368,287,97,425,328,112,879,767,82,520,438,145,506,361,78,3183,8
57,184,127,73,248,175,81,384,303,89,616,527,96,1312,1216,97,616,519,89,424,335,81,3865,8
81,233,152,72,311,239,96,312,216,96,368,272,113,440,327,105,576,471,97,344,247,89,2673,8
57,208,151,64,200,136,73,264,191,72,432,360,97,248,151,121,640,519,113,288,175,97,2377,8
73,192,119,80,616,536,57,248,191,129,336,207,89,2289,2200,105,1823,1718,105,312,207,96,5912,8
97,232,135,89,344,255,89,304,215,104,360,256,105,480,375,105,472,367,73,240,167,89,2521,8
81,176,95,65,240,175,96,384,288,57,704,647,97,368,271,80,544,464,72,224,152,72,2712,8
112,215,103,81,240,159,80,280,200,65,384,319,97,608,511,97,368,271,96,760,664,121,2976,8
105,200,95,89,272,183,97,360,263,105,448,343,105,488,383,73,384,311,96,392,296,104,2648,8
89,200,111,81,280,199,89,256,167,81,400,319,80,1496,1416,97,1152,1055,97,368,271,73,4225,8
73,208,135,64,288,224,97,280,183,96,424,328,95,272,177,96,760,664,80,224,144,80,2536,8
104,208,104,64,296,232,97,312,215,105,472,367,96,304,208,88,608,520,72,248,176,88,2536,8
88,224,136,64,280,216,81,304,223,80,1312,1232,104,928,824,96,312,216,88,376,288,72,3808,8
112,792,680,72,280,208,96,240,144,96,380,284,100,412,312,89,1440,1351,113,360,247,88,3992,8
121,224,103,72,344,272,72,576,504,96,744,648,105,1016,911,112,1760,1648,81,424,343,88,5176,8
80,207,127,72,280,208,89,336,247,80,352,272,96,488,392,112,328,216,72,1032,960,64,3087,8
72,216,144,72,320,248,112,296,184,80,1064,984,97,392,295,72,456,384,96,336,240,57,3137,8
96,224,128,73,224,151,81,240,159,104,472,368,88,472,384,113,456,343,96,336,240,88,2512,8
120,328,208,80,800,720,72,216,144,96,600,504,96,472,376,104,552,448,104,456,352,96,3520,8
82,224,142,72,264,192,80,520,440,112,536,424,96,1624,1528,121,520,399,104,288,184,88,4064,8
88,232,144,72,296,224,80,287,207,97,1265,1168,113,760,647,121,248,127,80,224,144,80,3392,8
89,143,54,80,248,168,81,496,415,80,1152,1072,73,1656,1583,185,288,103,113,232,119,113,4328,8
96,160,64,80,335,255,88,640,552,97,504,407,112,280,168,88,1112,1024,81,216,135,88,3335,8
81,168,87,64,215,151,73,329,256,56,1640,1584,81,568,487,96,1056,960,81,288,207,81,4345,8
78,152,74,72,231,159,82,377,295,64,505,441,96,271,175,88,824,736,80,400,320,88,2848,8
79,199,120,57,264,207,80,280,200,65,400,335,87,440,353,87,552,465,72,256,184,57,2448,8
72,173,101,76,240,164,75,243,168,73,432,359,89,488,399,112,712,600,73,256,183,80,2624,8
73,224,151,73,224,151,80,288,208,72,392,320,104,335,231,106,601,495,73,352,279,48,2464,8
97,200,103,113,376,263,80,440,360,72,240,168,95,384,289,96,520,424,80,304,224,88,2552,8
81,176,95,73,264,191,104,304,200,81,296,215,96,344,248,73,592,519,80,296,216,87,2359,8
80,176,96,72,304,232,80,320,240,104,467,363,85,381,296,80,544,464,104,256,152,97,2545,8
97,296,199,89,272,183,73,216,143,88,328,240,80,608,528,96,400,304,80,272,192,97,2489,8
96,184,88,72,280,208,80,1456,1376,90,976,886,72,472,400,120,608,488,73,240,167,88,4304,8
80,216,136,64,280,216,80,448,368,80,256,176,80,752,672,136,304,168,72,240,168,96,2592,8
110,248,138,96,352,256,80,304,224,88,328,240,80,488,408,129,1063,934,82,305,223,80,3168,8
136,248,112,80,264,184,80,312,232,120,1879,1759,88,425,337,96,376,280,72,352,280,81,3937,8
96,207,111,64,304,240,81,272,191,72,304,232,80,416,336,89,583,494,64,201,137,120,2407,8
80,152,72,72,216,144,88,296,208,88,408,320,80,528,448,96,432,336,64,264,200,72,2368,8
77,183,106,73,208,135,80,288,208,72,256,184,72,528,456,72,400,328,64,296,232,88,2247,8
72,168,96,72,591,519,97,289,192,96,272,176,80,360,280,112,592,480,72,256,184,96,2624,8
55,192,137,71,616,545,80,249,169,103,343,240,72,816,744,144,264,120,72,224,152,128,2832,8
65,216,151,103,343,240,105,340,235,53,204,151,97,623,526,146,241,95,81,233,152,105,2305,8
89,192,103,89,272,183,88,272,184,88,280,192,95,575,480,121,265,144,72,312,240,72,2240,8
40,288,248,80,248,168,72,292,220,52,292,240,80,455,375,97,1249,1152,56,296,240,72,3192,8
80,224,144,72,240,168,88,345,257,95,239,144,80,480,400,96,392,296,56,248,192,113,2281,8
80,192,112,80,928,848,64,232,168,96,264,168,64,472,408,136,288,152,65,304,239,80,2760,8
73,200,127,80,352,272,72,208,136,80,496,416,112,575,463,105,209,104,72,384,312,80,2504,8
72,224,152,80,808,728,88,264,176,127,279,152,113,593,480,89,224,135,63,232,169,96,2720,8
55,216,161,79,287,208,81,265,184,120,304,184,88,375,287,81,305,224,80,312,232,88,2152,8
80,208,128,72,344,272,87,384,297,80,272,192,80,488,408,88,1728,1640,56,696,640,72,4192,8
80,232,152,80,376,296,120,240,120,96,280,184,80,424,344,104,632,528,65,184,119,95,2463,8
48,312,264,112,608,496,88,207,119,73,281,208,64,376,312,80,463,383,65,257,192,81,2585,8
96,216,120,72,304,232,56,264,208,64,293,229,83,483,400,88,296,208,72,272,200,96,2224,8
80,224,144,72,336,264,63,256,193,64,248,184,80,632,552,88,559,471,73,401,328,112,2768,8
56,192,136,72,320,248,80,224,144,71,440,369,80,336,256,88,296,208,80,248,168,88,2144,8
72,136,64,88,528,440,63,208,145,88,704,616,103,328,225,96,728,632,63,264,201,72,2968,8
78,183,105,79,336,257,72,231,159,105,254,149,82,531,449,119,272,153,87,272,185,64,2143,8
56,224,168,80,288,208,88,232,144,64,488,424,80,287,207,105,577,472,88,480,392,80,2656,8
88,160,72,72,232,160,88,248,160,88,536,448,88,616,528,71,320,249,80,288,208,88,2488,8
86,191,105,72,231,159,81,192,111,81,328,247,105,328,223,97,593,496,63,216,153,80,2159,8
120,208,88,72,216,144,104,224,120,96,319,223,89,513,424,112,296,184,64,232,168,96,2104,8
72,155,83,93,301,208,103,224,121,120,360,240,96,2111,2015,97,497,400,72,407,335,97,4152,8
89,176,87,80,376,296,88,223,135,105,418,313,78,415,337,104,759,655,89,273,184,80,2720,8
84,212,128,79,300,221,91,267,176,80,408,328,88,728,640,96,2536,2440,88,246,158,106,4803,8
80,192,112,80,272,192,80,680,600,104,232,128,88,1009,921,87,247,160,88,240,152,64,2936,8
88,184,96,80,232,152,88,240,152,88,488,400,88,328,240,80,696,616,88,288,200,104,2560,8
104,238,134,82,442,360,104,424,320,88,1200,1112,96,448,352,96,320,224,40,264,224,77,3413,8
88,248,160,80,296,216,72,280,208,88,480,392,88,296,208,80,1088,1008,88,240,152,104,3032,8
88,200,112,80,392,312,88,240,152,72,304,232,72,728,656,89,464,375,89,297,208,72,2697,8
88,208,120,88,336,248,96,232,136,104,536,432,79,224,145,104,575,471,73,240,167,96,2447,8
73,184,111,88,401,313,80,368,288,71,384,313,72,447,375,81,529,448,80,303,223,81,2697,8
72,208,136,79,408,329,72,256,184,104,376,272,79,399,320,81,544,463,81,296,215,105,2592,8
127,215,88,89,353,264,88,304,216,136,344,208,96,496,400,104,968,864,80,296,216,88,3064,8
87,192,105,88,392,304,72,319,247,80,233,153,104,383,279,121,281,160,72,256,184,103,2159,8
72,193,121,80,232,152,80,192,112,88,296,208,80,384,304,120,936,816,71,311,240,81,2625,8
88,208,120,72,224,152,88,200,112,71,440,369,79,384,305,95,320,225,72,328,256,88,2192,8
72,231,159,73,473,400,72,216,144,80,392,312,72,352,280,88,1560,1472,103,488,385,96,3808,8
88,160,72,80,224,144,88,176,88,71,304,233,143,319,176,113,497,384,87,336,249,103,2119,8
80,313,233,88,1336,1248,71,1136,1065,96,552,456,88,360,272,80,688,608,88,223,135,89,4697,8
120,450,330,18,224,206,95,335,240,71,240,169,88,576,488,96,848,752,79,568,489,103,3344,8
89,305,216,88,256,168,71,263,192,105,249,144,88,391,303,97,601,504,72,295,223,89,2449,8
72,200,128,97,393,296,87,344,257,112,576,464,79,528,449,104,1152,1048,71,216,145,95,3504,8
88,183,95,81,240,159,73,249,176,88,440,352,63,384,321,80,296,216,80,287,207,113,2192,8
73,200,127,88,257,169,96,264,168,72,272,200,95,552,457,96,242,146,78,270,192,104,2161,8
81,177,96,96,312,216,80,247,167,88,793,705,88,336,248,96,527,431,72,232,160,81,2705,8
80,200,120,95,256,161,95,207,112,89,313,224,87,512,425,120,488,368,96,465,369,9,2450,8
96,192,96,80,248,168,79,192,113,96,487,391,73,273,200,96,575,479,65,232,167,81,2280,8
80,272,192,79,248,169,79,248,169,79,344,265,72,463,391,104,553,449,80,208,128,64,2400,8
88,232,144,88,416,328,96,440,344,87,360,273,88,584,496,112,247,135,81,297,216,80,2656,8
105,201,96,80,400,320,64,320,256,79,256,177,87,599,512,73,257,184,64,248,184,80,2361,8
61,184,123,89,313,224,64,312,248,72,439,367,73,320,247,105,385,280,72,247,175,72,2272,8
72,232,160,73,249,176,72,264,192,87,376,289,88,415,327,97,361,264,64,239,175,73,2209,8
89,200,111,72,224,152,73,280,207,81,376,295,81,377,296,88,664,576,96,335,239,81,2537,8
49,176,127,64,200,136,80,192,112,81,473,392,72,311,239,97,336,239,57,280,223,81,2049,8
89,192,103,97,424,327,81,216,135,57,336,279,113,336,223,97,721,624,56,183,127,72,2480,8
97,200,103,89,289,200,80,247,167,97,440,343,88,481,393,95,271,176,72,568,496,80,2576,8
57,193,136,88,576,488,63,240,177,63,279,216,80,552,472,97,248,151,73,321,248,96,2505,8
72,199,127,64,249,185,71,247,176,73,272,199,73,528,455,81,568,487,73,240,167,97,2400,8
80,184,104,81,264,183,73,224,151,80,664,584,81,336,255,104,544,440,73,321,248,72,2609,8
64,200,136,73,328,255,81,328,247,81,376,295,72,344,272,81,592,511,65,216,151,80,2464,8
72,223,151,65,296,231,72,184,112,72,296,224,80,368,288,80,424,344,65,248,183,73,2112,8
73,193,120,79,287,208,97,168,71,72,424,352,80,488,408,90,336,246,73,328,255,57,2281,8
43,199,156,80,240,160,81,256,175,64,240,176,73,344,271,137,368,231,73,232,159,81,1960,8
89,168,79,81,209,128,72,167,95,97,304,207,73,440,367,89,296,207,71,248,177,65,1897,8
57,176,119,73,248,175,80,176,96,64,408,344,72,344,272,89,408,319,81,248,167,81,2089,8
97,168,71,80,240,160,81,304,223,66,400,334,97,448,351,72,376,304,48,232,184,96,2264,8
81,233,152,95,239,144,105,240,135,73,1409,1336,96,279,183,95,512,417,81,280,199,89,3281,8
97,192,95,96,248,152,96,193,97,104,743,639,104,480,376,88,304,216,80,240,160,105,2505,8
57,176,119,80,216,136,89,216,127,104,424,320,80,408,328,89,224,135,71,215,144,81,1960,8
96,224,128,73,257,184,87,191,104,105,896,791,79,248,169,89,552,463,64,256,192,81,2705,8
64,176,112,73,256,183,73,160,87,88,328,240,95,552,457,103,200,97,73,231,158,105,2008,8
81,296,215,81,288,207,72,184,112,97,648,551,73,1496,1423,72,464,392,65,224,159,81,3681,8
103,192,89,112,279,167,73,193,120,81,424,343,81,448,367,88,544,456,81,208,127,89,2377,8
89,200,111,71,224,153,80,176,96,88,288,200,97,440,343,112,296,184,64,232,168,111,1967,8
64,208,144,73,242,169,71,181,110,81,385,304,72,312,240,88,408,320,80,238,158,106,2080,8
89,208,119,96,312,216,80,224,144,120,608,488,88,1256,1168,112,288,176,80,440,360,105,3441,8
73,192,119,72,248,176,73,216,143,88,352,264,72,624,552,104,616,512,80,496,416,112,2856,8
112,200,88,80,224,144,104,240,136,80,546,466,94,446,352,112,536,424,72,248,176,72,2512,8
128,224,96,72,232,160,56,168,112,88,1424,1336,80,448,368,96,448,352,80,232,152,80,3256,8
93,189,96,88,233,145,96,216,120,72,360,288,96,504,408,82,528,446,146,296,150,64,2390,8
73,281,208,63,224,161,72,216,144,55,256,201,87,375,288,73,689,616,72,229,157,106,2376,8
55,152,97,71,256,185,56,192,136,64,288,224,79,528,449,64,792,728,80,272,192,80,2560,8
56,160,104,71,232,161,64,200,136,80,240,160,72,480,408,103,432,329,80,320,240,72,2136,8
72,152,80,88,239,151,80,217,137,96,352,256,72,512,440,72,1240,1168,56,856,800,80,3648,8
85,200,115,88,240,152,64,152,88,88,496,408,80,344,264,55,466,411,110,294,184,80,2272,8
128,248,120,80,238,158,90,210,120,79,320,241,96,328,232,72,400,328,88,288,200,104,2136,8
88,184,96,88,248,160,104,208,104,120,536,416,96,216,120,96,391,295,73,249,176,55,2087,8
72,241,169,80,240,160,80,207,127,81,409,328,104,576,472,64,280,216,71,232,161,80,2265,8
81,329,248,64,328,264,72,200,128,96,360,264,104,312,208,80,352,272,87,359,272,64,2304,8
96,232,136,72,416,344,71,280,209,112,327,215,89,400,311,72,536,464,65,201,136,96,2488,8
72,184,112,80,224,144,80,224,144,80,392,312,80,264,184,80,512,432,72,376,304,48,2224,8
80,191,111,81,240,159,73,289,216,88,1472,1384,72,368,296,80,296,216,72,488,416,96,3440,8
83,200,117,72,224,152,72,216,144,80,216,136,80,471,391,89,280,191,73,426,353,1,2034,8
49,273,224,80,222,142,81,217,136,89,289,200,88,288,200,80,303,223,73,257,184,80,1929,8
72,175,103,80,217,137,72,152,80,87,367,280,89,273,184,72,241,169,87,279,192,95,1799,8
80,176,96,88,232,144,88,191,103,97,585,488,79,216,137,96,400,304,47,311,264,113,2224,8
72,184,112,96,312,216,80,192,112,64,568,504,80,400,320,80,288,208,88,255,167,73,2272,8
89,217,128,104,311,207,89,217,128,96,359,263,81,577,496,104,240,136,79,344,265,80,2345,8
55,217,162,71,233,162,87,231,144,96,440,344,64,328,264,80,368,288,72,248,176,48,2113,8
72,183,111,88,248,160,80,225,145,128,576,448,80,263,183,113,505,392,72,232,160,64,2296,8
79,255,176,65,249,184,72,200,128,79,448,369,64,400,336,64,367,303,49,473,424,80,2472,8
89,208,119,97,256,159,65,187,122,110,382,272,88,271,183,81,402,321,78,215,137,96,2017,8
56,176,120,80,240,160,56,225,169,80,520,440,72,255,183,81,425,344,64,208,144,80,2129,8
80,168,88,54,224,170,73,177,104,80,399,319,73,1065,992,112,1023,911,65,305,240,88,3449,8
51,296,245,71,216,145,72,184,112,88,384,296,79,400,321,104,263,159,65,312,247,97,2152,8
96,184,88,80,239,159,64,206,142,90,306,216,89,640,551,80,169,89,56,239,183,113,2096,8
77,249,172,80,224,144,64,167,103,113,321,208,79,432,353,104,271,167,57,257,200,56,1977,8
64,183,119,65,224,159,65,193,128,104,351,247,88,473,385,95,208,113,72,192,120,136,1960,8
96,216,120,97,305,208,72,183,111,73,3104,3031,89,464,375,80,376,296,64,272,208,72,4992,8
64,184,120,72,208,136,63,175,112,56,239,183,81,714,633,88,159,71,96,280,184,80,2039,8
81,168,87,73,208,135,64,176,112,72,240,168,104,416,312,56,1512,1456,113,312,199,104,3136,8
69,168,99,81,216,135,64,160,96,72,320,248,89,288,199,72,520,448,65,256,191,65,1993,8
65,281,216,64,207,143,65,192,127,80,288,208,64,440,376,81,440,359,65,224,159,65,2137,8
81,224,143,73,201,128,88,167,79,121,336,215,72,416,344,81,448,367,73,256,183,112,2160,8
72,216,144,97,240,143,65,1248,1183,81,752,671,81,424,343,96,376,280,89,216,127,96,3568,8
81,192,111,65,216,151,81,128,47,113,480,367,80,1048,968,112,280,168,88,656,568,88,3088,8
65,159,94,90,257,167,65,159,94,73,449,376,80,368,288,89,464,375,64,241,177,87,2184,8
73,216,143,88,240,152,57,199,142,90,457,367,74,1442,1368,62,886,824,63,248,185,97,3785,8
89,221,132,51,219,168,65,184,119,72,296,224,72,584,512,80,208,128,65,288,223,104,2104,8
113,280,167,80,233,153,56,159,103,120,352,232,72,920,848,87,1200,1113,73,224,151,97,3465,8
88,264,176,96,536,440,72,312,240,65,864,799,97,384,287,57,440,383,56,288,232,105,3193,8
128,296,168,56,208,152,72,216,144,97,384,287,97,376,279,80,968,888,68,496,428,104,3048,8
97,263,166,50,217,167,48,216,168,64,480,416,89,312,223,120,431,311,49,225,176,96,2240,8
113,264,151,80,384,304,72,280,208,104,392,288,88,304,216,88,1200,1112,84,456,372,97,3377,8
72,200,128,80,225,145,71,191,120,80,968,888,128,752,624,80,576,496,64,384,320,72,3368,8
80,232,152,72,232,160,79,168,89,120,504,384,72,1008,936,97,616,519,73,352,279,120,3232,8
112,280,168,80,224,144,80,216,136,96,312,216,80,808,728,89,216,127,88,384,296,104,2544,8
120,280,160,72,288,216,72,200,128,72,392,320,71,368,297,104,488,384,104,248,144,88,2352,8
100,433,333,63,208,145,72,568,496,80,336,256,96,352,256,104,3928,3824,105,327,222,113,6265,8
112,200,88,80,200,120,88,168,80,128,368,240,80,360,280,112,2704,2592,104,200,96,88,4288,8
97,248,151,72,648,576,80,248,168,104,256,152,80,576,496,112,288,176,72,376,304,112,2752,8
49,281,232,56,208,152,64,232,168,96,505,409,87,255,168,88,360,272,72,360,288,120,2321,8
65,169,104,80,224,144,80,216,136,88,351,263,97,441,344,120,256,136,80,296,216,120,2073,8
105,233,128,72,272,200,64,184,120,96,352,256,72,440,368,96,320,224,64,256,192,88,2145,8
64,152,88,71,240,169,63,160,97,88,440,352,64,296,232,88,513,425,71,221,150,120,2142,8
96,207,111,80,264,184,88,225,137,96,472,376,88,432,344,104,479,375,81,561,480,72,2712,8
120,264,144,63,224,161,72,215,143,97,273,176,89,608,519,96,536,440,80,192,112,96,2408,8
88,199,111,73,209,136,80,175,95,73,393,320,72,400,328,88,328,240,64,240,176,104,2048,8
80,200,120,64,216,152,64,168,104,96,312,216,88,344,256,127,696,569,80,392,312,95,2423,8
72,208,136,72,552,480,80,336,256,80,368,288,72,312,240,104,440,336,72,960,888,71,3247,8
72,176,104,72,208,136,88,335,247,105,217,112,72,392,320,96,480,384,64,248,184,80,2136,8
71,231,160,105,577,472,64,192,128,72,335,263,65,409,344,88,288,200,64,280,216,96,2408,8
79,232,153,80,264,184,72,200,128,88,280,192,71,520,449,104,328,224,56,304,248,79,2207,8
112,216,104,80,264,184,72,208,136,104,544,440,56,304,248,96,496,400,64,223,159,89,2344,8
104,296,192,56,264,208,64,208,144,112,1488,1376,105,448,343,72,552,480,72,240,168,80,3576,8
72,184,112,72,216,144,64,136,72,128,288,160,96,480,384,94,328,234,72,352,280,120,2104,8
81,264,183,80,216,136,72,200,128,88,264,176,96,392,296,112,296,184,72,272,200,72,1976,8
104,248,144,80,224,144,80,208,128,80,288,208,85,480,395,104,400,296,64,216,152,96,2160,8
72,200,128,88,251,163,77,213,136,87,468,381,84,556,472,88,200,112,72,224,152,89,2201,8
97,232,135,72,215,143,73,201,128,56,456,400,72,352,280,80,280,200,64,345,281,96,2177,8
64,224,160,80,272,192,64,159,95,89,425,336,64,344,280,80,448,368,56,248,192,72,2192,8
57,200,143,72,224,152,56,176,120,88,368,280,72,392,320,96,848,752,80,464,384,95,2767,8
96,247,151,65,225,160,72,200,128,80,288,208,64,1088,1024,104,480,376,72,423,351,113,3064,8
87,191,104,73,209,136,72,192,120,95,296,201,80,639,559,70,313,243,72,272,200,80,2192,8
78,208,130,63,216,153,72,168,96,96,320,224,64,391,327,81,2961,2880,74,352,278,104,4720,8
72,256,184,72,208,136,72,232,160,72,256,184,72,472,400,80,664,584,64,496,432,96,2680,8
103,208,105,55,192,137,63,200,137,88,656,568,64,336,272,80,400,320,48,200,152,64,2256,8
81,185,104,72,208,136,72,207,135,73,265,192,79,368,289,88,272,184,40,264,224,104,1873,8
104,208,104,72,235,163,69,229,160,111,328,217,88,984,896,80,544,464,96,296,200,96,2920,8
88,176,88,72,200,128,72,176,104,112,400,288,80,287,207,81,425,344,80,256,176,104,2024,8
96,216,120,72,208,136,80,192,112,88,312,224,64,296,232,104,280,176,64,304,240,127,1935,8
48,263,215,65,257,192,64,232,168,72,992,920,56,1032,976,96,352,256,80,216,136,120,3464,8
104,256,152,56,216,160,56,184,128,96,271,175,64,513,449,103,232,129,56,248,192,104,2024,8
55,272,217,56,224,168,72,231,159,89,261,172,68,444,376,79,408,329,56,360,304,112,2312,8
216,304,88,87,240,153,72,184,112,112,344,232,80,488,408,79,272,193,72,224,152,112,2168,8
95,215,120,73,280,207,64,216,152,65,473,408,72,464,392,88,2320,2232,72,264,192,96,4328,8
81,193,112,64,216,152,64,175,111,97,449,352,64,664,600,96,1704,1608,64,239,175,105,3745,8
79,168,89,72,223,151,65,161,96,88,272,184,80,487,407,105,625,520,80,192,112,112,2240,8
89,177,88,72,240,168,79,207,128,89,393,304,80,703,623,185,313,128,71,1064,993,128,3225,8
104,320,216,80,424,344,72,231,159,80,513,433,88,272,184,72,567,495,64,249,185,96,2672,8
95,304,209,64,312,248,79,240,161,71,264,193,96,696,600,72,920,848,72,536,464,80,3352,8
112,183,71,104,248,144,112,201,89,79,504,425,88,639,551,97,336,239,72,208,136,89,2408,8
72,208,136,72,224,152,72,192,120,81,312,231,88,472,384,89,385,296,55,231,176,80,2104,8
48,208,160,57,208,151,65,208,143,72,240,168,88,391,303,66,305,239,57,272,215,104,1936,8
56,208,152,49,216,167,56,200,144,80,256,176,73,432,359,104,648,544,72,416,344,89,2465,8
57,184,127,49,216,167,65,184,119,72,288,216,72,456,384,87,368,281,65,259,194,85,2040,8
72,200,128,56,272,216,65,192,127,64,368,304,64,3600,3536,121,592,471,80,216,136,88,5528,8
88,184,96,81,224,143,71,200,129,88,328,240,88,400,312,88,465,377,71,255,184,89,2145,8
64,191,127,64,224,160,64,184,120,88,240,152,72,440,368,47,672,625,49,224,175,88,2263,8
73,192,119,64,224,160,45,201,156,71,1855,1784,89,760,671,96,304,208,80,432,352,104,4072,8
96,256,160,72,224,152,72,192,120,72,264,192,81,432,351,96,1200,1104,72,240,168,80,2888,8
68,192,124,72,200,128,80,160,80,80,280,200,80,480,400,105,256,151,65,272,207,72,1912,8
64,208,144,72,256,184,64,216,152,65,352,287,65,400,335,88,1744,1656,57,280,223,80,3536,8
48,273,225,39,191,152,64,216,152,96,247,151,81,425,344,80,296,216,64,256,192,64,1968,8
24,304,280,80,256,176,72,288,216,80,392,312,64,472,408,72,536,464,72,328,256,72,2648,8
88,216,128,72,216,144,72,191,119,89,265,176,72,432,360,88,208,120,80,336,256,81,1945,8
64,264,200,56,224,168,72,208,136,73,768,695,71,408,337,88,328,240,40,254,214,201,2655,8
81,216,135,56,216,160,72,168,96,88,272,184,80,464,384,88,424,336,88,200,112,88,2048,8
72,208,136,64,208,144,72,168,96,80,496,416,72,248,176,56,528,472,72,224,152,72,2152,8
64,176,112,80,264,184,72,224,152,64,312,248,64,352,288,104,992,888,57,216,159,96,2632,8
88,456,368,64,232,168,64,280,216,80,232,152,72,472,400,88,1016,928,64,176,112,112,2976,8
63,279,216,72,248,176,48,248,200,88,944,856,104,560,456,88,368,280,80,272,192,64,2983,8
72,296,224,72,248,176,64,200,136,72,1224,1152,93,936,843,80,2288,2208,65,1528,1463,112,6832,8
80,224,144,80,256,176,72,208,136,96,1800,1704,81,568,487,96,256,160,56,264,208,72,3648,8
64,224,160,64,216,152,80,168,88,88,288,200,80,407,327,81,305,224,56,208,152,72,1888,8
71,248,177,72,304,232,64,192,128,56,296,240,88,416,328,96,424,328,56,240,184,64,2184,8
64,256,192,56,200,144,72,160,88,80,336,256,80,368,288,56,2567,2511,114,985,871,96,4968,8
88,223,135,65,216,151,65,145,80,80,328,248,56,768,712,69,328,259,48,480,432,113,2601,8
96,216,120,71,216,145,56,136,80,80,312,232,64,1016,952,88,536,448,56,479,423,81,2992,8
55,208,153,64,223,159,72,200,128,81,560,479,64,265,201,79,481,402,55,257,202,77,2271,8
95,376,281,48,231,183,48,152,104,64,288,224,72,512,440,64,184,120,56,217,161,71,2031,8
48,200,152,64,232,168,56,160,104,88,408,320,65,360,295,96,760,664,73,208,135,96,2424,8
80,201,121,47,207,160,56,208,152,104,232,128,72,472,400,128,296,168,56,466,410,102,2184,8
59,306,247,56,240,184,56,192,136,72,1025,953,87,263,176,105,488,383,56,400,344,96,3010,8
66,225,159,48,200,152,64,165,101,83,283,200,72,464,392,64,200,136,64,240,176,81,1858,8
96,279,183,49,233,184,63,224,161,72,392,320,64,616,552,128,952,824,57,504,447,112,3312,8
80,271,191,73,257,184,64,208,144,80,264,184,80,552,472,102,296,194,56,352,296,95,2295,8
72,336,264,48,327,279,57,200,143,89,353,264,56,351,295,97,385,288,15,229,214,75,2256,8
128,720,592,40,248,208,64,248,184,64,496,432,72,368,296,96,568,472,48,232,184,71,2951,8
26,240,214,64,248,184,64,176,112,72,272,200,48,384,336,104,248,144,56,208,152,80,1856,8
80,264,184,63,224,161,64,152,88,96,448,352,72,423,351,105,273,168,72,231,159,89,2104,8
104,216,112,64,232,168,72,176,104,104,320,216,79,504,425,79,264,185,72,200,128,88,2000,8
96,256,160,48,216,168,48,184,136,72,232,160,71,408,337,120,320,200,64,359,295,129,2104,8
56,440,384,56,232,176,64,208,144,72,464,392,64,424,360,104,344,240,48,247,199,73,2432,8
129,273,144,72,256,184,80,168,88,104,424,320,72,360,288,72,304,232,64,344,280,136,2265,8
88,272,184,88,271,183,65,193,128,104,1464,1360,112,920,808,120,432,312,48,175,127,73,3800,8
71,232,161,72,256,184,56,168,112,104,320,216,79,456,377,104,399,295,41,264,223,113,2208,8
96,272,176,72,328,256,80,200,120,104,376,272,80,464,384,80,288,208,64,312,248,63,2303,8
96,231,135,89,369,280,63,216,153,96,599,503,73,497,424,104,488,384,63,264,201,80,2744,8
88,224,136,119,368,249,79,208,129,80,568,488,72,343,271,113,425,312,72,277,205,99,2512,8
129,488,359,88,888,800,87,216,129,112,336,224,80,431,351,121,384,263,57,241,184,103,3087,8
112,303,191,113,345,232,80,208,128,96,511,415,89,465,376,95,424,329,56,272,216,120,2648,8
97,304,207,72,256,184,80,207,127,97,344,247,81,472,391,97,409,312,80,464,384,88,2544,8
136,1039,903,88,553,465,72,248,176,112,320,208,72,2655,2583,105,384,279,73,273,200,120,5592,8
72,215,143,73,225,152,64,215,151,105,337,232,80,448,368,128,304,176,56,264,208,112,2120,8
88,215,127,73,225,152,72,232,160,96,296,200,88,504,416,96,303,207,57,384,327,137,2296,8
130,336,206,80,264,184,72,200,128,88,368,280,80,560,480,120,232,112,64,240,176,95,2295,8
89,304,215,56,313,257,64,247,183,129,1017,888,96,871,775,72,633,561,64,208,144,113,3706,8
98,208,110,72,239,167,65,169,104,72,447,375,89,400,311,104,376,272,81,305,224,96,2240,8
80,216,136,64,216,152,72,175,103,89,297,208,56,832,776,104,464,360,87,264,177,112,2576,8
81,177,96,88,239,151,57,161,104,80,496,416,80,415,335,113,353,240,56,223,167,89,2153,8
104,247,143,64,241,177,48,184,136,80,272,192,80,368,288,120,496,376,48,239,191,120,2167,8
144,296,152,72,240,168,56,143,87,113,345,232,72,295,223,97,417,320,65,247,182,73,2056,8
80,224,144,71,224,153,64,207,143,81,280,199,65,265,200,120,720,600,64,224,160,88,2232,8
112,176,64,96,272,176,72,192,120,64,1160,1096,80,544,464,104,648,544,80,265,185,103,3360,8
80,240,160,64,224,160,56,152,96,104,384,280,104,1056,952,79,255,176,73,225,152,64,2600,8
69,217,148,104,368,264,103,248,145,96,448,352,88,448,360,111,647,536,88,265,177,120,2761,8
66,227,161,61,221,160,64,200,136,87,839,752,65,320,255,73,664,591,57,369,312,104,2944,8
77,224,147,71,231,160,73,249,176,88,304,216,71,424,353,103,399,296,65,297,232,136,2264,8
100,224,124,80,304,224,65,216,151,89,537,448,96,1127,1031,97,841,744,87,311,224,80,3640,8
121,193,72,64,232,168,79,199,120,113,297,184,95,656,561,128,296,168,56,424,368,120,2417,8
80,207,127,97,257,160,88,208,120,112,303,191,97,345,248,136,310,174,73,266,193,112,2008,8
104,191,87,89,233,144,88,216,128,104,248,144,104,423,319,137,280,143,73,241,168,103,1935,8
111,239,128,97,256,159,105,217,112,112,327,215,80,545,465,128,919,791,81,272,191,113,2888,8
112,199,87,88,216,128,80,208,128,96,329,233,96,328,232,128,463,335,89,313,224,112,2168,8
112,239,127,105,480,375,81,273,192,128,247,119,80,816,736,144,272,128,113,288,175,105,2720,8
104,231,127,89,265,176,80,215,135,97,288,191,97,496,399,113,264,151,73,224,151,113,2096,8
117,232,115,97,288,191,81,200,119,105,432,327,89,265,176,135,376,241,71,271,200,105,2169,8
114,344,230,72,232,160,81,168,87,97,624,527,96,1352,1256,85,1169,1084,103,215,112,96,4200,8
120,232,112,65,232,167,65,168,103,97,264,167,97,504,407,145,256,111,97,264,167,152,2072,8
104,199,95,88,240,152,64,160,96,120,280,160,88,584,496,113,416,303,72,224,152,112,2215,8
97,231,134,73,249,176,80,192,112,88,288,200,80,328,248,112,264,152,65,272,207,128,1952,8
105,264,159,72,231,159,65,201,136,112,232,120,96,344,248,120,400,280,71,200,129,144,2016,8
96,183,87,97,296,199,112,264,152,113,304,191,88,448,360,64,320,256,80,216,136,113,2144,8
96,320,224,112,312,200,80,200,120,104,320,216,120,488,368,145,240,95,89,280,191,112,2272,8
105,208,103,104,264,160,88,200,112,96,264,168,97,457,360,143,264,121,71,231,160,120,2008,8
107,305,198,80,256,176,88,184,96,104,496,392,96,311,215,139,521,382,60,224,164,128,2425,8
120,256,136,88,232,144,80,168,88,112,360,248,88,384,296,112,712,600,97,440,343,129,2681,8
96,176,80,104,263,159,98,161,63,105,440,335,81,448,367,104,240,136,64,240,176,144,2112,8
97,408,311,56,216,160,72,216,144,80,552,472,89,648,559,97,224,127,49,272,223,128,2664,8
89,216,127,88,248,160,80,176,96,96,424,328,96,440,344,104,440,336,64,232,168,112,2288,8
128,304,176,104,360,256,96,216,120,120,512,392,80,584,504,160,336,176,80,240,160,137,2689,8
104,152,48,88,232,144,88,192,104,176,440,264,72,1304,1232,128,399,271,57,457,400,120,3296,8
81,200,119,96,280,184,72,168,96,112,336,224,80,504,424,112,384,272,72,232,160,80,2184,8
88,256,168,96,256,160,72,176,104,80,488,408,104,1664,1560,126,224,98,64,232,168,112,3408,8
51,201,150,71,216,145,72,224,152,95,392,297,88,1096,1008,112,512,400,81,208,127,96,2945,8
58,130,72,152,241,89,87,304,217,111,6008,5897,71,304,233,87,328,241,87,504,417,71,7890,10
63,120,57,55,208,153,55,256,201,63,416,353,79,584,505,127,232,105,63,1640,1577,79,3535,10
63,88,25,63,208,145,55,224,169,63,608,545,55,551,496,80,193,113,63,432,369,79,2383,10
63,112,49,63,200,137,71,223,152,64,585,521,63,560,497,79,152,73,71,184,113,71,2087,10
71,120,49,55,184,129,55,216,161,63,816,753,71,568,497,111,192,81,63,256,193,87,2439,10
55,95,40,64,185,121,63,200,137,55,488,433,103,472,369,143,544,401,103,488,385,103,2575,10
55,104,49,55,191,136,64,265,201,71,760,689,63,183,120,104,368,264,64,281,217,55,2207,10
63,112,49,63,184,121,55,240,185,55,600,545,87,552,465,63,488,425,39,112,73,55,2343,10
55,112,57,55,184,129,55,416,361,55,1000,945,63,456,393,95,168,73,87,640,553,71,3047,10
63,104,41,55,184,129,55,184,129,63,568,505,63,432,369,87,112,25,63,192,129,71,1847,10
88,113,25,63,184,121,63,168,105,63,391,328,72,569,497,135,200,65,55,560,505,63,2248,10
71,128,57,63,175,112,56,185,129,55,384,329,71,376,305,87,200,113,63,296,233,79,1823,10
63,104,41,55,176,121,55,168,113,55,344,289,79,784,705,95,136,41,71,175,104,80,1967,10
79,135,56,56,161,105,55,176,121,55,304,249,111,719,608,72,129,57,63,191,128,72,1887,10
63,103,40,64,185,121,63,176,113,63,367,304,72,769,697,79,152,73,63,144,81,79,1975,10
71,111,40,48,160,112,64,192,128,64,504,440,72,496,424,88,224,136,56,560,504,80,2327,10
71,104,33,63,176,113,55,176,121,47,256,209,79,848,769,71,127,56,64,329,265,31,2047,10
71,136,65,55,176,121,55,184,129,47,280,233,79,600,521,79,144,65,63,192,129,87,1799,10
79,128,49,55,175,120,56,169,113,55,415,360,72,625,553,79,135,56,72,217,145,79,1943,10
71,648,577,71,295,224,56,153,97,63,384,321,55,416,361,111,192,81,63,472,409,79,2639,10
71,127,56,48,169,121,55,720,665,111,255,144,64,497,433,87,151,64,64,297,233,79,2295,10
87,120,33,63,200,137,47,424,377,55,423,368,64,320,256,112,433,321,63,127,64,64,2111,10
56,88,32,64,176,112,56,168,112,56,1121,1065,71,600,529,111,271,160,64,336,272,80,2840,10
71,87,16,56,185,129,55,184,129,47,376,329,87,471,384,128,208,80,72,337,265,79,1927,10
80,112,32,56,217,161,55,216,161,47,711,664,72,449,377,127,239,112,72,160,88,72,2176,10
64,96,32,64,176,112,56,160,104,56,312,256,80,481,401,103,159,56,64,360,296,80,1824,10
87,111,24,64,296,232,64,200,136,64,369,305,79,352,273,127,263,136,64,344,280,88,2023,10
80,136,56,56,208,152,64,616,552,104,305,201,71,559,488,128,273,145,119,215,96,80,2392,10
64,104,40,64,184,120,56,169,113,55,351,296,80,384,304,144,361,217,55,191,136,88,1832,10
71,143,72,48,216,168,64,568,504,64,960,896,72,345,273,103,303,200,64,208,144,72,2815,10
71,143,72,56,177,121,63,215,152,56,1176,1120,72,593,521,119,183,64,64,192,128,80,2759,10
56,112,56,56,160,104,72,193,121,55,336,281,79,567,488,104,176,72,56,200,144,64,1808,10
48,120,72,64,208,144,64,200,136,56,1480,1424,72,545,473,135,759,624,48,160,112,56,3528,10
48,96,48,64,192,128,56,208,152,56,312,256,88,848,760,56,120,64,64,184,120,72,2032,10
72,128,56,72,176,104,56,168,112,56,256,200,72,648,576,96,120,24,64,168,104,80,1744,10
88,120,32,56,176,120,56,176,120,56,400,344,72,624,552,104,128,24,56,144,88,80,1848,10
88,112,24,48,168,120,56,160,104,56,264,208,80,1768,1688,88,89,1,71,199,128,72,2832,10
88,120,32,72,168,96,72,192,120,64,336,272,104,1112,1008,96,136,40,88,208,120,72,2344,10
72,80,8,56,176,120,56,176,120,72,560,488,64,560,496,96,120,24,56,152,96,96,1920,10
72,96,24,56,168,112,56,272,216,64,936,872,80,888,808,80,104,24,64,160,96,80,2704,10
56,112,56,56,200,144,64,192,128,48,1024,976,64,448,384,112,344,232,96,272,176,88,2680,10
64,88,24,56,176,120,64,184,120,56,400,344,80,584,504,104,224,120,80,232,152,72,1960,10
80,120,40,64,192,128,64,176,112,48,328,280,112,472,360,128,296,168,88,352,264,72,2008,10
80,112,32,56,176,120,56,168,112,56,312,256,80,584,504,104,152,48,56,136,80,72,1712,10
63,119,56,56,217,161,64,480,416,80,760,680,72,377,305,119,263,144,72,160,88,96,2472,10
71,143,72,72,208,136,72,304,232,88,1088,1000,64,480,416,160,200,40,64,200,136,120,2743,10
72,112,40,64,209,145,55,199,144,56,384,328,72,392,320,120,328,208,64,160,96,72,1856,10
56,128,72,64,248,184,72,280,208,72,640,568,72,328,256,112,448,336,56,128,72,88,2288,10
64,112,48,56,168,112,56,152,96,48,368,320,64,824,760,80,104,24,64,200,136,80,2008,10
72,144,72,56,168,112,64,224,160,56,352,296,104,624,520,104,136,32,64,336,272,72,2056,10
72,112,40,64,176,112,56,160,104,48,256,208,104,728,624,56,104,48,72,864,792,64,2464,10
72,73,1,71,207,136,64,192,128,56,296,240,96,752,656,72,104,32,64,136,72,128,1888,10
72,96,24,56,184,128,56,184,128,48,288,240,104,896,792,88,160,72,72,312,240,80,2200,10
72,104,32,72,192,120,64,192,128,64,456,392,80,728,648,120,320,200,72,184,112,80,2256,10
72,120,48,64,192,128,56,184,128,48,384,336,72,544,472,104,144,40,64,144,80,88,1800,10
88,120,32,64,176,112,56,184,128,56,512,456,72,864,792,96,152,56,80,192,112,104,2304,10
73,89,16,56,176,120,56,144,88,56,336,280,80,800,720,120,152,32,72,272,200,80,2049,10
80,104,24,56,168,112,56,160,104,48,264,216,88,568,480,136,216,80,64,408,344,88,1976,10
88,144,56,48,160,112,56,152,96,56,296,240,88,408,320,136,288,152,64,208,144,112,1768,10
72,120,48,64,176,112,56,183,127,64,441,377,72,424,352,112,456,344,72,160,88,104,2064,10
80,144,64,56,168,112,64,192,128,56,448,392,80,496,416,120,216,96,72,152,80,80,1896,10
80,120,40,56,208,152,56,176,120,48,392,344,72,344,272,104,376,272,64,224,160,72,1912,10
79,112,33,72,192,120,64,408,344,64,392,328,80,352,272,136,424,288,72,192,120,96,2168,10
96,120,24,64,192,128,56,176,120,64,456,392,72,328,256,96,624,528,56,144,88,112,2152,10
88,120,32,56,168,112,56,152,96,48,280,232,104,576,472,120,200,80,64,176,112,80,1752,10
88,120,32,56,168,112,64,152,88,56,288,232,88,408,320,120,272,152,56,168,112,96,1672,10
96,136,40,56,160,104,64,160,96,56,319,263,96,609,513,103,104,1,64,176,112,104,1768,10
96,104,8,64,176,112,56,168,112,56,544,488,72,640,568,136,264,128,72,208,136,104,2208,10
88,104,16,64,176,112,48,152,104,56,279,223,80,496,416,121,265,144,72,224,152,72,1768,10
88,144,56,56,184,128,64,184,120,48,1047,999,73,361,288,96,448,352,56,248,192,88,2704,10
80,136,56,64,184,120,56,168,112,56,296,240,88,696,608,96,208,112,64,304,240,112,2104,10
80,128,48,64,184,120,56,176,120,48,312,264,88,488,400,120,264,144,72,248,176,64,1864,10
64,96,32,48,200,152,64,191,127,48,272,224,88,721,633,80,144,64,72,424,352,96,2144,10
89,153,64,64,192,128,56,184,128,64,776,712,72,912,840,80,152,72,72,200,128,88,2657,10
88,144,56,48,176,128,72,200,128,64,360,296,80,728,648,104,144,40,72,144,72,96,1992,10
80,104,24,64,184,120,56,168,112,48,272,224,96,472,376,136,256,120,72,552,480,96,2104,10
87,152,65,64,208,144,72,247,175,64,481,417,72,600,528,104,192,88,72,192,120,88,2160,10
88,136,48,64,184,120,56,168,112,48,296,248,88,360,272,160,384,224,56,232,176,144,1904,10
64,136,72,64,208,144,72,200,128,72,1648,1576,80,528,448,87,696,609,55,96,41,72,3584,10
64,192,128,56,184,128,64,200,136,40,320,280,128,632,504,80,456,376,48,136,88,64,2184,10
80,120,40,56,184,128,56,224,168,56,480,424,64,696,632,80,168,88,56,216,160,72,2160,10
88,145,57,64,320,256,63,215,152,72,353,281,104,560,456,88,688,600,64,104,40,56,2441,10
56,88,32,64,192,128,48,168,120,48,264,216,96,424,328,112,184,72,56,184,128,72,1576,10
88,176,88,64,216,152,80,280,200,64,712,648,64,192,128,96,328,232,56,168,112,72,2144,10
55,88,33,55,200,145,56,288,232,64,424,360,72,344,272,88,248,160,72,168,96,56,1816,10
55,128,73,64,256,192,72,200,128,72,256,184,72,488,416,96,176,80,80,192,112,72,1768,10
64,152,88,88,296,208,64,216,152,80,336,256,79,344,265,112,544,432,72,176,104,64,2128,10
65,89,24,56,168,112,64,136,72,39,272,233,72,2888,2816,72,1063,991,72,272,200,120,5008,10
55,88,33,64,200,136,55,184,129,55,424,369,72,736,664,96,136,40,64,304,240,72,2144,10
72,112,40,72,168,96,72,176,104,56,240,184,63,1232,1169,64,2064,2000,64,128,64,104,4224,10
63,136,73,63,191,128,56,169,113,55,271,216,121,857,736,72,104,32,64,208,144,72,2008,10
88,120,32,64,184,120,55,192,137,55,408,353,72,448,376,112,344,232,64,200,136,87,1983,10
72,136,64,40,168,128,64,192,128,48,448,400,64,376,312,88,248,160,64,200,136,72,1840,10
55,168,113,55,176,121,64,184,120,64,360,296,72,440,368,112,400,288,64,184,120,88,2000,10
87,128,41,64,208,144,64,192,128,55,352,297,88,608,520,96,176,80,72,176,104,72,1912,10
72,144,72,64,184,120,55,160,105,56,312,256,71,408,337,95,360,265,55,136,81,72,1776,10
96,128,32,72,344,272,72,200,128,64,392,328,79,464,385,88,360,272,64,168,104,64,2120,10
122,74,-48,161,176,15,136,153,17,103,352,249,135,536,401,79,128,49,87,160,73,79,1658,10
72,128,56,120,121,1,135,136,1,87,264,177,103,480,377,87,168,81,87,183,96,88,1568,10
63,128,65,55,152,97,47,152,105,55,288,233,71,504,433,95,112,17,55,184,129,87,1607,10
71,112,41,55,160,105,55,144,89,55,256,201,87,328,241,119,216,97,55,152,97,87,1455,10
55,112,57,55,152,97,63,144,81,55,256,201,63,304,241,119,216,97,63,136,73,71,1391,10
87,143,56,56,153,97,55,144,89,55,248,193,95,328,233,127,264,137,63,127,64,72,1479,10
63,136,73,47,152,105,47,144,97,47,232,185,79,392,313,111,152,41,55,160,105,103,1471,10
79,119,40,56,145,89,71,183,112,56,249,193,71,296,225,143,240,97,71,152,81,87,1471,10
71,104,33,47,152,105,55,144,89,55,232,177,63,799,736,72,129,57,71,159,88,72,1791,10
72,160,88,56,169,113,55,160,105,47,248,201,63,200,137,95,384,289,71,112,41,79,1512,10
63,128,65,47,160,113,47,144,97,55,240,185,87,848,761,87,120,33,71,144,73,95,1879,10
63,80,17,55,152,97,47,144,97,55,240,185,47,408,361,111,143,32,64,144,80,112,1423,10
71,104,33,55,168,113,47,152,105,47,240,193,71,568,497,95,128,33,71,144,73,95,1599,10
71,168,97,55,160,105,55,160,105,47,232,185,63,624,561,95,312,217,71,96,25,63,1815,10
63,119,56,48,144,96,48,136,88,56,257,201,79,488,409,103,176,73,63,152,89,87,1559,10
63,120,57,47,160,113,39,136,97,47,240,193,71,400,329,95,231,136,56,112,56,64,1463,10
55,95,40,56,137,81,55,136,81,55,240,185,71,744,673,87,167,80,64,145,81,63,1727,10
56,120,64,56,152,96,40,121,81,63,231,168,72,257,185,111,248,137,55,96,41,71,1296,10
63,112,49,55,152,97,47,160,113,39,247,208,56,313,257,95,248,153,55,111,56,56,1399,10
56,112,56,56,169,113,39,128,89,55,264,209,55,407,352,88,169,81,55,127,72,64,1440,10
71,119,48,56,161,105,55,168,113,55,264,209,55,336,281,119,280,161,55,120,65,55,1503,10
63,128,65,47,144,97,63,176,113,47,248,201,63,456,393,87,159,72,56,200,144,144,1655,10
64,105,41,55,152,97,55,160,105,47,216,169,63,360,297,119,200,81,71,127,56,72,1392,10
63,88,25,47,168,121,55,159,104,56,241,185,71,319,248,104,216,112,64,104,40,88,1383,10
71,135,64,48,153,105,55,151,96,56,1113,1057,55,175,120,88,240,152,72,232,160,240,2439,10
64,88,24,48,152,104,48,137,89,55,231,176,72,400,328,104,553,449,79,159,80,72,1792,10
63,135,72,56,153,97,55,136,81,63,239,176,72,456,384,144,240,96,64,392,328,80,1831,10
79,80,1,47,135,88,64,168,104,48,240,192,72,745,673,87,199,112,64,136,72,72,1775,10
72,120,48,56,153,97,47,144,97,55,239,184,64,408,344,96,168,72,56,144,88,72,1448,10
63,143,80,56,168,112,40,137,97,63,599,536,64,200,136,88,329,241,55,111,56,96,1783,10
71,143,72,56,152,96,56,160,104,64,1024,960,72,160,88,88,472,384,64,104,40,72,2287,10
72,121,49,55,151,96,56,152,96,64,601,537,55,319,264,120,208,88,56,137,81,71,1760,10
72,112,40,48,152,104,56,152,96,56,384,328,72,432,360,136,241,105,55,120,65,95,1688,10
64,136,72,40,152,112,56,161,105,55,247,192,80,248,168,128,225,97,63,136,73,79,1384,10
72,88,16,56,152,96,56,136,80,64,225,161,63,271,208,136,224,88,64,129,65,63,1288,10
64,88,24,56,161,105,55,175,120,48,288,240,64,1816,1752,112,152,40,64,360,296,128,3168,10
72,112,40,56,152,96,48,136,88,56,232,176,64,264,200,120,296,176,56,104,48,72,1368,10
72,168,96,40,144,104,64,168,104,56,1064,1008,72,152,80,80,640,560,72,73,1,79,2488,10
64,104,40,55,152,97,56,136,80,48,224,176,72,808,736,96,136,40,64,192,128,88,1840,10
72,152,80,48,160,112,56,152,96,56,264,208,56,384,328,120,184,64,56,144,88,88,1528,10
72,152,80,56,160,104,56,176,120,56,920,864,56,153,97,95,351,256,64,112,48,88,2112,10
72,80,8,64,160,96,56,144,88,64,232,168,72,264,192,128,224,96,64,152,88,88,1344,10
80,112,32,64,160,96,56,152,96,56,384,328,64,480,416,104,168,64,72,376,304,80,1912,10
80,168,88,56,144,88,64,152,88,56,288,232,88,521,433,79,127,48,64,193,129,79,1672,10
80,136,56,56,160,104,64,168,104,72,1152,1080,72,472,400,80,112,32,64,160,96,80,2440,10
64,104,40,48,160,112,56,152,96,56,280,224,72,496,424,112,145,33,63,152,89,79,1568,10
96,184,88,48,176,128,56,168,112,56,272,216,80,664,584,96,144,48,64,136,72,96,1840,10
88,192,104,64,160,96,64,160,96,64,248,184,104,1720,1616,112,312,200,112,192,80,72,3056,10
72,160,88,48,144,96,56,152,96,64,320,256,80,312,232,136,248,112,96,192,96,128,1656,10
64,96,32,56,160,104,48,136,88,72,232,160,136,416,280,120,176,56,80,192,112,80,1488,10
72,136,64,56,152,96,64,160,96,48,232,184,96,1400,1304,104,144,40,72,192,120,72,2488,10
64,104,40,48,160,112,48,136,88,56,224,168,80,536,456,128,344,216,72,176,104,72,1752,10
64,128,64,48,152,104,56,184,128,56,272,216,64,696,632,96,128,32,72,184,112,72,1816,10
80,160,80,56,152,96,48,144,96,40,232,192,72,424,352,112,152,40,80,224,144,88,1576,10
56,72,16,56,144,88,56,160,104,48,248,200,80,752,672,144,384,240,72,112,40,88,1960,10
80,104,24,72,176,104,64,176,112,64,280,216,80,832,752,72,128,56,72,176,104,80,1952,10
80,152,72,56,184,128,56,168,112,56,248,192,80,560,480,96,184,88,72,176,104,104,1776,10
80,168,88,56,192,136,64,176,112,56,248,192,120,432,312,136,288,152,56,144,88,88,1736,10
72,136,64,64,176,112,63,184,121,64,272,208,64,232,168,144,352,208,64,120,56,88,1560,10
72,104,32,56,160,104,64,168,104,56,352,296,80,296,216,104,320,216,56,136,80,88,1624,10
72,240,168,64,224,160,56,176,120,80,456,376,80,304,224,120,648,528,64,104,40,72,2224,10
65,105,40,64,176,112,56,144,88,56,232,176,72,776,704,88,89,1,111,1031,920,96,2649,10
80,128,48,64,144,80,64,152,88,64,224,160,88,536,448,80,120,40,64,152,88,88,1544,10
64,216,152,56,200,144,64,176,112,64,288,224,88,400,312,120,192,72,64,160,96,104,1736,10
104,200,96,56,176,120,56,160,104,56,264,208,88,704,616,136,184,48,72,184,112,112,1984,10
88,160,72,56,160,104,48,152,104,56,248,192,72,296,224,144,640,496,64,104,40,80,1840,10
72,120,48,56,152,96,40,136,96,56,224,168,72,824,752,80,128,48,64,152,88,80,1816,10
88,128,40,56,152,96,56,128,72,56,240,184,80,400,320,152,368,216,64,152,88,88,1656,10
80,192,112,56,152,96,64,176,112,64,320,256,88,792,704,96,144,48,72,160,88,88,2024,10
72,112,40,64,160,96,72,167,95,72,369,297,96,512,416,112,272,160,88,232,144,120,1944,10
80,104,24,56,144,88,72,168,96,64,232,168,88,304,216,136,696,560,72,240,168,120,2008,10
80,120,40,64,168,104,56,144,88,64,256,192,104,336,232,112,288,176,72,168,96,96,1576,10
80,128,48,64,160,96,64,160,96,56,248,192,80,424,344,128,256,128,72,208,136,72,1656,10
72,128,56,56,168,112,56,152,96,56,256,200,88,424,336,128,416,288,72,184,112,72,1800,10
72,136,64,56,152,96,56,152,96,64,408,344,64,312,248,80,328,248,72,152,80,104,1744,10
72,120,48,56,176,120,48,160,112,64,560,496,72,360,288,104,456,352,80,248,168,112,2192,10
80,144,64,56,152,96,56,168,112,56,456,400,64,2216,2152,72,80,8,72,168,96,80,3464,10
64,104,40,64,168,104,72,168,96,64,240,176,88,280,192,128,320,192,64,160,96,72,1512,10
72,144,72,56,160,104,64,144,80,72,296,224,104,368,264,128,304,176,64,144,80,72,1632,10
80,144,64,56,160,104,56,136,80,64,240,176,80,1016,936,80,144,64,72,168,96,72,2080,10
72,112,40,56,168,112,48,136,88,64,239,175,88,456,368,113,169,56,64,152,88,88,1520,10
64,136,72,48,144,96,64,168,104,72,312,240,88,568,480,112,144,32,72,176,104,88,1736,10
72,136,64,56,160,104,56,152,96,56,256,200,72,376,304,136,264,128,64,160,96,88,1592,10
88,192,104,64,712,648,64,176,112,72,320,248,96,504,408,136,256,120,72,144,72,72,2376,10
72,152,80,56,168,112,56,136,80,72,272,200,80,504,424,112,256,144,72,168,96,88,1744,10
80,168,88,56,160,104,56,136,80,72,295,223,88,913,825,80,104,24,72,200,128,72,2048,10
80,136,56,64,160,96,72,184,112,64,272,208,96,288,192,144,424,280,88,456,368,104,2024,10
64,65,1,55,167,112,64,168,104,64,304,240,88,2504,2416,71,112,41,96,288,192,72,3680,10
80,168,88,56,160,104,56,175,119,40,257,217,80,263,183,137,289,152,64,216,152,88,1616,10
64,120,56,56,168,112,56,160,104,56,256,200,88,312,224,128,264,136,80,176,96,128,1584,10
96,136,40,72,200,128,56,160,104,80,288,208,96,416,320,128,456,328,72,152,80,96,1904,10
72,104,32,56,184,128,56,176,120,56,240,184,104,336,232,120,288,168,64,136,72,88,1552,10
72,72,0,48,160,112,64,160,96,64,304,240,104,592,488,128,296,168,72,152,80,152,1888,10
95,96,1,48,152,104,64,160,96,64,256,192,96,600,504,96,112,16,72,184,112,112,1672,10
72,88,16,64,168,104,56,144,88,63,240,177,104,528,424,88,136,48,72,152,80,88,1544,10
72,112,40,56,160,104,56,152,96,56,216,160,72,240,168,120,240,120,64,144,80,48,1312,10
64,152,88,64,224,160,56,160,104,64,392,328,80,456,376,96,160,64,72,160,88,88,1792,10
72,128,56,55,152,97,63,144,81,55,224,169,88,472,384,112,160,48,72,152,80,96,1528,10
55,96,41,63,144,81,56,144,88,55,256,201,95,512,417,80,128,48,71,144,73,72,1496,10
72,120,48,56,144,88,55,136,81,64,232,168,72,392,320,112,184,72,63,120,57,80,1408,10
72,96,24,55,152,97,55,144,89,47,208,161,72,480,408,103,136,33,64,160,96,96,1472,10
88,144,56,55,152,97,55,136,81,55,224,169,72,184,112,112,432,320,64,128,64,80,1480,10
88,144,56,64,160,96,40,136,96,63,216,153,64,152,88,127,256,129,56,208,152,15,1287,10
88,136,48,55,144,89,55,136,81,64,216,152,80,240,160,144,248,104,72,152,80,80,1352,10
96,136,40,64,160,96,47,136,89,64,224,160,72,160,88,128,312,184,72,152,80,71,1351,10
72,128,56,55,152,97,48,120,72,72,224,152,80,160,80,127,256,129,72,160,88,103,1303,10
72,96,24,71,176,105,63,168,105,71,1624,1553,71,472,401,88,128,40,80,160,80,103,2927,10
63,64,1,48,152,104,55,152,97,55,408,353,72,464,392,87,136,49,63,136,73,80,1592,10
71,72,1,55,152,97,64,160,96,55,224,169,80,472,392,88,168,80,63,144,81,95,1487,10
79,152,73,55,152,97,63,160,97,55,224,169,71,552,481,87,144,57,71,168,97,71,1623,10
71,88,17,63,144,81,63,168,105,55,264,209,80,296,216,135,248,113,63,128,65,103,1439,10
95,152,57,55,144,89,63,160,97,55,224,169,79,208,129,136,464,328,55,136,81,71,1559,10
63,144,81,55,160,105,55,144,89,55,224,169,80,240,160,135,240,105,63,128,65,72,1352,10
63,128,65,55,160,105,55,152,97,63,288,225,80,512,432,80,104,24,64,176,112,88,1608,10
79,144,65,63,160,97,55,152,97,71,256,185,111,224,113,96,320,224,71,144,73,63,1463,10
72,112,40,55,168,113,55,160,105,39,264,225,71,672,601,63,120,57,55,184,129,87,1767,10
79,488,409,63,160,97,63,160,97,63,264,201,87,224,137,159,304,145,71,312,241,87,1999,10
55,136,81,48,160,112,48,152,104,64,232,168,63,176,113,152,320,168,63,136,73,103,1415,10
72,112,40,55,176,121,63,168,105,55,224,169,71,144,73,103,384,281,71,120,49,79,1407,10
47,96,49,55,176,121,47,144,97,63,232,169,71,240,169,135,288,153,55,128,73,87,1391,10
71,144,73,56,144,88,80,168,88,64,680,616,56,128,72,79,256,177,63,128,65,63,1711,10
87,88,1,55,168,113,55,160,105,55,232,177,63,856,793,111,224,113,95,216,121,95,2039,10
55,104,49,63,160,97,63,160,97,55,240,185,63,144,81,135,424,289,63,168,105,63,1463,10
63,120,57,47,152,105,63,160,97,63,792,729,63,152,89,95,392,297,71,400,329,87,2255,10
87,120,33,55,160,105,47,152,105,55,232,177,71,592,521,135,280,145,79,176,97,71,1783,10
63,136,73,55,152,97,55,144,89,63,616,553,79,376,297,79,688,609,39,328,289,87,2527,10
63,104,41,63,160,97,55,136,81,55,664,609,63,208,145,127,216,89,63,144,81,87,1719,10
71,128,57,47,144,97,55,152,97,71,1152,1081,71,200,129,95,224,129,71,192,121,79,2271,10
63,104,41,71,160,89,55,144,89,71,256,185,79,264,185,119,248,129,63,128,65,71,1375,10
63,136,73,55,160,105,47,136,89,63,1912,1849,80,1088,1008,87,232,145,63,152,89,31,3847,10
63,112,49,47,144,97,55,144,89,55,256,201,87,224,137,127,264,137,63,144,81,55,1343,10
39,168,129,63,160,97,55,144,89,71,896,825,71,448,377,95,136,41,63,184,121,55,2191,10
80,129,49,55,151,96,64,161,97,55,3207,3152,80,441,361,111,199,88,72,184,112,96,4568,10
79,96,17,63,160,97,55,144,89,55,208,153,71,304,233,127,216,89,63,152,89,95,1375,10
88,97,9,63,160,97,63,176,113,71,632,561,71,520,449,87,144,57,63,152,89,79,1960,10
63,120,57,47,160,113,47,144,97,55,232,177,63,168,105,103,304,201,63,104,41,79,1311,10
79,160,81,47,168,121,47,160,113,55,376,321,111,232,121,111,248,137,63,144,81,71,1559,10
79,160,81,55,176,121,55,152,97,63,312,249,63,176,113,135,392,257,79,240,161,79,1687,10
71,136,65,63,160,97,55,144,89,71,3199,3128,72,568,496,96,152,56,72,521,449,127,5007,10
87,88,1,55,160,105,55,160,105,55,280,225,71,632,561,79,168,89,79,248,169,87,1823,10
71,112,41,63,168,105,55,168,113,47,232,185,79,296,217,111,216,105,63,152,89,87,1431,10
71,152,81,55,168,113,55,152,97,63,232,169,79,320,241,111,192,81,63,184,121,87,1487,10
56,97,41,47,200,153,63,192,129,47,216,169,95,224,129,79,1432,1353,79,352,273,79,2792,10
71,120,49,55,168,113,55,144,89,63,248,185,71,536,465,111,200,89,63,240,177,103,1759,10
87,136,49,55,152,97,63,144,81,55,240,185,71,200,129,119,368,249,63,136,73,103,1479,10
87,136,49,47,159,112,80,233,153,63,328,265,95,752,657,111,184,73,79,224,145,103,2119,10
79,128,49,55,152,97,63,152,89,55,240,185,79,272,193,151,328,177,71,248,177,143,1663,10
95,151,56,64,161,97,71,152,81,63,232,169,111,368,257,135,328,193,71,160,89,135,1687,10
79,144,65,47,152,105,55,144,89,63,240,177,71,975,904,80,113,33,79,208,129,79,2055,10
87,88,1,63,199,136,64,208,144,48,376,328,96,336,240,128,216,88,64,177,113,79,1679,10
80,81,1,47,151,104,64,160,96,48,280,232,104,440,336,104,136,32,64,160,96,96,1504,10
72,112,40,64,160,96,56,152,96,56,264,208,104,1345,1241,71,103,32,72,184,112,72,2392,10
72,96,24,56,152,96,64,136,72,56,232,176,96,912,816,72,136,64,72,472,400,112,2248,10
71,135,64,64,161,97,79,175,96,56,224,168,80,616,536,80,144,64,72,208,136,72,1735,10
78,134,56,55,166,111,54,150,96,63,237,174,87,735,648,71,111,40,63,175,112,86,1794,10
70,126,56,63,159,96,55,142,87,56,254,198,87,698,611,71,103,32,71,143,72,87,1712,10
63,135,72,55,151,96,55,143,88,55,254,199,72,175,103,127,286,159,55,136,81,87,1367,10
55,119,64,55,151,96,55,120,65,71,254,183,79,279,200,119,238,119,64,144,80,79,1384,10
79,111,32,56,152,96,63,159,96,56,223,167,72,734,662,71,111,40,64,144,80,71,1705,10
72,128,56,48,135,87,56,144,88,56,224,168,63,151,88,128,271,143,64,112,48,72,1237,10
64,80,16,56,152,96,47,152,105,47,215,168,80,456,376,95,151,56,64,168,104,88,1462,10
79,119,40,56,152,96,48,128,80,64,216,152,79,216,137,135,287,152,56,128,72,80,1326,10
64,152,88,55,160,105,47,135,88,64,217,153,63,167,104,128,304,176,64,112,48,88,1335,10
96,96,0,47,160,113,55,152,97,63,224,161,79,167,88,152,344,192,80,192,112,104,1439,10
71,160,89,63,160,97,63,159,96,56,216,160,96,264,168,160,288,128,96,184,88,80,1511,10
63,80,17,71,191,120,48,160,112,64,256,192,80,1528,1448,71,184,113,79,232,153,55,2686,10
72,104,32,56,144,88,64,136,72,72,240,168,96,320,224,136,224,88,64,144,80,88,1400,10
63,128,65,55,152,97,56,128,72,64,233,169,79,296,217,136,200,64,88,184,96,88,1409,10
72,128,56,56,144,88,48,136,88,64,233,169,80,432,352,88,217,129,63,112,49,71,1473,10
64,112,48,56,160,104,56,153,97,63,240,177,88,632,544,80,169,89,71,184,113,95,1745,10
64,128,64,56,153,97,63,168,105,55,520,465,80,216,136,120,521,401,63,112,49,64,1882,10
71,152,81,64,152,88,63,152,89,64,224,160,136,273,137,111,272,161,79,120,41,79,1424,10
72,113,41,55,152,97,63,168,105,55,272,217,88,1225,1137,168,232,64,88,240,152,80,2482,10
88,128,40,48,152,104,64,176,112,56,240,184,88,409,321,135,528,393,71,120,49,88,1841,10
72,128,56,64,144,80,72,169,97,63,232,169,71,304,233,160,200,40,80,184,104,96,1457,10
88,176,88,64,160,96,64,161,97,71,264,193,103,368,265,127,192,65,80,184,104,64,1569,10
72,136,64,56,161,105,47,136,89,79,504,425,96,528,432,96,160,64,72,160,88,80,1865,10
87,112,25,55,176,121,55,152,97,64,256,192,88,304,216,112,208,96,64,128,64,64,1400,10
95,128,33,63,160,97,79,184,105,71,240,169,87,216,129,128,320,192,88,1280,1192,88,2616,10
64,120,56,56,137,81,55,160,105,63,232,169,79,208,129,127,328,201,71,128,57,72,1385,10
88,89,1,55,151,96,72,152,80,72,249,177,95,512,417,79,152,73,71,160,89,79,1544,10
87,168,81,55,136,81,96,208,112,64,248,184,88,224,136,120,456,336,64,144,80,56,1640,10
71,112,41,47,136,89,63,160,97,64,232,168,80,224,144,136,248,112,64,152,88,72,1336,10
72,160,88,56,160,104,56,152,96,64,249,185,87,872,785,127,200,73,79,152,73,151,2096,10
87,168,81,64,176,112,55,160,105,63,240,177,80,192,112,128,288,160,72,136,64,80,1440,10
64,128,64,48,160,112,56,152,96,64,609,545,95,863,768,112,217,105,71,144,73,79,2352,10
80,112,32,56,152,96,48,152,104,56,248,192,64,161,97,111,247,136,56,104,48,96,1272,10
72,104,32,64,192,128,72,176,104,72,1953,1881,95,616,521,112,256,144,96,224,128,88,3609,10
88,120,32,56,160,104,64,160,96,56,224,168,80,296,216,112,216,104,64,168,104,64,1408,10
72,144,72,56,153,97,63,160,97,63,224,161,79,208,129,135,240,105,72,160,88,88,1377,10
80,136,56,48,160,112,56,160,104,64,585,521,87,712,625,96,152,56,88,185,97,95,2185,10
104,176,72,56,160,104,72,393,321,63,368,305,95,432,337,88,184,96,96,184,88,80,1977,10
80,136,56,64,168,104,48,160,112,40,233,193,87,216,129,103,240,137,64,496,432,120,1769,10
72,144,72,56,160,104,64,160,96,64,256,192,88,241,153,143,328,185,103,192,89,112,1593,10
72,153,81,55,168,113,71,167,96,64,249,185,79,184,105,128,288,160,64,144,80,88,1441,10
78,143,65,119,144,25,112,207,95,-64,217,281,111,504,393,79,128,49,71,144,73,79,1566,10
71,184,113,111,112,1,136,239,103,-88,145,233,119,440,321,95,168,73,71,144,73,119,1551,10
96,208,112,127,216,89,80,175,95,-64,153,217,111,240,129,151,272,121,96,168,72,111,1543,10
87,272,185,103,176,73,112,207,95,-72,145,217,111,216,105,119,216,97,95,200,105,79,1511,10
88,201,113,111,167,56,120,216,96,-72,152,224,112,217,105,127,207,80,88,153,65,55,1368,10
80,241,161,111,208,97,119,119,0,104,377,273,159,263,104,112,248,136,72,128,56,64,1648,10
38,143,105,128,160,32,104,184,80,-56,136,192,104,248,144,120,376,256,56,152,96,80,1479,10
72,176,104,96,160,64,136,137,1,63,207,144,120,256,136,144,232,88,80,216,136,40,1424,10
56,144,88,104,144,40,112,216,104,-64,136,200,104,248,144,160,232,72,80,208,128,72,1400,10
64,128,64,104,120,16,120,216,96,-72,152,224,120,160,40,120,240,120,80,136,56,72,1224,10
80,136,56,104,136,32,104,184,80,-40,152,192,96,248,152,128,192,64,72,168,96,87,1303,10
64,200,136,128,144,16,112,208,96,-73,152,225,112,280,168,120,200,80,80,168,88,72,1424,10
88,112,24,144,145,1,95,199,104,-64,152,216,104,168,64,128,240,112,88,216,128,127,1359,10
72,176,104,104,104,0,120,232,112,-88,128,216,136,160,24,168,272,104,96,184,88,104,1360,10
72,128,56,112,136,24,112,240,128,-104,744,848,64,288,224,104,215,111,65,137,72,56,1944,10
72,128,56,112,144,32,96,176,80,-48,136,184,128,280,152,112,200,88,72,152,80,80,1296,10
216,336,120,136,136,0,120,216,96,-72,136,208,120,200,80,168,240,72,88,160,72,88,1512,10
73,97,24,128,128,0,112,191,79,-56,129,185,112,176,64,128,240,112,88,168,80,112,1241,10
64,112,48,104,128,24,112,216,104,-64,120,184,104,176,72,144,256,112,96,168,72,80,1256,10
72,128,56,104,119,15,89,176,87,-56,129,185,119,192,73,160,216,56,88,184,96,135,1279,10
95,152,57,127,167,40,121,240,119,-88,425,513,184,312,128,79,160,81,80,144,64,87,1687,10
71,96,25,103,128,25,80,200,120,-73,536,609,63,264,201,119,248,129,71,168,97,71,1711,10
71,136,65,95,120,25,96,191,95,-56,129,185,127,160,33,175,256,81,127,176,49,95,1263,10
55,72,17,103,128,25,72,167,95,-48,113,161,119,184,65,143,248,105,87,152,65,79,1143,10
55,80,25,111,136,25,96,199,103,-48,129,177,135,200,65,127,216,89,87,167,80,72,1199,10
63,152,89,119,152,33,120,223,103,-88,153,241,127,183,56,112,377,265,71,112,41,71,1423,10
71,136,65,95,136,41,63,191,128,-88,1169,1257,71,199,128,104,217,113,63,120,57,127,2295,10
71,136,65,87,120,33,63,151,88,-48,129,177,143,184,41,103,319,216,80,137,57,87,1263,10
71,95,24,88,113,25,95,191,96,-64,121,185,127,200,73,143,280,137,63,119,56,72,1191,10
72,96,24,72,185,113,63,159,96,64,280,216,96,264,168,144,768,624,72,136,64,64,1952,10
72,96,24,104,120,16,120,216,96,-62,144,206,136,208,72,120,239,119,81,145,64,112,1280,10
80,192,112,112,113,1,119,223,104,-64,1168,1232,80,144,64,120,216,96,64,152,88,72,2280,10
72,152,80,104,136,32,128,224,96,-64,360,424,128,208,80,144,360,216,96,152,56,96,1688,10
88,104,16,72,200,128,64,216,152,72,1360,1288,88,360,272,112,184,72,80,176,96,96,2696,10
80,168,88,104,104,0,128,232,104,-81,192,273,144,392,248,112,168,56,80,152,72,136,1544,10
88,144,56,96,136,40,104,232,128,-89,200,289,160,272,112,128,200,72,72,152,80,79,1415,10
87,128,41,104,128,24,104,215,111,-80,825,905,96,287,191,129,665,536,71,176,105,79,2503,10
95,176,81,55,160,105,63,160,97,63,264,201,79,200,121,128,232,104,71,184,113,79,1455,10
87,168,81,63,168,105,71,168,97,55,264,209,95,208,113,135,240,105,71,168,97,87,1471,10
87,152,65,47,160,113,55,160,105,55,248,193,87,704,617,119,184,65,71,152,81,95,1855,10
63,136,73,47,144,97,55,136,81,55,280,225,207,744,537,95,152,57,63,160,97,79,1831,10
47,288,241,103,128,25,104,207,103,-88,313,401,119,920,801,103,168,65,103,184,81,79,2287,10
87,144,57,55,160,105,55,168,113,31,280,249,47,2631,2584,88,128,40,112,169,57,87,3767,10
63,71,8,56,152,96,56,152,96,56,249,193,79,359,280,128,241,113,79,168,89,95,1487,10
56,145,89,63,168,105,55,167,112,64,560,496,80,369,289,159,223,64,72,184,112,72,1888,10
80,96,16,72,168,96,56,184,128,24,368,344,64,280,216,80,640,560,96,120,24,136,1992,10
80,135,55,65,161,96,64,160,96,47,232,185,72,168,96,88,280,192,64,144,80,96,1376,10
72,144,72,56,152,96,55,152,97,56,256,200,72,216,144,128,280,152,64,176,112,88,1464,10
96,160,64,56,168,112,64,152,88,64,248,184,80,168,88,128,288,160,64,120,56,96,1400,10
64,112,48,56,176,120,64,176,112,56,288,232,64,480,416,112,160,48,72,184,112,80,1656,10
80,152,72,64,168,104,64,160,96,64,256,192,72,1072,1000,88,136,48,80,744,664,71,2759,10
96,112,16,56,152,96,64,160,96,48,232,184,88,328,240,120,592,472,47,120,73,71,1767,10
72,120,48,55,136,81,55,144,89,55,232,177,71,464,393,112,152,40,64,144,80,96,1488,10
80,137,57,64,160,96,64,152,88,64,248,184,80,184,104,135,232,97,55,136,81,88,1337,10
72,96,24,55,160,105,55,152,97,55,224,169,88,176,88,168,504,336,64,104,40,112,1528,10
87,136,49,55,152,97,55,144,89,71,264,193,64,176,112,127,224,97,71,144,73,111,1351,10
71,176,105,55,152,97,79,176,97,55,280,225,127,184,57,143,720,577,55,120,65,71,1879,10
87,120,33,55,144,89,55,144,89,63,224,161,63,128,65,135,304,169,71,176,105,95,1335,10
87,127,40,56,145,89,63,160,97,55,232,177,79,224,145,143,256,113,71,152,81,79,1375,10
79,152,73,55,160,105,63,160,97,55,240,185,71,200,129,151,512,361,63,112,49,87,1623,10
87,144,57,55,152,97,47,136,89,71,256,185,87,232,145,127,256,129,71,160,89,87,1423,10
71,144,73,47,152,105,55,160,105,55,232,177,87,456,369,111,176,65,71,208,137,95,1623,10
71,160,89,55,152,97,63,168,105,55,280,225,71,176,105,143,760,617,63,80,17,95,1871,10
79,128,49,55,152,97,55,136,81,55,240,185,71,216,145,119,272,153,71,136,65,103,1383,10
88,120,32,48,144,96,56,144,88,64,217,153,87,143,56,128,225,97,71,143,72,64,1200,10
64,112,48,56,169,113,39,135,96,56,240,184,72,169,97,111,272,161,63,127,64,80,1304,10
80,120,40,56,152,96,56,168,112,48,224,176,64,120,56,144,288,144,64,128,64,64,1264,10
80,136,56,56,152,96,56,151,95,65,241,176,72,744,672,112,168,56,80,136,56,72,1800,10
80,120,40,56,168,112,48,176,128,23,208,185,64,144,80,104,304,200,64,160,96,56,1336,10
88,128,40,47,168,121,56,168,112,47,224,177,80,136,56,120,632,512,64,120,56,80,1656,10
87,152,65,40,160,120,48,152,104,56,232,176,72,184,112,168,272,104,80,424,344,112,1688,10
88,88,0,64,168,104,48,152,104,48,248,200,79,256,177,136,800,664,64,112,48,72,1896,10
104,688,584,71,184,113,55,176,121,63,768,705,79,456,377,87,104,17,71,168,97,104,2648,10
79,144,65,63,152,89,55,152,97,71,688,617,79,480,401,111,168,57,71,208,137,127,2119,10
79,136,57,55,152,97,63,144,81,63,240,177,87,120,33,127,392,265,63,104,41,71,1359,10
71,128,57,55,152,97,55,152,97,47,199,152,72,137,65,151,256,105,63,192,129,95,1311,10
111,112,1,63,192,129,63,168,105,71,480,409,87,344,257,135,736,601,71,184,113,63,2279,10
79,128,49,63,176,113,55,160,105,63,344,281,87,296,209,151,304,153,63,160,97,95,1663,10
88,144,56,64,177,113,55,152,97,63,232,169,79,608,529,111,176,65,95,184,89,111,1784,10
80,153,73,63,200,137,63,191,128,64,817,753,95,1711,1616,136,184,48,80,248,168,72,3576,10
73,105,32,48,152,104,64,152,88,64,224,160,72,424,352,112,192,80,64,192,128,64,1505,10
71,88,17,71,176,105,55,160,105,55,248,193,103,464,361,112,136,24,71,176,105,128,1576,10
105,137,32,64,176,112,64,160,96,63,792,729,72,432,360,119,416,297,63,168,105,64,2345,10
79,160,81,47,144,97,55,144,89,55,216,161,71,200,129,136,664,528,64,120,56,72,1720,10
71,152,81,55,152,97,47,144,97,47,224,177,79,176,97,127,312,185,63,152,89,103,1415,10
88,168,80,63,160,97,63,160,97,55,239,184,88,529,441,87,168,81,63,128,65,71,1623,10
79,120,41,55,168,113,39,128,89,63,248,185,79,184,105,127,296,169,55,160,105,80,1384,10
71,168,97,47,152,105,55,160,105,55,224,169,71,136,65,135,408,273,71,248,177,55,1551,10
55,112,57,47,152,105,47,144,97,55,224,169,71,144,73,143,312,169,79,312,233,39,1439,10
63,96,33,47,144,97,47,136,89,55,232,177,71,176,105,151,319,168,72,185,113,87,1375,10
79,136,57,55,184,129,55,176,121,31,232,201,87,240,153,135,760,625,55,160,105,63,1951,10
95,168,73,55,152,97,71,184,113,31,200,169,87,192,105,127,264,137,55,168,113,79,1407,10
88,160,72,56,208,152,48,176,128,72,601,529,63,887,824,72,136,64,72,984,912,112,3264,10
72,104,32,56,161,105,63,159,96,72,257,185,87,383,296,96,192,96,80,320,240,96,1672,10
80,120,40,56,160,104,48,152,104,40,264,224,72,472,400,136,912,776,56,136,80,47,2263,10
80,128,48,56,152,96,64,160,96,56,280,224,96,312,216,120,616,496,80,368,288,71,2087,10
72,112,40,56,160,104,64,161,97,63,231,168,104,928,824,96,128,32,72,744,672,96,2560,10
88,144,56,56,168,112,56,160,104,72,288,216,88,208,120,152,928,776,80,208,128,95,2199,10
104,448,344,137,1552,1415,89,329,240,95,304,209,104,1143,1039,81,224,143,73,248,175,97,4345,2
81,304,223,81,1801,1720,104,536,432,79,248,169,119,544,425,104,296,192,80,728,648,111,4568,2
112,423,311,233,167,-66,138,538,400,87,280,193,119,424,305,136,792,656,95,1240,1145,79,3943,2
88,649,561,216,143,-73,161,681,520,71,192,121,112,2183,2071,79,168,89,89,272,183,105,4393,2
105,232,127,241,137,-104,159,455,296,96,296,200,112,471,359,113,209,96,72,256,184,112,2168,2
80,408,328,128,700,572,116,172,56,80,880,800,112,568,456,104,240,136,88,304,216,96,3368,2
80,239,159,257,193,-64,136,328,192,104,304,200,104,740,636,84,155,71,73,249,176,95,2303,2
112,224,112,215,144,-71,128,272,144,96,232,136,119,934,815,90,162,72,112,312,200,104,2384,2
72,169,97,225,135,-90,154,337,183,89,320,231,96,632,536,97,521,424,104,263,159,105,2482,2
88,240,152,280,183,-97,145,377,232,112,344,232,104,656,552,88,152,64,87,287,200,145,2384,2
57,192,135,249,168,-81,136,376,240,121,320,199,145,560,415,113,312,199,73,592,519,73,2593,2
97,233,136,248,159,-89,161,610,449,86,278,192,121,896,775,89,232,143,80,320,240,161,2889,2
96,495,399,265,184,-81,145,840,695,81,256,175,128,536,408,113,408,295,72,432,360,112,3263,2
97,216,119,280,184,-96,169,704,535,105,305,200,120,615,495,105,280,175,81,368,287,128,2800,2
40,775,735,90,274,184,120,311,191,96,296,200,137,536,399,89,248,159,105,448,343,113,3001,2
97,328,231,256,160,-96,176,416,240,95,278,183,138,474,336,112,248,136,88,608,520,80,2592,2
79,239,160,264,151,-113,161,465,304,80,208,128,128,504,376,120,1033,913,64,719,655,89,3408,2
73,312,239,225,144,-81,168,392,224,96,600,504,104,1024,920,121,312,191,96,376,280,96,3256,2
80,231,151,217,129,-88,192,489,297,103,495,392,120,360,240,112,368,256,104,480,376,128,2680,2
57,247,190,234,152,-82,113,345,232,112,255,143,113,1393,1280,88,920,832,104,472,368,121,3905,2
97,273,176,224,152,-72,151,368,217,112,336,224,120,504,384,129,152,23,96,472,376,104,2361,2
72,720,648,104,296,192,96,312,216,72,272,200,112,568,456,88,224,136,97,304,207,137,2833,2
88,245,157,247,216,-31,64,624,560,96,289,193,127,599,472,104,176,72,88,304,216,104,2557,2
97,232,135,192,120,-72,144,392,248,112,304,192,128,472,344,96,224,128,80,297,217,103,2144,2
88,496,408,184,160,-24,135,476,341,107,283,176,113,505,392,104,280,176,96,376,280,136,2712,2
80,207,127,209,144,-65,153,345,192,96,253,157,131,395,264,104,216,112,104,321,217,127,2008,2
79,239,160,248,184,-64,152,408,256,96,312,216,96,743,647,81,161,80,72,400,328,88,2535,2
112,528,416,160,760,600,112,359,247,73,641,568,128,272,144,88,392,304,143,1592,1449,112,4656,2
129,264,135,232,135,-97,153,385,232,96,280,184,128,472,344,112,296,184,112,440,328,144,2416,2
105,448,343,208,152,-56,112,328,216,96,392,296,128,280,152,96,367,271,97,353,256,112,2432,2
87,271,184,257,161,-96,152,400,248,88,272,184,143,872,729,104,287,183,113,406,293,99,2768,2
119,222,103,266,154,-112,168,856,688,96,360,264,136,376,240,112,880,768,88,376,288,120,3344,2
114,313,199,232,144,-88,160,488,328,56,1128,1072,96,1416,1320,96,184,88,96,1408,1312,80,5161,2
80,312,232,272,184,-88,160,392,232,128,303,175,137,657,520,80,160,80,88,360,272,96,2464,2
65,263,198,201,105,-96,152,336,184,112,226,114,198,878,680,72,672,600,97,272,175,120,2872,2
80,200,120,216,136,-80,127,215,88,154,401,247,111,200,89,112,952,840,72,328,256,112,2544,2
97,288,191,272,152,-120,176,368,192,128,320,192,112,688,576,89,152,63,72,208,136,112,2288,2
97,328,231,216,136,-80,144,336,192,104,240,136,144,600,456,80,144,64,88,256,168,88,2128,2
80,238,158,250,122,-128,160,288,128,88,191,103,145,433,288,136,784,648,105,912,807,88,3056,2
104,784,680,144,167,23,129,273,144,96,176,80,160,567,407,137,408,271,104,321,217,80,2776,2
96,240,144,248,143,-105,161,320,159,89,353,264,112,1256,1144,88,144,56,112,384,272,88,2928,2
88,240,152,264,136,-128,168,272,104,128,295,167,184,361,177,96,184,88,112,599,487,105,2192,2
128,952,824,80,192,112,104,256,152,80,360,280,120,311,191,105,313,208,80,328,248,112,2824,2
95,224,129,240,129,-111,151,232,81,87,350,263,145,344,199,153,585,432,88,336,248,71,2271,2
95,271,176,265,153,-112,160,248,88,120,368,248,136,296,160,135,296,161,104,368,264,80,2080,2
72,288,216,176,528,352,104,223,119,65,449,384,120,688,568,104,232,128,64,280,216,72,2760,2
81,296,215,80,544,464,88,200,112,72,232,160,128,408,280,111,272,161,120,400,280,80,2432,2
103,239,136,208,320,112,79,184,105,96,264,168,112,431,319,113,193,80,112,344,232,95,2070,2
88,239,151,233,137,-96,152,232,80,120,287,167,145,393,248,112,911,799,89,329,240,112,2640,2
72,200,128,239,144,-95,152,320,168,104,272,168,128,456,328,119,160,41,87,304,217,112,1968,2
96,1224,1128,129,512,383,96,192,96,80,296,216,136,263,127,129,305,176,96,423,327,97,3312,2
88,232,144,152,352,200,95,183,88,97,393,296,112,223,111,137,401,264,96,352,256,128,2264,2
64,248,184,88,1416,1328,96,368,272,128,928,800,136,1504,1368,120,304,184,96,527,431,113,5408,2
80,192,112,223,104,-119,159,336,177,103,304,201,136,624,488,72,207,135,81,424,343,129,2320,2
144,328,184,192,120,-72,160,273,113,111,263,152,127,544,417,96,152,56,96,255,159,104,2039,2
72,217,145,255,160,-95,160,264,104,120,424,304,128,792,664,96,168,72,72,335,263,112,2472,2
104,231,127,113,433,320,128,263,135,89,464,375,129,305,176,104,264,160,55,303,248,153,2416,2
97,216,119,217,152,-65,177,321,144,112,344,232,104,352,248,112,200,88,80,295,215,128,2008,2
56,703,647,200,104,-96,169,289,120,120,415,295,144,417,273,80,343,263,129,377,248,136,2784,2
88,216,128,207,104,-103,160,256,96,112,231,119,137,481,344,95,200,105,80,295,215,113,1896,2
103,232,129,224,111,-113,185,153,-32,104,1392,1288,128,704,576,88,256,168,103,616,513,112,3576,2
96,264,168,200,376,176,71,288,217,87,231,144,145,776,631,97,457,360,102,336,234,136,2864,2
96,240,144,176,88,-88,143,232,89,104,232,128,144,584,440,95,240,145,112,415,303,153,2184,2
90,231,141,209,113,-96,160,496,336,144,352,208,128,464,336,104,159,55,120,357,237,131,2303,2
96,279,183,184,129,-55,159,327,168,113,328,215,153,504,351,121,416,295,71,400,329,121,2504,2
88,296,208,176,97,-79,152,240,88,112,288,176,160,400,240,127,703,576,97,344,247,129,2497,2
152,352,200,215,104,-111,151,288,137,112,1105,993,119,781,662,121,313,192,88,416,328,135,3494,2
146,312,166,223,207,-16,177,233,56,127,296,169,136,400,264,120,784,664,104,351,247,152,2735,2
73,418,345,223,128,-95,151,239,88,113,345,232,143,592,449,112,184,72,96,192,96,104,2202,2
112,248,136,216,128,-88,127,256,129,128,312,184,128,512,384,104,360,256,96,400,304,104,2320,2
103,216,113,224,120,-104,160,232,72,152,360,208,143,343,200,129,193,64,104,295,191,128,1887,2
87,288,201,104,576,472,112,176,64,87,335,248,137,273,136,112,336,224,112,344,232,144,2472,2
104,287,183,137,241,104,56,199,143,113,257,144,152,480,328,112,176,64,111,215,104,120,1975,2
88,279,191,129,304,175,121,368,247,96,193,97,144,400,256,112,368,256,72,257,185,135,2304,2
33,321,288,255,127,-128,177,633,456,95,264,169,151,391,240,105,1408,1303,49,384,335,73,3601,2
58,122,64,248,143,-105,161,296,135,81,249,168,144,792,648,104,352,248,128,328,200,135,2417,2
120,232,112,232,144,-88,144,264,120,72,216,144,144,258,114,116,527,411,111,222,111,137,2000,2
112,808,696,120,256,136,136,240,104,88,384,296,119,264,145,144,432,288,129,408,279,120,2912,2
72,272,200,248,176,-72,152,256,104,144,1112,968,120,1552,1432,88,1008,920,80,640,560,97,5113,2
112,224,112,257,168,-89,144,312,168,129,232,103,144,344,200,120,567,447,98,385,287,129,2361,2
72,288,216,225,152,-73,144,288,144,121,233,112,160,351,191,104,528,424,105,328,223,129,2297,2
129,248,119,249,176,-73,160,472,312,129,1176,1047,129,360,231,129,408,279,136,528,392,152,3520,2
97,328,231,161,288,127,121,832,711,72,304,232,112,545,433,88,367,279,88,296,208,105,3065,2
88,272,184,265,224,-41,153,616,463,89,256,167,161,384,223,129,384,255,65,336,271,137,2609,2
97,264,167,248,143,-105,178,625,447,81,168,87,121,368,247,113,240,127,89,304,215,161,2273,2
97,241,144,241,160,-81,193,704,511,81,352,271,144,288,144,105,312,207,105,272,167,97,2426,2
73,240,167,264,160,-104,193,592,399,136,1016,880,136,440,304,128,456,328,88,376,288,145,3425,2
128,304,176,137,1256,1119,97,352,255,136,296,160,120,440,320,120,336,216,80,348,268,148,3480,2
105,320,215,208,360,152,128,344,216,120,352,232,136,1144,1008,112,376,264,88,1607,1519,90,4593,2
112,744,632,152,153,1,191,679,488,89,368,279,128,441,313,103,367,264,120,368,248,137,3257,2
96,312,216,136,336,200,104,304,200,112,240,128,144,616,472,112,200,88,112,512,400,160,2680,2
104,304,200,215,144,-71,151,431,280,72,208,136,112,512,400,104,184,80,88,376,288,128,2287,2
97,231,134,232,145,-87,192,448,256,112,240,128,120,736,616,128,384,256,64,296,232,144,2624,2
89,207,118,209,113,-96,168,424,256,88,200,112,153,487,334,129,265,136,64,512,448,136,2344,2
89,256,167,200,120,-80,169,408,239,96,416,320,112,704,592,136,304,168,80,2048,1968,114,4370,2
81,256,175,208,568,360,136,440,304,96,295,199,137,650,513,111,254,143,97,297,200,80,2840,2
88,207,119,200,120,-80,120,296,176,105,624,519,112,328,216,105,248,143,72,152,80,57,2032,2
88,200,112,193,120,-73,121,248,127,80,248,168,121,608,487,88,176,88,73,280,207,97,1977,2
80,206,126,195,114,-81,121,288,167,89,256,167,96,568,472,89,216,127,56,256,200,88,1992,2
88,176,88,193,120,-73,105,176,71,104,216,112,121,429,308,98,211,113,72,273,201,80,1681,2
72,264,192,192,120,-72,97,160,63,89,184,95,120,296,176,97,216,119,80,464,384,105,1809,2
81,352,271,176,96,-80,129,224,95,72,216,144,120,320,200,121,280,159,73,352,279,113,1953,2
81,160,79,185,97,-88,120,175,55,97,232,135,112,352,240,104,168,64,96,272,176,113,1569,2
80,240,160,216,143,-73,129,168,39,81,280,199,112,368,256,97,152,55,73,232,159,73,1656,2
89,240,151,201,128,-73,113,192,79,65,240,175,113,408,295,81,137,56,95,359,264,97,1801,2
105,248,143,224,121,-103,143,264,121,95,327,232,121,336,215,97,208,111,97,264,167,89,1857,2
97,192,95,200,112,-88,136,192,56,72,296,224,112,656,544,89,128,39,72,305,233,143,2024,2
105,232,127,200,136,-64,87,112,25,104,344,240,128,224,96,96,288,192,72,288,216,96,1720,2
105,216,111,224,160,-64,113,114,1,94,262,168,104,352,248,96,224,128,104,392,288,112,1832,2
81,192,111,224,152,-72,105,175,70,73,257,184,104,344,240,105,248,143,72,328,256,112,1808,2
144,528,384,240,168,-72,152,224,72,113,712,599,113,424,311,104,320,216,96,328,232,80,2784,2
104,272,168,216,144,-72,104,184,80,72,288,216,104,425,321,87,255,168,64,196,132,100,1864,2
137,305,168,216,136,-80,104,176,72,121,408,287,136,352,216,128,456,328,97,288,191,112,2233,2
88,256,168,208,128,-80,96,168,72,96,240,144,128,328,200,96,232,136,80,288,208,112,1752,2
96,224,128,192,112,-80,104,144,40,88,280,192,112,408,296,104,184,80,80,424,344,112,1888,2
96,208,112,216,144,-72,112,176,64,96,232,136,112,352,240,105,280,175,80,494,414,122,2008,2
72,256,184,208,2168,1960,88,232,144,120,776,656,104,304,200,112,256,144,64,272,208,80,4344,2
88,200,112,215,136,-79,119,192,73,72,208,136,128,376,248,112,224,112,80,296,216,64,1696,2
88,224,136,224,168,-56,144,240,96,104,384,280,112,352,240,88,176,88,88,248,160,104,1896,2
79,288,209,216,160,-56,152,240,88,104,840,736,112,274,162,110,310,200,72,360,288,72,2544,2
104,216,112,216,200,-16,128,152,24,96,672,576,80,280,200,88,240,152,88,263,175,73,2096,2
88,271,183,217,137,-80,128,168,40,120,264,144,136,232,96,96,304,208,64,256,192,80,1712,2
80,184,104,192,112,-80,112,152,40,104,344,240,129,280,151,96,344,248,72,272,200,88,1776,2
128,271,143,161,97,-64,104,136,32,104,296,192,104,280,176,104,264,160,88,432,344,104,1880,2
96,152,56,192,112,-80,120,176,56,64,248,184,112,216,104,96,296,200,64,336,272,96,1632,2
72,192,120,208,112,-96,144,200,56,96,320,224,144,288,144,136,368,232,96,376,280,88,1944,2
89,168,79,184,119,-65,113,137,24,72,377,305,135,287,152,112,224,112,96,488,392,112,1912,2
112,216,104,200,104,-96,160,162,2,143,886,743,127,303,176,129,2081,1952,89,504,415,128,4384,2
96,192,96,192,88,-104,136,240,104,96,306,210,142,294,152,128,239,111,105,249,144,120,1728,2
128,272,144,184,112,-72,104,120,16,112,344,232,120,256,136,119,232,113,56,216,160,112,1664,2
96,336,240,249,144,-105,128,200,72,120,472,352,128,1880,1752,96,416,320,48,456,408,112,4016,2
112,360,248,200,128,-72,144,216,72,88,352,264,136,464,328,112,688,576,72,896,824,113,3217,2
104,232,128,248,128,-120,160,240,80,120,344,224,120,256,136,88,272,184,96,311,215,113,1896,2
112,272,160,240,136,-104,152,200,48,120,312,192,128,320,192,120,176,56,113,232,119,112,1760,2
104,248,144,224,152,-72,128,175,47,121,320,199,121,433,312,88,216,128,128,272,144,128,1944,2
128,272,144,208,136,-72,144,232,88,128,384,256,120,280,160,120,224,104,104,344,240,112,1984,2
97,272,175,216,144,-72,112,160,48,80,392,312,136,175,39,97,785,688,72,304,232,96,2328,2
120,199,79,201,121,-80,120,240,120,136,296,160,136,207,71,121,809,688,72,328,256,128,2328,2
80,256,176,192,104,-88,144,208,64,80,320,240,144,288,144,112,240,128,88,376,288,104,1896,2
88,224,136,224,184,-40,176,178,2,118,806,688,121,335,214,97,249,152,80,248,168,120,2344,2
80,240,160,232,136,-96,128,208,80,120,288,168,120,360,240,104,200,96,87,304,217,56,1792,2
64,217,153,216,143,-73,112,208,96,88,208,120,152,272,120,89,312,223,80,271,191,97,1728,2
96,263,167,177,113,-64,160,232,72,112,376,264,136,295,159,113,192,79,73,273,200,120,1864,2
96,216,120,192,96,-96,159,159,0,129,761,632,128,352,224,120,184,64,112,424,312,112,2304,2
87,152,65,200,152,-48,96,224,128,80,224,144,136,320,184,103,160,57,112,384,272,112,1728,2
96,256,160,176,87,-89,120,169,49,112,936,824,145,496,351,96,296,200,80,264,184,120,2624,2
119,264,145,217,120,-97,152,208,56,80,384,304,152,264,112,96,239,143,113,240,127,104,1823,2
64,232,168,192,88,-104,145,183,38,81,297,216,135,295,160,113,697,584,88,336,248,88,2216,2
96,288,192,192,103,-89,128,208,80,73,233,160,160,376,216,112,224,112,104,320,216,104,1856,2
80,192,112,200,104,-96,168,207,39,104,377,273,111,360,249,112,208,96,96,320,224,112,1880,2
104,240,136,215,103,-112,152,296,144,73,560,487,136,281,145,119,232,113,88,384,296,96,2192,2
104,288,184,216,120,-96,144,207,63,89,313,224,144,320,176,112,280,168,120,312,192,111,1951,2
96,232,136,208,112,-96,128,152,24,80,280,200,96,328,232,112,272,160,112,304,192,120,1800,2
88,228,140,212,116,-96,152,207,55,96,281,185,128,232,104,112,271,159,80,249,169,144,1728,2
88,280,192,184,96,-88,160,192,32,96,304,208,136,376,240,112,136,24,119,360,241,112,1856,2
104,232,128,199,120,-79,135,272,137,112,224,112,136,392,256,96,288,192,56,608,552,96,2232,2
80,288,208,240,184,-56,80,160,80,128,320,192,136,368,232,96,168,72,96,375,279,89,1952,2
104,248,144,200,128,-72,135,192,57,104,767,663,121,472,351,113,297,184,95,328,233,111,2543,2
73,216,143,225,145,-80,128,192,64,120,311,191,129,272,143,105,265,160,63,295,232,128,1824,2
128,343,215,296,161,-135,135,528,393,120,432,312,104,312,208,120,968,848,94,320,226,120,3184,2
111,224,113,232,144,-88,144,224,80,119,288,169,128,256,128,120,272,152,80,312,232,127,1847,2
120,263,143,249,168,-81,113,385,272,128,752,624,128,1128,1000,131,351,220,89,289,200,128,3464,2
80,295,215,193,121,-72,176,832,656,64,280,216,128,1296,1168,104,279,175,97,401,304,119,3623,2
104,256,152,192,120,-72,168,280,112,96,240,144,144,312,168,136,392,256,95,304,209,160,2064,2
105,201,96,184,111,-73,145,224,79,89,217,128,136,279,143,129,273,144,96,312,216,88,1705,2
96,232,136,208,152,-56,168,264,96,88,279,191,129,273,144,152,296,144,104,288,184,112,1896,2
88,232,144,175,96,-79,160,240,80,104,264,160,127,392,265,120,440,320,87,344,257,128,2136,2
96,239,143,161,89,-72,144,248,104,104,247,143,153,369,216,104,336,232,128,352,224,96,1976,2
97,249,152,176,112,-64,152,248,96,104,239,135,145,297,152,112,304,192,95,252,157,91,1792,2
72,272,200,184,96,-88,152,255,103,81,257,176,128,264,136,144,960,816,80,456,376,120,2680,2
112,231,119,241,161,-80,168,239,71,105,361,256,112,895,783,89,241,152,119,320,201,128,2576,2
96,248,152,240,200,-40,160,304,144,112,232,120,144,816,672,104,415,311,81,305,224,111,2631,2
96,240,144,224,127,-97,184,257,73,96,464,368,168,343,175,121,320,199,121,505,384,128,2384,2
88,231,143,193,113,-80,192,264,72,96,399,303,130,249,119,120,224,104,96,280,184,72,1832,2
111,336,225,224,120,-104,224,720,496,80,623,543,152,321,169,120,1144,1024,96,312,216,120,3696,2
96,224,128,208,144,-64,160,271,111,137,321,184,144,480,336,128,224,96,96,376,280,120,2160,2
104,304,200,416,112,-304,424,704,280,136,504,368,160,255,95,97,265,168,112,376,264,128,2648,2
112,336,224,352,120,-232,360,576,216,120,344,224,120,295,175,136,345,209,80,272,192,104,2392,2
104,304,200,320,120,-200,344,496,152,120,304,184,120,256,136,144,552,408,112,872,760,104,3008,2
121,369,248,336,112,-224,376,728,352,120,320,200,128,328,200,136,336,200,88,368,280,135,2696,2
88,272,184,384,112,-272,384,544,160,80,312,232,127,280,153,128,256,128,112,288,176,120,2184,2
80,255,175,329,129,-200,352,487,135,89,265,176,136,440,304,128,272,144,112,320,208,128,2296,2
136,336,200,192,120,-72,192,296,104,96,768,672,96,560,464,120,656,536,72,320,248,120,3176,2
120,312,192,120,184,64,120,240,120,96,336,240,152,448,296,112,568,456,144,432,288,136,2656,2
104,264,160,152,240,88,88,207,119,105,273,168,136,280,144,104,216,112,112,280,168,120,1880,2
104,264,160,136,200,64,152,296,144,88,488,400,135,960,825,127,288,161,88,391,303,121,3008,2
121,304,183,120,233,113,72,279,207,113,272,159,169,368,199,145,473,328,112,367,255,153,2449,2
119,359,240,152,233,81,95,279,184,49,569,520,136,895,759,105,240,135,104,320,216,144,3039,2
128,327,199,168,233,65,111,279,168,112,480,368,121,328,207,113,224,111,128,616,488,128,2615,2
112,272,160,184,249,65,112,1359,1247,129,360,231,128,944,816,153,512,359,113,400,287,137,4233,2
80,287,207,200,137,-63,167,335,168,105,304,199,137,280,143,129,480,351,105,320,215,128,2271,2
96,151,55,209,120,-89,161,256,95,97,249,152,136,1039,903,89,144,55,73,184,111,96,2239,2
112,255,143,193,96,-97,137,184,47,89,328,239,120,305,185,96,295,199,88,223,135,129,1815,2
89,160,71,200,96,-104,137,184,47,97,297,200,112,399,287,97,136,39,104,280,176,81,1633,2
89,224,135,185,112,-73,121,136,15,80,216,136,120,449,329,96,120,24,88,311,223,88,1656,2
97,216,119,201,120,-81,128,160,32,89,232,143,113,329,216,96,136,40,71,207,136,105,1505,2
72,216,144,193,128,-65,113,136,23,80,265,185,119,463,344,97,128,31,81,344,263,89,1769,2
96,215,119,168,104,-64,144,145,1,127,255,128,128,432,304,113,176,63,105,273,168,88,1688,2
88,136,48,161,80,-81,144,192,48,105,352,247,120,296,176,97,208,111,89,272,183,113,1649,2
88,295,207,193,112,-81,113,136,23,129,385,256,111,295,184,105,200,95,129,312,183,121,1856,2
105,288,183,185,104,-81,136,192,56,89,528,439,121,296,175,113,168,55,113,336,223,105,2017,2
96,280,184,185,136,-49,105,208,103,97,288,191,113,344,231,114,184,70,121,320,199,97,1857,2
111,271,160,160,135,-25,105,257,152,112,280,168,137,248,111,106,272,166,73,272,199,112,1847,2
97,264,167,216,152,-64,80,121,41,111,351,240,144,296,152,96,208,112,73,240,167,129,1761,2
95,319,224,216,144,-72,121,208,87,121,320,199,129,240,111,104,272,168,96,520,424,105,2128,2
105,224,119,209,129,-80,160,215,55,136,280,144,137,376,239,104,184,80,104,296,192,129,1833,2
112,239,127,192,104,-88,137,184,47,104,268,164,133,260,127,96,232,136,89,288,199,105,1680,2
80,264,184,176,96,-80,137,175,38,90,257,167,120,304,184,105,216,111,81,295,214,122,1729,2
72,264,192,224,120,-104,177,232,55,104,272,168,113,232,119,97,240,143,113,248,135,105,1713,2
72,272,200,217,144,-73,128,173,45,92,299,207,120,184,64,96,256,160,104,264,160,96,1688,2
80,311,231,176,144,-32,96,176,80,96,296,200,137,248,111,105,448,343,96,297,201,119,2039,2
96,312,216,176,120,-56,144,176,32,96,264,168,127,225,98,103,287,184,104,408,304,104,1896,2
88,248,160,200,120,-80,176,177,1,119,319,200,128,392,264,96,152,56,112,240,128,97,1745,2
48,296,248,200,120,-80,144,160,16,88,265,177,111,327,216,104,168,64,104,392,288,112,1840,2
88,287,199,193,121,-72,152,247,95,89,313,224,136,368,232,96,215,119,98,281,183,96,1928,2
80,392,312,152,80,-72,185,240,55,104,280,176,120,232,112,105,312,207,88,280,192,136,1952,2
103,279,176,176,96,-80,144,200,56,88,304,216,136,264,128,129,240,111,96,336,240,72,1791,2
95,264,169,199,127,-72,153,224,71,88,248,160,136,264,128,120,256,136,96,280,184,96,1759,2
120,320,200,200,128,-72,176,240,64,65,249,184,151,279,128,112,232,120,88,304,216,95,1847,2
64,264,200,217,112,-105,176,264,88,80,456,376,144,344,200,89,248,159,56,320,264,89,2097,2
97,592,495,193,112,-81,177,232,55,72,336,264,136,264,128,104,200,96,120,384,264,112,2232,2
87,319,232,200,120,-80,160,184,24,96,264,168,144,288,144,113,296,183,121,288,167,96,1855,2
96,320,224,208,120,-88,160,200,40,96,264,168,144,256,112,104,304,200,112,264,152,104,1832,2
112,320,208,264,152,-112,144,160,16,104,272,168,145,200,55,121,312,191,128,272,144,112,1800,2
56,416,360,200,96,-104,160,176,16,88,1096,1008,113,272,159,15,1016,1001,96,1152,1056,32,4256,2
120,319,199,209,121,-88,152,176,24,112,289,177,135,263,128,113,208,95,112,296,184,112,1784,2
97,424,327,264,144,-120,191,232,41,136,696,560,144,296,152,120,280,160,104,272,168,96,2440,2
104,296,192,256,160,-96,168,184,16,112,368,256,153,1301,1148,131,883,752,96,256,160,104,3552,2
96,256,160,248,152,-96,160,192,32,96,296,200,160,280,120,112,264,152,120,256,136,113,1809,2
105,288,183,216,136,-80,151,176,25,88,304,216,152,1248,1096,105,720,615,80,304,224,128,3304,2
144,328,184,287,144,-143,193,456,263,112,1704,1592,120,256,136,112,264,152,112,272,160,104,3528,2
88,256,168,240,144,-96,160,176,16,128,631,503,121,241,120,96,352,256,137,320,183,87,2207,2
103,256,153,256,152,-104,168,192,24,96,240,144,128,207,79,49,1673,1624,81,344,263,80,3144,2
72,488,416,192,320,128,104,224,120,784,912,128,560,648,88,104,192,88,168,240,72,131,3155,2
112,280,168,240,312,72,32,136,104,256,400,144,320,440,120,104,184,80,160,280,120,135,2167,2
112,312,200,232,320,88,24,119,95,161,305,144,255,375,120,233,345,112,216,296,80,95,2167,2
80,239,159,217,305,88,2,97,95,182,327,145,152,272,120,72,183,111,153,241,88,115,1779,2
72,288,216,232,305,73,95,207,112,103,240,137,792,905,113,103,175,72,192,296,104,40,2456,2
96,248,152,216,288,72,48,176,128,232,376,144,512,616,104,176,304,128,168,264,96,98,2370,2
80,240,160,327,360,33,448,536,88,135,272,137,48,144,96,184,296,112,128,232,104,111,2191,2
96,264,168,240,312,72,80,120,40,248,376,128,304,424,120,152,216,64,744,865,121,36,2613,2
96,232,136,239,296,57,32,128,96,136,272,136,176,296,120,120,215,95,145,256,111,80,1775,2
96,264,168,232,296,64,23,129,106,175,295,120,136,232,96,152,256,104,144,248,104,102,1822,2
96,272,176,240,304,64,2,104,102,184,328,144,377,520,143,123,224,101,200,304,104,79,2135,2
88,328,240,224,288,64,56,129,73,951,1080,129,199,286,87,697,777,80,240,344,104,57,3289,2
72,248,176,240,304,64,32,143,111,160,289,129,96,200,104,128,248,120,160,256,96,133,1821,2
88,264,176,208,288,80,1,96,95,248,376,128,192,352,160,312,400,88,160,256,96,95,2127,2
96,256,160,296,416,120,72,176,104,207,343,136,241,361,120,56,160,104,184,288,104,159,2159,2
103,304,201,128,344,216,128,192,64,80,296,216,159,432,273,176,344,168,104,248,144,128,2288,2
121,280,159,112,224,112,63,160,97,104,216,112,144,440,296,136,208,72,104,240,136,128,1896,2
112,288,176,112,200,88,96,72,-24,119,368,249,160,392,232,128,256,128,144,264,120,87,1927,2
56,296,240,199,272,73,96,97,1,71,319,248,160,256,96,128,888,760,120,312,192,104,2544,2
88,336,248,168,208,40,128,184,56,88,360,272,152,424,272,112,240,128,120,264,144,95,2111,2
103,304,201,120,192,72,72,128,56,80,904,824,121,272,151,120,552,432,120,280,160,128,2760,2
97,377,280,160,256,96,72,73,1,87,318,231,177,329,152,120,264,144,111,320,209,103,2040,2
103,295,192,143,216,73,72,88,16,80,352,272,152,304,152,120,224,104,120,264,144,87,1830,2
96,304,208,136,208,72,80,120,40,56,343,287,153,800,647,89,273,184,88,968,880,96,3112,2
72,344,272,144,200,56,79,168,89,88,296,208,144,1000,856,120,560,440,136,416,280,96,3080,2
56,287,231,129,209,80,56,79,23,89,369,280,136,200,64,120,288,168,128,312,184,96,1840,2
96,1169,1073,168,256,88,96,232,136,128,336,208,168,256,88,112,376,264,128,280,152,96,3001,2
87,287,200,136,208,72,80,82,2,86,334,248,152,383,231,105,200,95,121,257,136,88,1839,2
80,295,215,144,217,73,88,104,16,72,312,240,168,192,24,112,400,288,152,496,344,168,2184,2
72,224,152,136,224,88,79,82,3,86,334,248,120,296,176,104,816,712,104,407,303,113,2496,2
56,232,176,103,216,113,72,104,32,88,296,208,136,256,120,95,272,177,112,263,151,121,1760,2
137,168,31,103,216,113,88,39,-49,145,697,552,136,639,503,120,257,137,104,360,256,144,2520,2
104,287,183,129,225,96,72,104,32,112,304,192,151,352,201,120,256,136,120,328,208,120,1976,2
104,264,160,112,185,73,87,119,32,88,400,312,144,368,224,112,144,32,120,288,168,72,1840,2
96,264,168,104,192,88,64,104,40,64,320,256,136,568,432,128,655,527,73,281,208,104,2488,2
88,360,272,144,224,80,72,95,23,168,889,721,120,742,622,97,266,169,88,360,272,80,3016,2
128,584,456,120,176,56,96,128,32,112,328,216,152,271,119,121,249,128,80,376,296,120,2232,2
112,263,151,128,209,81,48,103,55,113,257,144,136,264,128,128,320,192,72,256,184,112,1784,2
89,312,223,145,193,48,56,112,56,128,296,168,120,288,168,120,232,112,88,272,184,88,1793,2
88,296,208,136,216,80,64,66,2,126,350,224,143,1008,865,96,176,80,87,256,169,103,2471,2
96,216,120,127,208,81,56,87,31,96,225,129,128,256,128,120,384,264,104,232,128,112,1720,2
88,248,160,136,208,72,56,88,32,79,239,160,153,441,288,112,167,55,105,257,152,104,1752,2
87,272,185,136,199,63,72,96,24,104,233,129,160,376,216,120,352,232,112,240,128,88,1856,2
112,279,167,136,233,97,72,127,55,97,257,160,143,472,329,128,208,80,103,288,185,88,1952,2
96,376,280,128,216,88,72,112,40,87,216,129,144,264,120,96,304,208,104,272,168,111,1871,2
96,264,168,128,200,72,64,80,16,96,240,144,136,231,95,113,201,88,112,279,167,105,1600,2
104,280,176,128,224,96,48,71,23,105,256,151,145,401,256,96,120,24,120,328,208,103,1783,2
72,576,504,96,191,95,114,185,71,96,264,168,136,287,151,113,289,176,96,463,367,105,2360,2
80,240,160,112,264,152,16,176,160,128,416,288,120,568,448,96,328,232,96,448,352,128,2568,2
120,248,128,128,224,96,55,80,25,111,271,160,129,201,72,128,239,111,96,265,169,112,1640,2
97,257,160,144,208,64,56,71,15,105,241,136,136,280,144,113,208,95,112,264,152,128,1657,2
80,167,87,145,241,96,72,96,24,104,288,184,136,432,296,96,112,16,127,400,273,104,1840,2
80,312,232,176,272,96,56,96,40,112,263,151,137,280,143,113,232,119,96,289,193,120,1864,2
88,224,136,208,288,80,71,95,24,113,313,200,128,224,96,128,311,183,113,329,216,80,1864,2
126,273,147,152,216,64,64,168,104,127,208,81,144,392,248,128,191,63,112,297,185,104,1849,2
120,351,231,216,218,2,135,175,40,120,287,167,113,177,64,121,280,159,96,256,160,63,1807,2
121,177,56,163,255,92,76,151,75,124,2691,2567,124,389,265,109,209,100,88,249,161,116,4237,2
107,220,113,116,205,89,80,217,137,91,288,197,112,347,235,115,188,73,89,277,188,109,1851,2
116,218,102,114,187,73,56,127,71,80,251,171,108,463,355,111,187,76,115,257,142,121,1811,2
85,278,193,115,210,95,27,127,100,88,217,129,107,389,282,127,907,780,89,349,260,115,2592,2
96,234,138,110,178,68,56,153,97,126,302,176,109,299,190,117,243,126,102,391,289,130,1930,2
94,238,144,109,208,99,48,119,71,92,240,148,121,375,254,116,352,236,130,422,292,112,2066,2
109,239,130,116,212,96,56,145,89,83,240,157,105,369,264,124,208,84,106,347,241,117,1877,2
89,266,177,110,198,88,58,122,64,92,260,168,106,916,810,139,344,205,100,444,344,113,2663,2
96,200,104,117,206,89,39,142,103,89,250,161,119,368,249,132,228,96,88,322,234,80,1796,2
86,272,186,116,192,76,48,139,91,76,309,233,116,286,170,134,438,304,117,270,153,89,1995,2
98,210,112,204,1247,1043,112,159,47,87,280,193,106,413,307,121,323,202,128,282,154,132,3046,2
114,366,252,-108,84,192,75,150,75,117,392,275,112,311,199,106,186,80,121,303,182,106,1898,2
104,371,267,-99,86,185,48,88,40,95,287,192,99,659,560,100,157,57,122,282,160,83,2013,2
122,403,281,-113,88,201,55,96,41,104,232,128,120,413,293,107,163,56,114,354,240,82,1831,2
113,405,292,-108,71,179,61,125,64,80,249,169,132,348,216,123,347,224,107,290,183,94,1929,2
115,407,292,-97,82,179,48,64,16,88,245,157,114,226,112,137,289,152,104,313,209,113,1739,2
115,405,290,-99,75,174,80,104,24,104,256,152,120,440,320,115,203,88,99,284,185,105,1872,2
81,343,262,-107,74,181,64,104,40,114,250,136,115,211,96,113,353,240,99,420,321,115,1870,2
106,356,250,-106,91,197,59,115,56,82,291,209,112,305,193,117,214,97,107,348,241,106,1826,2
131,391,260,-115,75,190,80,120,40,112,232,120,106,243,137,115,268,153,115,258,143,104,1691,2
106,344,238,-103,75,178,54,79,25,92,270,178,125,376,251,116,204,88,115,276,161,82,1706,2
109,380,271,-125,79,204,64,160,96,59,260,201,123,429,306,112,169,57,106,242,136,77,1796,2
115,446,331,-146,61,207,87,95,8,83,316,233,108,220,112,124,239,115,94,254,160,91,1722,2
88,327,239,-112,68,180,40,128,88,75,223,148,129,321,192,118,360,242,90,256,166,109,1792,2
84,357,273,-99,77,176,32,112,80,86,302,216,100,426,326,117,213,96,93,215,122,80,1782,2
100,361,261,-96,75,171,56,129,73,88,248,160,120,723,603,93,173,80,109,247,138,132,2088,2
107,346,239,-111,76,187,56,120,64,99,237,138,115,369,254,115,187,72,105,307,202,75,1717,2
91,365,274,-105,73,178,49,113,64,94,241,147,112,354,242,105,236,131,101,280,179,116,1778,2
111,360,249,-88,72,160,55,119,64,97,235,138,128,469,341,91,147,56,99,278,179,116,1796,2
93,349,256,-91,78,169,40,120,80,76,204,128,123,315,192,120,226,106,109,290,181,88,1670,2
71,345,274,-93,67,160,66,147,81,91,989,898,88,938,850,116,281,165,92,335,243,96,3198,2
99,422,323,-110,68,178,40,137,97,90,213,123,114,422,308,100,168,68,97,280,183,103,1813,2
106,364,258,-96,59,155,64,129,65,101,229,128,121,413,292,92,203,111,104,242,138,96,1735,2
88,357,269,-116,59,175,56,160,104,110,253,143,112,346,234,92,220,128,108,261,153,112,1768,2
100,405,305,-96,91,187,40,104,64,75,348,273,129,543,414,118,487,369,73,353,280,105,2436,2
97,303,206,-94,76,170,48,104,56,91,251,160,108,340,232,98,235,137,93,239,146,107,1655,2
95,474,379,-114,68,182,32,152,120,99,379,280,114,362,248,109,189,80,96,256,160,106,1986,2
67,574,507,-123,68,191,72,630,558,80,262,182,112,467,355,91,197,106,99,259,160,108,2565,2
111,396,285,-100,83,183,65,121,56,99,283,184,120,424,304,72,192,120,93,278,185,131,1908,2
108,424,316,-100,83,183,64,160,96,85,260,175,117,429,312,108,188,80,107,244,137,123,1911,2
91,398,307,-123,76,199,80,168,88,67,259,192,103,242,139,91,203,112,108,276,168,93,1715,2
108,359,251,-123,76,199,72,136,64,84,293,209,109,361,252,109,239,130,114,299,185,99,1862,2
109,363,254,-101,107,208,24,136,112,115,833,718,107,314,207,134,304,170,68,261,193,108,2426,2
88,416,328,-143,107,250,41,137,96,81,234,153,124,316,192,100,196,96,114,282,168,108,1796,2
100,408,308,-124,84,208,32,108,76,65,293,228,98,312,214,122,273,151,108,244,136,97,1819,2
106,455,349,-111,113,224,24,182,158,89,269,180,100,244,144,107,268,161,99,259,160,99,1889,2
97,412,315,-177,28,205,96,168,72,124,325,201,109,237,128,99,929,830,80,350,270,73,2522,2
84,415,331,-107,75,182,43,99,56,109,293,184,115,315,200,117,237,120,92,312,220,68,1814,2
104,401,297,-111,57,168,65,97,32,115,299,184,99,284,185,107,251,144,123,229,106,132,1750,2
128,431,303,-108,76,184,72,142,70,108,891,783,116,858,742,106,204,98,96,312,216,136,3050,2
124,484,360,-104,92,196,48,122,74,122,250,128,124,438,314,99,235,136,123,542,419,83,2246,2
104,395,291,-123,93,216,56,161,105,82,274,192,115,647,532,116,239,123,96,305,209,122,2236,2
107,534,427,-123,91,214,48,112,64,83,228,145,125,246,121,115,267,152,108,246,138,123,1847,2
112,461,349,-100,90,190,79,119,40,101,232,131,116,252,136,121,313,192,99,323,224,100,1890,2
83,425,342,-113,72,185,56,112,56,84,236,152,131,315,184,107,276,169,117,262,145,92,1790,2
99,406,307,-81,73,154,80,144,64,124,289,165,125,330,205,114,228,114,113,305,192,80,1855,2
125,403,278,-115,64,179,56,128,72,116,266,150,116,316,200,123,371,248,112,273,161,88,1909,2
85,409,324,-108,59,167,58,174,116,89,322,233,109,301,192,124,269,145,138,298,160,116,1948,2
91,431,340,-131,84,215,64,192,128,99,235,136,100,276,176,115,243,128,116,291,175,105,1857,2
108,360,252,-108,75,183,72,130,58,105,281,176,106,341,235,123,229,106,136,448,312,107,1971,2
92,368,276,-116,60,176,56,135,79,108,381,273,115,227,112,142,319,177,147,1694,1547,91,3275,2
119,381,262,-117,83,200,64,3417,3353,92,516,424,131,1598,1467,129,434,305,122,306,184,108,6843,2
102,479,377,-140,70,210,88,160,72,108,314,206,124,241,117,108,260,152,120,257,137,121,1902,2
124,399,275,-134,77,211,72,113,41,132,276,144,130,260,130,140,292,152,107,300,193,114,1831,2
105,405,300,-124,69,193,80,152,72,131,308,177,117,214,97,115,382,267,117,310,193,74,1914,2
105,401,296,-123,85,208,80,144,64,112,272,160,123,283,160,123,332,209,115,399,284,106,2022,2
112,1212,1100,133,133,0,169,284,115,118,294,176,107,392,285,128,206,78,125,346,221,116,2983,2
122,505,383,-176,73,249,80,160,80,85,254,169,123,228,105,131,331,200,173,293,120,120,1964,2
137,358,221,-109,91,200,72,204,132,92,200,108,132,276,144,113,231,118,140,345,205,125,1830,2
97,391,294,-148,51,199,72,216,144,123,299,176,147,467,320,139,200,61,99,261,162,131,2016,2
119,403,284,-144,74,218,64,146,82,124,308,184,112,232,120,117,311,194,124,338,214,119,1931,2
100,435,335,-134,82,216,64,184,120,94,327,233,119,293,174,114,314,200,88,408,320,128,2171,2
115,367,252,-131,86,217,81,172,91,90,276,186,115,272,157,145,386,241,68,333,265,111,2003,2
107,391,284,-140,60,200,96,160,64,113,692,579,98,322,224,92,180,88,121,281,160,139,2225,2
112,413,301,-148,75,223,88,225,137,62,334,272,87,303,216,132,250,118,103,233,130,126,1959,2
118,497,379,-163,67,230,103,160,57,100,398,298,112,337,225,123,372,249,123,345,222,145,2321,2
96,337,241,-105,84,189,64,152,88,81,333,252,84,406,322,107,163,56,141,365,224,112,1952,2
108,330,222,-110,48,158,89,139,50,101,294,193,116,269,153,130,323,193,127,311,184,109,1823,2
96,380,284,-107,26,133,97,202,105,107,265,158,119,511,392,122,171,49,141,457,316,157,2169,2
77,366,289,-137,64,201,59,147,88,101,312,211,101,366,265,156,480,324,98,258,160,132,2125,2
95,368,273,-127,71,198,72,209,137,95,602,507,125,832,707,141,278,137,107,356,249,112,2828,2
96,360,264,-104,65,169,88,185,97,100,740,640,90,826,736,120,232,112,108,337,229,97,2842,2
91,368,277,-156,56,212,81,176,95,87,257,170,95,207,112,115,972,857,96,353,257,108,2497,2
104,390,286,-132,48,180,71,137,66,96,456,360,92,252,160,116,430,314,149,439,290,108,2260,2
93,404,311,-118,58,176,88,192,104,90,363,273,116,503,387,125,307,182,107,285,178,115,2227,2
65,319,254,-104,77,181,57,156,99,107,356,249,91,355,264,117,318,201,109,368,259,101,2050,2
109,410,301,-132,58,190,81,146,65,76,862,786,36,468,432,117,245,128,100,261,161,132,2582,2
107,478,371,-139,48,187,120,202,82,109,430,321,115,271,156,108,269,161,123,304,181,116,2118,2
96,452,356,-139,67,206,81,130,49,107,293,186,124,436,312,135,266,131,125,278,153,134,2056,2
130,274,144,179,1061,882,116,196,80,84,806,722,98,346,248,121,217,96,130,263,133,120,3283,2
92,348,256,117,181,64,123,193,70,88,601,513,120,232,112,123,386,263,90,363,273,120,2424,2
68,594,526,-116,21,137,142,247,105,75,284,209,116,597,481,126,222,96,100,430,330,120,2515,2
122,423,301,-141,51,192,81,209,128,92,256,164,92,345,253,117,245,128,100,398,298,132,2059,2
56,709,653,77,237,160,91,219,128,107,308,201,92,230,138,115,288,173,99,259,160,108,2358,2
91,420,329,-137,51,188,72,152,80,109,277,168,91,267,176,115,365,250,90,315,225,115,1962,2
88,199,111,104,160,56,168,152,-16,112,760,648,144,312,168,145,273,128,88,343,255,97,2296,125
88,241,153,112,152,40,143,144,1,111,415,304,129,472,343,120,176,56,104,264,160,89,1953,125
56,224,168,88,144,56,144,232,88,120,816,696,104,241,137,135,231,96,72,504,432,72,2464,125
120,168,48,112,160,48,136,144,8,113,505,392,128,256,128,127,264,137,80,361,281,79,1937,125
80,151,71,81,137,56,135,168,33,111,624,513,120,176,56,144,320,176,104,312,208,96,1984,125
80,128,48,88,128,40,136,152,16,104,384,280,168,232,64,136,215,79,89,337,248,103,1679,125
81,225,144,104,135,31,145,169,24,80,655,575,113,209,96,128,288,160,72,392,320,144,2217,125
120,296,176,88,184,96,120,152,32,80,624,544,104,248,144,136,248,112,72,328,256,88,2168,125
65,207,142,104,233,129,144,168,24,81,272,191,160,248,88,119,192,73,71,208,137,96,1624,125
80,128,48,80,128,48,135,160,25,104,400,296,120,215,95,105,225,120,96,312,216,64,1632,125
48,208,160,80,119,39,145,744,599,80,425,345,111,216,105,152,272,120,80,263,183,81,2328,125
80,216,136,104,151,47,114,138,24,103,439,336,119,256,137,136,216,80,72,312,240,192,1920,125
96,241,145,103,912,809,82,120,38,112,440,328,95,184,89,120,279,159,113,545,432,144,2865,125
96,168,72,104,152,48,136,176,40,103,368,265,136,208,72,121,408,287,95,184,89,80,1744,125
112,160,48,88,144,56,128,135,7,89,449,360,104,240,136,97,287,190,82,344,262,57,1816,125
56,128,72,80,128,48,128,136,8,96,455,359,105,168,63,129,249,120,128,551,423,73,1888,125
88,656,568,112,208,96,103,128,25,80,696,616,96,200,104,128,240,112,80,608,528,87,2823,125
72,144,72,88,136,48,128,135,7,105,377,272,135,200,65,136,216,80,88,280,192,56,1544,125
87,240,153,112,871,759,97,161,64,104,496,392,127,232,105,112,272,160,127,327,200,113,2712,125
81,113,32,129,168,39,112,136,24,89,407,318,113,232,119,89,201,112,96,320,224,88,1665,125
48,256,208,96,416,320,88,487,399,64,433,369,96,296,200,128,240,112,80,456,376,88,2672,125
56,215,159,97,176,79,105,129,24,96,415,319,145,281,136,95,184,89,72,248,176,79,1727,125
72,144,72,88,151,63,113,161,48,72,424,352,120,168,48,104,256,152,104,231,127,120,1655,125
72,128,56,120,152,32,111,160,49,96,304,208,128,200,72,96,288,192,112,208,96,88,1528,125
63,208,145,88,168,80,112,128,16,96,576,480,120,184,64,96,280,184,64,303,239,73,1920,125
104,152,48,96,176,80,112,136,24,88,375,287,129,216,87,105,313,208,112,256,144,64,1688,125
31,199,168,97,201,104,144,160,16,96,304,208,128,208,80,128,224,96,80,240,160,64,1600,125
120,191,71,89,161,72,104,144,40,95,495,400,120,200,80,89,249,160,64,224,160,80,1744,125
80,120,40,96,152,56,96,112,16,80,271,191,121,217,96,103,153,50,86,598,512,97,1720,125
87,144,57,103,160,57,136,128,-8,104,744,640,104,240,136,120,648,528,89,304,215,96,2464,125
72,143,71,105,168,63,113,137,24,96,383,287,105,169,64,104,200,96,80,255,175,65,1520,125
72,136,64,88,144,56,120,144,24,80,352,272,128,224,96,95,208,113,72,247,175,65,1520,125
72,167,95,97,457,360,95,1304,1209,88,295,207,113,193,80,104,184,80,96,247,151,89,2936,125
88,168,80,79,159,80,113,137,24,72,304,232,143,232,89,120,272,152,80,328,248,80,1680,125
136,288,152,120,655,535,65,201,136,95,912,817,80,168,88,128,327,199,81,329,248,95,2975,125
72,152,80,88,152,64,112,144,32,88,871,783,89,376,287,97,176,79,65,609,544,72,2552,125
63,127,64,80,160,80,129,137,8,88,400,312,96,240,144,88,288,200,80,279,199,73,1704,125
88,104,16,80,152,72,96,136,40,80,711,631,64,1064,1000,72,113,41,96,400,304,80,2760,125
71,127,56,80,143,63,129,152,23,64,361,297,136,215,79,113,224,111,73,233,160,72,1527,125
56,184,128,119,312,193,103,199,96,104,576,472,128,224,96,64,375,311,97,440,343,73,2383,125
64,136,72,72,159,87,113,137,24,96,352,256,111,512,401,128,151,23,97,401,304,72,1920,125
64,208,144,88,168,80,152,172,20,116,748,632,137,200,63,112,240,128,104,256,152,88,2080,125
112,232,120,88,136,48,128,119,-9,121,761,640,88,152,64,128,264,136,73,528,455,88,2280,125
89,121,32,104,168,64,112,128,16,72,336,264,120,217,97,127,351,224,48,288,240,96,1705,125
81,145,64,88,144,56,96,104,8,111,722,611,110,198,88,112,199,87,81,321,240,71,1904,125
89,144,55,113,168,55,129,137,8,96,408,312,128,199,71,105,256,151,89,249,160,87,1648,125
48,200,152,97,168,71,121,136,15,104,473,369,95,239,144,129,216,87,88,320,232,65,1817,125
80,160,80,96,184,88,120,112,-8,121,400,279,105,320,215,177,192,15,80,280,200,105,1753,125
33,200,167,97,208,111,144,136,-8,105,576,471,104,184,80,121,312,191,80,296,216,105,2017,125
89,160,71,81,152,71,129,136,7,113,560,447,77,256,179,129,168,39,89,296,207,97,1825,125
72,216,144,121,288,167,137,208,71,88,728,640,89,713,624,112,648,536,79,271,192,88,3160,125
113,176,63,97,160,63,120,128,8,97,376,279,113,264,151,113,152,39,112,272,160,97,1625,125
56,216,160,80,168,88,112,136,24,97,648,551,161,216,55,129,264,135,105,288,183,121,2057,125
56,176,120,88,240,152,89,152,63,105,344,239,112,208,96,104,232,128,96,536,440,73,1961,125
65,224,159,89,208,119,129,144,15,97,488,391,89,176,87,104,232,128,64,312,248,88,1872,125
65,104,39,97,176,79,128,136,8,112,712,600,80,656,576,89,152,63,80,328,248,81,2345,125
17,200,183,89,184,95,137,144,7,89,544,455,104,360,256,105,256,151,89,338,249,54,2080,125
89,176,87,104,176,72,176,720,544,89,904,815,168,208,40,104,136,32,80,336,256,112,2768,125
97,235,138,117,197,80,105,136,31,105,744,639,104,441,337,104,167,63,104,808,704,80,2808,125
89,192,103,80,192,112,96,128,32,113,456,343,120,240,120,161,416,255,72,456,384,104,2184,125
64,416,352,104,216,112,105,152,47,97,1392,1295,81,184,103,136,336,200,81,304,223,96,3096,125
88,160,72,104,192,88,120,776,656,96,576,480,48,296,248,144,248,104,64,272,208,144,2664,125
72,176,104,98,176,78,112,136,24,112,464,352,136,1616,1480,96,168,72,89,336,247,96,3168,125
104,152,48,96,169,73,135,127,-8,137,520,383,161,256,95,128,312,184,144,408,264,104,2048,125
104,152,48,128,280,152,104,136,32,128,536,408,169,208,39,128,399,271,89,177,88,89,1977,125
128,184,56,104,176,72,136,152,16,80,632,552,106,184,78,127,256,129,104,376,272,72,2032,125
80,144,64,80,144,64,136,137,1,111,447,336,88,352,264,120,240,120,80,448,368,168,2080,125
64,168,104,72,168,96,136,138,2,94,350,256,136,248,112,144,264,120,72,280,208,88,1704,125
136,304,168,89,168,79,144,168,24,72,424,352,104,192,88,144,280,136,88,280,192,80,1896,125
120,208,88,60,215,155,153,145,-8,80,424,344,120,216,96,119,280,161,72,516,444,100,2104,125
72,192,120,64,1160,1096,105,424,319,113,536,423,104,144,40,112,232,120,72,408,336,88,3184,125
104,168,64,88,296,208,104,160,56,88,784,696,88,280,192,136,224,88,112,392,280,88,2392,125
96,160,64,88,200,112,120,136,16,72,288,216,136,311,175,129,305,176,72,272,200,88,1760,125
32,184,152,88,232,144,113,176,63,88,496,408,96,229,133,123,307,184,88,393,305,71,2088,125
87,159,72,89,176,87,121,122,1,94,398,304,121,313,192,88,2184,2096,57,304,247,113,3769,125
56,543,487,89,200,111,113,128,15,97,433,336,120,245,125,107,339,232,112,328,216,79,2295,125
80,135,55,89,176,87,17,385,368,80,688,608,88,168,80,96,344,248,105,393,288,87,2376,125
80,120,40,96,168,72,112,121,9,87,479,392,96,376,280,104,144,40,88,296,208,152,1856,125
72,136,64,112,296,184,88,264,176,72,680,608,79,344,265,104,279,175,89,529,440,81,2609,125
113,329,216,95,167,72,136,144,8,72,448,376,120,159,39,97,401,304,80,184,104,88,1920,125
49,209,160,88,216,128,112,240,128,96,696,600,160,192,32,80,504,424,96,400,304,57,2514,125
49,208,159,72,168,96,136,127,-9,105,401,296,96,200,104,104,367,263,97,273,176,64,1808,125
56,183,127,80,185,105,136,127,-9,89,417,328,120,216,96,96,312,216,96,272,176,87,1799,125
56,216,160,96,328,232,112,160,48,96,400,304,96,312,216,96,328,232,72,288,216,80,2112,125
72,144,72,96,552,456,88,152,64,112,480,368,104,248,144,88,392,304,56,336,280,96,2400,125
81,143,62,97,536,439,97,177,80,103,368,265,128,320,192,120,240,120,104,304,200,136,2224,125
48,240,192,160,264,104,184,186,2,110,366,256,120,176,56,112,280,168,96,352,256,88,1952,125
56,952,896,72,335,263,97,345,248,80,328,248,88,375,287,97,129,32,55,304,249,112,2880,125
56,144,88,120,272,152,128,159,31,89,312,223,121,281,160,120,264,144,88,304,216,95,1831,125
47,120,73,88,504,416,103,192,89,120,455,335,120,305,185,88,335,247,72,256,184,88,2255,125
88,583,495,105,201,96,121,176,55,80,528,448,113,224,111,112,252,140,68,244,176,88,2296,125
56,168,112,80,216,136,168,181,13,67,291,224,104,264,160,80,928,848,73,213,140,67,2328,125
64,168,104,96,192,96,152,160,8,80,250,170,150,239,89,79,759,680,80,400,320,112,2280,125
64,144,80,88,176,88,176,184,8,88,408,320,120,160,40,88,328,240,72,280,208,88,1768,125
72,144,72,72,184,112,176,152,-24,80,272,192,128,216,88,88,224,136,80,248,168,128,1568,125
56,176,120,80,200,120,136,137,1,87,319,232,120,248,128,96,256,160,96,880,784,72,2288,125
64,361,297,112,200,88,152,168,16,111,1087,976,81,217,136,112,640,528,89,351,262,113,3137,125
56,176,120,80,216,136,64,168,104,80,440,360,120,200,80,96,464,368,96,368,272,119,2151,125
55,200,145,96,200,104,152,144,-8,88,336,248,136,271,135,129,209,80,80,440,360,96,1896,125
64,208,144,96,304,208,96,160,64,104,872,768,192,320,128,120,280,160,79,312,233,72,2528,125
88,168,80,88,168,80,168,176,8,80,504,424,104,464,360,111,304,193,72,231,159,73,2088,125
97,162,65,110,166,56,128,104,-24,104,297,193,127,175,48,120,200,80,89,272,183,104,1480,125
56,119,63,113,168,55,136,128,-8,81,248,167,145,160,15,121,369,248,103,295,192,113,1600,125
64,184,120,120,192,72,304,306,2,87,454,367,128,136,8,104,264,160,81,216,135,105,1857,125
72,119,47,105,168,63,105,112,7,73,304,231,112,216,104,129,384,255,73,232,159,121,1656,125
73,128,55,113,168,55,112,136,24,81,272,191,112,312,200,105,158,53,50,402,352,97,1673,125
62,118,56,104,168,64,129,130,1,79,246,167,113,168,55,97,176,79,73,256,183,89,1351,125
64,112,48,71,168,97,81,96,15,105,688,583,81,256,175,104,192,88,89,248,159,80,1840,125
72,151,79,89,153,64,136,152,16,63,263,200,104,160,56,127,256,129,88,248,160,81,1464,125
73,128,55,81,152,71,113,114,1,94,382,288,121,264,143,104,288,184,65,256,191,88,1672,125
65,144,79,89,183,94,129,113,-16,112,392,280,105,224,119,104,176,72,80,360,280,81,1673,125
81,144,63,104,176,72,136,137,1,86,319,233,120,224,104,129,168,39,71,240,169,64,1472,125
89,120,31,105,184,79,97,104,7,89,304,215,144,208,64,96,224,128,73,296,223,97,1537,125
57,96,39,73,144,71,120,128,8,113,282,169,127,206,79,89,200,111,72,240,168,64,1360,125
60,144,84,97,168,71,136,144,8,97,480,383,112,224,112,96,152,56,73,272,199,80,1664,125
89,120,31,57,160,103,121,144,23,73,440,367,144,248,104,104,200,96,81,248,167,48,1608,125
88,192,104,104,144,40,121,124,3,109,436,327,152,192,40,136,304,168,104,240,136,96,1728,125
73,176,103,88,168,80,120,128,8,88,288,200,120,184,64,112,207,95,73,289,216,72,1512,125
56,152,96,80,168,88,153,136,-17,112,440,328,161,208,47,80,208,128,80,272,192,112,1696,125
72,168,96,80,216,136,104,96,-8,80,304,224,120,168,48,144,272,128,80,376,296,64,1664,125
64,200,136,136,216,80,208,320,112,96,360,264,136,176,40,112,216,104,96,544,448,80,2112,125
72,192,120,112,208,96,96,704,608,72,408,336,112,248,136,112,224,112,88,200,112,104,2288,125
55,144,89,79,183,104,113,160,47,32,408,376,136,200,64,112,344,232,96,208,112,104,1751,125
64,336,272,160,400,240,138,152,14,104,352,248,95,160,65,104,256,152,88,288,200,72,2016,125
80,120,40,103,585,482,95,151,56,112,456,344,136,224,88,112,311,199,73,489,416,88,2424,125
56,136,80,80,192,112,136,138,2,94,405,311,97,200,103,129,218,89,79,239,160,128,1656,125
56,280,224,56,184,128,56,112,56,96,328,232,120,232,112,95,152,57,80,240,160,80,1608,125
40,191,151,89,184,95,105,113,8,96,384,288,112,376,264,88,136,48,80,368,288,72,1824,125
56,160,104,72,240,168,136,120,-16,104,344,240,112,327,215,81,185,104,72,408,336,73,1857,125
57,153,96,113,208,95,160,152,-8,96,328,232,112,192,80,80,232,152,72,248,176,105,1618,125
64,168,104,80,168,88,192,200,8,112,440,328,88,224,136,120,264,144,79,256,177,96,1816,125
40,128,88,87,160,73,128,130,2,78,510,432,152,216,64,88,240,152,64,224,160,80,1688,125
56,136,80,72,136,64,144,176,32,80,544,464,105,384,279,88,232,144,80,288,208,64,1960,125
103,199,96,88,200,112,152,192,40,72,752,680,136,280,144,104,240,136,87,336,249,71,2270,125
64,144,80,40,168,128,23,248,225,112,736,624,120,255,135,113,233,120,72,320,248,65,2169,125
64,136,72,88,288,200,87,80,-7,96,400,304,167,192,25,135,336,201,104,224,120,95,1751,125
56,183,127,97,201,104,96,98,2,94,310,216,104,184,80,104,231,127,66,265,199,72,1544,125
48,200,152,79,255,176,105,129,24,88,343,255,113,265,152,96,184,88,64,560,496,88,2024,125
72,144,72,95,192,97,112,104,-8,104,543,439,138,145,7,136,216,80,56,344,288,88,1776,125
72,248,176,160,960,800,112,264,152,72,584,512,88,264,176,112,264,152,96,305,209,111,3000,125
40,256,216,104,184,80,136,128,-8,96,1224,1128,89,264,175,144,255,111,96,849,753,71,3231,125
81,152,71,96,192,96,104,105,1,119,303,184,112,168,56,112,184,72,81,240,159,72,1416,125
64,112,48,112,200,88,128,130,2,102,398,296,128,632,504,120,208,88,80,384,304,104,2168,125
80,223,143,113,369,256,95,128,33,104,568,464,120,176,56,160,407,247,81,233,152,64,2168,125
65,209,144,80,160,80,144,119,-25,121,569,448,88,358,270,74,610,536,80,272,192,80,2377,125
32,199,167,97,193,96,136,144,8,88,311,223,137,257,120,160,280,120,88,471,383,97,1952,125
96,143,47,129,384,255,152,185,33,136,512,376,88,144,56,128,216,88,80,584,504,136,2304,125
96,144,48,120,208,88,160,152,-8,96,368,272,144,176,32,160,320,160,88,240,152,96,1704,125
64,160,96,104,200,96,136,840,704,81,472,391,96,144,48,135,272,137,88,359,271,97,2544,125
80,120,40,80,176,96,136,144,8,72,272,200,113,160,47,104,240,136,88,320,232,64,1496,125
48,152,104,96,224,128,112,120,8,72,728,656,183,304,121,135,215,80,81,457,376,88,2288,125
88,136,48,80,159,79,153,154,1,111,647,536,144,200,56,119,176,57,72,503,431,97,2072,125
72,160,88,112,248,136,208,263,55,64,312,248,129,329,200,80,136,56,65,288,223,56,1792,125
88,207,119,105,352,247,137,145,8,72,304,232,128,224,96,127,256,129,72,272,200,74,1834,125
56,176,120,88,176,88,168,152,-16,95,520,425,87,280,193,88,680,592,64,263,199,97,2344,125
64,144,80,88,279,191,177,217,40,88,319,231,137,185,48,96,175,79,73,353,280,104,1776,125
56,144,88,96,176,80,136,128,-8,104,344,240,87,159,72,96,365,269,43,547,504,88,1951,125
72,160,88,96,176,80,144,145,1,119,591,472,136,232,96,144,456,312,112,334,222,90,2184,125
72,144,72,133,1032,899,88,255,167,105,541,436,20,388,368,112,176,64,88,456,368,128,3120,125
53,192,139,96,176,80,136,137,1,103,1191,1088,64,390,326,106,426,320,64,304,240,88,2904,125
80,216,136,72,200,128,128,129,1,111,351,240,160,197,37,123,195,72,98,320,222,87,1695,125
75,201,126,104,184,80,128,120,-8,104,320,216,112,256,144,136,368,232,80,248,168,96,1793,125
56,120,64,80,168,88,192,312,120,120,504,384,160,191,31,105,161,56,72,264,192,72,1792,125
48,184,136,80,176,96,120,141,21,91,339,248,112,208,96,88,200,112,80,248,168,88,1584,125
73,145,72,88,191,103,153,161,8,87,384,297,120,175,55,112,256,144,73,464,391,73,1849,125
56,168,112,88,200,112,143,239,96,106,417,311,112,176,64,136,464,328,63,256,193,111,2031,125
64,160,96,80,184,104,144,136,-8,120,600,480,120,1711,1591,105,233,128,72,328,256,72,3424,125
81,89,8,136,320,184,104,152,48,136,440,304,87,207,120,121,305,184,80,224,144,80,1817,125
64,152,88,96,152,56,143,127,-16,105,337,232,120,184,64,80,152,72,64,255,191,73,1432,125
62,166,104,97,209,112,152,136,-16,120,343,223,129,185,56,104,168,64,72,256,184,71,1534,125
48,184,136,64,183,119,137,153,16,118,480,362,96,191,95,89,193,104,104,256,152,95,1735,125
80,159,79,81,168,87,128,161,33,95,672,577,95,160,65,112,224,112,71,272,201,72,1888,125
72,184,112,104,191,87,160,137,-23,103,344,241,176,223,47,129,336,207,81,400,319,112,1927,125
57,176,119,88,184,96,113,128,15,97,449,352,88,656,568,112,824,712,55,143,88,88,2648,125
64,136,72,80,191,111,88,96,8,112,441,329,104,239,135,145,344,199,64,272,208,73,1792,125
80,167,87,72,200,128,177,184,7,113,552,439,105,240,135,129,536,407,81,128,47,81,2088,125
97,136,39,96,328,232,177,208,31,153,752,599,97,209,112,120,351,231,57,272,215,97,2353,125
65,177,112,120,215,95,153,160,7,105,312,207,169,376,207,105,240,135,97,312,215,112,1904,125
73,208,135,97,192,95,145,146,1,86,334,248,105,168,63,113,160,47,73,272,199,153,1633,125
56,207,151,81,224,143,113,136,23,105,368,263,105,216,111,129,216,87,89,280,191,81,1728,125
129,224,95,97,168,71,129,136,7,105,544,439,80,272,192,81,160,79,97,440,343,88,2032,125
103,176,73,80,213,133,163,171,8,113,432,319,153,704,551,97,376,279,81,304,223,128,2504,125
64,216,152,51,224,173,105,184,79,73,872,799,73,184,111,152,440,288,104,280,176,89,2489,125
80,224,144,89,176,87,129,144,15,89,384,295,128,168,40,137,240,103,57,320,263,81,1737,125
89,184,95,73,192,119,168,136,-32,103,321,218,103,207,104,169,264,95,72,560,488,72,1936,125
49,201,152,88,207,119,121,136,15,97,400,303,97,176,79,105,208,103,81,368,287,89,1785,125
56,192,136,72,240,168,33,456,423,57,296,239,104,192,88,105,176,71,89,360,271,49,1961,125
112,536,424,97,192,95,104,111,7,113,481,368,113,200,87,121,241,120,80,247,167,89,2097,125
73,208,135,105,280,175,137,128,-9,104,360,256,97,208,111,105,232,127,64,256,192,65,1737,125
48,168,120,105,240,135,121,209,88,128,871,743,73,320,247,96,216,120,57,392,335,104,2520,125
57,200,143,81,209,128,127,151,24,88,280,192,121,352,231,104,296,192,88,440,352,64,1992,125
24,695,671,54,193,139,152,167,15,112,584,472,88,520,432,121,248,127,89,360,271,80,2847,125
41,177,136,88,216,128,64,128,64,79,503,424,113,248,135,120,591,471,98,273,175,64,2200,125
56,168,112,73,161,88,160,167,7,88,288,200,136,200,64,121,448,327,73,320,247,89,1841,125
80,160,80,88,200,112,120,144,24,88,344,256,145,289,144,103,271,168,88,256,168,121,1785,125
79,151,72,80,584,504,88,416,328,104,448,344,97,192,95,120,208,88,72,272,200,88,2359,125
56,194,138,126,878,752,96,216,120,105,369,264,143,215,72,128,256,128,88,472,384,104,2704,125
79,120,41,95,480,385,88,176,88,88,416,328,120,416,296,105,136,31,96,304,208,112,2160,125
88,200,112,128,263,135,153,185,32,112,800,688,121,256,135,136,272,136,72,320,248,88,2384,125
64,208,144,88,336,248,112,136,24,104,328,224,128,208,80,135,208,73,112,400,288,80,1904,125
79,175,96,112,280,168,112,280,168,96,600,504,105,280,175,112,192,80,97,359,262,97,2263,125
40,152,112,72,208,136,120,385,265,87,335,248,120,264,144,121,192,71,96,392,296,88,2016,125
127,215,88,105,145,40,144,127,-17,113,320,207,153,488,335,105,128,23,88,192,104,97,1712,125
88,151,63,97,144,47,136,120,-16,112,281,169,160,167,7,105,240,135,105,200,95,105,1408,125
96,175,79,89,129,40,144,135,-9,81,248,167,137,139,2,102,174,72,88,199,111,89,1288,125
87,160,73,97,160,63,113,153,40,32,183,151,160,152,-8,104,168,64,96,208,112,72,1256,125
88,168,80,129,160,31,137,138,1,95,262,167,129,176,47,113,296,183,89,240,151,89,1529,125
88,200,112,104,160,56,121,123,2,78,237,159,105,136,31,89,136,47,80,256,176,97,1345,125
73,144,71,81,128,47,145,146,1,79,214,135,128,176,48,96,160,64,88,368,280,152,1488,125
72,143,71,105,160,55,121,123,2,77,245,168,128,160,32,129,200,71,121,328,207,89,1448,125
81,152,71,97,168,71,128,120,-8,89,256,167,121,192,71,105,136,31,88,352,264,87,1463,125
73,200,127,105,152,47,136,128,-8,80,352,272,169,208,39,97,136,39,96,248,152,89,1513,125
73,152,79,113,152,39,153,136,-17,89,288,199,144,200,56,104,184,80,106,312,206,65,1489,125
80,207,127,114,209,95,145,115,-30,102,269,167,144,192,48,105,216,111,120,272,152,89,1569,125
73,168,95,96,168,72,128,120,-8,81,264,183,177,192,15,113,320,207,89,328,239,89,1649,125
73,256,183,79,152,73,136,123,-13,110,342,232,160,231,71,97,160,63,72,264,192,80,1608,125
81,152,71,89,136,47,136,128,-8,89,248,159,121,192,71,96,248,152,89,480,391,73,1657,125
65,160,95,105,216,111,137,144,7,97,1096,999,89,184,95,113,144,31,80,304,224,97,2345,125
89,160,71,97,152,55,145,120,-25,105,304,199,136,192,56,113,184,71,81,224,143,88,1424,125
64,135,71,105,172,67,124,141,17,80,240,160,120,135,15,121,177,56,73,208,135,105,1313,125
80,112,32,80,160,80,113,120,7,88,377,289,95,223,128,88,264,176,57,424,367,73,1753,125
81,152,71,104,168,64,120,104,-16,112,296,184,136,184,48,88,200,112,88,232,144,96,1432,125
64,159,95,121,158,37,139,116,-23,135,471,336,104,184,80,87,135,48,97,345,248,72,1640,125
64,112,48,120,208,88,128,160,32,64,616,552,112,161,49,87,255,168,88,248,160,72,1832,125
64,192,128,113,376,263,144,216,72,80,936,856,81,200,119,120,240,120,72,192,120,96,2448,125
64,168,104,112,175,63,185,177,-8,96,304,208,128,192,64,89,192,103,97,232,135,112,1552,125
73,120,47,88,152,64,153,168,15,113,296,183,159,184,25,112,184,72,88,208,120,71,1383,125
56,104,48,88,136,48,136,137,1,96,263,167,120,208,88,96,176,80,88,216,128,128,1368,125
64,120,56,96,119,23,153,154,1,103,255,152,120,184,64,88,240,152,89,240,151,104,1416,125
64,304,240,121,248,127,224,664,440,72,360,288,120,200,80,144,152,8,88,272,184,89,2289,125
72,144,72,96,168,72,136,143,7,113,297,184,136,200,64,96,265,169,127,247,120,88,1552,125
72,176,104,96,152,56,160,144,-16,104,272,168,120,160,40,80,136,56,64,224,160,56,1320,125
48,128,80,88,167,79,161,144,-17,201,297,96,136,168,32,80,152,72,72,224,152,80,1360,125
56,144,88,112,168,56,176,168,-8,96,271,175,105,169,64,88,168,80,72,248,176,80,1416,125
64,160,96,96,208,112,144,136,-8,129,384,255,104,224,120,64,112,48,81,400,319,56,1680,125
72,144,72,112,184,72,153,144,-9,112,904,792,136,240,104,80,344,264,72,208,136,64,2232,125
72,160,88,112,176,64,144,145,1,103,351,248,120,208,88,87,144,57,96,280,184,65,1529,125
80,200,120,128,192,64,120,112,-8,95,288,193,120,168,48,104,176,72,55,240,185,56,1432,125
73,104,31,105,152,47,160,144,-16,112,320,208,113,152,39,72,160,88,72,208,136,104,1344,125
64,136,72,104,176,72,136,128,-8,104,360,256,160,232,72,81,167,86,89,233,144,72,1504,125
56,151,95,73,138,65,231,247,16,128,800,672,96,160,64,88,160,72,96,264,168,120,2040,125
48,296,248,89,192,103,135,184,49,72,408,336,128,167,39,81,144,63,89,225,136,64,1680,125
48,160,112,96,168,72,152,144,-8,88,288,200,120,167,47,81,161,80,103,216,113,72,1376,125
80,264,184,113,504,391,112,128,16,112,496,384,128,256,128,111,144,33,80,176,96,80,2048,125
114,161,47,96,152,56,136,128,-8,104,288,184,128,160,32,112,408,296,105,328,223,79,1704,125
64,119,55,97,177,80,136,129,-7,103,271,168,128,144,16,112,208,96,72,208,136,72,1328,125
72,120,48,96,176,80,136,128,-8,96,264,168,128,152,24,88,168,80,72,200,128,64,1272,125
71,120,49,96,168,72,160,152,-8,88,280,192,128,184,56,88,192,104,64,168,104,80,1344,125
96,128,32,159,256,97,128,112,-16,112,328,216,112,168,56,96,208,112,80,208,128,80,1488,125
72,113,41,119,215,96,144,136,-8,96,456,360,96,216,120,96,120,24,96,256,160,80,1592,125
80,129,49,95,263,168,104,96,-8,97,304,207,104,128,24,87,183,96,104,233,129,64,1400,125
65,121,56,104,217,113,95,88,-7,95,271,176,144,344,200,88,184,96,104,281,177,87,1593,125
88,160,72,112,200,88,136,128,-8,96,504,408,136,496,360,96,295,199,80,281,201,56,2120,125
88,184,96,104,160,56,120,112,-8,113,280,167,144,168,24,80,144,64,88,200,112,79,1327,125
40,151,111,113,209,96,136,168,32,64,257,193,183,223,40,80,168,88,95,255,160,65,1496,125
64,176,112,95,192,97,104,88,-16,128,312,184,104,175,71,81,129,48,80,201,121,71,1344,125
80,208,128,96,184,88,152,136,-16,128,344,216,152,199,47,73,145,72,72,456,384,136,1808,125
104,192,88,80,296,216,136,160,24,112,288,176,128,168,40,88,184,96,128,216,88,80,1584,125
88,152,64,104,168,64,128,130,2,86,254,168,136,192,56,96,360,264,128,240,112,120,1616,125
48,104,56,95,184,89,144,160,16,72,272,200,128,144,16,96,175,79,73,217,144,64,1320,125
88,159,71,97,153,56,144,136,-8,96,288,192,128,160,32,96,176,80,56,192,136,80,1344,125
64,160,96,103,176,73,144,120,-24,112,311,199,137,185,48,72,176,104,88,224,136,80,1432,125
64,143,79,105,281,176,104,159,55,113,433,320,103,168,65,88,144,56,88,280,192,39,1647,125
88,184,96,104,184,80,136,144,8,88,328,240,136,160,24,112,288,176,128,280,152,104,1672,125
56,152,96,72,216,144,160,168,8,72,360,288,120,199,79,65,370,305,109,286,177,65,1816,125
56,144,88,80,168,88,144,128,-16,113,375,262,121,681,560,64,144,80,88,408,320,64,2112,125
72,200,128,96,176,80,136,128,-8,104,319,215,137,177,40,96,144,48,96,472,376,88,1704,125
64,168,104,104,192,88,128,120,-8,112,360,248,144,200,56,96,264,168,80,248,168,80,1632,125
72,168,96,72,184,112,120,112,-8,104,272,168,136,176,40,104,288,184,136,464,328,80,1744,125
56,152,96,80,152,72,152,127,-25,120,305,185,128,184,56,56,200,144,95,231,136,73,1424,125
71,184,113,96,192,96,113,120,7,95,288,193,152,240,88,96,119,23,97,377,280,88,1608,125
64,127,63,89,169,80,112,96,-16,119,318,199,186,169,-17,105,209,104,112,336,224,80,1504,125
64,160,96,71,128,57,135,120,-15,112,416,304,112,151,39,161,873,712,64,120,56,80,2048,125
79,184,105,112,168,56,160,136,-24,120,336,216,152,239,87,104,216,112,89,217,128,96,1592,125
104,151,47,89,169,80,160,136,-24,120,464,344,128,160,32,127,271,144,89,240,151,97,1688,125
64,192,128,112,208,96,129,120,-9,88,328,240,144,224,80,96,168,72,56,272,216,80,1592,125
80,160,80,72,224,152,88,80,-8,88,479,391,105,169,64,88,616,528,80,288,208,96,2112,125
80,119,39,106,185,79,112,120,8,104,408,304,128,184,56,112,472,360,88,319,231,80,1887,125
80,200,120,135,256,121,136,152,16,96,600,504,80,160,80,112,248,136,72,176,104,96,1888,125
96,168,72,88,231,143,68,65,-3,96,920,824,96,215,119,96,233,137,72,248,176,88,2168,125
73,177,104,88,184,96,136,119,-17,121,609,488,104,224,120,96,264,168,80,216,136,80,1873,125
64,176,112,64,135,71,113,115,2,102,318,216,143,168,25,120,288,168,96,431,335,105,1736,125
72,152,80,99,180,81,148,119,-29,125,357,232,152,192,40,96,215,119,105,320,215,73,1608,125
77,87,10,97,176,79,137,145,8,104,320,216,128,152,24,104,208,104,88,232,144,80,1400,125
96,320,224,152,423,271,89,121,32,119,320,201,136,663,527,89,137,48,88,343,255,80,2407,125
72,136,64,120,255,135,128,177,49,112,352,240,136,328,192,120,176,56,56,264,208,112,1800,125
80,175,95,65,168,103,137,128,-9,113,297,184,112,151,39,113,185,72,80,192,112,79,1375,125
96,167,71,121,209,88,128,129,1,111,343,232,152,816,664,96,208,112,72,288,216,79,2239,125
97,609,512,119,264,145,135,176,41,125,408,283,112,208,96,120,248,128,120,280,160,80,2273,125
72,168,96,80,176,96,136,120,-16,112,304,192,127,144,17,96,232,136,96,191,95,89,1424,125
49,161,112,88,160,72,152,136,-16,104,279,175,128,152,24,89,337,248,120,207,87,105,1537,125
71,360,289,112,223,111,161,153,-8,144,352,208,112,135,23,97,217,120,80,232,152,88,1760,125
72,200,128,88,193,105,150,142,-8,113,345,232,144,175,31,121,201,80,96,280,184,96,1632,125
80,200,120,104,184,80,160,152,-8,112,600,488,96,152,56,79,336,257,88,208,120,72,1904,125
65,137,72,104,183,79,161,153,-8,96,312,216,144,192,48,96,184,88,80,240,160,80,1481,125
63,128,65,96,176,80,144,127,-17,97,297,200,111,616,505,80,152,72,88,320,232,56,1872,125
64,135,71,96,201,105,136,127,-9,113,329,216,136,159,23,105,160,55,89,241,152,72,1424,125
65,217,152,88,223,135,97,129,32,88,344,256,136,208,72,64,144,80,79,472,393,104,1841,125
81,185,104,96,240,144,112,128,16,112,535,423,97,224,127,177,377,200,80,320,240,72,2081,125
71,176,105,87,184,97,144,128,-16,111,327,216,137,184,47,145,209,64,80,304,224,72,1584,125
104,200,96,96,168,72,143,160,17,96,320,224,111,159,48,113,217,104,96,368,272,64,1656,125
40,207,167,97,177,80,136,120,-16,127,607,480,121,185,64,144,255,111,88,289,201,96,1936,125
64,232,168,95,184,89,160,144,-16,112,392,280,120,640,520,80,183,103,97,337,240,79,2191,125
64,152,88,96,192,96,135,128,-7,120,336,216,127,191,64,129,216,87,113,264,151,80,1559,125
80,168,88,128,255,127,97,113,16,104,408,304,135,176,41,136,344,208,112,240,128,80,1784,125
80,160,80,112,231,119,169,384,215,113,432,319,153,160,7,152,377,225,72,215,143,89,2048,125
105,145,40,103,143,40,144,128,-16,104,472,368,128,152,24,105,407,302,113,345,232,96,1888,125
73,144,71,96,152,56,120,104,-16,104,304,200,144,184,40,104,169,65,87,255,168,88,1400,125
72,152,80,112,152,40,144,127,-17,97,281,184,136,144,8,128,215,87,81,225,144,64,1360,125
72,152,80,96,152,56,121,112,-9,96,296,200,128,135,7,121,209,88,80,224,144,64,1344,125
72,160,88,96,136,40,136,128,-8,96,272,176,128,144,16,80,168,88,80,232,152,105,1345,125
64,120,56,96,161,65,127,119,-8,89,256,167,120,144,24,113,216,103,80,264,184,96,1376,125
73,152,79,88,128,40,136,120,-16,96,336,240,120,176,56,112,200,88,88,184,96,80,1376,125
71,142,71,121,153,32,128,120,-8,96,256,160,113,128,15,96,216,120,80,223,143,89,1327,125
71,152,81,88,136,48,128,120,-8,96,288,192,120,176,56,104,176,72,112,976,864,64,2088,125
72,168,96,96,168,72,112,96,-16,96,272,176,112,192,80,104,127,23,81,241,160,80,1344,125
64,143,79,90,160,70,105,96,-9,89,273,184,120,193,73,95,191,96,80,200,120,72,1328,125
64,127,63,81,153,72,120,112,-8,88,256,168,112,144,32,80,168,88,80,223,143,97,1280,125
57,152,95,88,120,32,128,120,-8,96,256,160,104,120,16,104,248,144,104,224,120,95,1335,125
56,144,88,72,176,104,88,80,-8,88,248,160,112,144,32,80,200,120,95,192,97,72,1256,125
80,192,112,96,232,136,128,160,32,88,424,336,120,184,64,96,136,40,88,264,176,72,1664,125
48,208,160,88,152,64,136,128,-8,96,464,368,105,232,127,72,80,8,64,279,215,113,1656,125
72,160,88,80,152,72,152,136,-16,105,264,159,120,176,56,56,216,160,73,256,183,88,1448,125
71,175,104,97,176,79,136,120,-16,96,352,256,152,224,72,136,208,72,72,288,216,64,1607,125
64,184,120,88,184,96,136,128,-8,112,352,240,121,152,31,113,264,151,112,408,296,104,1776,125
87,209,122,103,198,95,121,113,-8,96,312,216,119,167,48,113,177,64,104,269,165,91,1536,125
88,128,40,96,160,64,128,121,-7,103,431,328,128,192,64,64,352,288,79,208,129,80,1672,125
64,144,80,87,176,89,112,136,24,71,296,225,112,240,128,135,176,41,88,248,160,80,1496,125
56,167,111,81,177,96,160,152,-8,112,272,160,128,216,88,88,144,56,80,256,176,56,1440,125
63,192,129,80,168,88,128,136,8,80,312,232,144,184,40,192,184,-8,88,281,193,87,1544,125
136,207,71,113,337,224,112,160,48,96,576,480,104,144,40,136,296,160,96,296,200,88,2104,125
79,263,184,96,160,64,152,136,-16,96,328,232,144,160,16,112,256,144,88,296,208,80,1679,125
72,232,160,88,168,80,144,136,-8,96,345,249,119,239,120,112,184,72,72,408,336,96,1808,125
64,136,72,96,176,80,144,136,-8,88,352,264,128,199,71,113,185,72,88,240,152,71,1495,125
64,175,111,72,160,88,128,121,-7,112,344,232,137,217,80,103,287,184,95,216,121,80,1600,125
48,128,80,80,143,63,137,145,8,112,336,224,104,151,47,121,217,96,80,312,232,88,1520,125
56,160,104,80,200,120,116,126,10,66,266,200,119,168,49,104,192,88,56,288,232,80,1480,125
63,176,113,111,224,113,136,128,-8,112,336,224,120,216,96,104,160,56,96,223,127,73,1536,125
104,192,88,104,200,96,128,104,-24,112,336,224,128,184,56,113,145,32,87,278,191,81,1520,125
70,215,145,80,200,120,96,111,15,97,344,247,121,177,56,104,160,56,80,447,367,97,1751,125
72,168,96,88,192,104,120,112,-8,88,432,344,104,175,71,98,160,62,97,425,328,72,1736,125
72,160,88,88,192,104,136,120,-16,103,384,281,104,167,63,97,153,56,104,240,136,88,1504,125
56,192,136,88,224,136,104,127,23,113,713,600,88,168,80,120,240,120,72,337,265,71,2072,125
72,136,64,96,224,128,128,129,1,95,326,231,106,169,63,96,208,112,79,280,201,56,1528,125
72,160,88,95,256,161,103,106,3,118,413,295,177,225,48,96,192,96,72,328,256,87,1767,125
55,143,88,80,160,80,128,137,9,104,424,320,88,136,48,112,231,119,65,281,216,96,1608,125
56,176,120,112,200,88,112,120,8,96,296,200,112,152,40,88,232,144,72,360,288,71,1607,125
88,184,96,104,272,168,144,176,32,128,495,367,137,545,408,96,431,335,65,361,296,96,2560,125
72,144,72,95,184,89,128,136,8,96,664,568,104,153,49,127,447,320,80,231,151,81,2040,125
64,176,112,88,184,96,135,128,-7,88,304,216,135,224,89,112,152,40,103,312,209,112,1592,125
55,176,121,96,192,96,128,129,1,95,351,256,128,175,47,153,241,88,88,391,303,97,1752,125
48,160,112,89,192,103,127,120,-7,96,280,184,120,160,40,104,160,56,73,216,143,64,1352,125
47,127,80,89,201,112,120,136,16,104,360,256,144,200,56,48,176,128,87,194,107,86,1480,125
56,144,88,103,216,113,167,184,17,88,384,296,120,192,72,111,880,769,65,200,135,72,2272,125
72,135,63,97,249,152,104,152,48,72,336,264,104,152,48,96,280,184,72,256,184,88,1648,125
79,152,73,87,191,104,120,129,9,96,279,183,112,241,129,104,192,88,64,263,199,73,1520,125
56,168,112,104,208,104,120,127,7,88,297,209,175,208,33,104,184,80,96,264,168,88,1544,125
64,136,72,96,200,104,176,160,-16,96,369,273,96,143,47,113,161,48,96,248,152,87,1504,125
112,224,112,79,208,129,184,168,-16,128,408,280,160,232,72,128,215,87,73,361,288,80,1896,125
81,217,136,96,264,168,104,106,2,118,294,176,112,152,40,104,160,56,80,192,112,104,1489,125
96,160,64,104,224,120,136,128,-8,103,360,257,159,288,129,136,304,168,96,360,264,104,1928,125
80,168,88,87,200,113,112,120,8,96,272,176,120,160,40,128,216,88,80,232,152,62,1430,125
144,192,48,87,191,104,169,170,1,94,342,248,145,321,176,120,216,96,87,336,249,24,1792,125
56,312,256,128,216,88,128,144,16,112,376,264,128,224,96,128,240,112,80,240,160,96,1848,125
81,123,42,102,366,264,128,247,119,89,425,336,119,208,89,103,143,40,88,385,297,80,1977,125
96,200,104,104,280,176,176,224,48,104,312,208,128,160,32,103,240,137,96,232,136,104,1752,125
48,136,88,79,175,96,128,136,8,104,552,448,112,184,72,120,248,128,72,319,247,73,1823,125
120,192,72,104,184,80,136,137,1,103,327,224,120,160,40,104,208,104,72,216,144,88,1512,125
55,167,112,80,176,96,145,148,3,100,549,449,119,223,104,105,225,120,95,215,120,73,1776,125
112,160,48,95,439,344,136,161,25,95,295,200,105,160,55,129,372,243,108,204,96,128,1919,125
48,160,112,88,160,72,136,152,16,104,592,488,64,760,696,160,280,120,72,272,200,104,2480,125
112,192,80,80,552,472,120,152,32,128,400,272,120,240,120,128,217,89,64,335,271,112,2200,125
64,184,120,112,231,119,89,112,23,97,376,279,129,225,96,112,224,112,96,296,200,118,1766,125
72,88,16,88,168,80,111,104,-7,96,368,272,144,192,48,112,200,88,112,272,160,88,1480,125
63,200,137,80,224,144,144,136,-8,120,312,192,128,160,32,103,319,216,97,296,199,97,1744,125
80,120,40,119,208,89,127,120,-7,96,352,256,120,168,48,120,240,120,144,296,152,80,1584,125
104,192,88,88,184,96,184,264,80,88,391,303,121,176,55,113,217,104,96,264,168,104,1792,125
64,160,96,88,208,120,127,130,3,142,485,343,105,185,80,144,280,136,80,351,271,73,1872,125
63,144,81,80,207,127,128,120,-8,105,296,191,120,233,113,136,184,48,96,200,104,88,1472,125
79,168,89,80,183,103,137,129,-8,104,312,208,136,176,40,136,248,112,72,264,192,104,1584,125
48,183,135,97,264,167,137,161,24,88,368,280,120,152,32,120,440,320,64,328,264,103,1999,125
96,200,104,120,232,112,128,119,-9,105,321,216,176,200,24,88,177,89,71,376,305,72,1697,125
81,208,127,65,232,167,217,208,-9,89,513,424,87,176,89,96,288,192,80,199,119,73,1897,125
59,164,105,113,409,296,168,271,103,80,705,625,112,216,104,144,272,128,104,383,279,81,2501,125
88,192,104,96,232,136,112,120,8,88,280,192,120,175,55,72,289,217,72,272,200,136,1696,125
64,184,120,97,200,103,121,122,1,87,279,192,128,130,2,150,269,119,81,264,183,97,1545,125
57,168,111,89,208,119,145,136,-9,89,336,247,121,264,143,121,361,240,80,279,199,96,1848,125
65,184,119,105,200,95,137,138,1,87,278,191,105,152,47,104,216,112,72,264,192,73,1505,125
57,184,127,73,193,120,64,143,79,89,640,551,90,248,158,105,264,159,65,328,263,73,2073,125
95,191,96,72,184,112,64,216,152,56,528,472,64,304,240,64,353,289,55,238,183,65,2079,16
72,192,120,72,224,152,48,208,160,55,688,633,56,552,496,64,216,152,56,320,264,64,2464,16
56,184,128,56,328,272,56,192,136,56,448,392,72,328,256,79,312,233,55,224,169,80,2096,16
64,208,144,56,384,328,56,200,144,56,456,400,48,464,416,64,392,328,48,231,183,73,2408,16
64,204,140,60,212,152,56,216,160,56,536,480,80,295,215,89,536,447,57,241,184,72,2312,16
64,160,96,72,312,240,64,216,152,56,416,360,64,232,168,72,496,424,56,288,232,56,2176,16
72,192,120,72,216,144,56,311,255,57,689,632,56,280,224,80,352,272,56,216,160,64,2320,16
72,135,63,64,201,137,56,192,136,56,736,680,65,432,367,73,360,287,64,183,119,81,2320,16
65,120,55,81,241,160,104,304,200,72,472,400,56,232,176,80,240,160,56,192,136,72,1873,16
96,128,32,72,272,200,64,208,144,64,560,496,64,1168,1104,64,608,544,55,391,336,81,3416,16
48,160,112,64,152,88,71,191,120,57,553,496,56,400,344,64,351,287,73,233,160,64,2104,16
64,121,57,71,167,96,63,183,120,57,441,384,56,463,407,65,337,272,64,239,175,64,2015,16
64,153,89,96,248,152,72,201,129,71,375,304,64,456,392,96,424,328,64,311,247,65,2233,16
64,152,88,65,153,88,64,168,104,64,432,368,64,368,304,104,648,544,64,311,247,57,2289,16
72,143,71,65,169,104,64,200,136,55,392,337,56,504,448,64,280,216,64,296,232,80,2064,16
72,144,72,64,160,96,80,216,136,72,1359,1287,73,633,560,64,648,584,71,256,185,56,3472,16
64,184,120,80,160,80,80,192,112,63,432,369,64,584,520,64,296,232,56,328,272,64,2240,16
72,160,88,64,160,96,71,216,145,72,408,336,64,1423,1359,65,169,104,64,192,128,56,2784,16
48,128,80,64,136,72,72,167,95,73,400,327,73,457,384,55,232,177,72,184,112,72,1776,16
72,128,56,64,143,79,73,185,112,72,464,392,64,360,296,88,368,280,56,448,392,64,2160,16
88,152,64,64,167,103,73,201,128,63,399,336,72,449,377,80,327,247,73,217,144,72,1984,16
72,144,72,80,168,88,88,256,168,56,424,368,72,512,440,72,288,216,63,216,153,72,2080,16
55,111,56,65,201,136,72,208,136,64,472,408,64,456,392,48,488,440,64,247,183,64,2247,16
80,128,48,64,160,96,64,184,120,63,432,369,72,479,407,57,281,224,64,224,160,64,1952,16
80,135,55,65,154,89,63,191,128,64,552,488,64,383,319,81,297,216,72,240,168,64,2016,16
80,152,72,71,151,80,73,225,152,64,439,375,65,385,320,95,319,224,81,177,96,88,1936,16
73,112,39,73,153,80,64,184,120,64,416,352,64,456,392,72,312,240,71,192,121,72,1897,16
80,136,56,64,152,88,64,192,128,63,375,312,81,472,391,65,217,152,72,240,168,56,1840,16
79,111,32,73,153,80,72,184,112,72,639,567,65,321,256,48,351,303,65,417,352,80,2256,16
79,152,73,56,160,104,56,199,143,73,441,368,55,360,305,56,328,272,56,215,159,72,1927,16
87,159,72,72,161,89,64,191,127,64,425,361,72,663,591,81,233,152,64,200,136,72,2104,16
81,136,55,65,145,80,72,191,119,56,416,360,64,505,441,40,359,319,65,200,135,64,2016,16
64,143,79,57,144,87,73,200,127,57,441,384,72,559,487,73,377,304,64,359,295,73,2296,16
88,152,64,71,207,136,73,753,680,80,583,503,57,377,320,96,152,56,72,719,647,89,3032,16
64,152,88,72,184,112,72,216,144,72,496,424,56,383,327,64,280,216,57,273,216,71,2055,16
72,120,48,64,152,88,72,192,120,64,479,415,57,521,464,72,344,272,56,224,168,72,2104,16
56,104,48,71,175,104,73,184,111,81,465,384,72,447,375,65,305,240,64,216,152,72,1968,16
88,128,40,64,159,95,73,208,135,73,497,424,72,631,559,73,273,200,72,223,151,65,2184,16
72,191,119,64,185,121,80,255,175,73,1056,983,65,336,271,81,249,168,56,239,183,72,2583,16
81,152,71,65,160,95,65,184,119,65,448,383,65,352,287,89,392,303,65,224,159,89,2001,16
96,175,79,65,160,95,65,192,127,81,408,327,73,344,271,97,272,175,65,208,143,120,1879,16
73,136,63,73,168,95,73,216,143,65,1440,1375,65,456,391,65,608,543,56,240,184,65,3329,16
73,144,71,65,152,87,73,192,119,65,368,303,57,448,391,97,280,183,73,224,151,81,1889,16
88,127,39,65,144,79,81,200,119,65,440,375,65,680,615,105,448,343,80,288,208,105,2432,16
89,136,47,73,176,103,73,216,143,73,528,455,73,296,223,89,1120,1031,65,224,159,111,2807,16
112,151,39,65,160,95,73,208,135,65,464,399,65,408,343,73,336,263,64,184,120,96,2007,16
113,208,95,72,256,184,65,216,151,65,616,551,65,401,336,96,200,104,72,495,423,73,2465,16
97,120,23,57,200,143,49,176,127,73,376,303,73,464,391,81,312,231,73,240,167,89,1977,16
97,128,31,65,168,103,73,208,135,80,416,336,73,264,191,113,328,215,72,193,121,104,1809,16
73,136,63,56,131,75,77,141,64,80,1192,1112,65,224,159,89,376,287,65,168,103,88,2456,16
97,129,32,64,142,78,81,194,113,72,471,399,72,1376,1304,113,176,63,73,288,215,81,2857,16
97,144,47,57,168,111,64,208,144,65,392,327,72,424,352,105,281,176,64,167,103,89,1873,16
104,152,48,65,168,103,65,176,111,72,432,360,73,448,375,80,167,87,66,201,135,81,1825,16
73,176,103,72,144,72,72,184,112,73,392,319,64,384,320,72,376,304,65,232,167,73,1961,16
96,167,71,72,167,95,65,201,136,81,832,751,73,448,375,72,296,224,55,176,121,79,2366,16
72,184,112,65,152,87,72,200,128,64,432,368,72,520,448,56,344,288,72,224,152,57,2113,16
121,352,231,72,288,216,72,200,128,73,408,335,72,200,128,81,728,647,46,544,498,88,2808,16
72,144,72,72,153,81,63,151,88,64,360,296,64,304,240,80,335,255,57,217,160,72,1736,16
89,136,47,56,152,96,64,144,80,72,392,320,72,336,264,72,176,104,64,168,104,105,1609,16
129,192,63,64,169,105,56,135,79,80,432,352,64,304,240,96,488,392,64,224,160,80,2024,16
80,152,72,64,176,112,48,112,64,72,464,392,64,368,304,72,296,224,64,264,200,72,1904,16
89,168,79,56,161,105,62,120,58,71,493,422,61,346,285,80,320,240,72,200,128,88,1896,16
88,144,56,56,144,88,64,120,56,72,824,752,72,408,336,96,704,608,80,184,104,72,2600,16
88,128,40,64,144,80,72,144,72,72,480,408,64,560,496,80,448,368,64,280,216,72,2256,16
97,168,71,72,160,88,64,152,88,72,520,448,72,472,400,56,360,304,56,216,160,72,2120,16
64,152,88,64,160,96,64,120,56,88,456,368,64,424,360,72,168,96,72,408,336,72,1960,16
105,160,55,56,144,88,72,160,88,64,496,432,64,336,272,88,520,432,72,304,232,72,2192,16
113,145,32,119,1048,929,64,184,120,72,879,807,65,215,150,82,794,712,64,344,280,96,3705,16
80,160,80,56,160,104,64,151,87,65,393,328,64,352,288,87,207,120,72,257,185,72,1752,16
81,209,128,63,184,121,71,216,145,80,407,327,63,481,418,87,280,193,72,216,144,63,2056,16
96,159,63,57,144,87,73,120,47,88,448,360,88,481,393,80,288,208,71,327,256,88,2055,16
112,175,63,64,169,105,63,176,113,95,520,425,63,280,217,96,543,447,73,328,255,73,2264,16
104,159,55,57,160,103,57,168,111,80,1121,1041,55,912,857,72,144,72,56,208,152,64,2936,16
80,143,63,73,185,112,56,152,96,80,464,384,72,400,328,96,400,304,64,224,160,104,2072,16
80,144,64,80,1024,944,73,176,103,80,480,400,72,400,328,72,368,296,72,232,160,72,2896,16
113,192,79,72,176,104,56,144,88,80,456,376,64,376,312,112,224,112,64,392,328,80,2040,16
80,208,128,56,152,96,64,176,112,72,472,400,72,656,584,89,304,215,56,216,160,88,2272,16
88,136,48,72,208,136,55,528,473,80,920,840,72,408,336,88,248,160,72,304,232,96,2848,16
81,176,95,56,144,88,72,160,88,88,431,343,65,361,296,104,304,200,72,216,144,96,1888,16
80,184,104,48,144,96,72,144,72,64,400,336,64,424,360,72,360,288,64,216,152,56,1928,16
72,128,56,64,175,111,57,97,40,80,440,360,80,328,248,96,496,400,64,208,144,80,1952,16
87,144,57,56,152,96,64,136,72,56,392,336,64,448,384,80,280,200,88,392,304,64,2008,16
72,128,56,72,167,95,73,161,88,56,1000,944,73,255,182,89,433,344,64,280,216,64,2488,16
96,144,48,56,128,72,64,112,48,64,480,416,72,416,344,96,295,199,73,249,176,96,1920,16
72,120,48,80,167,87,65,152,87,66,929,863,65,336,271,80,440,360,64,232,168,96,2472,16
96,143,47,41,153,112,64,144,80,80,471,391,57,337,280,88,263,175,57,209,152,88,1808,16
88,128,40,71,168,97,57,128,71,40,504,464,64,576,512,71,223,152,73,249,176,80,2056,16
88,160,72,64,144,80,72,144,72,72,472,400,80,280,200,128,488,360,80,336,256,87,2111,16
72,160,88,56,152,96,64,168,104,72,424,352,64,336,272,88,168,80,72,160,88,112,1680,16
82,177,95,64,200,136,64,192,128,64,1768,1704,72,296,224,104,264,160,64,200,136,72,3169,16
89,129,40,64,160,96,56,128,72,56,776,720,72,224,152,104,320,216,56,191,135,89,2017,16
72,135,63,65,145,80,64,119,55,57,641,584,64,400,336,88,304,216,71,216,145,64,2024,16
80,121,41,63,151,88,56,168,112,64,464,400,64,400,336,64,296,232,64,168,104,79,1847,16
113,193,80,72,152,80,80,184,104,72,712,640,80,1015,935,56,337,281,56,192,136,80,2865,16
80,136,56,64,160,96,64,151,87,56,408,352,73,385,312,72,232,160,56,176,120,96,1744,16
72,136,64,56,152,96,72,136,64,64,464,400,64,351,287,113,417,304,64,392,328,72,2120,16
79,136,57,64,152,88,64,120,56,72,423,351,57,480,423,65,297,232,64,184,120,71,1863,16
80,199,119,65,344,279,65,129,64,64,328,264,64,415,351,80,169,89,63,176,113,88,1848,16
88,143,55,57,144,87,65,136,71,73,409,336,64,360,296,56,279,223,64,176,112,81,1728,16
80,152,72,72,168,96,48,104,56,72,360,288,64,408,344,104,231,127,57,200,143,65,1688,16
55,160,105,63,159,96,56,129,73,63,400,337,56,376,320,88,319,231,56,185,129,72,1800,16
56,136,80,64,143,79,56,144,88,65,448,383,64,289,225,80,312,232,56,183,127,64,1719,16
72,136,64,56,168,112,56,224,168,64,504,440,73,616,543,40,543,503,65,145,80,80,2416,16
71,120,49,56,159,103,57,136,79,65,368,303,57,352,295,89,161,72,72,151,79,73,1520,16
71,167,96,57,152,95,57,169,112,48,639,591,64,641,577,56,615,559,65,232,167,64,2679,16
57,120,63,65,168,103,57,152,95,73,433,360,64,455,391,105,368,263,64,224,160,80,2000,16
73,160,87,73,312,239,64,200,136,64,400,336,65,416,351,97,424,327,73,400,327,64,2376,16
73,136,63,65,160,95,57,152,95,56,392,336,65,336,271,81,504,423,65,224,159,73,1977,16
64,151,87,57,160,103,65,160,95,73,432,359,73,328,255,104,408,304,65,240,175,97,1976,16
80,184,104,81,736,655,57,216,159,89,472,383,57,200,143,81,488,407,65,224,159,73,2593,16
70,152,82,72,168,96,65,104,39,73,264,191,73,288,215,97,304,207,56,176,120,104,1560,16
73,136,63,64,177,113,63,103,40,73,2264,2191,65,416,351,64,304,240,65,440,375,73,3913,16
77,208,131,56,1216,1160,65,192,127,81,416,335,57,224,167,97,312,215,65,296,231,57,2921,16
79,175,96,57,152,95,65,160,95,65,368,303,57,400,343,72,320,248,65,192,127,73,1840,16
64,96,32,64,160,96,65,200,135,73,584,511,57,361,304,88,255,167,57,248,191,65,1969,16
88,184,96,72,200,128,56,256,200,72,376,304,64,288,224,105,528,423,64,208,144,89,2129,16
89,152,63,56,168,112,48,152,104,65,384,319,73,368,295,105,440,335,56,200,144,73,1937,16
80,167,87,65,176,111,65,352,287,72,424,352,73,264,191,81,416,335,65,208,143,112,2119,16
49,136,87,81,184,103,57,120,63,57,368,311,65,392,327,81,216,135,57,208,151,97,1721,16
65,200,135,65,224,159,65,256,191,65,360,295,73,328,255,80,376,296,64,208,144,105,2057,16
65,120,55,73,168,95,81,328,247,65,392,327,65,336,271,112,360,248,57,193,136,79,1976,16
81,144,63,64,176,112,56,248,192,97,536,439,72,720,648,88,328,240,64,224,160,104,2480,16
65,224,159,72,208,136,64,400,336,88,376,288,104,792,688,73,264,191,56,344,288,104,2712,16
73,368,295,48,464,416,72,136,64,72,744,672,65,272,207,96,240,144,72,184,112,88,2496,16
80,160,80,64,153,89,71,143,72,72,1024,952,57,536,479,89,144,55,65,696,631,96,2952,16
82,161,79,64,160,96,64,144,80,48,328,280,65,376,311,88,208,120,64,280,216,88,1745,16
64,168,104,56,144,88,56,113,57,47,400,353,55,399,344,64,304,240,64,208,144,56,1792,16
64,176,112,56,152,96,56,168,112,64,352,288,64,336,272,79,352,273,56,216,160,80,1832,16
72,144,72,56,152,96,56,136,80,56,656,600,72,640,568,79,272,193,72,255,183,72,2327,16
72,144,72,63,167,104,65,136,71,97,354,257,62,487,425,88,327,239,65,217,152,87,1919,16
57,129,72,64,148,84,68,188,120,71,448,377,56,399,343,81,328,247,57,209,152,88,1937,16
96,135,39,65,169,104,56,152,96,87,392,305,72,359,287,97,313,216,56,191,135,89,1800,16
73,137,64,56,168,112,56,144,88,71,391,320,73,385,312,88,312,224,63,207,144,97,1841,16
97,153,56,64,368,304,88,199,111,81,369,288,71,471,400,97,512,415,73,248,175,81,2401,16
80,119,39,73,177,104,55,152,97,64,528,464,63,544,481,80,384,304,64,213,149,83,2200,16
71,152,81,63,152,89,64,127,63,64,385,321,71,312,241,87,391,304,65,216,151,81,1816,16
88,168,80,56,176,120,64,160,96,64,408,344,65,552,487,64,264,200,72,352,280,80,2160,16
64,184,120,64,160,96,64,120,56,48,384,336,80,400,320,80,280,200,64,208,144,87,1823,16
56,168,112,64,160,96,56,120,64,47,984,937,80,983,903,73,265,192,80,280,200,72,3032,16
73,168,95,57,160,103,56,120,64,48,408,360,56,728,672,80,560,480,72,256,184,72,2472,16
96,128,32,72,168,96,64,128,64,64,344,280,56,392,336,80,312,232,72,240,168,88,1800,16
72,136,64,64,184,120,48,256,208,72,392,320,64,488,424,88,311,223,49,185,136,88,2040,16
80,128,48,64,160,96,64,160,96,80,416,336,56,304,248,160,320,160,72,183,111,105,1776,16
68,135,67,65,201,136,48,136,88,64,504,440,72,240,168,88,536,448,64,272,208,72,2096,16
64,184,120,64,165,101,51,100,49,71,447,376,73,400,327,88,824,736,64,160,96,88,2368,16
129,168,39,72,152,80,64,135,71,73,377,304,72,320,248,96,328,232,64,200,136,72,1752,16
56,136,80,48,152,104,64,112,48,56,616,560,64,440,376,80,320,240,64,208,144,72,2056,16
72,192,120,64,264,200,64,280,216,71,368,297,64,296,232,96,432,336,64,304,240,72,2208,16
73,144,71,64,176,112,56,119,63,73,729,656,64,288,224,72,800,728,49,199,150,65,2520,16
72,135,63,57,161,104,64,136,72,64,352,288,64,344,280,72,328,256,72,208,136,104,1768,16
64,160,96,48,160,112,72,135,63,88,361,273,45,472,427,112,343,231,73,232,159,81,1944,16
64,200,136,72,176,104,64,160,96,96,479,383,73,657,584,96,296,200,72,200,128,80,2248,16
80,144,64,64,168,104,64,152,88,72,384,312,72,360,288,112,336,224,72,199,127,81,1824,16
72,144,72,64,160,96,56,112,56,80,352,272,72,240,168,72,272,200,72,200,128,97,1577,16
88,160,72,56,184,128,48,272,224,56,744,688,64,456,392,80,232,152,48,184,136,80,2312,16
79,152,73,56,144,88,64,120,56,48,392,344,56,752,696,64,280,216,64,192,128,72,2104,16
72,128,56,56,152,96,48,136,88,56,384,328,56,280,224,120,368,248,63,263,200,57,1768,16
72,152,80,64,176,112,56,160,104,56,560,504,56,432,376,48,312,264,56,160,104,64,2016,16
49,176,127,56,248,192,56,152,96,80,336,256,72,344,272,88,328,240,64,207,143,80,1871,16
72,144,72,48,160,112,72,192,120,95,391,296,65,513,448,80,223,143,73,193,120,96,1912,16
80,128,48,63,192,129,72,136,64,72,784,712,72,320,248,80,328,248,71,160,89,80,2128,16
80,152,72,64,152,88,56,152,96,80,272,192,56,424,368,80,320,240,64,160,96,88,1720,16
64,176,112,56,160,104,56,160,104,72,456,384,56,296,240,103,303,200,65,577,512,80,2208,16
63,128,65,56,152,96,64,135,71,73,312,239,65,409,344,88,311,223,65,265,200,88,1800,16
72,232,160,72,176,104,56,152,96,88,360,272,56,536,480,80,255,175,57,201,144,80,1992,16
72,168,96,64,208,144,56,191,135,73,433,360,64,303,239,97,233,136,72,208,136,111,1855,16
80,160,80,56,168,112,72,159,87,73,377,304,64,320,256,88,528,440,72,248,176,72,2032,16
80,191,111,65,180,115,53,125,72,72,328,256,66,287,221,105,432,327,73,209,136,96,1848,16
64,144,80,72,159,87,65,144,79,73,289,216,56,336,280,32,784,752,56,1056,1000,72,2984,16
72,136,64,72,207,135,65,577,512,64,328,264,63,352,289,79,416,337,72,200,128,79,2295,16
48,120,72,64,175,111,65,153,88,80,368,288,64,264,200,72,264,192,63,184,121,64,1592,16
72,119,47,57,161,104,72,168,96,80,384,304,72,384,312,72,256,184,72,208,136,79,1759,16
72,128,56,56,152,96,63,136,73,56,368,312,80,472,392,128,280,152,72,288,216,87,1911,16
48,160,112,64,176,112,64,151,87,65,345,280,55,319,264,105,352,247,65,169,104,80,1752,16
89,153,64,56,168,112,72,232,160,80,871,791,73,209,136,96,192,96,72,168,96,120,2113,16
88,136,48,56,152,96,72,128,56,64,296,232,72,295,223,89,289,200,71,200,129,96,1592,16
71,135,64,64,168,104,72,152,80,72,360,288,71,375,304,113,232,119,73,177,104,96,1695,16
112,151,39,65,193,128,64,223,159,105,385,280,72,384,312,112,296,184,64,183,119,81,1896,16
81,153,72,64,160,96,64,224,160,72,488,416,72,376,304,104,248,144,64,223,159,89,1961,16
73,136,63,73,184,111,64,217,153,64,407,343,72,417,345,111,256,145,72,176,104,96,1889,16
79,152,73,72,168,96,64,152,88,104,416,312,80,288,208,104,360,256,80,175,95,97,1808,16
80,119,39,57,169,112,64,160,96,80,432,352,79,376,297,80,144,64,64,184,120,72,1656,16
88,176,88,56,192,136,48,120,72,64,416,352,64,440,376,103,199,96,73,185,112,72,1800,16
64,143,79,57,152,95,73,161,88,72,368,296,72,488,416,80,280,200,64,192,128,80,1864,16
72,144,72,48,184,136,64,152,88,80,344,264,80,280,200,104,376,272,72,207,135,41,1728,16
79,144,65,56,152,96,72,152,80,47,303,256,65,457,392,95,231,136,65,184,119,73,1696,16
64,152,88,64,168,104,56,160,104,72,696,624,72,312,240,104,223,119,65,297,232,64,2072,16
40,240,200,48,176,128,63,136,73,56,432,376,64,576,512,64,168,104,64,192,128,40,1960,16
80,128,48,56,151,95,65,137,72,64,352,288,73,424,351,87,312,225,64,224,160,80,1808,16
128,183,55,80,200,120,73,153,80,72,903,831,72,489,417,80,368,288,55,191,136,64,2551,16
65,177,112,63,176,113,64,151,87,81,320,239,65,497,432,80,184,104,72,887,815,97,2489,16
64,127,63,65,153,88,72,152,80,72,344,272,64,400,336,96,303,207,73,184,111,97,1760,16
71,135,64,57,149,92,60,140,80,56,319,263,64,328,264,97,224,127,72,224,152,81,1600,16
73,264,191,56,176,120,56,152,96,72,568,496,64,279,215,89,345,256,64,208,144,96,2088,16
72,160,88,64,152,88,64,128,64,72,312,240,56,383,327,97,401,304,63,224,161,72,1832,16
72,152,80,64,184,120,56,128,72,72,304,232,64,376,312,88,376,288,56,200,144,72,1792,16
72,144,72,56,168,112,56,120,64,64,336,272,56,328,272,72,304,232,56,160,104,72,1632,16
65,168,103,56,160,104,48,104,56,72,336,264,64,704,640,89,280,191,56,144,88,72,1968,16
72,136,64,48,168,120,47,120,73,80,232,152,56,416,360,96,328,232,56,168,112,72,1640,16
72,152,80,56,152,96,48,120,72,64,318,254,66,290,224,80,296,216,56,168,112,72,1568,16
96,136,40,56,152,96,64,120,56,64,280,216,56,376,320,95,248,153,58,151,93,89,1552,16
88,127,39,65,169,104,48,103,55,81,369,288,63,376,313,96,144,48,72,192,120,72,1552,16
72,112,40,63,176,113,56,96,40,64,1096,1032,63,256,193,88,216,128,64,144,80,88,2184,16
80,112,32,72,160,88,64,112,48,64,271,207,65,353,288,87,264,177,64,160,96,87,1519,16
72,160,88,64,176,112,48,184,136,64,240,176,64,632,568,80,192,112,72,176,104,112,1872,16
87,135,48,57,153,96,64,136,72,64,376,312,64,344,280,72,240,168,72,200,128,79,1663,16
72,152,80,64,144,80,72,143,71,65,217,152,64,288,224,104,200,96,72,168,96,72,1384,16
80,168,88,55,152,97,56,135,79,65,256,191,73,385,312,96,160,64,72,175,103,73,1504,16
72,152,80,72,168,96,56,144,88,80,240,160,72,400,328,80,328,248,72,144,72,80,1656,16
79,136,57,72,167,95,65,152,87,65,273,208,56,400,344,88,120,32,88,200,112,64,1512,16
88,128,40,56,144,88,56,127,71,73,216,143,73,337,264,88,232,144,64,192,128,72,1448,16
64,128,64,56,160,104,64,136,72,72,312,240,72,320,248,87,160,73,72,184,112,63,1463,16
80,152,72,64,176,112,64,168,104,64,207,143,65,313,248,96,288,192,64,144,80,72,1520,16
104,144,40,72,160,88,56,144,88,56,232,176,64,464,400,96,175,79,65,193,128,88,1600,16
104,151,47,65,185,120,40,104,64,56,328,272,64,319,255,81,729,648,64,191,127,73,2080,16
64,159,95,57,169,112,72,144,72,72,200,128,48,312,264,88,184,96,79,176,97,88,1432,16
64,128,64,64,167,103,65,185,120,63,208,145,56,280,224,72,640,568,72,240,168,56,1904,16
73,135,62,73,169,96,72,151,79,64,265,201,64,312,248,103,264,161,64,135,71,97,1528,16
73,161,88,72,167,95,73,169,96,64,552,488,56,896,840,56,280,224,64,191,127,56,2472,16
72,144,72,64,159,95,57,161,104,72,248,176,64,336,272,80,304,224,56,183,127,72,1607,16
80,160,80,72,224,152,48,168,120,80,360,280,64,247,183,73,168,95,73,185,112,72,1584,16
71,160,89,64,168,104,64,120,56,80,272,192,72,336,264,88,208,120,72,184,112,72,1520,16
64,136,72,72,168,96,56,151,95,65,305,240,64,424,360,104,184,80,64,144,80,96,1608,16
104,160,56,64,168,104,64,151,87,65,264,199,64,321,257,104,392,288,71,160,89,88,1704,16
87,144,57,72,160,88,64,127,63,65,257,192,63,288,225,104,304,200,71,296,225,88,1664,16
79,192,113,64,160,96,56,191,135,65,376,311,65,433,368,80,216,136,56,168,112,64,1800,16
72,144,72,64,160,96,64,120,56,72,920,848,56,880,824,80,248,168,64,320,256,72,2864,16
64,151,87,57,153,96,64,152,88,80,296,216,71,391,320,73,369,296,56,199,143,73,1784,16
48,143,95,65,160,95,58,129,71,88,271,183,65,625,560,63,200,137,80,232,152,64,1824,16
64,144,80,63,159,96,57,145,88,72,264,192,64,456,392,80,255,175,65,161,96,55,1639,16
57,145,88,56,160,104,64,152,88,88,247,159,73,305,232,96,207,111,73,153,80,88,1457,16
95,168,73,56,175,119,57,121,64,64,351,287,65,281,216,96,272,176,64,143,79,89,1600,16
72,136,64,64,160,96,64,136,72,72,296,224,72,848,776,80,160,80,64,207,143,96,2039,16
97,168,71,73,169,96,64,159,95,73,273,200,72,392,320,112,240,128,72,151,79,73,1625,16
97,161,64,56,143,87,64,153,89,72,248,176,72,528,456,95,312,217,63,168,105,80,1793,16
80,141,61,74,179,105,64,120,56,64,272,208,72,504,432,72,159,87,57,129,72,112,1616,16
72,128,56,64,160,96,72,135,63,56,249,193,56,456,400,96,200,104,72,167,95,89,1584,16
96,151,55,57,161,104,64,143,79,57,273,216,64,408,344,95,184,89,56,176,120,72,1568,16
72,144,72,56,176,120,56,144,88,64,304,240,72,296,224,80,184,104,64,151,87,73,1472,16
104,143,39,57,161,104,56,136,80,80,256,176,72,248,176,80,192,112,64,168,104,72,1376,16
96,136,40,64,160,96,56,136,80,71,232,161,64,239,175,97,193,96,64,136,72,120,1352,16
79,136,57,63,168,105,56,136,80,88,312,224,64,288,224,95,183,88,73,136,63,105,1464,16
65,145,80,64,167,103,56,145,89,64,223,159,65,289,224,95,207,112,65,152,87,64,1392,16
80,160,80,56,167,111,57,169,112,72,320,248,80,744,664,112,223,111,57,168,111,97,2048,16
105,152,47,65,160,95,73,176,103,57,296,239,73,216,143,97,208,111,65,136,71,97,1441,16
81,167,86,49,177,128,63,143,80,81,233,152,64,271,207,89,193,104,64,135,71,113,1432,16
89,160,71,73,216,143,49,600,551,88,296,208,80,233,153,88,808,720,64,239,175,113,2665,16
73,128,55,73,1057,984,64,223,159,97,864,767,81,153,72,80,223,143,65,225,160,88,2961,16
65,192,127,57,168,111,56,216,160,81,232,151,65,289,224,79,191,112,65,176,111,73,1537,16
73,160,87,64,192,128,57,304,247,64,424,360,57,208,151,97,296,199,57,168,111,88,1840,16
73,145,72,55,175,120,56,152,96,65,320,255,64,209,145,88,183,95,64,176,112,97,1457,16
73,128,55,73,176,103,73,184,111,96,410,314,63,318,255,104,224,120,57,145,88,71,1656,16
105,160,55,56,176,120,72,376,304,73,280,207,72,216,144,89,224,135,65,145,80,79,1656,16
97,224,127,73,664,591,65,496,431,72,488,416,64,169,105,48,663,615,64,185,121,80,2969,16
89,152,63,56,200,144,48,353,305,87,2111,2024,81,160,79,96,816,720,56,152,96,80,4024,16
80,143,63,64,160,96,57,128,71,65,248,183,57,256,199,89,288,199,65,185,120,71,1479,16
65,136,71,49,168,119,48,144,96,73,368,295,96,360,264,96,224,128,64,176,112,89,1665,16
73,136,63,64,167,103,50,137,87,64,384,320,64,192,128,105,272,167,57,152,95,89,1529,16
65,152,87,56,160,104,49,120,71,72,256,184,57,272,215,80,152,72,64,168,104,96,1376,16
73,168,95,56,200,144,65,144,79,73,352,279,72,288,216,121,232,111,56,160,104,97,1641,16
79,151,72,56,176,120,40,144,104,88,303,215,73,337,264,105,177,72,55,144,89,64,1496,16
73,128,55,72,168,96,65,136,71,73,328,255,72,344,272,89,160,71,65,143,78,81,1488,16
65,192,127,64,176,112,56,328,272,73,304,231,64,536,472,105,176,71,56,584,528,96,2392,16
81,120,39,56,153,97,63,119,56,81,328,247,40,496,456,105,536,431,65,224,159,104,2080,16
65,128,63,65,176,111,57,144,87,73,240,167,73,272,199,88,272,184,65,152,87,105,1489,16
73,145,72,63,167,104,65,168,103,72,369,297,72,367,295,96,296,200,64,184,120,89,1785,16
81,128,47,56,168,112,57,144,87,89,320,231,72,536,464,72,176,104,64,128,64,81,1681,16
81,176,95,56,160,104,72,144,72,72,328,256,64,248,184,97,192,95,56,120,64,73,1441,16
96,168,72,64,176,112,65,144,79,96,400,304,64,224,160,96,184,88,56,144,88,104,1544,16
72,144,72,72,192,120,57,224,167,88,280,192,73,376,303,96,161,65,71,143,72,88,1608,16
112,176,64,56,160,104,65,145,80,96,383,287,64,232,168,96,352,256,72,168,96,97,1713,16
88,192,104,56,160,104,56,136,80,64,336,272,72,265,193,87,263,176,64,176,112,72,1600,16
88,168,80,56,152,96,56,192,136,56,1200,1144,65,992,927,72,169,97,63,151,88,64,3088,16
57,232,175,56,903,847,57,169,112,96,1448,1352,73,232,159,104,685,581,52,163,111,64,3896,16
72,144,72,65,161,96,47,104,57,56,272,216,56,272,216,96,192,96,48,120,72,72,1337,16
72,183,111,50,162,112,64,144,80,72,384,312,63,332,269,91,235,144,57,136,79,89,1665,16
96,136,40,56,160,104,55,176,121,72,447,375,65,273,208,104,216,112,72,132,60,140,1680,16
80,128,48,72,168,96,56,152,96,72,256,184,56,263,207,105,233,128,52,168,116,96,1464,16
80,137,57,64,176,112,55,167,112,88,457,369,64,424,360,95,208,113,64,168,104,72,1809,16
64,128,64,64,168,104,56,152,96,56,360,304,72,279,207,113,184,71,57,121,64,72,1464,16
80,137,57,56,183,127,49,131,82,70,349,279,73,328,255,89,193,104,72,136,64,56,1513,16
72,128,56,56,159,103,57,152,95,72,260,188,60,245,185,87,175,88,65,153,88,72,1344,16
113,151,38,57,161,104,56,152,96,72,360,288,64,280,216,96,168,72,72,152,80,80,1504,16
64,128,64,72,168,96,72,360,288,72,280,208,72,240,168,96,336,240,80,280,200,64,1856,16
96,152,56,56,152,96,72,176,104,88,376,288,72,256,184,88,280,192,56,168,112,80,1640,16
73,152,79,64,176,112,72,328,256,56,320,264,80,280,200,88,176,88,64,136,72,72,1640,16
81,152,71,56,176,120,24,600,576,120,952,832,73,208,135,104,216,112,64,264,200,72,2640,16
96,152,56,64,159,95,65,137,72,56,416,360,72,304,232,80,200,120,63,176,113,79,1623,16
66,152,86,48,144,96,56,128,72,57,496,439,64,256,192,80,184,104,64,152,88,56,1568,16
72,128,56,56,144,88,56,96,40,64,272,208,56,192,136,96,192,96,64,136,72,80,1240,16
80,128,48,56,135,79,65,129,64,72,6208,6136,73,376,303,80,240,160,64,119,55,73,7408,16
72,111,39,57,145,88,56,120,64,56,304,248,88,304,216,104,200,96,56,136,80,64,1384,16
72,128,56,56,144,88,64,120,56,64,320,256,88,272,184,95,184,89,64,128,64,72,1368,16
72,160,88,32,248,216,56,176,120,63,272,209,72,328,256,96,175,79,65,145,80,55,1559,16
88,120,32,64,221,157,18,82,64,81,313,232,63,344,281,96,120,24,63,176,113,72,1448,16
80,127,47,65,177,112,40,128,88,56,295,239,65,401,336,80,191,111,73,145,72,96,1560,16
95,168,73,64,159,95,57,128,71,65,336,271,72,257,185,88,216,128,72,136,64,64,1464,16
88,160,72,64,152,88,64,112,48,72,263,191,65,280,215,81,193,112,63,120,57,65,1345,16
80,128,48,72,168,96,56,136,80,72,280,208,80,248,168,96,167,71,64,137,73,64,1328,16
96,168,72,56,152,96,63,112,49,72,456,384,63,248,185,88,143,55,72,145,73,64,1488,16
96,128,32,72,184,112,56,184,128,80,392,312,80,224,144,88,216,128,63,152,89,80,1560,16
81,153,72,55,168,113,48,128,80,56,360,304,72,248,176,80,216,136,56,128,72,79,1480,16
64,144,80,65,176,111,48,127,79,72,328,256,73,217,144,112,224,112,63,144,81,79,1439,16
79,143,64,57,161,104,56,128,72,56,248,192,63,232,169,104,232,128,72,144,72,80,1368,16
81,145,64,56,167,111,49,105,56,56,263,207,65,209,144,104,216,112,55,151,96,65,1321,16
72,160,88,47,152,105,48,112,64,56,263,207,65,240,175,89,193,104,56,135,79,73,1328,16
72,135,63,64,177,113,64,143,79,65,264,199,65,288,223,89,305,216,57,168,111,72,1552,16
81,152,71,56,176,120,48,120,72,56,488,432,64,703,639,81,297,216,55,144,89,56,2136,16
55,172,117,51,155,104,49,112,63,64,281,217,64,255,191,57,232,175,73,233,160,64,1504,16
56,136,80,64,160,96,64,144,80,55,312,257,72,359,287,81,169,88,72,184,112,64,1528,16
64,128,64,72,168,96,56,143,87,57,289,232,64,376,312,87,152,65,56,144,88,72,1472,16
79,135,56,65,169,104,56,112,56,56,296,240,80,336,256,71,168,97,64,128,64,55,1399,16
63,128,65,56,160,104,64,144,80,63,392,329,72,279,207,81,225,144,64,144,80,80,1552,16
72,144,72,47,176,129,57,168,111,48,208,160,56,272,216,88,183,95,65,145,80,80,1376,16
72,135,63,65,160,95,65,161,96,72,343,271,57,297,240,80,176,96,72,152,80,55,1479,16
80,152,72,56,160,104,56,144,88,64,216,152,72,240,168,88,192,104,72,527,455,89,1720,16
105,151,46,64,145,81,72,128,56,56,240,184,64,271,207,89,176,87,65,145,80,72,1328,16
89,161,72,56,191,135,65,145,80,64,288,224,56,311,255,81,200,119,57,153,96,72,1521,16
80,176,96,64,176,112,56,152,96,56,415,359,57,312,255,97,168,71,81,225,144,136,1760,16
64,136,72,56,168,112,55,128,73,64,280,216,64,240,176,79,256,177,48,152,104,72,1432,16
65,137,72,56,167,111,40,88,48,73,330,257,79,486,407,73,777,704,64,327,263,73,2385,16
81,153,72,72,200,128,56,120,64,72,663,591,73,241,168,80,224,144,64,151,87,64,1816,16
65,128,63,64,160,96,65,137,72,71,359,288,73,296,223,89,257,168,64,159,95,65,1561,16
80,136,56,65,160,95,57,160,103,65,361,296,64,368,304,88,191,103,72,113,41,72,1561,16
73,137,64,64,152,88,64,191,127,73,216,143,57,1112,1055,81,216,135,65,208,143,73,2305,16
97,152,55,57,176,119,49,160,111,73,488,415,73,752,679,57,144,87,57,176,119,41,2089,16
64,175,111,57,168,111,57,128,71,81,264,183,73,360,287,89,224,135,56,152,96,72,1543,16
81,137,56,72,167,95,73,137,64,64,295,231,65,296,231,88,272,184,72,256,184,72,1632,16
72,159,87,57,176,119,56,248,192,57,288,231,57,384,327,162,200,38,57,168,111,72,1695,16
72,119,47,72,168,96,72,144,72,56,360,304,72,488,416,105,256,151,65,168,103,81,1784,16
105,136,31,81,168,87,73,153,80,72,287,215,65,296,231,105,264,159,65,192,127,80,1576,16
104,120,16,72,192,120,65,176,111,73,328,255,81,321,240,95,255,160,65,176,111,80,1648,16
81,136,55,65,192,127,48,216,168,88,416,328,49,544,495,89,776,687,73,184,111,72,2536,16
97,128,31,57,153,96,64,136,72,72,335,263,73,240,167,97,272,175,65,136,71,104,1504,16
80,112,32,57,160,103,65,144,79,65,336,271,73,464,391,73,152,79,73,136,63,64,1568,16
89,112,23,73,168,95,73,129,56,80,272,192,72,328,256,71,199,128,65,168,103,97,1473,16
49,120,71,72,168,96,73,168,95,81,368,287,72,256,184,89,200,111,57,152,95,81,1513,16
65,128,63,56,192,136,48,432,384,73,280,207,65,256,191,104,176,72,73,160,87,112,1736,16
45,136,91,65,168,103,65,152,87,65,336,271,81,296,215,97,161,64,63,159,96,73,1481,16
73,129,56,64,183,119,57,152,95,65,392,327,73,256,183,97,256,159,65,152,87,81,1601,16
65,136,71,72,184,112,57,120,63,73,2160,2087,81,568,487,73,160,87,64,144,80,73,3545,16
89,152,63,57,160,103,56,112,56,73,288,215,72,272,200,80,168,88,73,152,79,81,1385,16
52,112,60,73,177,104,56,136,80,72,335,263,80,224,144,89,169,80,72,167,95,73,1393,16
80,152,72,73,176,103,57,144,87,48,264,216,65,296,231,72,152,80,65,152,87,73,1409,16
89,152,63,65,160,95,57,128,71,64,296,232,72,367,295,98,177,79,57,136,79,97,1513,16
65,120,55,65,152,87,65,136,71,72,392,320,64,312,248,81,161,80,72,143,71,88,1504,16
64,112,48,73,168,95,64,168,104,73,488,415,72,240,168,121,472,351,73,272,199,129,2049,16
89,168,79,72,160,88,64,176,112,81,392,311,65,208,143,88,272,184,64,136,72,81,1593,16
89,144,55,72,144,72,56,136,80,72,240,168,72,225,153,95,207,112,64,120,56,71,1287,16
96,127,31,65,149,84,68,124,56,63,248,185,64,240,176,96,199,103,65,145,80,72,1304,16
76,144,68,64,159,95,57,113,56,88,272,184,55,255,200,97,233,136,80,143,63,81,1400,16
89,176,87,51,169,118,40,119,79,64,289,225,55,271,216,89,161,72,64,135,71,73,1393,16
71,160,89,47,144,97,56,120,64,64,288,224,64,232,168,119,232,113,56,176,120,71,1423,16
96,127,31,57,144,87,73,121,48,88,279,191,65,281,216,80,152,72,64,144,80,56,1304,16
80,120,40,56,152,96,55,120,65,64,288,224,72,423,351,121,337,216,80,272,192,95,1807,16
72,145,73,48,152,104,56,151,95,57,320,263,65,281,216,103,232,129,56,135,79,73,1489,16
56,128,72,63,176,113,47,120,73,48,264,216,59,280,221,87,191,104,57,116,59,85,1360,16
89,169,80,63,152,89,63,135,72,56,272,216,73,224,151,89,209,120,64,120,56,79,1360,16
80,136,56,56,152,96,56,144,88,49,232,183,64,280,216,88,192,104,56,120,64,72,1328,16
73,128,55,56,168,112,48,152,104,72,296,224,64,256,192,88,224,136,72,168,96,88,1480,16
81,168,87,64,160,96,56,120,64,72,280,208,72,240,168,96,192,96,56,112,56,88,1360,16
72,144,72,72,184,112,56,136,80,72,336,264,72,224,152,96,232,136,56,128,72,72,1456,16
87,135,48,72,160,88,80,168,88,80,344,264,72,200,128,96,192,96,64,136,72,72,1407,16
64,136,72,56,136,80,73,168,95,64,280,216,56,224,168,88,192,104,56,128,72,88,1352,16
105,168,63,64,160,96,72,168,96,72,368,296,72,232,160,88,159,71,65,144,79,73,1472,16
89,153,64,56,184,128,48,192,144,56,336,280,64,200,136,72,271,199,65,216,151,73,1625,16
97,161,64,64,169,105,57,144,87,56,288,232,72,208,136,106,272,166,72,184,112,112,1538,16
71,175,104,56,1200,1144,64,271,207,81,920,839,73,257,184,88,215,127,56,144,88,65,3247,16
64,144,80,64,160,96,56,131,75,77,325,248,64,280,216,88,240,152,72,128,56,112,1520,16
81,136,55,64,176,112,56,144,88,80,271,191,73,241,168,104,320,216,72,208,136,72,1568,16
104,136,32,64,144,80,72,144,72,72,232,160,64,224,160,112,520,408,72,184,112,88,1672,16
65,152,87,56,152,96,72,144,72,96,280,184,72,792,720,104,192,88,64,176,112,72,1960,16
80,152,72,56,152,96,56,120,64,64,352,288,72,704,632,56,112,56,56,160,104,57,1809,16
73,112,39,64,159,95,57,145,88,56,240,184,56,504,448,72,168,96,56,143,87,65,1536,16
72,112,40,56,152,96,56,128,72,64,264,200,64,312,248,72,176,104,64,152,88,72,1368,16
72,152,80,64,152,88,56,152,96,64,216,152,72,320,248,112,328,216,64,183,119,73,1576,16
72,112,40,64,144,80,64,112,48,72,280,208,64,424,360,96,160,64,72,152,80,88,1472,16
105,144,39,72,144,72,64,128,64,80,352,272,80,535,455,89,145,56,55,143,88,96,1687,16
97,144,47,56,161,105,71,144,73,72,312,240,80,328,248,79,183,104,65,152,87,81,1505,16
88,136,48,56,144,88,56,128,72,72,256,184,72,760,688,104,184,80,64,144,80,73,1825,16
81,208,127,64,167,103,73,145,72,64,280,216,64,304,240,96,224,128,64,191,127,65,1584,16
88,152,64,56,168,112,56,136,80,64,736,672,64,336,272,80,208,128,56,128,72,80,1944,16
96,128,32,72,168,96,72,136,64,72,272,200,80,320,240,112,240,128,64,152,88,120,1536,16
80,128,48,56,152,96,64,127,63,89,297,208,72,296,224,95,168,73,56,128,72,80,1376,16
104,168,64,64,168,104,56,120,64,94,368,274,72,528,456,72,175,103,49,137,88,72,1736,16
72,152,80,64,176,112,40,104,64,64,392,328,56,688,632,104,224,120,56,143,87,73,1952,16
72,136,64,64,151,87,57,97,40,48,360,312,64,216,152,72,232,160,63,168,105,88,1448,16
88,160,72,64,168,104,56,136,80,63,336,273,72,560,488,104,248,144,72,208,136,72,1888,16
140,62,-78,141,234,93,125,657,532,125,562,437,141,375,234,125,1172,1047,109,828,719,94,3984,117
109,234,125,63,250,187,188,235,47,140,593,453,157,329,172,109,406,297,172,343,171,125,2515,117
109,203,94,109,312,203,141,250,109,125,594,469,125,203,78,125,453,328,156,344,188,125,2484,117
94,188,94,156,218,62,141,359,218,94,641,547,188,188,0,94,515,421,125,500,375,94,2703,117
94,188,94,140,359,219,141,312,171,94,547,453,172,328,156,110,421,311,125,391,266,94,2640,117
125,156,31,141,203,62,172,329,157,156,578,422,140,234,94,109,313,204,140,1406,1266,78,3297,117
94,140,46,157,558,401,172,297,125,141,547,406,125,344,219,109,734,625,125,234,109,125,2979,117
110,141,31,156,156,0,157,297,140,141,453,312,125,266,141,78,234,156,172,344,172,94,1985,117
78,187,109,110,156,46,172,407,235,125,531,406,125,297,172,125,1000,875,141,266,125,109,2953,117
109,250,141,172,187,15,172,360,188,94,1000,906,125,328,203,109,406,297,172,453,281,110,3094,117
109,250,141,125,156,31,172,235,63,109,406,297,156,281,125,94,359,265,172,407,235,125,2219,117
110,203,93,141,172,31,110,266,156,94,719,625,124,234,110,109,375,266,94,437,343,110,2516,117
94,297,203,94,203,109,94,281,187,79,626,547,156,640,484,141,719,578,141,328,187,125,3219,117
126,172,46,141,141,0,188,219,31,94,640,546,125,313,188,78,266,188,140,406,266,125,2282,117
109,219,110,109,187,78,141,297,156,109,828,719,110,297,187,109,391,282,140,1203,1063,109,3531,117
109,219,110,125,125,0,156,281,125,109,344,235,125,328,203,78,234,156,125,391,266,93,2015,117
141,156,15,156,125,-31,188,235,47,125,375,250,140,843,703,125,141,16,172,219,47,109,2203,117
94,250,156,141,187,46,157,313,156,109,469,360,125,312,187,110,313,203,125,281,156,109,2234,117
125,203,78,141,219,78,125,1031,906,109,1219,1110,140,250,110,109,390,281,157,1125,968,110,4547,117
125,203,78,140,172,32,187,218,31,110,547,437,125,219,94,109,438,329,171,250,79,93,2140,117
78,172,94,187,187,0,157,219,62,125,469,344,125,203,78,141,406,265,172,469,297,125,2250,117
125,156,31,172,172,0,172,234,62,141,422,281,156,281,125,110,250,140,141,360,219,109,1984,117
94,234,140,141,266,125,156,937,781,125,328,203,125,235,110,109,562,453,125,500,375,125,3187,117
125,219,94,125,156,31,172,172,0,140,765,625,125,250,125,110,360,250,140,453,313,125,2500,117
140,328,188,140,1906,1766,156,234,78,141,703,562,157,329,172,124,453,329,171,671,500,126,4750,117
78,172,94,125,125,0,188,203,15,156,485,329,140,156,16,125,359,234,141,235,94,109,1844,117
109,156,47,125,203,78,110,266,156,109,437,328,125,235,110,125,547,422,171,250,79,125,2219,117
125,188,63,94,140,46,172,266,94,109,344,235,140,250,110,125,469,344,109,203,94,93,1953,117
125,188,63,109,156,47,172,266,94,140,343,203,125,1703,1578,157,969,812,125,578,453,110,4313,117
110,188,78,140,140,0,188,219,31,156,1047,891,141,406,265,141,344,203,141,250,109,125,2719,117
109,359,250,94,156,62,141,297,156,110,500,390,141,219,78,125,391,266,140,218,78,110,2250,117
110,203,93,125,125,0,157,235,78,94,515,421,125,235,110,140,594,454,109,218,109,94,2219,117
93,203,110,109,140,31,157,235,78,125,328,203,140,297,157,109,172,63,125,343,218,110,1828,117
110,235,125,109,187,78,141,266,125,94,1328,1234,109,328,219,109,234,125,141,250,109,110,2938,117
109,219,110,140,203,63,156,281,125,125,531,406,156,328,172,125,375,250,156,219,63,94,2250,117
93,203,110,109,156,47,172,281,109,141,375,234,141,313,172,109,1000,891,125,250,125,125,2703,117
93,140,47,110,1027,917,141,422,281,140,375,235,140,531,391,109,328,219,141,360,219,93,3276,117
125,219,94,125,219,94,140,968,828,125,422,297,125,610,485,109,218,109,125,344,219,141,3141,117
125,172,47,140,156,16,156,219,63,156,765,609,110,313,203,109,578,469,140,687,547,110,3000,117
94,172,78,140,187,47,125,219,94,109,1156,1047,125,407,282,125,281,156,125,297,172,93,2812,117
125,188,63,140,164,24,141,188,47,109,703,594,109,250,141,109,375,266,140,234,94,94,2196,117
125,219,94,141,234,93,110,547,437,125,1047,922,156,266,110,125,656,531,140,297,157,94,3360,117
93,156,63,156,187,31,188,188,0,125,687,562,141,250,109,141,375,234,157,250,93,141,2234,117
125,172,47,203,546,343,172,282,110,109,375,266,125,781,656,109,562,453,110,344,234,109,3171,117
110,156,46,123,139,16,172,453,281,125,1359,1234,141,469,328,125,484,359,125,422,297,141,3623,117
62,219,157,93,93,0,203,282,79,109,437,328,125,1125,1000,94,312,218,126,391,265,109,2968,117
78,1156,1078,125,969,844,141,156,15,125,1250,1125,110,563,453,125,484,359,125,313,188,109,5000,117
94,141,47,125,125,0,156,313,157,109,484,375,125,297,172,125,406,281,109,1203,1094,110,3079,117
94,172,78,109,109,0,203,219,16,125,719,594,125,625,500,125,172,47,140,281,141,125,2422,117
109,375,266,93,203,110,140,328,188,109,2469,2360,125,297,172,140,577,437,126,376,250,109,4734,117
141,391,250,78,1594,1516,140,562,422,110,235,125,125,328,203,125,375,250,140,281,141,94,3860,117
141,375,234,109,234,125,110,282,172,125,453,328,140,312,172,125,875,750,110,266,156,125,2922,117
93,297,204,140,265,125,141,282,141,109,718,609,125,360,235,109,859,750,141,234,93,110,3125,117
78,202,124,94,188,94,156,328,172,110,407,297,140,468,328,141,375,234,156,313,157,109,2390,117
94,172,78,125,234,109,157,282,125,109,1359,1250,156,359,203,126,469,343,141,469,328,78,3422,117
78,171,93,110,125,15,188,266,78,109,438,329,140,296,156,125,454,329,156,218,62,125,2093,117
109,203,94,141,235,94,156,328,172,109,484,375,109,594,485,125,250,125,140,281,141,125,2500,117
109,219,110,109,187,78,141,266,125,109,390,281,125,375,250,141,344,203,156,375,219,125,2281,117
125,187,62,94,125,31,172,266,94,125,375,250,141,360,219,109,312,203,156,328,172,125,2078,117
93,234,141,109,156,47,156,422,266,125,516,391,140,312,172,110,360,250,93,359,266,109,2468,117
94,218,124,79,126,47,171,578,407,93,859,766,125,1000,875,141,250,109,172,406,234,156,3593,117
125,1531,1406,109,219,110,140,484,344,125,469,344,125,609,484,110,188,78,140,281,141,109,3890,117
94,234,140,125,204,79,156,328,172,125,515,390,157,391,234,125,390,265,126,266,140,125,2453,117
125,219,94,93,140,47,203,407,204,140,312,172,141,359,218,110,657,547,156,328,172,125,2547,117
94,203,109,109,172,63,172,562,390,110,297,187,125,453,328,110,2219,2109,141,109,-32,141,4156,117
109,140,31,94,126,32,187,265,78,125,735,610,140,375,235,125,531,406,187,656,469,125,2953,117
109,172,63,140,234,94,172,235,63,109,484,375,109,219,110,156,328,172,140,547,407,125,2344,117
93,187,94,110,157,47,171,531,360,93,234,141,109,375,266,109,625,516,109,609,500,126,2844,117
109,171,62,125,157,32,171,1015,844,125,1719,1594,141,234,93,156,344,188,156,360,204,124,4124,117
125,281,156,110,157,47,172,374,202,79,1782,1703,140,437,297,63,610,547,125,1359,1234,94,5094,117
78,156,78,125,125,0,187,281,94,125,328,203,141,563,422,94,219,125,171,265,94,125,2062,117
109,219,110,109,156,47,187,500,313,125,453,328,141,328,187,125,1594,1469,156,250,94,140,3640,117
109,219,110,93,140,47,156,313,157,109,875,766,125,797,672,124,484,360,140,125,-15,125,3078,117
109,219,110,109,156,47,156,532,376,125,687,562,141,250,109,125,734,609,94,516,422,156,3250,117
94,141,47,125,125,0,203,203,0,93,422,329,172,312,140,125,594,469,109,313,204,109,2219,117
109,171,62,125,188,63,172,406,234,109,485,376,140,328,188,125,515,390,141,235,94,125,2453,117
94,188,94,125,187,62,172,688,516,109,687,578,141,407,266,109,1312,1203,172,250,78,94,3813,117
94,235,141,93,140,47,172,375,203,110,344,234,125,406,281,125,391,266,94,219,125,109,2219,117
94,235,141,109,203,94,156,359,203,78,469,391,109,312,203,125,485,360,109,359,250,94,2516,117
109,171,62,110,157,47,187,250,63,109,1187,1078,125,1141,1016,109,375,266,172,547,375,109,3937,117
125,188,63,124,171,47,172,453,281,110,829,719,109,547,438,78,859,781,141,156,15,109,3312,117
110,141,31,125,140,15,204,282,78,140,406,266,172,281,109,110,469,359,156,281,125,110,2110,117
109,235,126,125,140,15,172,282,110,109,421,312,157,266,109,94,688,594,171,609,438,140,2781,117
94,188,94,125,172,47,140,250,110,125,500,375,140,203,63,109,734,625,78,235,157,125,2407,117
110,266,156,94,328,234,109,234,125,125,469,344,109,250,141,125,500,375,125,297,172,125,2469,117
110,188,78,109,140,31,157,219,62,125,844,719,125,406,281,94,563,469,93,390,297,110,2860,117
110,204,94,140,187,47,125,625,500,78,438,360,109,578,469,93,531,438,140,172,32,109,2844,117
94,188,94,93,156,63,172,281,109,125,485,360,125,421,296,94,454,360,156,203,47,109,2297,117
109,172,63,125,125,0,172,328,156,141,1422,1281,140,344,204,109,874,765,141,172,31,94,3531,117
109,219,110,109,125,16,203,219,16,125,328,203,156,390,234,110,500,390,156,219,63,109,2109,117
125,218,93,125,172,47,172,250,78,94,328,234,141,610,469,109,422,313,124,203,79,125,2328,117
110,141,31,140,172,32,172,187,15,125,344,219,125,547,422,109,203,94,156,250,94,94,1938,117
110,203,93,110,110,0,218,218,0,141,563,422,141,875,734,125,1109,984,141,172,31,110,3360,117
94,172,78,156,281,125,125,391,266,94,281,187,94,1110,1016,109,875,766,93,437,344,109,3656,117
93,156,63,125,156,31,156,250,94,94,564,470,140,312,172,110,641,531,125,141,16,125,2345,117
78,157,79,109,140,31,188,219,31,78,547,469,125,437,312,110,360,250,109,219,110,109,2188,117
93,156,63,93,375,282,78,265,187,79,766,687,94,422,328,125,391,266,93,312,219,62,2749,117
1111,261,-850,109,372,263,176,202,26,104,477,373,164,475,311,108,311,203,145,295,150,101,2494,117
89,218,129,132,132,0,186,216,30,108,386,278,147,422,275,112,189,77,142,328,186,95,1986,117
79,127,48,122,129,7,177,206,29,117,375,258,122,293,171,113,505,392,171,251,80,111,1997,117
109,155,46,132,132,0,167,167,0,120,323,203,134,319,185,112,264,152,145,312,167,134,1806,117
98,148,50,116,116,0,177,197,20,139,255,116,128,301,173,111,311,200,148,313,165,90,1731,117
87,157,70,134,113,-21,201,234,33,152,1064,912,139,1271,1132,130,151,21,172,172,0,123,3285,117
89,151,62,108,108,0,182,204,22,132,389,257,149,647,498,136,816,680,141,235,94,137,2687,117
83,123,40,124,124,0,195,195,0,121,463,342,113,579,466,130,283,153,167,596,429,104,2467,117
114,202,88,114,114,0,177,235,58,129,297,168,131,349,218,103,173,70,175,356,181,120,1846,117
91,293,202,135,257,122,153,210,57,126,9933,9807,145,1365,1220,124,641,517,138,386,248,72,13157,117
100,152,52,131,131,0,194,171,-23,127,366,239,150,1388,1238,-891,-840,51,149,466,317,100,1934,117
106,176,70,129,129,0,182,182,0,135,336,201,168,293,125,126,311,185,159,265,106,130,1822,117
118,207,89,126,126,0,185,222,37,139,270,131,147,327,180,116,186,70,166,373,207,108,1819,117
145,232,87,130,130,0,218,218,0,132,251,119,146,280,134,103,357,254,150,385,235,110,1963,117
100,232,132,133,156,23,163,231,68,139,340,201,155,294,139,118,439,321,146,270,124,105,2067,117
126,194,68,116,130,14,212,163,-49,137,1395,1258,160,346,186,132,222,90,174,596,422,130,3176,117
89,139,50,135,135,0,193,208,15,125,310,185,158,581,423,131,174,43,173,239,66,146,1932,117
111,249,138,117,117,0,175,197,22,149,246,97,134,444,310,144,347,203,48,487,439,111,2198,117
113,164,51,116,144,28,179,221,42,105,288,183,160,425,265,120,255,135,150,296,146,119,1912,117
75,187,112,102,130,28,178,215,37,139,243,104,160,421,261,112,176,64,155,199,44,109,1680,117
115,167,52,85,69,-16,312,542,230,152,976,824,127,534,407,127,253,126,170,507,337,122,3170,117
117,141,24,133,133,0,157,187,30,133,340,207,133,490,357,124,271,147,137,274,137,81,1917,117
96,189,93,120,201,81,124,268,144,118,235,117,118,268,150,102,423,321,137,299,162,93,1976,117
86,191,105,110,163,53,147,200,53,130,231,101,147,295,148,107,319,212,139,288,149,96,1783,117
89,158,69,132,197,65,168,192,24,133,656,523,135,309,174,78,369,291,123,815,692,76,2772,117
105,175,70,140,153,13,178,178,0,114,265,151,116,263,147,104,424,320,145,335,190,79,1872,117
99,200,101,130,171,41,163,232,69,124,277,153,149,250,101,102,314,212,154,433,279,89,1966,117
60,292,232,116,177,61,163,163,0,77,710,633,146,324,178,75,383,308,139,360,221,98,2507,117
83,244,161,120,240,120,121,272,151,109,277,168,147,463,316,104,253,149,151,264,113,103,2116,117
85,202,117,97,193,96,138,232,94,142,270,128,109,335,226,102,201,99,130,576,446,107,2116,117
69,210,141,139,176,37,134,248,114,115,264,149,148,436,288,150,299,149,116,226,110,126,1985,117
78,201,123,123,215,92,159,398,239,80,217,137,114,334,220,109,263,154,129,306,177,75,2009,117
94,191,97,117,153,36,140,186,46,108,293,185,121,288,167,112,315,203,154,316,162,99,1841,117
80,224,144,120,186,66,137,224,87,142,318,176,113,343,230,85,179,94,158,616,458,138,2228,117
114,299,185,131,219,88,113,193,80,135,419,284,123,321,198,148,196,48,165,318,153,119,2084,117
95,183,88,92,170,78,136,153,17,116,253,137,131,936,805,94,178,84,151,334,183,115,2322,117
118,221,103,122,190,68,140,256,116,119,261,142,108,474,366,121,193,72,157,209,52,132,1936,117
99,190,91,108,184,76,155,155,0,103,297,194,119,408,289,96,1299,1203,-840,-15,825,64,2582,117
82,186,104,111,147,36,165,232,67,132,285,153,131,418,287,117,430,313,1163,187,-976,109,1994,117
106,184,78,132,173,41,194,240,46,120,261,141,114,346,232,99,192,93,137,388,251,103,1887,117
73,167,94,134,198,64,139,179,40,131,277,146,98,306,208,124,286,162,124,296,172,103,1812,117
78,179,101,100,166,66,176,147,-29,133,366,233,118,731,613,120,183,63,157,646,489,92,2510,117
105,166,61,170,170,0,132,162,30,124,275,151,128,424,296,91,148,57,159,318,159,125,1788,117
105,222,117,150,169,19,140,161,21,108,276,168,113,405,292,105,183,78,138,480,342,111,2007,117
122,207,85,190,160,-30,206,186,-20,133,560,427,143,1016,873,126,354,228,181,414,233,106,3003,117
101,202,101,119,139,20,162,176,14,120,324,204,141,469,328,121,754,633,148,518,370,115,2697,117
107,143,36,190,161,-29,157,157,0,133,303,170,124,459,335,131,330,199,149,487,338,115,2155,117
99,199,100,145,178,33,171,171,0,102,290,188,155,274,119,119,438,319,97,444,347,107,2101,117
101,171,70,116,144,28,164,169,5,100,249,149,121,282,161,109,272,163,148,352,204,68,1707,117
80,177,97,150,171,21,135,135,0,98,332,234,69,283,214,131,456,325,173,474,301,121,2149,117
71,124,53,163,175,12,156,1112,956,-868,-515,353,107,882,775,107,277,170,148,202,54,112,2369,117
101,174,73,156,160,4,167,167,0,150,263,113,142,318,176,116,281,165,135,533,398,119,2015,117
126,172,46,179,179,0,165,165,0,143,398,255,137,276,139,115,609,494,137,375,238,113,2287,117
84,166,82,122,152,30,168,168,0,113,244,131,106,326,220,93,528,435,179,291,112,107,1982,117
74,161,87,95,138,43,151,151,0,139,356,217,146,455,309,110,486,376,137,356,219,85,2188,117
113,202,89,144,185,41,192,192,0,151,419,268,145,290,145,107,240,133,137,303,166,99,1930,117
100,219,119,115,155,40,147,180,33,103,436,333,112,880,768,144,314,170,163,413,250,137,2734,117
97,195,98,135,176,41,163,193,30,134,254,120,126,408,282,122,270,148,114,418,304,113,2027,117
117,256,139,113,138,25,151,166,15,91,247,156,115,367,252,111,242,131,137,422,285,80,1918,117
98,149,51,134,134,0,159,132,-27,130,252,122,133,666,533,99,223,124,139,435,296,75,2066,117
90,183,93,167,202,35,182,333,151,119,225,106,142,896,754,99,145,46,147,199,52,108,2291,117
80,295,215,142,1177,1035,145,235,90,154,394,240,91,333,242,140,294,154,124,241,117,149,3118,117
100,194,94,121,156,35,166,135,-31,115,510,395,90,436,346,93,451,358,116,385,269,99,2366,117
109,160,51,137,155,18,166,166,0,127,306,179,123,372,249,146,283,137,162,290,128,109,1841,117
106,319,213,121,715,594,61,221,160,119,428,309,76,519,443,112,366,254,106,274,168,84,2926,117
106,171,65,116,177,61,131,207,76,115,372,257,126,451,325,93,216,123,129,248,119,127,1969,117
92,236,144,88,216,128,88,441,353,112,296,184,100,329,229,140,520,380,102,232,130,104,2374,117
120,201,81,63,177,114,84,222,138,79,310,231,85,840,755,95,166,71,96,207,111,89,2212,117
82,185,103,82,201,119,81,179,98,99,304,205,96,731,635,99,278,179,118,165,47,1120,3163,117
61,204,143,106,155,49,139,176,37,111,293,182,126,675,549,122,143,21,163,232,69,146,2024,117
95,259,164,105,155,50,139,263,124,133,215,82,122,381,259,120,242,122,129,390,261,97,2002,117
109,251,142,106,147,41,159,322,163,118,314,196,125,414,289,116,339,223,134,289,155,114,2190,117
111,173,62,93,139,46,182,198,16,119,350,231,121,369,248,118,273,155,134,287,153,92,1881,117
1089,182,-907,123,208,85,145,201,56,107,294,187,116,295,179,159,420,261,151,269,118,119,1988,117
112,156,44,149,185,36,170,351,181,116,254,138,129,623,494,92,251,159,121,1439,1318,-853,2406,117
71,181,110,141,155,14,166,216,50,123,331,208,137,484,347,118,315,197,150,388,238,99,2169,117
92,163,71,144,168,24,181,198,17,111,326,215,151,411,260,126,486,360,169,440,271,84,2276,117
100,212,112,103,140,37,155,155,0,109,387,278,120,329,209,128,589,461,119,226,107,95,2133,117
94,162,68,119,148,29,162,184,22,123,325,202,133,343,210,109,436,327,159,215,56,132,1945,117
144,313,169,84,135,51,135,200,65,135,302,167,129,325,196,124,918,794,135,145,10,146,2484,117
123,257,134,112,178,66,164,255,91,129,370,241,111,356,245,90,889,799,120,335,215,96,2736,117
84,160,76,105,154,49,188,188,0,113,366,253,130,261,131,137,372,235,115,502,387,132,2135,117
108,170,62,141,142,1,183,143,-40,104,484,380,152,501,349,134,423,289,142,226,84,118,2207,117
89,189,100,131,153,22,172,224,52,107,316,209,169,420,251,118,356,238,115,289,174,129,2076,117
117,234,117,147,250,103,165,286,121,109,326,217,162,448,286,124,448,324,140,298,158,95,2385,117
97,150,53,121,157,36,155,214,59,118,350,232,138,318,180,136,488,352,101,228,127,106,2011,117
95,177,82,96,163,67,161,161,0,120,550,430,120,270,150,137,427,290,126,174,48,120,2042,117
89,159,70,175,504,329,140,293,153,116,446,330,134,589,455,160,341,181,122,415,293,93,2840,117
95,204,109,142,163,21,1186,216,-970,139,296,157,113,292,179,139,320,181,133,234,101,116,1841,117
87,173,86,113,159,46,195,195,0,108,303,195,127,393,266,113,362,249,117,280,163,94,1959,117
79,223,144,154,561,407,159,325,166,100,418,318,131,350,219,115,635,520,113,246,133,85,2843,117
97,175,78,152,193,41,197,213,16,103,365,262,147,639,492,130,184,54,125,199,74,126,2094,117
119,281,162,134,169,35,197,364,167,88,265,177,107,330,223,125,471,346,136,311,175,113,2304,117
82,171,89,109,161,52,169,169,0,98,316,218,128,285,157,111,669,558,110,408,298,134,2313,117
125,175,50,140,187,47,161,205,44,109,254,145,120,319,199,119,522,403,128,225,97,106,1993,117
97,203,106,143,143,0,147,162,15,105,224,119,147,319,172,126,743,617,136,187,51,123,2104,117
104,168,64,124,184,60,182,154,-28,147,331,184,182,329,147,88,511,423,139,227,88,117,2021,117
120,267,147,132,188,56,157,564,407,98,438,340,127,363,236,82,272,190,128,466,338,126,2684,117
149,109,-40,159,159,0,185,155,-30,126,335,209,150,870,720,118,118,0,167,205,38,127,2078,117
95,147,52,166,166,0,149,149,0,102,213,111,120,375,255,65,114,49,141,252,111,138,1554,117
115,183,68,124,137,13,147,152,5,116,353,237,89,372,283,100,256,156,130,226,96,87,1766,117
88,189,101,128,128,0,152,210,58,97,197,100,127,312,185,117,237,120,113,214,101,104,1591,117
101,135,34,148,148,0,178,198,20,133,235,102,147,338,191,96,241,145,119,240,121,120,1655,117
62,121,59,135,170,35,139,168,29,108,198,90,150,300,150,101,275,174,108,227,119,115,1574,117
114,154,40,163,189,26,118,159,41,120,264,144,133,219,86,97,447,350,135,166,31,112,1710,117
113,343,230,115,115,0,118,153,35,123,190,67,134,294,160,98,224,126,126,293,167,99,1711,117
82,155,73,140,159,19,154,154,0,130,253,123,191,228,37,122,292,170,106,214,108,1107,2562,117
92,131,39,127,145,18,165,165,0,117,210,93,138,274,136,101,213,112,122,413,291,106,1657,117
116,172,56,131,131,0,146,147,1,100,170,70,161,278,117,106,178,72,139,261,122,95,1432,117
115,184,69,129,129,0,189,151,-38,126,492,366,153,240,87,130,261,131,120,193,73,97,1747,117
89,138,49,127,128,1,175,134,-41,121,256,135,149,242,93,80,255,175,119,250,131,102,1505,117
79,161,82,99,130,31,138,138,0,123,324,201,139,178,39,141,309,168,120,392,272,113,1745,117
91,146,55,108,137,29,156,109,-47,100,202,102,161,224,63,110,222,112,132,201,69,103,1344,117
83,137,54,118,118,0,179,125,-54,118,251,133,163,198,35,122,238,116,135,200,65,98,1365,117
81,187,106,109,109,0,148,164,16,90,264,174,174,249,75,124,268,144,121,289,168,85,1615,117
115,178,63,140,140,0,151,67,-84,126,292,166,153,174,21,68,267,199,131,204,73,81,1403,117
104,159,55,143,143,0,135,139,4,114,253,139,159,231,72,96,165,69,128,231,103,83,1404,117
90,162,72,158,158,0,164,164,0,107,258,151,128,158,30,132,307,175,100,149,49,85,1441,117
106,106,0,128,128,0,155,102,-53,132,301,169,149,149,0,86,218,132,112,184,72,82,1270,117
110,224,114,100,138,38,142,142,0,107,209,102,158,327,169,92,124,32,115,236,121,77,1477,117
83,100,17,130,130,0,162,121,-41,104,229,125,149,222,73,113,153,40,124,237,113,91,1283,117
41,224,183,126,230,104,163,163,0,102,187,85,152,309,157,106,175,69,66,185,119,96,1569,117
116,202,86,140,140,0,156,156,0,101,182,81,164,335,171,152,453,301,97,142,45,108,1718,117
129,129,0,173,154,-19,149,83,-66,102,246,144,165,350,185,105,136,31,124,237,113,98,1433,117
133,133,0,139,139,0,156,98,-58,116,258,142,160,160,0,81,151,70,118,180,62,102,1221,117
101,118,17,130,130,0,153,118,-35,125,214,89,146,193,47,141,144,3,133,183,50,124,1224,117
103,141,38,124,124,0,161,133,-28,103,254,151,161,178,17,124,250,126,119,219,100,71,1370,117
77,213,136,132,132,0,186,162,-24,103,272,169,152,98,-54,118,286,168,127,162,35,102,1427,117
89,163,74,197,174,-23,151,48,-103,162,265,103,214,189,-25,85,235,150,128,199,71,84,1357,117
99,131,32,118,148,30,155,70,-85,141,310,169,154,194,40,109,221,112,121,175,54,84,1333,117
85,245,160,112,131,19,127,142,15,99,232,133,135,240,105,94,161,67,132,218,86,1083,2452,117
99,215,116,120,351,231,119,156,37,100,257,157,135,236,101,85,186,101,114,215,101,69,1685,117
114,141,27,135,135,0,182,145,-37,139,253,114,168,195,27,100,210,110,160,206,46,108,1393,117
87,179,92,155,155,0,199,206,7,112,280,168,168,176,8,110,327,217,126,167,41,82,1572,117
74,107,33,133,133,0,144,85,-59,114,274,160,215,275,60,108,161,53,135,135,0,109,1279,117
84,182,98,150,150,0,136,158,22,128,215,87,141,362,221,109,166,57,118,192,74,93,1518,117
92,206,114,100,100,0,149,149,0,100,217,117,168,314,146,119,141,22,144,198,54,106,1431,117
95,211,116,132,148,16,160,161,1,105,193,88,127,334,207,109,163,54,148,193,45,105,1508,117
110,280,170,129,154,25,163,163,0,128,279,151,149,213,64,140,184,44,135,151,16,105,1529,117
88,186,98,148,161,13,141,180,39,103,258,155,135,263,128,107,233,126,121,167,46,118,1566,117
90,166,76,1118,135,-983,156,120,-36,97,248,151,146,277,131,104,139,35,132,152,20,131,1368,117
74,107,33,150,179,29,170,140,-30,105,262,157,117,217,100,85,318,233,100,485,385,101,1809,117
79,211,132,132,152,20,163,117,-46,114,249,135,151,248,97,84,285,201,121,198,77,103,1563,117
98,185,87,150,130,-20,186,155,-31,129,278,149,146,180,34,102,256,154,132,171,39,109,1464,117
119,170,51,131,131,0,185,84,-101,101,346,245,156,105,-51,126,600,474,116,151,35,77,1664,117
93,133,40,141,141,0,138,70,-68,133,252,119,178,216,38,148,247,99,150,247,97,90,1396,117
87,161,74,109,138,29,155,155,0,83,213,130,197,197,0,90,209,119,143,216,73,98,1387,117
116,189,73,130,130,0,168,168,0,129,237,108,164,294,130,115,140,25,158,228,70,101,1487,117
98,129,31,155,155,0,178,121,-57,128,272,144,168,329,161,91,163,72,124,381,257,82,1632,117
103,161,58,158,168,10,173,141,-32,135,280,145,148,238,90,111,180,69,140,233,93,85,1486,117
120,136,16,151,114,-37,185,101,-84,129,287,158,207,459,252,121,121,0,164,200,36,106,1524,117
94,155,61,141,116,-25,140,75,-65,113,282,169,198,198,0,116,214,98,139,380,241,125,1545,117
85,147,62,128,105,-23,183,141,-42,107,251,144,175,335,160,104,193,89,141,244,103,83,1499,117
90,133,43,138,138,0,171,116,-55,133,252,119,146,291,145,107,459,352,149,229,80,73,1691,117
100,154,54,122,104,-18,169,169,0,112,192,80,146,250,104,119,195,76,154,175,21,109,1348,117
98,133,35,190,164,-26,162,122,-40,115,304,189,160,178,18,118,760,642,135,150,15,70,1881,117
102,169,67,114,82,-32,208,166,-42,138,257,119,169,196,27,107,199,92,142,182,40,96,1347,117
86,147,61,125,125,0,189,143,-46,130,254,124,167,215,48,123,591,468,149,241,92,121,1837,117
101,226,125,130,130,0,172,130,-42,98,285,187,144,249,105,113,277,164,135,257,122,98,1652,117
89,141,52,124,99,-25,178,128,-50,130,230,100,187,219,32,135,305,170,136,155,19,131,1408,117
98,98,0,152,117,-35,179,154,-25,113,258,145,213,328,115,112,161,49,141,245,104,88,1449,117
70,135,65,142,101,-41,201,202,1,112,239,127,144,453,309,151,174,23,139,139,0,126,1569,117
91,160,69,119,102,-17,170,138,-32,136,221,85,152,292,140,151,226,75,153,176,23,124,1439,117
114,153,39,118,102,-16,192,131,-61,113,230,117,161,301,140,164,229,65,123,152,29,108,1406,117
103,120,17,142,142,0,200,137,-63,127,238,111,143,267,124,126,148,22,119,210,91,95,1357,117
70,116,46,118,118,0,183,138,-45,125,226,101,149,287,138,135,135,0,145,160,15,115,1295,117
88,1130,1042,-819,-846,-27,211,192,-19,138,277,139,120,248,128,1136,230,-906,121,239,118,84,1554,117
64,142,78,119,135,16,167,121,-46,101,196,95,164,319,155,123,185,62,119,250,131,84,1432,117
72,167,95,137,104,-33,229,229,0,107,260,153,122,257,135,104,184,80,121,248,127,87,1536,117
53,140,87,159,114,-45,194,162,-32,123,262,139,173,325,152,97,399,302,129,199,70,83,1684,117
82,134,52,158,116,-42,204,182,-22,131,254,123,126,294,168,148,760,612,123,147,24,109,1996,117
123,168,45,172,154,-18,152,99,-53,123,270,147,133,235,102,143,780,637,152,283,131,67,2056,117
69,118,49,168,134,-34,186,138,-48,112,194,82,1194,257,-937,111,136,25,133,226,93,97,1300,117
72,137,65,175,144,-31,165,165,0,103,239,136,129,196,67,155,209,54,128,184,56,110,1384,117
80,64,-16,145,145,0,156,90,-66,120,262,142,167,238,71,119,187,68,156,190,34,102,1278,117
83,96,13,204,150,-54,187,113,-74,142,309,167,127,148,21,107,297,190,135,221,86,97,1431,117
88,88,0,215,145,-70,204,142,-62,134,278,144,176,176,0,93,404,311,133,419,286,115,1767,117
112,114,2,189,120,-69,206,160,-46,149,307,158,153,228,75,136,607,471,151,167,16,118,1821,117
100,137,37,199,152,-47,170,115,-55,131,266,135,159,318,159,112,116,4,147,238,91,109,1451,117
67,67,0,175,149,-26,171,129,-42,129,273,144,138,236,98,125,302,177,191,319,128,110,1585,117
71,71,0,227,185,-42,194,215,21,132,210,78,145,323,178,97,413,316,105,230,125,118,1765,117
107,143,36,236,179,-57,171,205,34,116,344,228,134,380,246,96,138,42,165,333,168,103,1825,117
98,146,48,134,134,0,178,178,0,124,178,54,148,430,282,151,414,263,119,219,100,1115,2814,117
110,117,7,160,160,0,185,167,-18,122,225,103,126,256,130,121,633,512,1121,240,-881,99,1897,117
92,164,72,160,135,-25,179,159,-20,153,250,97,136,232,96,120,721,601,148,523,375,115,2299,117
95,124,29,168,138,-30,142,118,-24,126,248,122,151,319,168,79,176,97,103,189,86,96,1408,117
111,120,9,156,126,-30,169,129,-40,135,207,72,165,409,244,108,123,15,148,207,59,139,1460,117
116,116,0,173,133,-40,160,120,-40,136,206,70,155,249,94,153,243,90,137,256,119,125,1448,117
103,119,16,183,134,-49,183,144,-39,137,282,145,120,225,105,132,303,171,114,147,33,131,1485,117
93,121,28,160,160,0,181,149,-32,127,244,117,118,301,183,134,439,305,111,302,191,128,1844,117
93,93,0,188,164,-24,174,174,0,109,228,119,166,564,398,105,136,31,137,235,98,82,1676,117
68,158,90,137,111,-26,199,214,15,104,270,166,146,469,323,94,179,85,151,221,70,110,1732,117
90,90,0,143,113,-30,191,149,-42,137,265,128,152,272,120,98,147,49,165,203,38,98,1337,117
80,158,78,133,105,-28,186,186,0,115,150,35,158,383,225,98,107,9,129,221,92,87,1397,117
78,130,52,127,110,-17,150,150,0,119,203,84,159,266,107,118,270,152,143,231,88,84,1444,117
87,87,0,146,146,0,144,119,-25,100,271,171,159,346,187,116,300,184,121,187,66,102,1558,117
99,134,35,124,107,-17,145,120,-25,113,201,88,136,219,83,116,197,81,119,209,90,96,1283,117
116,162,46,126,108,-18,170,106,-64,124,265,141,136,194,58,116,166,50,129,186,57,94,1281,117
156,187,31,125,100,-25,155,91,-64,123,269,146,180,240,60,108,186,78,132,177,45,109,1359,117
98,124,26,172,143,-29,165,165,0,120,279,159,119,202,83,143,220,77,129,182,53,116,1431,117
69,120,51,114,114,0,152,85,-67,127,277,150,119,151,32,137,252,115,133,372,239,82,1453,117
105,157,52,120,96,-24,144,104,-40,98,186,88,147,232,85,100,142,42,118,185,67,109,1211,117
86,130,44,134,115,-19,146,105,-41,129,268,139,153,189,36,118,209,91,134,177,43,116,1309,117
106,143,37,132,134,2,146,146,0,102,159,57,175,328,153,113,223,110,142,271,129,119,1523,117
95,139,44,132,107,-25,153,106,-47,127,223,96,143,233,90,141,141,0,156,234,78,85,1268,117
104,140,36,140,115,-25,168,51,-117,117,299,182,179,149,-30,126,203,77,147,195,48,102,1254,117
94,150,56,144,114,-30,158,101,-57,118,253,135,146,206,60,154,216,62,127,243,116,106,1389,117
83,165,82,123,123,0,146,114,-32,112,197,85,145,259,114,142,240,98,115,303,188,145,1546,117
88,112,24,104,73,-31,165,165,0,68,218,150,117,178,61,140,216,76,73,336,263,118,1416,117
65,138,73,142,90,-52,186,132,-54,99,207,108,156,281,125,113,113,0,137,225,88,93,1279,117
83,103,20,141,109,-32,160,127,-33,93,241,148,162,204,42,132,556,424,107,342,235,129,1811,117
44,159,115,136,136,0,138,87,-51,134,248,114,142,185,43,149,219,70,133,142,9,146,1322,117
66,146,80,126,102,-24,176,152,-24,97,253,156,110,197,87,158,182,24,135,155,20,149,1336,117
97,176,79,133,109,-24,160,64,-96,97,337,240,159,180,21,122,260,138,159,231,72,96,1453,117
84,140,56,102,102,0,159,106,-53,115,186,71,190,250,60,130,144,14,139,188,49,118,1234,117
101,158,57,127,96,-31,148,98,-50,129,298,169,154,190,36,128,200,72,128,206,78,88,1334,117
68,179,111,112,87,-25,105,106,1,79,160,81,132,271,139,112,131,19,132,246,114,101,1281,117
96,123,27,120,104,-16,160,120,-40,128,263,135,149,196,47,139,165,26,134,258,124,116,1345,117
103,122,19,135,101,-34,176,168,-8,112,272,160,136,156,20,131,185,54,137,159,22,106,1269,117
99,169,70,127,103,-24,144,96,-48,101,201,100,160,176,16,123,173,50,132,166,34,106,1190,117
103,106,3,142,98,-44,164,140,-24,92,216,124,108,248,140,110,115,5,157,327,170,46,1296,117
102,152,50,124,70,-54,167,99,-68,101,259,158,159,159,0,153,183,30,129,220,91,102,1244,117
115,152,37,125,101,-24,144,88,-56,128,248,120,132,155,23,125,181,56,165,165,0,103,1193,117
87,119,32,148,97,-51,168,75,-93,125,252,127,167,167,0,120,149,29,156,175,19,117,1151,117
118,164,46,170,115,-55,170,121,-49,121,254,133,126,155,29,139,184,45,135,160,25,116,1269,117
118,198,80,155,106,-49,182,132,-50,131,250,119,133,244,111,135,206,71,134,286,152,65,1487,117
108,145,37,190,148,-42,150,69,-81,136,293,157,118,152,34,134,195,61,155,200,45,107,1309,117
116,150,34,158,124,-34,161,153,-8,112,156,44,151,261,110,107,155,48,148,176,28,116,1291,117
78,94,16,156,132,-24,152,127,-25,121,191,70,162,274,112,142,146,4,133,217,84,148,1329,117
91,153,62,173,141,-32,152,94,-58,151,267,116,167,191,24,134,226,92,115,161,46,107,1340,117
150,161,11,173,131,-42,169,122,-47,1122,312,-810,83,115,32,139,231,92,142,143,1,127,1342,117
109,157,48,120,80,-40,202,143,-59,148,294,146,128,1175,1047,-877,-769,108,118,118,0,104,1302,117
109,131,22,173,108,-65,217,183,-34,170,345,175,107,140,33,169,285,116,145,161,16,167,1520,117
106,152,46,145,97,-48,191,137,-54,121,237,116,115,149,34,119,196,77,133,188,55,107,1263,117
100,164,64,160,102,-58,200,132,-68,121,302,181,160,160,0,167,468,301,150,191,41,115,1634,117
117,139,22,157,108,-49,171,117,-54,128,219,91,138,212,74,151,167,16,142,182,40,118,1262,117
94,156,62,154,86,-68,194,155,-39,142,255,113,121,214,93,125,149,24,132,165,33,102,1282,117
101,113,12,181,131,-50,177,92,-85,134,269,135,129,187,58,157,196,39,160,180,20,123,1291,117
86,113,27,149,101,-48,157,104,-53,120,233,113,116,185,69,115,151,36,149,162,13,117,1166,117
84,139,55,166,133,-33,159,60,-99,151,269,118,142,194,52,124,154,30,134,188,54,102,1239,117
99,150,51,164,100,-64,185,108,-77,141,275,134,162,221,59,124,181,57,131,234,103,97,1366,117
97,115,18,183,101,-82,150,97,-53,120,219,99,129,190,61,149,421,272,150,377,227,78,1598,117
80,115,35,189,155,-34,154,35,-119,119,260,141,152,166,14,132,544,412,120,158,38,111,1544,117
107,129,22,189,149,-40,164,81,-83,115,308,193,187,161,-26,130,360,230,170,501,331,93,1782,117
89,126,37,161,104,-57,175,73,-102,115,294,179,153,157,4,117,328,211,153,205,52,104,1391,117
87,152,65,173,123,-50,186,149,-37,140,215,75,124,326,202,104,147,43,147,294,147,68,1474,117
87,122,35,148,103,-45,210,123,-87,114,358,244,141,226,85,134,192,58,176,319,143,92,1535,117
84,109,25,141,109,-32,192,150,-42,130,223,93,131,209,78,115,227,112,120,255,135,84,1366,117
118,119,1,1210,129,-1081,220,106,-114,147,426,279,129,174,45,115,292,177,129,244,115,88,1578,117
88,123,35,184,123,-61,226,179,-47,132,246,114,131,202,71,125,207,82,109,249,140,92,1421,117
78,121,43,141,101,-40,167,123,-44,98,194,96,151,241,90,98,173,75,138,262,124,119,1334,117
128,129,1,163,83,-80,198,150,-48,121,216,95,134,324,190,105,125,20,149,314,165,99,1440,117
121,144,23,172,125,-47,177,1122,945,-886,-784,102,130,301,171,128,128,0,118,259,141,126,1421,117
95,95,0,166,116,-50,169,101,-68,101,236,135,145,251,106,113,391,278,137,324,187,99,1613,117
124,158,34,215,132,-83,178,151,-27,139,235,96,143,280,137,99,169,70,146,1201,1055,-891,1435,117
71,126,55,189,132,-57,169,145,-24,120,222,102,142,290,148,120,154,34,133,200,67,110,1379,117
88,91,3,205,115,-90,216,134,-82,142,292,150,157,208,51,133,171,38,163,1262,1099,-900,1373,117
97,98,1,270,91,-179,213,179,-34,34,191,157,162,181,19,120,389,269,157,195,38,124,1448,117
100,132,32,196,155,-41,165,65,-100,123,271,148,140,235,95,127,291,164,133,307,174,79,1535,117
131,72,-59,267,150,-117,165,117,-48,115,178,63,1155,382,-773,96,58,-38,157,310,153,56,1323,117
68,68,0,216,146,-70,155,93,-62,141,245,104,129,256,127,94,116,22,145,215,70,125,1264,117
108,108,0,190,133,-57,168,121,-47,143,257,114,143,347,204,108,126,18,136,365,229,101,1558,117
84,125,41,210,124,-86,204,137,-67,158,226,68,152,326,174,112,155,43,140,316,176,127,1536,117
105,105,0,259,151,-108,248,313,65,122,268,146,135,288,153,127,232,105,103,218,115,96,1671,117
30,65,35,172,122,-50,179,109,-70,126,253,127,160,305,145,128,243,115,130,230,100,86,1413,117
86,179,93,122,122,0,154,154,0,66,390,324,100,220,120,103,185,82,135,239,104,81,1570,117
103,104,1,184,132,-52,162,118,-44,125,196,71,126,406,280,115,115,0,121,218,97,102,1391,117
80,148,68,198,141,-57,177,137,-40,152,249,97,135,291,156,115,604,489,155,212,57,129,1911,117
61,98,37,150,130,-20,172,139,-33,108,229,121,146,297,151,1101,171,-930,118,210,92,102,1376,117
100,100,0,187,167,-20,155,155,0,116,208,92,1139,422,-717,114,283,169,147,249,102,132,1716,117
94,94,0,133,133,0,197,157,-40,109,336,227,169,327,158,128,289,161,174,226,52,84,1646,117
93,146,53,150,132,-18,162,136,-26,129,290,161,158,493,335,91,131,40,136,264,128,101,1693,117
70,135,65,141,142,1,175,151,-24,120,314,194,144,254,110,105,178,73,119,195,76,98,1467,117
77,110,33,134,134,0,183,147,-36,132,232,100,166,286,120,115,200,85,134,317,183,68,1494,117
71,131,60,101,116,15,200,162,-38,141,255,114,146,264,118,102,223,121,136,136,0,93,1380,117
80,148,68,198,141,-57,177,137,-40,152,249,97,135,291,156,115,604,489,155,212,57,129,1911,117
109,136,27,189,149,-40,192,107,-85,112,357,245,114,288,174,105,235,130,140,269,129,102,1643,117
48,94,46,205,149,-56,177,121,-56,143,220,77,164,505,341,106,129,23,162,266,104,110,1594,117
96,140,44,157,116,-41,170,140,-30,138,255,117,143,278,135,121,162,41,195,217,22,101,1409,117
72,146,74,161,117,-44,178,114,-64,129,347,218,177,230,53,133,319,186,1140,232,-908,101,1606,117
92,154,62,150,94,-56,192,64,-128,128,320,192,145,230,85,119,259,140,151,468,317,118,1707,117
102,155,53,174,124,-50,202,180,-22,134,221,87,148,438,290,112,136,24,122,182,60,117,1553,117
87,144,57,193,134,-59,170,59,-111,130,301,171,151,301,150,165,198,33,135,201,66,82,1420,117
117,100,-17,176,136,-40,201,176,-25,143,210,67,127,412,285,115,115,0,132,193,61,110,1452,117
91,91,0,194,44,-150,257,212,-45,140,325,185,147,264,117,122,310,188,108,296,188,89,1631,117
137,162,25,197,102,-95,187,187,0,124,285,161,134,228,94,112,282,170,129,292,163,57,1595,117
117,117,0,230,118,-112,188,112,-76,112,237,125,129,480,351,104,116,12,131,460,329,109,1749,117
117,117,0,185,119,-66,161,101,-60,162,223,61,173,350,177,107,123,16,140,212,72,120,1365,117
94,232,138,100,232,132,84,1473,1389,84,733,649,69,1497,1428,123,408,285,100,455,355,78,5108,126
69,239,170,100,1651,1551,84,1087,1003,69,1320,1251,69,739,670,100,918,818,85,464,379,53,6471,126
84,247,163,85,239,154,108,1033,925,69,1040,971,79,818,739,101,433,332,84,485,401,69,4364,126
69,223,154,100,216,116,85,1319,1234,69,1273,1204,62,601,539,101,1298,1197,84,454,370,85,5469,126
69,417,348,54,207,153,63,417,354,78,1344,1266,60,1109,1049,84,1118,1034,69,339,270,62,5013,126
79,618,539,84,301,217,69,586,517,78,1503,1425,63,602,539,100,902,802,85,564,479,85,5161,126
85,701,616,85,433,348,69,454,385,69,2106,2037,69,1103,1034,85,286,201,100,501,401,85,5669,126
85,270,185,85,223,138,78,394,316,85,1658,1573,85,871,786,62,347,285,116,834,718,69,4666,126
63,448,385,116,270,154,131,417,286,84,1034,950,69,539,470,78,680,602,100,454,354,69,3911,126
62,231,169,85,239,154,62,2018,1956,84,501,417,85,1103,1018,85,154,69,100,417,317,100,4763,126
69,216,147,84,216,132,85,4179,4094,85,470,385,85,332,247,101,655,554,101,633,532,85,6786,126
85,771,686,84,216,132,100,786,686,79,649,570,85,232,147,107,555,448,100,517,417,69,3795,126
85,401,316,85,216,131,101,919,818,69,755,686,100,473,373,96,776,680,85,386,301,84,4010,126
85,254,169,78,232,154,100,818,718,85,1134,1049,85,486,401,100,239,139,100,895,795,69,4127,126
101,263,162,85,217,132,84,554,470,85,850,765,84,623,539,101,718,617,100,517,417,84,3826,126
78,278,200,138,386,248,116,354,238,85,802,717,101,765,664,85,154,69,92,415,323,101,3255,126
78,216,138,100,232,132,100,686,586,69,1774,1705,62,949,887,100,354,254,85,364,279,100,4675,126
69,439,370,100,231,131,101,749,648,78,671,593,85,332,247,85,602,517,84,1141,1057,78,4243,126
101,201,100,100,232,132,100,486,386,62,401,339,116,332,216,84,232,148,100,539,439,84,2507,126
131,278,147,101,401,300,85,301,216,100,439,339,100,702,602,84,679,595,69,355,286,84,3239,126
73,242,169,79,248,169,100,370,270,84,749,665,116,1357,1241,100,385,285,100,401,301,94,3846,126
101,317,216,69,671,602,69,247,178,53,786,733,54,439,385,78,618,540,84,485,401,78,3641,126
116,232,116,116,232,116,122,270,148,84,385,301,116,347,231,85,718,633,100,370,270,69,2623,126
85,216,131,101,239,138,93,1366,1273,84,1435,1351,85,3964,3879,85,455,370,100,532,432,85,8292,126
85,216,131,85,201,116,109,354,245,69,1435,1366,101,718,617,69,570,501,101,671,570,85,4250,126
84,185,101,115,263,148,122,369,247,85,903,818,85,1789,1704,31,269,238,79,765,686,100,4643,126
85,207,122,94,248,154,100,347,247,85,370,285,116,417,301,100,323,223,116,464,348,69,2445,126
84,207,123,131,232,101,100,664,564,69,385,316,69,517,448,107,740,633,85,386,301,62,3193,126
63,201,138,100,216,116,101,270,169,86,363,277,116,640,524,116,200,84,78,480,402,100,2470,126
85,248,163,107,222,115,101,285,184,94,564,470,101,301,200,116,502,386,84,639,555,78,2839,126
85,217,132,100,285,185,100,285,185,63,664,601,85,354,269,132,348,216,108,439,331,85,2677,126
85,216,131,123,223,100,78,216,138,69,818,749,69,2074,2005,147,248,101,100,470,370,69,4334,126
85,232,147,100,201,101,84,254,170,100,517,417,84,1071,987,78,216,138,116,1135,1019,69,3695,126
78,200,122,101,216,115,116,501,385,85,370,285,94,395,301,107,408,301,100,432,332,85,2607,126
85,263,178,101,254,153,101,618,517,84,501,417,100,417,317,53,655,602,84,432,348,124,3264,126
100,231,131,101,223,122,78,279,201,84,385,301,101,433,332,84,423,339,100,417,317,84,2475,126
85,301,216,116,254,138,100,263,163,69,455,386,100,332,232,84,300,216,101,502,401,69,2476,126
84,254,170,115,231,116,104,232,128,100,470,370,100,702,602,85,270,185,100,416,316,69,2644,126
85,740,655,78,363,285,85,2244,2159,78,718,640,84,1751,1667,101,1187,1086,69,332,263,69,7404,126
85,1050,965,84,238,154,132,263,131,100,501,401,101,355,254,84,717,633,85,348,263,100,3572,126
84,285,201,100,263,163,85,818,733,69,354,285,116,432,316,69,254,185,100,987,887,78,3471,126
100,254,154,85,201,116,100,670,570,79,364,285,100,454,354,101,201,100,100,379,279,71,2594,126
93,194,101,107,222,115,101,849,748,85,816,731,140,1358,1218,53,285,232,116,448,332,69,4241,126
69,216,147,85,185,100,101,201,100,100,417,317,100,254,154,93,1065,972,69,316,247,85,2739,126
69,254,185,100,231,131,101,254,153,85,564,479,85,624,539,100,201,101,100,347,247,100,2575,126
78,201,123,100,200,100,94,216,122,85,364,279,122,454,332,101,749,648,85,439,354,100,2723,126
79,201,122,116,247,131,116,232,116,85,586,501,108,355,247,115,369,254,116,549,433,84,2623,126
100,232,132,116,247,131,123,270,147,84,655,571,100,395,295,84,222,138,116,918,802,69,3008,126
78,294,216,85,207,122,101,263,162,101,433,332,85,254,169,69,247,178,101,424,323,100,2222,126
84,231,147,85,217,132,106,222,116,116,1805,1689,100,848,748,85,217,132,104,469,365,85,4094,126
100,254,154,100,201,101,100,216,116,85,370,285,100,432,332,85,370,285,85,412,327,62,2317,126
85,201,116,84,169,85,100,201,101,84,470,386,100,934,834,100,501,401,69,385,316,69,2930,126
85,185,100,116,179,63,122,200,78,100,370,270,69,649,580,138,539,401,84,401,317,69,2592,126
85,248,163,115,222,107,101,232,131,85,502,417,100,570,470,116,301,185,100,501,401,78,2654,126
69,2074,2005,69,201,132,85,216,131,100,439,339,100,301,201,116,200,84,116,348,232,69,3848,126
84,247,163,100,201,101,116,216,100,100,439,339,84,1187,1103,78,163,85,131,416,285,85,2954,126
85,602,517,69,185,116,84,254,170,100,378,278,85,539,454,63,185,122,116,402,286,115,2660,126
85,232,147,100,223,123,116,216,100,116,385,269,79,248,169,69,270,201,131,463,332,100,2137,126
100,232,132,116,332,216,132,301,169,84,786,702,101,587,486,131,216,85,100,385,285,101,2940,126
85,264,179,122,253,131,116,232,116,116,455,339,100,332,232,100,232,132,122,385,263,101,2254,126
85,679,594,108,177,69,116,270,154,116,416,300,101,386,285,94,417,323,116,385,269,78,2808,126
116,270,154,94,200,106,101,201,100,116,579,463,101,502,401,122,724,602,100,363,263,85,2924,126
54,285,231,101,248,147,85,316,231,69,809,740,78,533,455,100,316,216,101,386,285,85,2978,126
100,301,201,84,232,148,84,269,185,69,733,664,85,787,702,100,263,163,106,407,301,84,3076,126
78,279,201,84,200,116,85,201,116,69,771,702,69,956,887,78,200,122,100,502,402,78,3187,126
86,286,200,116,217,101,115,219,104,66,504,438,131,648,517,101,332,231,116,370,254,85,2661,126
100,248,148,100,216,116,122,238,116,100,332,232,101,355,254,100,517,417,100,332,232,84,2322,126
100,254,154,100,216,116,85,185,100,78,564,486,85,417,332,122,200,78,85,386,301,69,2291,126
94,263,169,101,201,100,116,254,138,85,686,601,101,263,162,85,633,548,85,285,200,85,2670,126
100,370,270,78,416,338,85,217,132,100,501,401,124,416,292,101,185,84,116,718,602,100,2923,126
100,254,154,85,185,100,116,285,169,78,1636,1558,84,231,147,101,602,501,100,354,254,101,3648,126
84,247,163,107,270,163,116,254,138,116,686,570,100,1050,950,116,231,115,139,402,263,100,3240,126
116,262,146,92,192,100,116,279,163,84,369,285,116,687,571,116,147,31,122,423,301,116,2475,126
100,269,169,132,217,85,100,247,147,107,470,363,85,417,332,122,185,63,131,401,270,69,2275,126
87,300,213,116,201,85,100,247,147,85,424,339,84,1065,981,122,138,16,147,401,254,100,2876,126
116,285,169,100,201,101,100,216,116,84,633,549,69,686,617,116,185,69,116,401,285,69,2676,126
94,301,207,94,194,100,107,207,100,116,348,232,84,347,263,101,424,323,84,401,317,62,2284,126
100,247,147,101,201,100,122,223,101,100,363,263,116,370,254,116,216,100,116,317,201,100,2037,126
94,281,187,120,198,78,100,216,116,107,401,294,69,439,370,116,201,85,131,385,254,116,2237,126
47,1019,972,84,200,116,100,285,185,69,455,386,115,595,480,107,138,31,131,417,286,100,3209,126
69,238,169,100,216,116,116,301,185,78,417,339,131,949,818,69,1990,1921,100,771,671,47,4929,126
100,270,170,78,200,122,78,179,101,100,354,254,100,586,486,100,232,132,116,354,238,94,2269,126
100,254,154,100,200,100,101,217,116,100,332,232,116,338,222,163,201,38,147,517,370,62,2121,126
69,201,132,100,200,100,123,285,162,16,1219,1203,100,439,339,100,232,132,131,401,270,100,3077,126
78,216,138,116,232,116,116,232,116,116,401,285,69,671,602,115,902,787,85,386,301,100,3140,126
69,263,194,100,207,107,116,232,116,100,385,285,116,379,263,123,308,185,94,348,254,115,2237,126
63,248,185,131,254,123,131,300,169,91,481,390,99,521,422,116,148,32,131,385,254,85,2422,126
78,385,307,62,178,116,116,226,110,144,444,300,116,571,455,100,385,285,101,364,263,84,2637,126
100,702,602,84,238,154,116,279,163,69,423,354,116,517,401,85,247,162,101,370,269,85,2861,126
100,269,169,85,201,116,116,232,116,100,486,386,69,632,563,123,154,31,132,386,254,62,2422,126
85,301,216,100,201,101,100,9912,9812,69,454,385,124,1018,894,116,131,15,101,317,216,100,12434,126
101,332,231,123,1627,1504,78,1019,941,84,632,548,85,749,664,100,385,285,85,1025,940,78,5847,126
123,308,185,100,231,131,101,248,147,85,354,269,116,802,686,100,1250,1150,53,501,448,54,3748,126
69,254,185,109,232,123,138,401,263,69,385,316,101,502,401,116,1388,1272,85,517,432,53,3732,126
79,333,254,84,216,132,100,254,154,78,432,354,69,1118,1049,101,188,87,81,429,348,69,3039,126
47,279,232,85,207,122,94,517,423,85,501,416,116,1066,950,122,222,100,101,449,348,84,3325,126
69,254,185,94,217,123,78,216,138,84,401,317,93,331,238,101,254,153,101,448,347,69,2190,126
69,354,285,63,194,131,107,270,163,85,439,354,78,579,501,101,217,116,122,608,486,62,2723,126
38,254,216,116,232,116,84,216,132,84,401,317,100,686,586,101,170,69,84,300,216,69,2328,126
78,248,170,84,185,101,100,216,116,100,548,448,69,925,856,100,115,15,85,370,285,63,2670,126
100,216,116,116,223,107,62,417,355,47,1187,1140,79,517,438,63,618,555,69,285,216,62,3525,126
69,216,147,85,232,147,69,1071,1002,69,286,217,84,1219,1135,69,285,216,100,316,216,85,3710,126
85,232,147,116,216,100,101,201,100,85,417,332,107,809,702,92,101,9,114,330,216,84,2390,126
85,217,132,84,185,101,84,200,116,69,332,263,85,423,338,116,147,31,85,439,354,63,2006,126
62,200,138,85,201,116,78,185,107,78,316,238,85,617,532,85,116,31,101,301,200,69,2005,126
69,201,132,85,169,84,85,185,100,78,332,254,116,533,417,116,169,53,116,386,270,69,2044,126
85,217,132,84,169,85,85,185,100,69,285,216,85,316,231,85,433,348,100,361,261,62,2028,126
69,185,116,84,169,85,78,147,69,85,285,200,116,286,170,84,216,132,100,401,301,69,1758,126
54,185,131,100,185,85,85,185,100,78,320,242,96,343,247,101,154,53,85,332,247,69,1773,126
85,216,131,116,185,69,101,185,84,78,285,207,94,317,223,116,185,69,100,332,232,69,1774,126
69,200,131,101,170,69,84,185,101,84,316,232,85,317,232,100,285,185,100,354,254,47,1874,126
101,232,131,100,201,101,84,169,85,85,354,269,94,317,223,116,263,147,100,354,254,69,1959,126
69,201,132,100,169,69,100,201,101,62,301,239,78,579,501,85,138,53,85,270,185,62,1921,126
69,216,147,85,169,84,85,185,100,78,295,217,84,401,317,107,138,31,116,316,200,69,1789,126
62,201,139,86,162,76,85,185,100,85,301,216,100,555,455,116,131,15,116,386,270,78,1999,126
69,185,116,100,185,85,78,178,100,69,370,301,69,602,533,84,185,101,115,332,217,69,2106,126
69,201,132,69,153,84,101,201,100,69,269,200,101,402,301,131,131,0,132,317,185,69,1743,126
84,200,116,85,163,78,85,169,84,69,285,216,85,386,301,85,132,47,100,300,200,69,1704,126
78,201,123,78,162,84,85,170,85,84,269,185,101,448,347,147,147,0,107,339,232,69,1805,126
63,201,138,93,178,85,77,184,107,85,317,232,85,1087,1002,116,116,0,123,339,216,62,2484,126
54,301,247,85,185,100,69,169,100,47,818,771,85,517,432,116,116,0,85,323,238,47,2476,126
69,269,200,78,179,101,69,169,100,69,786,717,85,301,216,85,185,100,100,448,348,69,2406,126
69,232,163,69,185,116,69,169,100,85,417,332,100,1119,1019,115,131,16,123,417,294,85,2755,126
84,232,148,69,169,100,85,200,115,69,364,295,84,370,286,84,116,32,100,354,254,69,1874,126
100,247,147,101,185,84,85,185,100,85,348,263,92,354,262,116,116,0,101,332,231,69,1836,126
100,254,154,93,178,85,85,185,100,85,316,231,101,270,169,85,154,69,100,363,263,100,1820,126
85,216,131,100,185,85,89,185,96,100,332,232,100,818,718,93,517,424,84,385,301,100,2738,126
69,216,147,85,185,100,84,200,116,85,286,201,115,238,123,116,432,316,101,364,263,69,1990,126
85,216,131,101,170,69,84,200,116,85,370,285,101,295,194,106,215,109,107,323,216,85,1874,126
69,200,131,85,170,85,84,169,85,62,463,401,54,402,348,100,169,69,116,332,216,69,1974,126
85,223,138,78,162,84,85,201,116,85,339,254,115,247,132,116,169,53,101,348,247,100,1789,126
85,254,169,78,194,116,69,201,132,84,354,270,100,316,216,116,154,38,116,379,263,85,1937,126
100,285,185,85,185,100,100,201,101,100,332,232,100,285,185,85,154,69,147,385,238,94,1921,126
67,212,145,100,201,101,84,216,132,69,332,263,84,338,254,116,163,47,116,401,285,69,1932,126
69,232,163,84,185,101,100,222,122,78,279,201,100,254,154,100,185,85,116,363,247,85,1805,126
84,247,163,85,201,116,84,207,123,71,479,408,84,486,402,131,115,-16,101,355,254,69,2159,126
78,232,154,84,169,85,94,201,107,78,287,209,109,330,221,147,147,0,100,370,270,84,1820,126
63,232,169,53,185,132,85,169,84,78,332,254,100,301,201,116,169,53,116,379,263,69,1836,126
69,239,170,69,200,131,85,232,147,100,455,355,100,2089,1989,94,301,207,101,417,316,100,4033,126
78,231,153,69,185,116,101,232,131,69,718,649,84,354,270,147,147,0,138,386,248,84,2337,126
78,263,185,100,201,101,84,200,116,85,787,702,69,517,448,131,131,0,107,323,216,63,2485,126
69,238,169,85,185,100,118,363,245,101,370,269,100,270,170,116,147,31,138,370,232,100,2043,126
85,238,153,85,201,116,100,216,116,100,564,464,122,339,217,147,169,22,131,417,286,84,2228,126
100,316,216,85,201,116,100,231,131,85,339,254,116,401,285,100,163,63,100,401,301,85,2137,126
94,263,169,84,200,116,100,201,101,100,370,270,131,300,169,132,163,31,123,355,232,69,1921,126
101,248,147,100,200,100,101,217,116,100,438,338,101,366,265,105,136,31,100,348,248,69,2022,126
100,257,157,96,197,101,93,216,123,78,385,307,101,448,347,124,167,43,130,344,214,81,2095,126
78,232,154,84,185,101,100,200,100,100,333,233,99,215,116,101,138,37,116,348,232,69,1720,126
100,247,147,116,201,85,116,232,116,100,385,285,100,254,154,163,163,0,122,370,248,69,1921,126
85,254,169,94,201,107,100,194,94,85,285,200,116,254,138,116,132,16,138,354,216,85,1759,126
84,238,154,85,185,100,94,201,107,93,316,223,100,348,248,115,185,70,131,369,238,100,1942,126
85,279,194,91,207,116,100,200,100,85,286,201,84,216,132,100,169,69,132,363,231,85,1805,126
69,270,201,84,184,100,116,232,116,85,365,280,89,221,132,132,201,69,147,432,285,100,2005,126
100,247,147,85,201,116,85,201,116,84,338,254,100,294,194,123,154,31,116,354,238,94,1883,126
85,254,169,85,216,131,85,201,116,84,369,285,116,263,147,138,254,116,132,401,269,100,2058,126
85,263,178,85,201,116,84,207,123,100,702,602,100,263,163,116,338,222,116,348,232,69,2391,126
115,254,139,100,200,100,85,216,131,85,317,232,100,285,185,85,163,78,107,338,231,85,1858,126
85,232,147,85,201,116,84,200,116,85,317,232,100,238,138,100,163,63,116,404,288,91,1846,126
85,238,153,85,185,100,78,201,123,78,379,301,100,1056,956,116,147,31,123,386,263,69,2661,126
100,247,147,105,201,96,84,184,100,85,317,232,131,370,239,100,147,47,131,354,223,85,1905,126
116,232,116,100,185,85,100,208,108,92,324,232,116,424,308,115,115,0,116,348,232,69,1905,126
116,285,169,78,178,100,101,201,100,85,307,222,94,217,123,115,617,502,85,348,263,69,2222,126
100,263,163,69,239,170,46,563,517,69,771,702,85,232,147,116,200,84,69,370,301,85,2723,126
85,254,169,69,170,101,100,200,100,78,317,239,100,285,185,78,178,100,138,323,185,94,1821,126
100,247,147,86,216,130,84,185,101,84,517,433,84,639,555,78,232,154,100,332,232,85,2453,126
100,270,170,69,200,131,116,216,100,69,1357,1288,94,464,370,84,232,148,100,338,238,85,3162,126
94,232,138,85,185,100,101,185,84,116,317,201,100,259,159,142,258,116,131,369,238,101,1906,126
100,232,132,100,200,100,101,219,118,129,398,269,116,317,201,100,633,533,107,555,448,84,2638,126
84,232,148,69,207,138,100,231,131,69,1320,1251,69,517,448,100,169,69,116,586,470,78,3340,126
69,254,185,85,200,115,69,185,116,69,687,618,84,285,201,100,194,94,106,306,200,101,2212,126
85,239,154,94,178,84,100,223,123,78,279,201,122,269,147,101,170,69,131,401,270,84,1843,126
100,254,154,78,200,122,78,185,107,63,301,238,116,216,100,132,179,47,122,407,285,79,1821,126
88,263,175,122,269,147,69,185,116,47,602,555,93,370,277,62,263,201,116,338,222,78,2368,126
79,217,138,84,200,116,85,185,100,100,364,264,122,285,163,100,486,386,100,331,231,69,2137,126
69,216,147,85,201,116,85,185,100,85,370,285,116,261,145,70,641,571,94,332,238,85,2291,126
85,232,147,85,201,116,84,200,116,69,406,337,148,295,147,85,139,54,131,617,486,69,2159,126
78,216,138,116,270,154,93,200,107,94,649,555,100,269,169,116,386,270,100,780,680,100,2870,126
85,285,200,85,216,131,100,216,116,85,332,247,85,339,254,63,702,639,85,401,316,85,2576,126
69,238,169,85,185,100,100,216,116,85,285,200,116,263,147,85,239,154,100,363,263,69,1858,126
85,254,169,100,201,101,84,200,116,85,286,201,100,263,163,100,222,122,116,348,232,69,1843,126
100,247,147,85,185,100,69,169,100,85,448,363,85,571,486,31,285,254,100,370,270,62,2337,126
84,269,185,78,200,122,78,201,123,78,348,270,100,269,169,85,147,62,132,386,254,69,1889,126
100,254,154,62,163,101,100,185,85,100,332,232,100,207,107,93,200,107,116,348,232,69,1758,126
100,254,154,85,201,116,71,184,113,79,301,222,116,332,216,85,147,62,138,417,279,85,1921,126
85,286,201,78,178,100,100,201,101,84,439,355,62,517,455,69,147,78,138,401,263,69,2238,126
62,200,138,85,185,100,87,201,114,78,733,655,69,263,194,85,169,84,116,386,270,69,2206,126
85,254,169,69,200,131,70,185,115,85,618,533,84,247,163,100,223,123,116,385,269,79,2191,126
78,263,185,100,200,100,132,217,85,84,285,201,85,740,655,100,532,432,85,470,385,78,2785,126
85,254,169,62,169,107,78,201,123,78,301,223,100,247,147,69,216,147,116,355,239,84,1827,126
100,263,163,84,185,101,100,200,100,101,317,216,100,285,185,100,185,85,132,385,253,85,1905,126
63,279,216,107,207,100,78,216,138,85,464,379,100,1103,1003,77,169,92,116,872,756,100,3410,126
84,231,147,85,201,116,85,201,116,69,332,263,116,301,185,69,385,316,85,539,454,63,2253,126
100,269,169,94,194,100,85,207,122,109,348,239,100,232,132,84,385,301,100,354,254,85,2074,126
78,232,154,85,185,100,85,201,116,84,378,294,85,1157,1072,116,285,169,113,353,240,75,2866,126
82,231,149,85,185,100,100,201,101,84,316,232,85,248,163,69,153,84,147,370,223,78,1782,126
100,254,154,85,185,100,85,201,116,100,332,232,84,1272,1188,85,448,363,116,339,223,94,3125,126
84,238,154,78,178,100,101,201,100,100,539,439,63,687,624,100,501,401,100,316,216,85,2745,126
94,232,138,85,185,100,78,185,107,100,316,216,85,201,116,100,316,216,100,370,270,78,1883,126
63,232,169,85,185,100,85,216,131,69,301,232,85,248,163,138,169,31,131,401,270,85,1837,126
78,232,154,84,216,132,84,200,116,85,787,702,85,232,147,100,200,100,138,386,248,84,2337,126
69,239,170,100,185,85,78,200,122,78,279,201,116,216,100,100,254,154,131,817,686,69,2259,126
84,247,163,85,185,100,85,201,116,84,285,201,147,200,53,132,201,69,132,533,401,53,1905,126
100,301,201,69,169,100,100,232,132,100,338,238,101,216,115,148,217,69,116,370,254,84,1927,126
40,617,577,69,417,348,85,755,670,85,470,385,94,295,201,69,354,285,100,301,201,69,3278,126
84,232,148,84,216,132,85,200,115,85,333,248,106,454,348,100,154,54,116,363,247,100,2052,126
101,332,231,53,201,148,84,211,127,85,342,257,78,618,540,84,147,63,131,370,239,84,2305,126
78,223,145,89,254,165,73,666,593,84,517,433,100,639,539,132,132,0,100,301,201,84,2816,126
78,216,138,116,247,131,69,156,87,82,399,317,116,833,717,125,289,164,116,328,212,84,2552,126
101,239,138,84,185,101,93,194,101,100,338,238,100,247,147,116,185,69,138,370,232,84,1842,126
116,269,153,120,217,97,84,200,116,101,332,231,116,286,170,100,200,100,116,317,201,84,1905,126
84,223,139,78,178,100,85,200,115,85,355,270,100,331,231,85,232,147,107,401,294,85,2005,126
68,222,154,85,201,116,78,185,107,93,294,201,84,254,170,100,200,100,132,386,254,69,1811,126
69,216,147,85,185,100,84,185,101,116,347,231,85,239,154,100,263,163,122,486,364,69,1990,126
85,232,147,116,216,100,69,185,116,85,316,231,70,239,169,78,147,69,131,470,339,85,1890,126
85,232,147,100,185,85,84,216,132,100,354,254,100,317,217,115,147,32,116,385,269,85,1921,126
100,263,163,116,238,122,62,178,116,100,317,217,84,238,154,85,169,84,132,401,269,78,1882,126
101,286,185,100,216,116,100,232,132,69,316,247,132,285,153,101,154,53,116,348,232,84,1921,126
91,248,157,84,200,116,85,232,147,85,323,238,85,517,432,100,132,32,138,416,278,63,2131,126
100,269,169,85,201,116,69,201,132,84,385,301,69,232,163,112,153,41,116,448,332,69,1958,126
100,247,147,100,216,116,101,239,138,93,316,223,100,279,179,107,385,278,123,470,347,69,2221,126
69,232,163,100,238,138,78,216,138,79,286,207,100,316,216,100,147,47,138,354,216,85,1874,126
85,232,147,116,239,123,100,278,178,85,439,354,85,1366,1281,101,201,100,100,323,223,100,3178,126
85,232,147,85,201,116,84,216,132,85,339,254,62,231,169,85,170,85,100,363,263,85,1837,126
69,254,185,101,263,162,85,223,138,78,379,301,100,254,154,100,116,16,132,401,269,85,1975,126
84,269,185,101,201,100,100,216,116,85,301,216,116,301,185,100,138,38,131,379,248,85,1890,126
100,263,163,85,200,115,70,201,131,85,339,254,84,332,248,116,116,0,116,370,254,68,1889,126
78,279,201,109,200,91,101,239,138,62,316,254,101,332,231,132,154,22,132,987,855,78,2585,126
100,254,154,78,178,100,85,216,131,69,301,232,107,401,294,107,138,31,116,364,248,69,1921,126
53,231,178,76,169,93,85,185,100,85,285,200,85,227,142,106,153,47,106,337,231,69,1656,126
84,232,148,84,184,100,85,217,132,84,254,170,100,401,301,100,100,0,132,432,300,62,1882,126
101,270,169,69,185,116,69,200,131,85,286,201,131,361,230,102,102,0,138,423,285,78,1905,126
69,232,163,84,169,85,100,216,116,85,332,247,69,825,756,84,147,63,116,354,238,85,2360,126
93,263,170,69,185,116,69,200,131,69,370,301,116,448,332,85,100,15,132,364,232,76,2006,126
69,238,169,79,201,122,78,201,123,78,1002,924,93,363,270,100,100,0,116,355,239,84,2544,126
86,248,162,69,197,128,87,203,116,101,332,231,85,323,238,116,148,32,138,369,231,101,1921,126
84,269,185,85,216,131,101,248,147,84,349,265,101,348,247,116,116,0,138,385,247,85,2016,126
85,279,194,84,223,139,62,200,138,85,348,263,84,856,772,115,162,47,123,618,495,69,2755,126
85,232,147,85,216,131,85,223,138,78,317,239,115,316,201,169,201,32,116,385,269,78,1968,126
116,263,147,69,185,116,69,200,131,85,301,216,100,254,154,100,162,62,139,370,231,101,1836,126
100,270,170,84,184,100,87,217,130,84,300,216,85,333,248,147,147,0,106,307,201,100,1858,126
69,207,138,78,178,100,100,223,123,78,278,200,101,825,724,116,263,147,100,285,185,100,2359,126
84,216,132,100,201,101,92,199,107,85,355,270,100,1065,965,82,201,119,104,385,281,69,2691,126
69,270,201,84,285,201,100,200,100,101,301,200,101,270,169,100,200,100,132,386,254,100,2012,126
100,269,169,101,270,169,100,216,116,85,332,247,101,286,185,115,131,16,138,386,248,84,1974,126
83,268,185,84,231,147,101,217,116,100,332,232,84,570,486,116,116,0,116,370,254,69,2173,126
84,247,163,85,216,131,85,223,138,94,332,238,101,433,332,100,131,31,100,323,223,82,1987,126
69,216,147,84,216,132,85,201,116,69,300,231,101,341,240,113,191,78,123,609,486,62,2136,126
94,247,153,85,201,116,85,216,131,69,301,232,116,717,601,138,154,16,116,363,247,69,2268,126
100,248,148,69,169,100,85,200,115,85,317,232,69,247,178,101,170,69,100,401,301,84,1836,126
69,1134,1065,31,617,586,85,238,153,63,849,786,85,232,147,107,239,132,100,401,301,84,3794,126
78,263,185,84,285,201,69,185,116,69,655,586,71,294,223,85,308,223,93,363,270,69,2422,126
84,232,148,100,222,122,78,194,116,85,308,223,94,733,639,100,163,63,107,338,231,85,2275,126
46,300,254,85,185,100,101,232,131,69,285,216,94,263,169,100,138,38,118,390,272,79,1872,126
85,239,154,69,185,116,84,200,116,85,301,216,85,263,178,123,201,78,116,423,307,100,1912,126
78,247,169,100,201,101,84,216,132,85,323,238,94,579,485,85,101,16,122,686,564,69,2422,126
69,370,301,69,200,131,85,216,131,85,370,285,101,317,216,116,153,37,94,364,270,84,2074,126
100,254,154,85,200,115,85,253,168,111,434,323,93,717,624,85,1435,1350,101,327,226,90,3710,126
100,254,154,84,200,116,85,201,116,84,316,232,85,270,185,100,162,62,123,355,232,100,1858,126
100,238,138,78,163,85,100,216,116,101,323,222,78,232,154,85,185,100,116,354,238,78,1789,126
101,248,147,122,254,132,84,216,132,85,301,216,100,254,154,84,147,63,131,376,245,94,1890,126
69,232,163,85,201,116,69,207,138,94,294,200,123,323,200,85,185,100,116,903,787,80,2425,126
69,247,178,69,185,116,85,216,131,69,270,201,100,254,154,71,163,92,116,338,222,78,1751,126
54,402,348,84,285,201,84,200,116,116,533,417,69,354,285,101,185,84,116,348,232,85,2392,126
84,232,148,84,200,116,85,201,116,84,539,455,78,263,185,85,232,147,107,354,247,85,2106,126
100,263,163,84,200,116,69,185,116,77,269,192,69,201,132,100,485,385,101,586,485,85,2274,126
69,269,200,78,247,169,85,217,132,84,385,301,85,170,85,115,189,74,111,362,251,85,1924,126
78,247,169,85,217,132,69,185,116,69,686,617,100,354,254,78,379,301,100,423,323,79,2570,126
69,370,301,69,200,131,85,216,131,54,872,818,84,216,132,100,602,502,115,354,239,78,2908,126
69,216,147,84,200,116,101,217,116,69,401,332,84,654,570,85,301,216,101,502,401,78,2569,126
85,270,185,62,185,123,93,216,123,84,316,232,85,401,316,116,348,232,116,517,401,85,2338,126
84,253,169,63,185,122,79,217,138,84,347,263,85,201,116,138,802,664,84,1256,1172,39,3300,126
100,332,232,69,207,138,78,232,154,63,332,269,85,2075,1990,85,232,147,100,354,254,100,3864,126
85,248,163,69,200,131,85,223,138,63,332,269,100,285,185,101,185,84,116,334,218,82,1889,126
100,263,163,69,185,116,84,216,132,85,323,238,62,216,154,100,163,63,154,401,247,69,1836,126
69,231,162,70,201,131,76,216,140,84,300,216,70,201,131,100,216,116,107,354,247,85,1804,126
85,239,154,78,200,122,63,216,153,79,366,287,82,251,169,101,170,69,131,363,232,85,1890,126
85,238,153,78,185,107,94,232,138,69,285,216,85,533,448,100,154,54,131,664,533,85,2376,126
85,223,138,78,178,100,85,201,116,84,269,185,85,254,169,100,163,63,100,332,232,85,1705,126
85,223,138,85,185,100,78,200,122,63,379,316,70,286,216,100,185,85,116,332,216,84,1874,126
85,270,185,69,169,100,94,216,122,63,332,269,100,856,756,116,131,15,132,370,238,101,2445,126
84,216,132,85,185,100,85,185,100,84,263,179,100,216,116,100,702,602,85,702,617,69,2538,126
77,224,147,84,169,85,85,201,116,69,263,194,100,238,138,132,185,53,147,385,238,94,1759,126
116,232,116,85,185,100,69,201,132,69,269,200,100,285,185,101,201,100,100,363,263,85,1821,126
85,232,147,69,185,116,69,169,100,101,332,231,89,217,128,100,232,132,122,586,464,84,2037,126
69,200,131,85,185,100,69,170,101,84,517,433,69,216,147,116,338,222,101,317,216,78,2021,126
63,201,138,78,201,123,62,194,132,69,256,187,97,229,132,84,200,116,101,339,238,62,1682,126
84,216,132,69,169,100,69,185,116,85,332,247,69,1520,1451,53,138,85,84,301,217,84,2945,126
69,216,147,69,185,116,53,154,101,78,316,238,63,1150,1087,85,270,185,100,385,285,85,2761,126
69,223,154,78,178,100,69,185,116,69,787,718,53,232,179,69,301,232,100,369,269,69,2344,126
78,217,139,62,162,100,69,185,116,85,317,232,84,338,254,101,749,648,85,354,269,63,2385,126
62,216,154,84,185,101,78,193,115,64,259,195,80,250,170,131,185,54,131,347,216,85,1720,126
84,216,132,69,169,100,63,178,115,85,286,201,100,771,671,100,216,116,100,301,201,84,2221,126
78,216,138,85,206,121,79,226,147,69,571,502,84,216,132,85,818,733,84,338,254,101,2692,126
101,332,231,85,201,116,85,200,115,85,687,602,100,316,216,69,248,179,107,338,231,85,2407,126
84,231,147,85,217,132,69,185,116,115,347,232,69,207,138,101,248,147,131,401,270,85,1921,126
100,223,123,78,194,116,69,185,116,69,269,200,116,270,154,84,1003,919,78,632,554,70,2846,126
85,264,179,69,193,124,75,207,132,69,338,269,85,248,163,85,270,185,100,332,232,69,1921,126
85,263,178,69,201,132,84,238,154,69,749,680,53,423,370,94,464,370,84,269,185,69,2676,126
78,232,154,85,201,116,69,200,131,85,285,200,101,333,232,84,269,185,85,332,247,85,1937,126
85,254,169,53,185,132,69,200,131,85,301,216,101,170,69,116,278,162,123,355,232,69,1812,126
79,217,138,84,200,116,63,216,153,69,1652,1583,69,216,147,107,223,116,100,347,247,69,3140,126
69,232,163,69,169,100,85,217,132,84,354,270,78,279,201,100,122,22,116,363,247,85,1821,126
85,217,132,84,169,85,78,200,122,79,264,185,100,253,153,116,116,0,132,332,200,69,1620,126
84,501,417,85,185,100,78,201,123,84,301,217,84,216,132,116,131,15,116,354,238,101,1990,126
47,201,154,62,178,116,69,185,116,69,239,170,116,717,601,101,101,0,115,347,232,101,2069,126
85,317,232,84,185,101,69,185,116,84,626,542,75,229,154,84,1203,1119,100,348,248,82,3175,126
100,216,116,84,184,100,101,997,896,69,370,301,116,285,169,84,332,248,100,254,154,69,2707,126
115,432,317,100,887,787,85,385,300,69,486,417,100,517,417,116,185,69,100,301,201,69,3262,126
101,232,131,85,185,100,85,185,100,85,285,200,101,364,263,123,216,93,100,301,201,69,1837,126
69,225,156,78,191,113,69,169,100,69,301,232,85,201,116,115,416,301,101,424,323,78,2005,126
70,231,161,85,586,501,85,200,115,101,402,301,84,231,147,101,232,131,123,323,200,63,2268,126
69,216,147,69,185,116,69,170,101,84,300,216,85,248,163,100,295,195,106,306,200,69,1789,126
84,200,116,101,201,100,69,169,100,63,279,216,85,270,185,100,216,116,109,370,261,84,1789,126
78,216,138,63,147,84,85,170,85,69,247,178,116,455,339,84,131,47,116,354,238,63,1783,126
85,232,147,84,216,132,69,169,100,85,301,216,100,270,170,131,162,31,116,439,323,78,1867,126
101,217,116,84,200,116,58,170,112,83,268,185,100,247,147,100,185,85,116,316,200,69,1672,126
69,201,132,84,169,85,71,180,109,73,286,213,74,321,247,100,185,85,116,332,216,69,1743,126
69,201,132,69,169,100,63,163,100,84,301,217,84,401,317,69,122,53,116,317,201,62,1736,126
54,201,147,100,200,100,69,170,101,84,301,217,84,454,370,147,194,47,89,339,250,84,1943,126
69,216,147,54,154,100,62,163,101,84,316,232,69,355,286,100,147,47,100,354,254,69,1774,126
85,201,116,84,169,85,94,178,84,101,270,169,100,232,132,122,338,216,101,364,263,69,1821,126
101,217,116,84,184,100,63,179,116,69,269,200,101,185,84,132,232,100,123,386,263,69,1721,126
100,254,154,62,178,116,38,154,116,69,254,185,100,247,147,116,216,100,116,354,238,78,1735,126
100,232,132,85,212,127,73,189,116,53,670,617,85,417,332,85,238,153,101,997,896,53,3008,126
69,201,132,85,200,115,63,170,107,94,279,185,115,269,154,85,401,316,101,386,285,69,1975,126
78,232,154,69,216,147,53,169,116,85,301,216,84,285,201,116,348,232,100,316,216,85,1952,126
85,232,147,85,185,100,69,185,116,84,301,217,84,231,147,70,154,84,116,363,247,85,1736,126
78,231,153,69,170,101,78,200,122,78,301,223,86,301,215,116,178,62,123,354,231,85,1820,126
69,216,147,88,185,97,71,169,98,100,278,178,87,222,135,101,333,232,84,363,279,69,1835,126
78,207,129,78,178,100,69,181,112,73,320,247,85,301,216,85,470,385,85,301,216,85,2043,126
69,223,154,62,194,132,53,185,132,69,385,316,85,517,432,85,671,586,85,316,231,85,2576,126
85,223,138,78,178,100,85,185,100,85,301,216,85,200,115,101,217,116,116,354,238,100,1758,126
85,232,147,69,185,116,69,185,116,85,317,232,84,601,517,85,386,301,100,365,265,67,2338,126
69,216,147,85,217,132,53,185,132,93,285,192,116,200,84,170,286,116,115,385,270,100,1874,126
85,216,131,85,170,85,78,185,107,78,247,169,100,332,232,85,138,53,101,348,247,89,1725,126
85,239,154,62,178,116,69,201,132,84,269,185,85,332,247,101,154,53,100,332,232,85,1790,126
84,216,132,85,200,115,69,185,116,69,332,263,85,301,216,107,612,505,96,359,263,85,2290,126
78,216,138,78,201,123,62,185,123,62,264,202,81,336,255,100,263,163,100,354,254,85,1904,126
85,223,138,84,185,101,78,216,138,62,263,201,100,254,154,100,200,100,116,332,216,70,1743,126
85,217,132,84,185,101,53,185,132,69,254,185,93,194,101,84,169,85,100,316,216,69,1589,126
100,232,132,53,154,101,69,185,116,84,263,179,84,222,138,94,1266,1172,54,317,263,69,2708,126
63,217,154,69,156,87,75,176,101,69,254,185,84,216,132,116,370,254,93,363,270,69,1821,126
78,201,123,78,185,107,46,162,116,69,239,170,78,200,122,101,194,93,101,308,207,62,1551,126
85,232,147,69,185,116,53,169,116,69,254,185,62,178,116,109,154,45,100,332,232,54,1558,126
69,216,147,100,216,116,54,170,116,62,231,169,54,185,131,116,248,132,84,407,323,63,1736,126
69,185,116,100,201,101,69,185,116,84,670,586,78,301,223,116,116,0,100,316,216,69,2043,126
84,216,132,69,185,116,47,169,122,78,248,170,69,300,231,101,132,31,85,301,216,100,1651,126
78,216,138,63,163,100,54,169,115,70,471,401,62,200,138,101,232,131,85,301,216,85,1837,126
101,248,147,69,169,100,53,169,116,63,247,184,69,238,169,116,179,63,84,316,232,69,1635,126
69,216,147,69,169,100,69,170,101,84,316,232,85,502,417,115,231,116,116,941,825,78,2623,126
69,223,154,46,177,131,70,170,100,69,339,270,78,209,131,123,285,162,101,353,252,93,1849,126
69,232,163,84,185,101,53,185,132,69,532,463,69,170,101,131,185,54,100,300,200,85,1874,126
78,216,138,78,171,93,61,161,100,85,254,169,94,348,254,100,132,32,100,300,200,70,1652,126
85,248,163,69,185,116,53,185,132,53,300,247,101,201,100,100,1341,1241,94,348,254,69,2877,126
69,200,131,85,185,100,69,169,100,78,448,370,116,201,85,100,849,749,84,338,254,69,2459,126
69,216,147,85,185,100,85,201,116,69,269,200,85,201,116,131,332,201,103,454,351,78,1936,126
94,216,122,85,185,100,78,194,116,69,254,185,85,185,100,116,348,232,84,354,270,85,1821,126
100,416,316,101,252,151,88,196,108,85,386,301,100,216,116,116,200,84,116,333,217,100,2099,126
69,254,185,78,178,100,69,185,116,85,285,200,85,286,201,84,147,63,122,338,216,63,1736,126
85,248,163,62,162,100,69,185,116,69,254,185,78,232,154,100,163,63,100,357,257,82,1683,126
70,217,147,69,169,100,62,163,101,84,269,185,85,286,201,100,300,200,116,364,248,69,1837,126
116,254,138,85,185,100,63,179,116,84,294,210,91,229,138,132,680,548,85,470,385,85,2376,126
85,232,147,69,169,100,70,170,100,62,247,185,85,285,200,101,248,147,116,323,207,78,1752,126
84,216,132,69,185,116,62,185,123,62,263,201,116,200,84,85,154,69,100,337,237,79,1619,126
85,285,200,85,185,100,63,163,100,85,254,169,116,263,147,100,185,85,100,317,217,69,1721,126
62,247,185,85,201,116,53,169,116,78,248,170,84,200,116,138,470,332,116,401,285,85,2021,126
100,263,163,85,201,116,69,169,100,85,555,470,78,216,138,147,200,53,116,364,248,84,2052,126
80,227,147,101,201,100,93,208,115,92,293,201,94,385,291,132,238,106,101,495,394,69,2116,126
100,238,138,78,185,107,78,178,100,85,270,185,100,185,85,147,269,122,101,633,532,85,2043,126
84,216,132,84,200,116,69,185,116,85,254,169,132,301,169,116,147,31,116,301,185,85,1689,126
85,216,131,69,170,101,84,185,101,93,263,170,84,238,154,116,1031,915,103,420,317,100,2623,126
85,216,131,85,185,100,85,185,100,69,310,241,31,392,361,131,185,54,100,385,285,78,1936,126
84,216,132,85,200,115,69,193,124,93,309,216,107,285,178,138,401,263,100,354,254,101,2059,126
100,231,131,95,185,90,63,179,116,84,254,170,100,200,100,132,132,0,100,301,201,84,1566,126
101,232,131,85,201,116,69,185,116,84,269,185,116,201,85,131,131,0,101,286,185,115,1620,126
85,223,138,81,184,103,63,179,116,100,269,169,101,201,100,116,185,69,116,617,501,100,1958,126
69,216,147,85,216,131,85,185,100,85,301,216,116,185,69,116,185,69,132,385,253,85,1758,126
116,264,148,84,184,100,85,185,100,116,270,154,116,1388,1272,101,116,15,116,301,185,85,2793,126
100,232,132,85,200,115,69,185,116,101,270,169,131,216,85,132,201,69,131,365,234,82,1751,126
100,231,131,69,170,101,84,185,101,93,263,170,116,254,138,162,162,0,123,370,247,116,1751,126
116,240,124,92,176,84,101,185,84,94,1769,1675,88,251,163,115,216,101,116,301,185,100,3238,126
78,231,153,85,185,100,85,185,100,94,633,539,85,332,247,85,771,686,101,286,185,84,2707,126
100,247,147,85,185,100,85,185,100,100,617,517,85,285,200,116,163,47,123,331,208,107,2120,126
84,232,148,69,169,100,85,185,100,100,417,317,131,385,254,100,248,148,103,485,382,100,2221,126
100,247,147,85,423,338,101,217,116,115,385,270,116,279,163,122,169,47,132,354,222,116,2190,126
100,247,147,85,185,100,69,201,132,53,470,417,116,169,53,116,332,216,132,649,517,100,2353,126
100,270,170,78,216,138,85,232,147,84,586,502,89,416,327,116,933,817,101,386,285,85,3124,126
100,254,154,69,185,116,78,748,670,116,533,417,85,185,100,171,202,31,152,368,216,85,2560,126
132,480,348,122,238,116,116,285,169,101,1050,949,131,431,300,108,603,495,106,338,232,85,3510,126
103,184,81,82,192,110,104,232,128,80,640,560,120,376,256,111,856,745,112,296,184,104,2880,120
96,168,72,120,152,32,128,192,64,87,856,769,119,208,89,96,240,144,128,168,40,80,2064,120
88,239,151,169,241,72,120,696,576,111,1216,1105,129,272,143,96,288,192,136,416,280,96,3464,120
89,184,95,136,127,-9,145,233,88,112,264,152,96,208,112,120,304,184,120,199,79,97,1616,120
80,160,80,88,272,184,96,320,224,79,920,841,100,336,236,88,352,264,90,359,269,81,2800,120
72,192,120,104,808,704,96,280,184,72,456,384,104,200,96,104,256,152,104,184,80,103,2479,120
88,200,112,88,185,97,87,232,145,96,608,512,128,216,88,127,296,169,136,208,72,96,2041,120
88,207,119,89,209,120,104,216,112,96,416,320,112,224,112,118,440,322,80,527,447,65,2304,120
128,200,72,120,112,-8,136,208,72,96,1247,1151,122,209,87,112,240,128,128,160,32,96,2472,120
95,216,121,80,184,104,88,231,143,129,601,472,103,216,113,120,264,144,99,280,181,88,2080,120
80,192,112,104,208,104,72,200,128,112,560,448,112,216,104,128,448,320,111,240,129,96,2160,120
96,199,103,80,209,129,40,1320,1280,96,560,464,96,343,247,105,169,64,104,168,64,88,3056,120
59,192,133,80,183,103,72,1000,928,120,1120,1000,97,107,10,93,286,193,112,168,56,71,3127,120
96,200,104,96,208,112,72,344,272,104,376,272,128,432,304,144,703,559,113,209,96,120,2592,120
104,192,88,96,176,80,120,256,136,84,416,332,120,248,128,104,295,191,112,201,89,104,1888,120
112,184,72,88,208,120,88,256,168,128,1256,1128,136,152,16,80,400,320,120,224,104,95,2775,120
92,223,131,89,209,120,96,231,135,81,385,304,104,192,88,112,319,207,105,297,192,125,1981,120
96,224,128,103,215,112,97,233,136,120,583,463,105,273,168,88,264,176,112,216,104,112,2120,120
128,159,31,97,209,112,120,248,128,96,304,208,111,240,129,127,280,153,89,192,103,59,1691,120
104,144,40,95,200,105,95,247,152,76,392,316,168,264,96,97,673,576,136,224,88,92,2236,120
112,144,32,96,192,96,98,240,142,104,384,280,64,224,160,104,240,136,90,256,166,96,1776,120
70,215,145,89,201,112,96,232,136,128,360,232,111,408,297,72,272,200,105,255,150,104,2047,120
120,152,32,96,224,128,87,184,97,96,776,680,103,112,9,88,336,248,95,207,112,88,2079,120
81,201,120,105,200,95,87,232,145,64,392,328,160,207,47,97,297,200,112,168,56,96,1793,120
96,200,104,96,184,88,95,215,120,73,281,208,97,215,118,105,281,176,87,240,153,76,1692,120
88,120,32,112,215,103,104,256,152,113,360,247,89,176,87,113,225,112,120,463,343,96,1911,120
88,217,129,88,191,103,105,176,71,75,593,518,98,616,518,95,304,209,111,152,41,120,2369,120
104,144,40,112,215,103,121,177,56,104,496,392,91,191,100,104,1089,985,96,360,264,88,2760,120
97,161,64,104,224,120,112,200,88,112,576,464,152,263,111,113,289,176,135,191,56,104,2008,120
121,169,48,96,216,120,109,216,107,80,688,608,104,240,136,118,272,154,112,192,80,96,2089,120
96,175,79,121,985,864,120,440,320,74,376,302,88,199,111,121,387,266,109,390,281,70,3022,120
112,144,32,112,224,112,105,160,55,72,273,201,112,344,232,123,1096,973,104,288,184,80,2609,120
128,160,32,88,208,120,87,184,97,96,391,295,129,345,216,111,984,873,144,112,-32,128,2512,120
80,103,23,104,209,105,94,176,82,64,735,671,89,152,63,94,928,834,128,121,-7,40,2464,120
119,122,3,133,446,313,104,192,88,80,1087,1007,97,112,15,105,241,136,112,159,47,73,2432,120
97,152,55,153,288,135,88,200,112,132,352,220,103,184,81,112,416,304,97,208,111,65,1865,120
88,145,57,103,223,120,88,248,160,81,376,295,96,601,505,72,679,607,113,200,87,69,2541,120
65,175,110,105,219,114,95,198,103,96,440,344,113,200,87,73,288,215,105,296,191,80,1896,120
17,1033,1016,104,215,111,120,856,736,105,552,447,113,160,47,136,312,176,144,344,200,97,3569,120
117,176,59,105,472,367,105,176,71,75,1064,989,105,73,-32,80,383,303,112,256,144,120,2720,120
74,233,159,105,216,111,88,216,128,58,416,358,96,152,56,104,304,200,136,120,-16,75,1732,120
80,200,120,64,185,121,79,215,136,56,272,216,120,168,48,105,240,135,120,200,80,96,1576,120
96,112,16,88,200,112,104,168,64,97,440,343,89,208,119,111,248,137,120,272,152,112,1760,120
104,152,48,96,216,120,112,184,72,73,336,263,136,440,304,120,280,160,137,224,87,89,1921,120
128,144,16,104,288,184,128,280,152,88,352,264,80,224,144,112,256,144,112,248,136,80,1872,120
105,232,127,104,920,816,88,199,111,81,1465,1384,89,239,150,145,377,232,136,264,128,128,3824,120
88,224,136,80,200,120,72,328,256,96,624,528,80,183,103,105,297,192,104,264,160,112,2232,120
64,208,144,80,208,128,81,216,135,80,312,232,112,344,232,136,944,808,104,144,40,104,2480,120
120,121,1,127,230,103,129,209,80,96,672,576,95,168,73,136,1136,1000,129,200,71,112,2848,120
88,176,88,97,223,126,81,201,120,72,376,304,104,192,88,120,304,184,112,224,112,80,1776,120
104,144,40,91,208,117,112,216,104,72,408,336,80,360,280,48,416,368,104,256,152,64,2072,120
120,168,48,120,279,159,112,201,89,88,520,432,112,192,80,88,320,232,112,192,80,80,1952,120
105,160,55,128,160,32,104,168,64,96,440,344,112,192,80,112,336,224,120,200,80,120,1776,120
88,120,32,96,208,112,88,160,72,88,480,392,120,152,32,95,296,201,96,296,200,96,1808,120
89,185,96,88,224,136,136,216,80,80,704,624,96,760,664,96,272,176,120,152,32,104,2617,120
88,216,128,88,216,128,104,176,72,72,592,520,104,200,96,88,1192,1104,104,280,176,128,3000,120
112,225,113,127,151,24,104,175,71,89,1505,1416,117,472,355,96,776,680,96,168,72,64,3536,120
88,184,96,120,375,255,129,313,184,96,448,352,104,152,48,96,280,184,120,360,240,88,2200,120
80,143,63,105,273,168,88,232,144,120,648,528,88,240,152,64,832,768,112,232,120,72,2672,120
96,207,111,105,209,104,96,232,136,80,592,512,113,832,719,99,328,229,128,288,160,112,2800,120
83,224,141,80,184,104,80,208,128,63,616,553,104,1112,1008,87,648,561,80,656,576,104,3752,120
80,184,104,80,192,112,80,192,112,80,312,232,88,240,152,72,912,840,96,256,160,84,2372,120
88,184,96,104,208,104,80,216,136,96,640,544,113,192,79,64,272,208,128,176,48,96,1984,120
95,215,120,65,265,200,104,232,128,88,384,296,128,216,88,160,944,784,112,800,688,144,3200,120
88,120,32,128,129,1,143,183,40,104,304,200,112,208,96,103,295,192,105,155,50,102,1496,120
88,192,104,88,192,104,88,176,88,64,303,239,89,353,264,79,496,417,120,312,192,112,2136,120
80,192,112,104,224,120,111,175,64,89,321,232,112,232,120,104,352,248,112,168,56,88,1752,120
96,200,104,121,232,111,56,184,128,97,1768,1671,152,3152,3000,118,312,194,135,184,49,80,6112,120
112,312,200,135,128,-7,120,160,40,111,2400,2289,114,344,230,120,296,176,136,384,248,152,4176,120
104,200,96,95,208,113,80,200,120,88,432,344,120,183,63,129,345,216,113,200,87,80,1848,120
95,200,105,96,200,104,80,192,112,87,407,320,89,177,88,119,952,833,131,120,-11,120,2368,120
88,216,128,80,248,168,128,615,487,73,729,656,128,192,64,144,439,295,106,233,127,120,2792,120
88,168,80,128,135,7,137,232,95,112,529,417,120,200,80,104,264,160,128,208,80,112,1848,120
104,121,17,120,112,-8,128,200,72,88,504,416,128,184,56,119,304,185,112,176,64,120,1721,120
123,151,28,140,112,-28,137,216,79,104,417,313,96,272,176,175,312,137,144,168,24,120,1768,120
62,182,120,136,200,64,128,167,39,121,376,255,138,424,286,105,241,136,120,200,80,72,1862,120
112,128,16,129,96,-33,160,200,40,103,480,377,112,160,48,128,648,520,143,119,-24,105,1936,120
120,128,8,135,120,-15,144,184,40,96,376,280,112,184,72,118,304,186,136,160,24,104,1560,120
120,168,48,136,88,-48,120,224,104,96,519,423,137,1368,1231,89,177,88,104,176,72,56,2776,120
112,160,48,143,112,-31,127,247,120,97,561,464,96,135,39,121,417,296,128,200,72,80,1912,120
96,249,153,128,112,-16,144,1024,880,71,319,248,104,1265,1161,92,160,68,112,200,88,135,3464,120
112,143,31,137,121,-16,136,152,16,88,472,384,112,168,56,128,352,224,112,192,80,88,1688,120
104,200,96,167,168,1,160,216,56,96,552,456,120,200,80,120,344,224,104,168,64,104,1952,120
136,168,32,136,119,-17,145,193,48,96,424,328,120,578,458,93,166,73,140,184,44,95,1927,120
111,151,40,144,128,-16,136,160,24,112,480,368,80,136,56,111,544,433,120,392,272,80,2071,120
113,161,48,135,104,-31,120,175,55,120,1345,1225,139,608,469,112,222,110,130,218,88,89,2922,120
113,208,95,129,130,1,127,167,40,87,552,465,112,152,40,103,423,320,105,409,304,96,2137,120
121,145,24,136,112,-24,135,152,17,88,559,471,105,152,47,104,729,625,117,104,-13,103,2056,120
88,192,104,144,120,-24,143,183,40,89,456,367,105,177,72,103,327,224,104,192,88,97,1744,120
111,192,81,152,127,-25,153,209,56,104,1712,1608,71,375,304,136,905,769,88,80,-8,111,3711,120
128,167,39,161,145,-16,103,127,24,129,512,383,121,568,447,88,1840,1752,84,584,500,57,4000,120
104,897,793,152,1407,1255,97,280,183,89,472,383,105,241,136,88,287,199,104,152,48,112,3848,120
88,215,127,137,128,-9,137,416,279,89,352,263,113,176,63,105,1025,920,143,119,-24,104,2535,120
120,183,63,144,112,-32,152,216,64,88,552,464,126,312,186,130,512,382,128,520,392,89,2496,120
119,263,144,153,120,-33,137,184,47,96,761,665,111,150,39,105,425,320,128,80,-48,113,2096,120
112,177,65,175,199,24,128,248,120,73,496,423,113,192,79,112,1185,1073,119,159,40,88,2744,120
104,144,40,144,121,-23,144,191,47,97,608,511,114,241,127,112,1287,1175,146,184,38,65,2841,120
112,137,25,168,135,-33,176,208,32,72,416,344,129,152,23,105,385,280,135,159,24,121,1713,120
120,161,41,144,119,-25,129,176,47,112,360,248,113,304,191,121,504,383,129,152,23,97,1873,120
96,224,128,160,128,-32,136,216,80,96,488,392,105,680,575,92,288,196,128,208,80,80,2312,120
97,168,71,161,136,-25,121,128,7,112,520,408,81,168,87,120,296,176,113,208,95,57,1681,120
112,192,80,192,224,32,129,225,96,136,352,216,127,1247,1120,97,592,495,113,96,-17,112,3040,120
80,112,32,128,144,16,136,216,80,121,1024,903,80,168,88,113,208,95,136,184,48,129,2185,120
88,208,120,111,176,65,159,176,17,96,408,312,119,168,49,96,224,128,128,167,39,97,1624,120
96,72,-24,160,120,-40,152,104,-48,120,312,192,96,215,119,136,233,97,144,160,16,96,1312,120
113,121,8,136,103,-33,129,136,7,112,473,361,136,192,56,88,288,200,120,168,48,71,1552,120
89,129,40,120,104,-16,128,152,24,96,456,360,79,112,33,102,375,273,120,204,84,85,1617,120
96,159,63,129,120,-9,121,144,23,105,280,175,113,200,87,81,329,248,128,200,72,120,1552,120
64,144,80,153,137,-16,136,168,32,120,464,344,112,312,200,127,488,361,120,128,8,80,1921,120
105,137,32,123,119,-4,104,87,-17,114,370,256,96,176,80,103,280,177,112,144,32,88,1401,120
97,185,88,128,119,-9,120,153,33,104,336,232,112,191,79,97,305,208,104,168,64,88,1545,120
105,193,88,127,119,-8,128,153,25,112,288,176,96,207,111,97,281,184,104,191,87,81,1513,120
81,184,103,153,129,-24,120,160,40,95,240,145,96,216,120,104,232,128,120,288,168,72,1521,120
104,191,87,149,137,-12,135,128,-7,109,447,338,112,129,17,112,512,400,120,184,64,111,1839,120
88,248,160,136,112,-24,144,160,16,120,903,783,97,105,8,96,239,143,129,169,40,72,2008,120
121,161,40,160,100,-60,163,140,-23,136,336,200,136,847,711,81,273,192,112,135,23,98,2090,120
95,144,49,152,136,-16,104,112,8,112,319,207,129,131,2,125,413,288,105,169,64,104,1528,120
96,176,80,136,120,-16,128,144,16,95,320,225,104,208,104,96,271,175,113,153,40,95,1487,120
96,200,104,160,128,-32,144,167,23,105,721,616,104,144,40,128,240,112,128,264,136,88,1952,120
160,192,32,120,80,-40,152,168,16,104,2080,1976,88,280,192,79,816,737,87,256,169,136,4008,120
124,152,28,176,199,23,113,672,559,65,872,807,89,80,-9,97,225,128,112,143,31,96,2439,120
121,201,80,160,144,-16,160,208,48,120,776,656,112,135,23,105,825,720,120,111,-9,89,2489,120
119,199,80,128,99,-29,125,158,33,120,719,599,105,113,8,96,271,175,88,153,65,72,1784,120
137,249,112,127,136,9,136,215,79,96,761,665,88,152,64,96,280,184,104,168,64,104,2065,120
127,215,88,128,104,-24,129,257,128,72,496,424,104,143,39,73,369,296,119,207,88,49,1840,120
48,567,519,120,96,-24,136,216,80,96,656,560,112,184,72,72,705,633,100,183,83,89,2696,120
71,191,120,160,136,-24,145,152,7,113,488,375,104,336,232,88,472,384,113,114,1,79,1968,120
96,192,96,128,120,-8,136,128,-8,112,360,248,88,177,89,72,317,245,122,163,41,71,1528,120
105,184,79,145,128,-17,128,96,-32,121,640,519,129,120,-9,105,472,367,128,168,40,105,1913,120
103,175,72,144,128,-16,128,144,16,121,441,320,111,263,152,97,336,239,120,216,96,81,1784,120
89,216,127,153,128,-25,137,168,31,112,728,616,121,160,39,120,889,769,120,151,31,97,2537,120
119,383,264,112,80,-32,153,232,79,96,448,352,121,184,63,97,584,487,137,176,39,96,2183,120
97,216,119,169,136,-33,152,144,-8,121,400,279,112,218,106,86,614,528,121,176,55,113,2017,120
104,169,65,151,120,-31,152,192,40,95,414,319,121,185,64,105,592,487,121,192,71,72,1936,120
105,224,119,144,112,-32,137,280,143,89,352,263,113,241,128,87,303,216,113,216,103,81,1809,120
104,208,104,145,128,-17,144,200,56,97,456,359,96,144,48,73,296,223,112,216,104,81,1729,120
113,217,104,128,111,-17,145,232,87,96,504,408,113,800,687,73,264,191,112,152,40,107,2387,120
120,192,72,120,104,-16,144,208,64,96,377,281,87,271,184,72,368,296,136,176,40,81,1777,120
104,185,81,148,135,-13,137,184,47,129,376,247,89,224,135,48,264,216,105,224,119,65,1657,120
81,193,112,129,127,-2,160,200,40,97,288,191,112,280,168,88,464,376,97,401,304,80,2033,120
81,208,127,136,112,-24,121,112,-9,80,312,232,129,208,79,80,400,320,97,168,71,80,1600,120
96,208,112,136,120,-16,112,96,-16,113,424,311,112,240,128,112,336,224,105,439,334,25,1888,120
104,136,32,128,96,-32,121,104,-17,88,400,312,113,184,71,80,248,168,104,136,32,89,1393,120
113,136,23,121,64,-57,185,208,23,96,424,328,89,152,63,80,368,288,88,208,120,71,1631,120
111,175,64,120,88,-32,129,144,15,80,378,298,102,206,104,145,328,183,96,280,184,88,1687,120
104,232,128,128,112,-16,140,136,-4,89,464,375,97,215,118,129,337,208,104,624,520,105,2225,120
104,152,48,152,120,-32,151,128,-23,104,504,400,96,272,176,68,240,172,96,184,88,48,1648,120
97,160,63,128,80,-48,128,130,2,86,390,304,112,216,104,145,344,199,112,224,112,88,1632,120
88,168,80,135,113,-22,136,159,23,96,368,272,96,176,80,96,312,216,113,176,63,72,1544,120
88,200,112,136,104,-32,160,152,-8,96,248,152,144,256,112,72,1432,1360,113,792,679,88,3272,120
40,264,224,152,96,-56,168,208,40,136,344,208,128,304,176,104,360,256,105,200,95,88,1864,120
112,168,56,144,96,-48,168,128,-40,136,824,688,88,159,71,121,281,160,120,216,96,64,1936,120
150,192,42,120,96,-24,137,144,7,105,336,231,105,288,183,88,2536,2448,93,216,123,96,3904,120
96,208,112,144,120,-24,120,112,-8,88,440,352,104,216,112,72,256,184,113,272,159,64,1688,120
88,200,112,128,96,-32,137,176,39,89,280,191,104,288,184,72,256,184,112,176,64,72,1544,120
96,192,96,128,88,-40,152,184,32,144,432,288,96,248,152,104,296,192,120,176,56,72,1688,120
104,208,104,136,104,-32,120,168,48,88,256,168,112,328,216,80,1416,1336,120,168,48,104,2752,120
128,167,39,145,105,-40,128,80,-48,112,328,216,120,239,119,81,265,184,104,152,48,72,1408,120
104,239,135,128,96,-32,145,153,8,80,416,336,128,512,384,112,280,168,112,360,248,63,2119,120
88,352,264,144,96,-48,160,216,56,112,543,431,161,256,95,121,849,728,129,193,64,72,2577,120
136,139,3,149,77,-72,175,168,-7,128,416,288,119,3552,3433,80,248,168,151,188,37,67,4855,120
120,256,136,144,128,-16,135,138,3,133,446,313,96,815,719,89,769,680,112,328,216,79,2959,120
104,272,168,128,680,552,96,224,128,88,480,392,96,176,80,64,1760,1696,112,848,736,87,4527,120
97,176,79,160,120,-40,144,119,-25,129,673,544,128,680,552,96,176,80,136,208,72,104,2256,120
112,192,80,144,112,-32,136,137,1,103,335,232,88,272,184,127,336,209,128,216,88,96,1696,120
114,120,6,160,96,-64,160,240,80,120,1295,1175,98,129,31,104,200,96,120,872,752,80,3032,120
120,143,23,137,105,-32,120,112,-8,119,512,393,112,264,152,129,263,134,97,249,152,88,1736,120
89,137,48,152,88,-64,184,175,-9,113,336,223,112,224,112,89,263,174,106,182,76,99,1504,120
88,195,107,125,101,-24,144,147,3,94,511,417,126,262,136,80,328,248,136,169,33,88,1801,120
143,200,57,128,112,-16,144,136,-8,104,616,512,120,168,48,101,1304,1203,113,96,-17,96,2728,120
72,176,104,168,87,-81,186,233,47,120,400,280,104,155,51,109,333,224,112,584,472,64,2032,120
88,208,120,160,125,-35,131,141,10,110,375,265,119,244,125,107,315,208,120,384,264,88,1880,120
104,192,88,121,96,-25,144,504,360,96,512,416,104,200,96,128,696,568,128,232,104,96,2528,120
88,144,56,144,120,-24,128,184,56,88,712,624,120,208,88,88,200,112,136,191,55,81,1840,120
103,207,104,128,96,-32,152,188,36,100,493,393,127,291,164,108,268,160,144,218,74,94,1855,120
101,240,139,168,144,-24,160,192,32,120,1424,1304,137,590,453,106,273,167,145,273,128,96,3232,120
104,162,58,142,102,-40,160,152,-8,120,520,400,112,544,432,89,201,112,128,232,104,96,2009,120
104,208,104,152,128,-24,135,168,33,88,544,456,128,576,448,111,224,113,120,304,184,112,2264,120
128,225,97,119,95,-24,129,161,32,104,472,368,128,264,136,104,1168,1064,96,512,416,72,2969,120
102,191,89,176,151,-25,129,169,40,103,384,281,128,392,264,88,1384,1296,97,192,95,80,2943,120
80,168,88,136,112,-24,136,208,72,80,456,376,112,432,320,104,175,71,121,241,120,80,1872,120
87,151,64,153,121,-32,128,152,24,96,409,313,135,2127,1992,96,207,111,114,201,87,67,3435,120
80,184,104,152,88,-64,184,312,128,96,1231,1135,120,196,76,84,260,176,104,169,65,96,2536,120
104,176,72,152,120,-32,152,136,-16,104,360,256,112,296,184,97,287,190,121,632,511,75,2082,120
103,143,40,145,111,-34,186,202,16,88,448,360,120,215,95,105,281,176,104,184,80,56,1640,120
104,160,56,136,94,-42,162,178,16,105,528,423,120,176,56,112,528,416,128,296,168,80,2040,120
88,184,96,135,128,-7,127,95,-32,104,424,320,89,873,784,105,240,135,128,368,240,56,2368,120
120,169,49,176,144,-32,136,152,16,88,440,352,136,328,192,88,223,135,120,281,161,135,1872,120
96,199,103,128,104,-24,145,249,104,96,1176,1080,112,104,-8,104,1520,1416,120,176,56,87,3615,120
88,168,80,104,72,-32,128,152,24,112,487,375,81,321,240,112,208,96,112,584,472,80,2072,120
104,199,95,169,144,-25,145,168,23,137,480,343,89,633,544,127,224,97,112,199,87,121,2168,120
88,160,72,184,175,-9,177,185,8,96,359,263,105,281,176,96,448,352,112,239,127,81,1928,120
112,183,71,161,129,-32,144,224,80,80,288,208,104,272,168,96,400,304,128,288,160,144,1928,120
40,608,568,112,88,-24,144,224,80,96,472,376,120,296,176,104,1624,1520,104,112,8,96,3520,120
103,168,65,128,423,295,121,154,33,120,711,591,120,992,872,80,256,176,144,152,8,119,2975,120
103,192,89,128,120,-8,120,144,24,112,479,367,105,153,48,79,384,305,95,271,176,74,1817,120
96,256,160,144,145,1,119,1390,1271,89,961,872,104,1184,1080,56,192,136,120,1264,1144,112,5504,120
115,209,94,120,1304,1184,104,120,16,119,1287,1168,112,345,233,96,904,808,104,120,16,112,4401,120
88,216,128,71,200,129,80,208,128,88,415,327,105,224,119,121,417,296,128,256,128,96,2032,120
81,225,144,95,215,120,80,216,136,64,601,537,104,311,207,145,3264,3119,128,177,49,111,5120,120
95,248,153,88,215,127,89,225,136,80,527,447,96,881,785,120,344,224,96,160,64,88,2688,120
96,152,56,95,247,152,73,225,152,71,367,296,97,409,312,40,648,608,135,152,17,96,2296,120
112,144,32,144,128,-16,152,144,-8,128,488,360,104,231,127,113,1153,1040,136,264,128,112,2664,120
121,137,16,72,800,728,128,136,8,96,664,568,112,736,624,79,112,33,120,168,48,96,2849,120
72,137,65,96,63,-33,121,153,32,96,1904,1808,104,105,1,111,174,63,122,209,87,96,2841,120
88,216,128,112,312,200,89,968,879,88,456,368,88,176,88,72,264,192,104,160,56,72,2624,120
104,120,16,136,121,-15,143,126,-17,97,385,288,96,176,80,128,248,120,112,152,40,96,1424,120
104,200,96,128,88,-40,152,135,-17,89,289,200,96,200,104,112,216,104,103,192,89,71,1391,120
96,168,72,130,128,-2,136,137,1,95,263,168,104,248,144,88,215,127,113,176,63,57,1392,120
88,176,88,136,112,-24,136,128,-8,104,272,168,96,216,120,96,232,136,104,144,40,88,1368,120
104,216,112,152,112,-40,160,152,-8,120,296,176,104,224,120,112,304,192,96,289,193,79,1672,120
104,152,48,115,104,-11,144,128,-16,88,320,232,96,216,120,80,320,240,112,192,80,48,1480,120
80,191,111,145,129,-16,128,136,8,80,272,192,96,192,96,84,256,172,88,200,112,72,1448,120
112,165,53,154,122,-32,145,169,24,87,272,185,80,248,168,64,248,184,127,184,57,56,1464,120
118,176,58,128,88,-40,145,136,-9,104,280,176,96,208,112,104,264,160,112,160,48,64,1376,120
110,262,152,112,72,-40,160,168,8,104,288,184,112,240,128,96,272,176,104,216,112,48,1566,120
104,216,112,112,80,-32,137,152,15,96,1029,933,128,267,139,56,432,376,104,144,40,104,2424,120
119,216,97,128,88,-40,128,120,-8,96,720,624,87,152,65,87,247,160,120,201,81,80,1824,120
88,183,95,120,89,-31,152,127,-25,121,305,184,111,232,121,88,264,176,104,212,108,68,1480,120
112,175,63,153,105,-48,144,80,-64,120,312,192,88,216,128,80,256,176,112,200,88,40,1384,120
112,152,40,152,104,-48,152,200,48,121,375,254,105,585,480,88,720,632,88,263,175,112,2511,120
104,128,24,144,104,-40,125,120,-5,112,400,288,119,215,96,105,232,127,112,345,233,56,1600,120
104,216,112,144,80,-64,152,144,-8,96,307,211,85,245,160,104,266,162,118,214,96,64,1536,120
128,184,56,128,64,-64,160,176,16,96,328,232,127,320,193,120,240,120,104,280,176,80,1672,120
104,167,63,121,81,-40,144,136,-8,104,304,200,112,248,136,80,263,183,113,161,48,71,1431,120
120,177,57,128,104,-24,136,192,56,80,312,232,88,240,152,96,264,168,112,304,192,56,1649,120
136,176,40,112,80,-32,136,168,32,88,368,280,104,248,144,95,464,369,96,192,96,96,1792,120
120,192,72,112,64,-48,176,168,-8,72,408,336,136,248,112,104,360,256,96,208,112,71,1719,120
96,216,120,104,80,-24,136,152,16,96,304,208,128,296,168,88,432,344,88,256,168,40,1776,120
111,935,824,129,120,-9,128,184,56,112,1064,952,112,736,624,73,280,207,104,136,32,72,3527,120
80,472,392,112,96,-16,144,200,56,88,817,729,119,143,24,80,235,155,109,157,48,88,2208,120
104,208,104,128,104,-24,136,138,2,102,462,360,104,152,48,96,264,168,112,176,64,72,1576,120
96,208,112,120,72,-48,144,146,2,110,470,360,128,288,160,72,924,852,124,164,40,88,2360,120
88,192,104,144,112,-32,136,155,19,101,373,272,104,192,88,80,208,128,112,192,80,64,1488,120
112,184,72,112,80,-32,128,160,32,48,272,224,112,280,168,88,312,224,80,432,352,79,1799,120
128,192,64,120,56,-64,144,200,56,96,461,365,123,211,88,106,656,550,88,160,72,88,2024,120
64,168,104,136,96,-40,160,162,2,70,366,296,96,200,104,88,456,368,96,368,272,112,1928,120
112,200,88,152,128,-24,144,145,1,111,383,272,111,168,57,120,448,328,88,152,64,80,1704,120
112,205,93,147,99,-48,176,176,0,96,264,168,112,208,96,104,267,163,109,181,72,120,1520,120
96,144,48,136,88,-48,144,119,-25,113,465,352,96,192,96,64,320,256,104,184,80,88,1600,120
128,481,353,136,56,-80,192,240,48,136,968,832,80,120,40,80,232,152,95,152,57,72,2321,120
80,199,119,89,57,-32,144,159,15,73,288,215,113,224,111,97,361,264,88,144,56,55,1487,120
128,192,64,136,95,-41,145,121,-24,88,368,280,95,224,129,96,240,144,112,208,96,80,1528,120
112,168,56,128,72,-56,160,168,8,88,384,296,103,224,121,80,1144,1064,112,152,40,96,2408,120
120,184,64,144,112,-32,127,129,2,95,463,368,128,200,72,80,303,223,97,273,176,95,1759,120
64,192,128,120,88,-32,160,136,-24,95,375,280,97,209,112,72,232,160,120,167,47,73,1472,120
105,177,72,128,111,-17,145,153,8,103,319,216,121,304,183,65,705,640,96,144,48,104,2017,120
96,163,67,117,80,-37,150,159,9,110,295,185,120,288,168,112,240,128,128,200,72,71,1496,120
113,161,48,120,72,-48,168,170,2,62,414,352,96,279,183,88,377,289,96,232,136,63,1768,120
103,176,73,112,64,-48,160,152,-8,88,512,424,104,776,672,80,168,88,96,192,96,48,2088,120
112,223,111,136,89,-47,175,408,233,80,583,503,104,705,601,64,160,96,112,152,40,88,2408,120
87,200,113,112,64,-48,170,184,14,80,392,312,103,240,137,64,311,247,97,137,40,88,1616,120
135,128,-7,152,112,-40,152,88,-64,96,478,382,90,194,104,95,256,161,56,232,176,80,1568,120
96,192,96,95,80,-15,160,192,32,104,384,280,88,191,103,89,208,119,104,232,128,49,1528,120
80,192,112,104,56,-48,144,160,16,87,880,793,88,151,63,105,233,128,112,144,32,80,1896,120
96,216,120,112,32,-80,167,184,17,128,376,248,112,208,96,87,288,201,112,231,119,97,1632,120
96,200,104,96,23,-73,174,169,-5,96,392,296,120,735,615,97,169,72,96,312,216,80,2080,120
103,167,64,120,65,-55,152,175,23,97,369,272,128,184,56,96,251,155,125,245,120,80,1536,120
120,216,96,128,80,-48,160,295,135,72,288,216,122,296,174,112,1193,1081,144,207,63,105,2680,120
113,145,32,184,168,-16,184,200,16,119,656,537,112,736,624,104,240,136,117,200,83,72,2417,120
104,168,64,105,55,-50,177,193,16,104,416,312,104,256,152,87,288,201,128,232,104,56,1664,120
104,198,94,122,74,-48,183,192,9,103,463,360,129,256,127,136,977,841,112,168,56,47,2375,120
89,153,64,136,120,-16,127,88,-39,128,512,384,112,144,32,80,680,600,104,176,72,96,1969,120
103,175,72,121,81,-40,176,177,1,87,439,352,104,184,80,136,247,111,136,208,72,65,1576,120
68,201,133,144,71,-73,145,129,-16,104,360,256,95,207,112,88,272,184,121,697,576,80,2017,120
116,112,-4,144,87,-57,122,120,-2,96,465,369,96,168,72,104,320,216,104,192,88,87,1551,120
112,128,16,112,72,-40,144,120,-24,112,1223,1111,113,136,23,105,297,192,135,208,73,96,2280,120
89,209,120,136,80,-56,160,192,32,112,479,367,120,520,400,79,649,570,104,231,127,73,2433,120
97,190,93,131,74,-57,160,121,-39,119,487,368,121,225,104,120,256,136,112,191,79,97,1641,120
112,185,73,135,55,-80,1190,176,-1014,129,425,296,120,504,384,72,207,135,128,177,49,79,1808,120
104,184,80,152,55,-97,161,184,23,129,376,247,128,264,136,129,985,856,120,1136,1016,56,3240,120
87,183,96,193,161,-32,128,160,32,119,591,472,105,192,87,89,216,127,120,217,97,120,1840,120
73,144,71,137,64,-73,193,162,-31,127,383,256,119,239,120,104,1328,1224,116,137,21,80,2537,120
72,184,112,137,72,-65,144,160,16,113,547,434,134,261,127,113,521,408,111,247,136,81,2073,120
113,192,79,136,80,-56,168,160,-8,105,360,255,112,264,152,105,384,279,96,280,184,56,1776,120
128,224,96,169,48,-121,200,392,192,88,816,728,97,561,464,80,264,184,112,207,95,89,2601,120
113,224,111,151,128,-23,145,320,175,112,600,488,129,296,167,73,272,199,112,296,184,96,2232,120
113,168,55,81,40,-41,160,352,192,89,514,425,167,303,136,96,607,511,104,520,416,104,2608,120
104,160,56,144,96,-48,112,136,24,95,424,329,129,328,199,96,320,224,160,368,208,130,1962,120
112,168,56,144,113,-31,167,215,48,105,440,335,96,352,256,72,360,288,144,240,96,105,1993,120
136,240,104,152,24,-128,232,329,97,79,775,696,88,440,352,104,241,137,103,183,80,96,2328,120
104,223,119,169,177,8,137,144,7,113,384,271,104,303,199,129,305,176,121,232,111,72,1840,120
128,223,95,113,73,-40,185,160,-25,105,464,359,104,304,200,88,272,184,136,248,112,89,1833,120
96,192,96,137,64,-73,193,196,3,133,460,327,112,264,152,112,424,312,136,496,360,87,2183,120
121,176,55,129,80,-49,176,208,32,104,384,280,97,424,327,121,336,215,120,232,112,97,1937,120
88,184,96,112,80,-32,152,130,-22,110,446,336,105,1000,895,33,592,559,112,168,56,105,2705,120
88,112,24,128,104,-24,144,153,9,111,719,608,152,216,64,104,336,232,144,216,72,96,1952,120
103,183,80,160,136,-24,128,103,-25,105,368,263,105,265,160,81,712,631,104,232,128,80,2079,120
128,191,63,153,129,-24,128,392,264,64,392,328,104,304,200,119,352,233,112,424,312,72,2256,120
145,128,-17,152,88,-64,168,144,-24,112,552,440,105,136,31,104,368,264,121,168,47,88,1672,120
129,144,15,152,96,-56,144,72,-72,128,432,304,97,552,455,96,208,112,121,176,55,80,1760,120
112,176,64,96,48,-48,160,136,-24,96,320,224,104,432,328,57,416,359,120,384,264,40,1952,120
96,208,112,170,128,-42,136,96,-40,128,440,312,121,248,127,105,240,135,121,256,135,64,1680,120
104,200,96,128,88,-40,168,576,408,72,344,272,127,280,153,80,264,184,104,192,88,81,2025,120
109,120,11,152,128,-24,176,168,-8,105,600,495,112,264,152,80,232,152,120,288,168,89,1889,120
104,166,62,186,162,-24,144,258,114,78,349,271,105,289,184,56,639,583,114,241,127,72,2176,120
88,168,80,112,64,-48,152,144,-8,89,392,303,128,215,87,89,328,239,105,801,696,73,2185,120
88,151,63,169,145,-24,144,128,-16,104,392,288,72,328,256,72,408,336,128,200,72,79,1831,120
88,168,80,201,728,527,103,952,849,81,416,335,128,224,96,72,1032,960,101,230,129,66,3816,120
80,256,176,152,136,-16,160,192,32,120,624,504,112,136,24,104,392,288,120,185,65,87,2008,120
96,192,96,96,56,-40,167,192,25,120,560,440,80,224,144,120,280,160,120,288,168,88,1880,120
120,215,95,137,96,-41,161,163,2,86,599,513,119,207,88,88,369,281,143,231,88,88,1968,120
96,128,32,120,256,136,80,232,152,64,384,320,112,1216,1104,73,167,94,97,1305,1208,48,3736,120
112,152,40,144,136,-8,120,105,-15,112,583,471,104,224,120,112,216,104,120,360,240,63,1839,120
91,184,93,120,136,16,128,384,256,88,424,336,104,224,120,80,224,144,112,199,87,73,1848,120
104,176,72,120,96,-24,160,151,-9,121,329,208,104,296,192,96,304,208,112,200,88,88,1640,120
96,216,120,96,200,104,80,192,112,72,328,256,104,232,128,89,416,327,112,664,552,80,2328,120
83,208,125,96,232,136,40,568,528,104,1272,1168,89,224,135,79,248,169,128,256,128,96,3104,120
110,206,96,144,73,-71,158,135,-23,104,464,360,136,152,16,114,257,143,103,159,56,72,1518,120
87,167,80,128,89,-39,151,119,-32,89,384,295,119,199,80,105,265,160,104,256,152,48,1527,120
96,184,88,113,72,-41,168,144,-24,88,336,248,129,192,63,96,225,129,135,184,49,79,1416,120
104,136,32,104,57,-47,192,175,-17,96,440,344,112,312,200,114,168,54,144,209,65,95,1592,120
144,161,17,120,71,-49,161,128,-33,113,408,295,120,200,80,176,256,80,128,208,80,80,1512,120
111,191,80,136,137,1,178,160,-18,120,432,312,113,167,54,120,249,129,143,255,112,88,1679,120
129,192,63,136,81,-55,175,191,16,114,713,599,127,232,105,119,239,120,136,208,72,96,1952,120
129,201,72,138,113,-25,158,199,41,103,712,609,103,728,625,103,144,41,111,240,129,79,2416,120
95,199,104,176,120,-56,168,225,57,130,856,726,127,208,81,113,207,94,136,176,40,128,2119,120
144,200,56,176,137,-39,143,168,25,103,775,672,127,280,153,104,161,57,128,368,240,112,2201,120
128,209,81,166,128,-38,167,167,0,121,441,320,128,160,32,113,231,118,131,184,53,89,1609,120
111,192,81,136,87,-49,168,128,-40,120,488,368,128,224,96,114,217,103,120,208,88,103,1647,120
96,201,105,119,72,-47,183,152,-31,113,344,231,113,263,150,104,241,137,127,240,113,103,1616,120
127,184,57,128,72,-56,176,120,-56,103,376,273,129,185,56,118,247,129,112,312,200,62,1558,120
103,223,120,152,121,-31,128,184,56,103,323,220,141,172,31,128,680,552,121,233,112,87,2023,120
104,168,64,119,63,-56,169,169,0,103,400,297,151,232,81,119,224,105,127,184,57,103,1543,120
119,247,128,120,40,-80,227,209,-18,127,399,272,128,217,89,113,224,111,127,167,40,113,1616,120
127,184,57,119,64,-55,191,160,-31,111,320,209,119,208,89,135,368,233,127,256,129,119,1679,120
127,175,48,120,57,-63,200,200,0,112,528,416,127,728,601,88,143,55,112,312,200,113,2256,120
95,216,121,95,55,-40,177,177,0,103,385,282,158,255,97,127,360,233,104,160,56,95,1703,120
136,160,24,137,56,-81,169,169,0,127,448,321,134,199,65,104,265,161,127,152,25,127,1576,120
127,208,81,135,56,-79,183,128,-55,119,543,424,137,169,32,120,320,200,128,184,56,87,1695,120
135,191,56,129,96,-33,145,145,0,113,481,368,118,159,41,127,272,145,151,208,57,119,1671,120
128,240,112,136,136,0,127,103,-24,96,504,408,129,281,152,96,256,160,143,240,97,104,1864,120
130,248,118,144,104,-40,136,104,-32,96,344,248,128,904,776,95,135,40,114,169,55,111,2119,120
137,233,96,113,79,-34,161,185,24,113,512,399,151,248,97,127,224,97,127,183,56,80,1744,120
135,208,73,113,80,-33,151,168,17,112,417,305,126,182,56,112,225,113,151,192,41,112,1584,120
151,184,33,135,96,-39,192,191,-1,120,297,177,135,184,49,112,248,136,127,208,81,79,1487,120
153,225,72,87,39,-48,200,257,57,128,409,281,135,367,232,104,376,272,128,240,112,80,1993,120
127,168,41,130,72,-58,152,152,0,111,408,297,121,169,48,86,231,145,135,216,81,79,1495,120
145,241,96,32,0,-32,208,208,0,95,528,433,127,184,57,104,288,184,122,216,94,80,1745,120
111,216,105,143,113,-30,159,159,0,95,512,417,123,151,28,89,160,71,128,185,57,72,1568,120
104,160,56,113,80,-33,144,128,-16,104,440,336,121,176,55,128,216,88,135,360,225,96,1656,120
151,207,56,160,112,-48,152,152,0,121,472,351,122,232,110,114,985,871,143,288,145,96,2544,120
136,191,55,161,105,-56,151,96,-55,120,376,256,152,207,55,128,233,105,135,192,57,111,1511,120
137,177,40,144,113,-31,159,127,-32,113,736,623,113,200,87,144,296,152,127,176,49,88,1913,120
143,168,25,96,40,-56,192,160,-32,113,416,303,143,727,584,104,193,89,131,239,108,88,2031,120
120,169,49,112,16,-96,223,176,-47,111,384,273,128,840,712,111,760,649,121,104,-17,96,2545,120
129,265,136,184,129,-55,159,159,0,120,488,368,136,168,32,104,248,144,137,136,-1,88,1681,120
112,192,80,136,80,-56,176,160,-16,120,463,343,130,177,47,128,240,112,129,208,79,72,1592,120
131,163,32,113,56,-57,160,160,0,88,448,360,136,176,40,112,272,160,136,216,80,72,1563,120
120,248,128,131,88,-43,168,200,32,136,443,307,124,181,57,160,312,152,120,151,31,114,1737,120
152,152,0,144,104,-40,159,120,-39,120,432,312,168,168,0,120,232,112,168,200,32,79,1487,120
128,168,40,112,72,-40,168,152,-16,120,424,304,135,104,-31,128,256,128,128,160,32,103,1439,120
144,185,41,128,72,-56,161,160,-1,104,304,200,176,207,31,144,233,89,153,152,-1,104,1417,120
144,200,56,129,71,-58,169,169,0,104,264,160,153,224,71,128,472,344,113,352,239,104,1856,120
112,152,40,104,56,-48,179,160,-19,96,344,248,179,178,-1,102,205,103,153,281,128,113,1489,120
127,151,24,144,104,-40,151,184,33,104,323,219,141,189,48,111,264,153,135,472,337,72,1759,120
151,183,32,128,49,-79,208,208,0,96,319,223,161,233,72,130,231,101,145,217,72,104,1544,120
121,217,96,96,64,-32,176,176,0,112,457,345,151,151,0,130,256,126,136,232,96,88,1641,120
128,192,64,120,80,-40,184,761,577,87,887,800,120,256,136,152,240,88,111,224,113,64,2704,120
136,192,56,96,31,-65,192,161,-31,120,392,272,129,152,23,128,304,176,176,200,24,113,1545,120
128,192,64,136,104,-32,137,120,-17,95,288,193,136,176,40,129,232,103,129,240,111,104,1456,120
120,161,41,96,56,-40,176,176,0,104,376,272,152,184,32,113,256,143,120,168,48,120,1497,120
136,200,64,144,104,-40,177,176,-1,136,728,592,128,240,112,104,248,144,136,248,112,136,2080,120
136,136,0,151,104,-47,160,81,-79,119,463,344,152,128,-24,128,232,104,128,160,32,120,1424,120
152,240,88,159,104,-55,160,104,-56,136,384,248,161,160,-1,104,216,112,136,216,80,104,1528,120
136,184,48,136,96,-40,151,128,-23,123,400,277,136,264,128,152,216,64,120,184,64,151,1623,120
128,96,-32,128,64,-64,168,184,16,127,600,473,175,216,41,113,216,103,136,280,144,151,1807,120
136,136,0,160,89,-71,176,112,-64,127,919,792,145,577,432,113,143,30,153,233,80,88,2297,120
129,168,39,144,104,-40,168,168,0,104,360,256,127,192,65,128,224,96,136,264,128,104,1584,120
144,200,56,144,96,-48,169,168,-1,104,448,344,136,200,64,120,464,344,121,120,-1,112,1808,120
160,129,-31,104,63,-41,169,168,-1,111,640,529,145,131,-14,117,357,240,135,216,81,64,1768,120
112,168,56,152,153,1,151,1943,1792,104,392,288,128,416,288,104,168,64,129,128,-1,112,3480,120
113,192,79,129,72,-57,151,128,-23,104,424,320,128,162,34,102,278,176,128,160,32,88,1504,120
142,174,32,104,56,-48,159,152,-7,113,488,375,129,168,39,136,200,64,119,200,81,96,1534,120
144,168,24,120,64,-56,168,168,0,104,424,320,145,144,-1,104,232,128,128,192,64,104,1496,120
144,192,48,113,32,-81,184,480,296,104,304,200,152,1528,1376,72,1336,1264,136,56,-80,112,4040,120
113,249,136,104,401,297,94,223,129,104,440,336,130,288,158,113,272,159,128,168,40,120,2161,120
128,160,32,112,56,-56,169,152,-17,96,440,344,120,152,32,128,248,120,145,144,-1,104,1456,120
120,200,80,96,40,-56,185,184,-1,120,400,280,127,248,121,152,576,424,128,264,136,104,2016,120
128,168,40,144,88,-56,168,152,-16,113,360,247,161,160,-1,112,216,104,120,208,88,96,1448,120
152,176,24,120,80,-40,168,184,16,104,336,232,153,248,95,114,224,110,144,184,40,128,1560,120
112,232,120,136,72,-64,217,216,-1,131,376,245,144,184,40,88,272,184,128,160,32,128,1640,120
134,215,81,88,56,-32,176,208,32,104,401,297,151,191,40,112,384,272,152,175,23,113,1743,120
128,176,48,104,56,-48,201,200,-1,152,360,208,160,264,104,176,432,256,128,240,112,80,1808,120
120,184,64,120,64,-56,201,200,-1,128,472,344,144,112,-32,120,392,272,136,232,96,104,1760,120
122,144,22,96,56,-40,152,128,-24,88,648,560,128,128,0,120,160,40,152,184,32,131,1579,120
128,200,72,120,80,-40,168,136,-32,128,480,352,128,880,752,104,152,48,136,168,32,104,2200,120
78,140,62,63,985,922,78,859,781,78,625,547,47,1812,1765,141,204,63,78,218,140,78,4921,50
106,153,47,110,141,31,62,187,125,79,813,734,78,906,828,141,156,15,94,344,250,94,2794,50
109,109,0,109,172,63,62,375,313,62,609,547,63,1125,1062,156,172,16,63,281,218,78,2921,50
125,828,703,94,1422,1328,63,156,93,79,454,375,78,1008,930,110,141,31,94,281,187,94,4384,50
94,141,47,63,406,343,63,328,265,94,641,547,78,406,328,125,438,313,62,234,172,125,2719,50
94,141,47,140,484,344,94,266,172,125,531,406,94,1094,1000,140,265,125,94,157,63,109,3047,50
109,156,47,141,203,62,94,297,203,94,688,594,62,203,141,125,1094,969,93,343,250,141,3125,50
110,141,31,125,187,62,78,532,454,125,390,265,78,672,594,156,750,594,94,250,156,78,3000,50
93,125,32,125,203,78,78,687,609,78,594,516,94,1031,937,110,141,31,78,687,609,110,3578,50
94,125,31,110,172,62,125,219,94,94,625,531,78,250,172,125,516,391,93,265,172,78,2250,50
78,109,31,110,219,109,78,422,344,78,531,453,63,281,218,125,422,297,78,235,157,93,2312,50
125,578,453,109,281,172,16,610,594,93,1187,1094,78,360,282,140,296,156,78,1954,1876,171,5437,50
94,125,31,125,219,94,109,250,141,78,687,609,47,250,203,125,203,78,78,282,204,78,2094,50
109,140,31,94,266,172,78,1047,969,93,468,375,79,250,171,125,172,47,94,328,234,79,2750,50
110,188,78,140,359,219,94,813,719,93,234,141,78,297,219,141,359,218,94,282,188,93,2625,50
109,156,47,94,188,94,93,422,329,93,828,735,78,297,219,124,312,188,62,234,172,94,2531,50
125,203,78,109,203,94,78,375,297,78,390,312,94,579,485,125,218,93,63,204,141,109,2281,50
109,250,141,125,281,156,63,266,203,94,437,343,94,610,516,140,250,110,93,265,172,78,2437,50
109,156,47,125,453,328,110,907,797,93,406,313,125,250,125,140,234,94,78,281,203,110,2797,50
109,172,63,140,218,78,94,235,141,93,344,251,109,250,141,140,734,594,78,172,94,94,2219,50
109,156,47,125,141,16,141,312,171,125,360,235,93,1000,907,109,187,78,94,203,109,110,2469,50
140,203,63,140,187,47,110,203,93,94,1875,1781,110,985,875,109,172,63,78,203,125,109,3937,50
110,141,31,93,219,126,46,1499,1453,110,344,234,78,360,282,109,156,47,78,234,156,94,3047,50
94,141,47,109,203,94,62,531,469,94,953,859,125,1281,1156,157,235,78,94,203,109,140,3687,50
109,234,125,125,234,109,110,407,297,172,422,250,109,468,359,172,250,78,94,282,188,125,2422,50
110,141,31,109,172,63,109,250,141,93,750,657,109,312,203,172,235,63,78,218,140,125,2203,50
141,204,63,109,234,125,62,297,235,156,437,281,78,1407,1329,140,187,47,109,234,125,157,3157,50
125,156,31,94,156,62,94,329,235,78,593,515,110,1203,1093,125,188,63,109,266,157,93,2984,50
109,125,16,94,1172,1078,141,203,62,125,375,250,109,313,204,171,343,172,94,438,344,109,3078,50
109,109,0,125,172,47,109,441,332,143,348,205,78,438,360,140,219,79,62,296,234,110,2133,50
156,203,47,62,125,63,141,390,249,110,266,156,94,438,344,140,484,344,63,313,250,109,2328,50
125,125,0,109,156,47,125,219,94,109,406,297,110,375,265,125,203,78,78,516,438,109,2109,50
109,172,63,78,562,484,141,172,31,94,719,625,109,807,698,157,204,47,94,296,202,126,3058,50
141,141,0,125,172,47,124,265,141,110,375,265,125,266,141,125,250,125,125,234,109,125,1828,50
156,187,31,110,203,93,94,391,297,125,484,359,110,766,656,109,203,94,63,219,156,125,2578,50
125,172,47,125,219,94,78,219,141,93,437,344,110,235,125,109,390,281,109,203,94,110,1985,50
125,140,15,94,282,188,125,328,203,93,343,250,79,375,296,141,235,94,78,250,172,109,2062,50
109,203,94,109,437,328,110,344,234,109,437,328,94,235,141,172,562,390,125,204,79,109,2531,50
109,234,125,141,313,172,47,437,390,94,1079,985,109,843,734,141,172,31,63,219,156,94,3391,50
110,125,15,141,203,62,125,219,94,109,406,297,110,1875,1765,156,188,32,78,250,172,109,3375,50
93,140,47,109,235,126,93,562,469,110,281,171,94,563,469,125,156,31,78,313,235,78,2328,50
125,125,0,79,500,421,125,532,407,93,1390,1297,110,922,812,141,235,94,109,281,172,94,4079,50
125,187,62,94,188,94,94,250,156,125,640,515,110,297,187,156,313,157,78,515,437,94,2484,50
125,219,94,109,328,219,124,375,251,172,687,515,94,1672,1578,125,219,94,94,219,125,93,3812,50
110,141,31,78,360,282,78,734,656,94,203,109,110,610,500,93,156,63,109,203,94,125,2532,50
125,234,109,109,250,141,94,281,187,110,1219,1109,125,297,172,156,453,297,94,187,93,125,3046,50
109,265,156,125,250,125,110,313,203,94,328,234,94,453,359,141,203,62,78,234,156,94,2140,50
109,188,79,109,343,234,94,344,250,109,375,266,94,422,328,156,937,781,63,391,328,63,3063,50
110,188,78,109,203,94,78,250,172,109,406,297,94,1172,1078,109,187,78,94,204,110,125,2735,50
125,141,16,94,156,62,94,344,250,125,719,594,109,625,516,172,359,187,109,656,547,94,3094,50
125,125,0,110,172,62,109,266,157,109,406,297,110,766,656,156,219,63,93,218,125,125,2297,50
94,125,31,94,188,94,78,187,109,125,469,344,94,235,141,125,843,718,94,391,297,62,2500,50
126,188,62,125,359,234,157,282,125,125,640,515,94,250,156,172,485,313,109,250,141,109,2563,50
125,172,47,125,203,78,125,469,344,140,344,204,109,281,172,140,203,63,94,250,156,125,2047,50
125,765,640,125,219,94,94,625,531,109,281,172,125,735,610,156,203,47,125,218,93,141,3187,50
125,172,47,141,188,47,109,265,156,110,485,375,109,281,172,94,344,250,109,437,328,141,2313,50
125,157,32,140,203,63,109,453,344,93,437,344,78,313,235,156,265,109,94,329,235,124,2281,50
109,156,47,94,203,109,110,219,109,94,531,437,110,203,93,157,375,218,94,360,266,93,2140,50
125,156,31,78,172,94,93,249,156,79,454,375,94,328,234,141,359,218,94,297,203,125,2140,50
125,156,31,78,188,110,124,218,94,110,469,359,109,266,157,140,297,157,109,437,328,125,2156,50
109,172,63,94,172,78,125,312,187,110,688,578,125,437,312,125,156,31,110,391,281,125,2453,50
110,172,62,125,203,78,110,250,140,94,531,437,94,360,266,109,187,78,78,250,172,110,2063,50
90,122,32,78,172,94,125,375,250,109,859,750,94,2922,2828,141,203,62,110,203,93,125,4981,50
110,141,31,94,156,62,109,250,141,94,547,453,94,234,140,125,453,328,79,282,203,78,2141,50
109,172,63,109,203,94,94,578,484,109,453,344,94,344,250,141,375,234,94,250,156,94,2469,50
125,172,47,94,219,125,78,265,187,79,500,421,94,282,188,125,265,140,94,250,156,94,2047,50
94,109,15,94,188,94,94,391,297,93,359,266,94,281,187,125,203,78,94,235,141,109,1875,50
140,187,47,125,203,78,94,297,203,125,438,313,78,265,187,156,938,782,125,234,109,141,2703,50
156,172,16,125,188,63,125,296,171,110,500,390,141,1469,1328,125,219,94,109,187,78,125,3156,50
141,172,31,125,188,63,109,578,469,156,359,203,94,391,297,125,203,78,78,219,141,140,2250,50
125,156,31,126,204,78,93,218,125,79,516,437,94,359,265,157,407,250,109,218,109,79,2157,50
125,188,63,94,172,78,125,218,93,110,407,297,93,234,141,125,266,141,125,328,203,94,1907,50
141,187,46,110,157,47,109,343,234,110,375,265,94,297,203,110,266,156,78,187,109,141,1953,50
125,172,47,125,187,62,125,266,141,109,359,250,109,891,782,140,156,16,125,359,234,125,2515,50
125,187,62,78,172,94,125,328,203,109,453,344,110,250,140,141,219,78,109,859,750,157,2625,50
93,156,63,109,219,110,93,218,125,110,1016,906,109,1453,1344,109,141,32,109,218,109,126,3547,50
94,188,94,125,172,47,125,250,125,93,515,422,109,235,126,125,375,250,93,281,188,109,2125,50
125,203,78,125,218,93,126,204,78,78,390,312,141,329,188,156,234,78,109,297,188,125,2000,50
125,187,62,78,157,79,109,453,344,125,453,328,94,765,671,79,203,124,94,157,63,125,2500,50
94,172,78,94,156,62,141,282,141,109,390,281,94,828,734,172,235,63,125,234,109,141,2438,50
109,187,78,78,188,110,93,234,141,109,406,297,110,735,625,109,812,703,94,203,109,110,2875,50
109,187,78,110,188,78,109,312,203,125,875,750,78,578,500,125,1110,985,93,500,407,78,3828,50
110,157,47,109,187,78,110,531,421,110,313,203,93,391,298,109,765,656,47,141,94,109,2594,50
109,172,63,93,187,94,110,250,140,94,328,234,94,266,172,78,547,469,94,344,250,93,2187,50
140,187,47,94,203,109,110,313,203,109,344,235,94,672,578,156,218,62,78,188,110,172,2297,50
125,157,32,93,187,94,78,234,156,125,407,282,109,234,125,125,281,156,125,219,94,109,1828,50
110,157,47,93,140,47,141,250,109,125,297,172,110,328,218,141,297,156,125,281,156,79,1829,50
125,125,0,109,171,62,94,188,94,109,547,438,94,328,234,141,359,218,141,266,125,109,2093,50
110,922,812,94,203,109,78,422,344,78,422,344,78,328,250,110,203,93,78,328,250,94,2922,50
125,188,63,109,297,188,125,265,140,125,360,235,94,453,359,125,219,94,109,437,328,125,2344,50
79,188,109,109,266,157,125,531,406,109,312,203,110,406,296,126,391,265,94,344,250,156,2594,50
140,203,63,94,234,140,110,297,187,110,3219,3109,94,375,281,125,219,94,109,250,141,109,4906,50
109,171,62,94,235,141,94,344,250,78,609,531,94,266,172,109,312,203,94,312,218,126,2375,50
141,203,62,94,219,125,125,297,172,94,422,328,140,297,157,140,453,313,94,391,297,140,2422,50
125,188,63,78,187,109,125,297,172,141,282,141,124,359,235,141,297,156,125,219,94,78,1907,50
109,156,47,110,172,62,125,219,94,141,375,234,109,375,266,125,375,250,94,250,156,78,2000,50
141,188,47,93,234,141,78,297,219,93,531,438,78,500,422,125,250,125,78,203,125,125,2328,50
172,234,62,78,1641,1563,94,187,93,94,766,672,125,2125,2000,94,234,140,63,750,687,63,6000,50
140,140,0,94,188,94,109,297,188,125,531,406,109,359,250,125,235,110,93,265,172,109,2124,50
94,141,47,78,63,-15,156,390,234,94,672,578,125,328,203,125,235,110,93,218,125,94,2141,50
125,234,109,78,188,110,78,187,109,78,531,453,63,203,140,110,844,734,78,250,172,109,2546,50
94,250,156,94,219,125,94,265,171,79,516,437,109,250,141,141,1047,906,94,172,78,78,2797,50
125,203,78,109,203,94,94,219,125,78,281,203,94,312,218,141,204,63,93,218,125,94,1734,50
125,234,109,79,204,125,78,187,109,109,484,375,79,297,218,110,203,93,78,172,94,110,1891,50
125,234,109,110,203,93,78,157,79,93,375,282,93,281,188,109,422,313,62,172,110,125,1969,50
110,235,125,125,172,47,93,140,47,96,330,234,79,329,250,125,250,125,93,250,157,125,1831,50
140,218,78,125,188,63,125,187,62,94,344,250,94,297,203,156,312,156,94,188,94,78,1812,50
140,172,32,93,140,47,141,219,78,109,297,188,109,281,172,125,203,78,110,250,140,110,1672,50
94,203,109,141,188,47,109,172,63,109,386,277,109,641,532,156,312,156,94,156,62,94,2152,50
125,234,109,110,188,78,141,187,46,79,297,218,94,219,125,125,297,172,94,281,187,110,1813,50
125,203,78,109,156,47,78,172,94,94,328,234,94,453,359,110,157,47,93,609,516,109,2187,50
140,234,94,109,141,32,125,203,78,62,250,188,93,359,266,125,172,47,141,203,62,125,1687,50
141,157,16,109,156,47,140,203,63,109,344,235,93,218,125,110,344,234,78,219,141,78,1719,50
109,172,63,94,140,46,110,172,62,78,328,250,79,297,218,110,266,156,94,187,93,94,1656,50
172,547,375,78,188,110,94,156,62,94,375,281,94,266,172,93,234,141,78,250,172,78,2094,50
110,141,31,94,187,93,79,157,78,78,297,219,93,250,157,109,312,203,63,219,156,78,1641,50
109,140,31,94,141,47,109,172,63,78,359,281,78,250,172,125,344,219,94,359,265,78,1843,50
125,157,32,109,156,47,109,172,63,78,318,240,93,250,157,156,250,94,93,218,125,79,1600,50
125,187,62,94,141,47,125,187,62,78,219,141,94,1219,1125,140,187,47,78,250,172,94,2484,50
125,188,63,93,172,79,93,140,47,94,297,203,109,281,172,188,250,62,94,282,188,93,1703,50
109,172,63,109,156,47,94,172,78,62,234,172,141,282,141,125,203,78,93,484,391,125,1828,50
172,172,0,78,156,78,79,797,718,141,1344,1203,94,1109,1015,125,172,47,94,203,109,79,4032,50
124,171,47,63,125,62,94,204,110,125,828,703,93,656,563,141,141,0,93,218,125,172,2515,50
156,187,31,78,109,31,94,141,47,78,266,188,93,297,204,171,234,63,141,203,62,94,1531,50
109,188,79,156,515,359,78,110,32,78,1265,1187,94,344,250,109,172,63,109,234,125,125,2953,50
172,172,0,78,156,78,79,141,62,125,297,172,125,390,265,172,235,63,94,219,125,106,1716,50
94,126,32,93,156,63,109,156,47,94,297,203,109,344,235,140,234,94,94,297,203,94,1704,50
157,157,0,93,203,110,78,125,47,125,297,172,93,750,657,172,234,62,94,547,453,78,2391,50
125,125,0,94,172,78,109,203,94,78,188,110,125,312,187,141,672,531,78,187,109,94,1953,50
156,172,16,94,156,62,110,141,31,78,797,719,78,422,344,140,281,141,78,219,141,109,2297,50
125,125,0,78,188,110,94,140,46,94,250,156,110,438,328,125,219,94,109,203,94,125,1688,50
94,141,47,94,140,46,110,219,109,110,1156,1046,110,219,109,125,281,156,110,219,109,125,2500,50
141,141,0,78,141,63,124,171,47,94,813,719,94,1047,953,109,219,110,109,203,94,140,2875,50
110,157,47,109,218,109,110,485,375,109,312,203,94,219,125,125,234,109,94,172,78,157,1954,50
140,171,31,94,157,63,109,156,47,78,328,250,125,313,188,156,234,78,94,203,109,156,1718,50
156,156,0,62,250,188,94,140,46,79,375,296,79,329,250,156,218,62,94,219,125,156,1843,50
125,156,31,110,203,93,110,672,562,110,282,172,140,375,235,187,359,172,125,203,78,109,2359,50
94,156,62,110,157,47,109,187,78,110,203,93,157,344,187,109,156,47,110,235,125,125,1563,50
109,125,16,93,156,63,94,203,109,94,422,328,78,312,234,94,328,234,79,282,203,109,1937,50
109,140,31,79,157,78,94,140,46,94,313,219,94,234,140,125,344,219,78,250,172,94,1672,50
94,172,78,93,156,63,94,172,78,109,281,172,125,1219,1094,109,187,78,94,203,109,110,2500,50
109,109,0,78,141,63,109,156,47,78,219,141,92,296,204,140,234,94,94,234,140,94,1483,50
125,156,31,110,172,62,94,156,62,63,1344,1281,109,1156,1047,125,203,78,78,235,157,125,3547,50
93,156,63,78,172,94,62,94,32,78,296,218,94,266,172,109,276,167,94,234,140,79,1573,50
125,172,47,78,203,125,78,203,125,125,609,484,79,329,250,156,906,750,94,328,234,47,2797,50
110,157,47,78,140,62,78,235,157,109,984,875,78,656,578,125,125,0,94,297,203,94,2688,50
74,152,78,94,234,140,94,125,31,94,297,203,94,281,187,125,344,219,94,250,156,109,1792,50
124,172,48,78,734,656,94,484,390,94,422,328,94,297,203,156,469,313,140,140,0,125,2843,50
125,125,0,79,235,156,140,297,157,93,437,344,94,891,797,109,125,16,109,187,78,125,2422,50
125,156,31,125,188,63,94,203,109,94,484,390,79,250,171,94,235,141,109,172,63,109,1797,50
125,203,78,78,156,78,125,157,32,93,343,250,110,266,156,125,219,94,125,281,156,141,1766,50
109,156,47,78,265,187,94,141,47,78,485,407,93,359,266,141,141,0,93,234,141,125,1906,50
109,187,78,109,359,250,110,625,515,94,329,235,109,281,172,172,297,125,125,203,78,109,2390,50
156,156,0,78,125,47,140,250,110,94,250,156,94,344,250,140,171,31,110,235,125,125,1656,50
109,140,31,94,156,62,110,172,62,110,282,172,124,343,219,125,172,47,125,235,110,109,1609,50
110,156,46,79,235,156,62,281,219,94,281,187,78,328,250,110,141,31,94,234,140,94,1750,50
125,172,47,94,156,62,94,235,141,78,406,328,94,953,859,125,266,141,78,249,171,79,2516,50
109,125,16,78,187,109,109,281,172,79,485,406,94,265,171,157,297,140,78,219,141,109,1968,50
94,141,47,62,172,110,93,203,110,125,250,125,109,297,188,109,187,78,125,344,219,156,1750,50
125,156,31,47,235,188,78,250,172,94,1437,1343,63,1578,1515,110,141,31,94,203,109,110,4110,50
78,140,62,63,125,62,94,204,110,93,437,344,63,953,890,110,172,62,78,219,141,109,2359,50
109,187,78,63,156,93,110,219,109,94,391,297,94,250,156,156,484,328,94,156,62,110,1953,50
125,125,0,62,172,110,78,219,141,109,375,266,78,234,156,156,281,125,94,203,109,110,1719,50
110,141,31,78,172,94,62,671,609,110,329,219,93,265,172,157,188,31,125,203,78,109,2078,50
94,125,31,78,172,94,78,406,328,94,235,141,93,265,172,172,297,125,109,1016,907,109,2625,50
109,172,63,47,109,62,94,313,219,93,625,532,109,656,547,172,250,78,94,250,156,125,2500,50
110,172,62,63,109,46,110,297,187,110,297,187,94,360,266,125,172,47,93,296,203,94,1797,50
125,141,16,62,172,110,93,187,94,109,297,188,93,797,704,156,375,219,93,187,94,110,2266,50
110,157,47,93,203,110,109,390,281,94,297,203,110,484,374,141,532,391,109,203,94,109,2375,50
141,156,15,63,172,109,78,235,157,125,453,328,78,218,140,126,266,140,125,235,110,109,1844,50
109,156,47,78,172,94,94,203,109,94,360,266,93,531,438,172,172,0,78,312,234,110,2016,50
156,156,0,78,141,63,93,234,141,110,531,421,94,485,391,122,153,31,94,250,156,94,2044,50
125,156,31,94,156,62,110,235,125,125,312,187,94,891,797,109,109,0,78,266,188,125,2250,50
172,172,0,78,125,47,141,203,62,94,266,172,125,328,203,125,235,110,125,359,234,94,1782,50
125,188,63,93,140,47,109,282,173,77,250,173,77,1031,954,140,218,78,110,344,234,188,2641,50
125,140,15,94,157,63,93,234,141,109,391,282,125,589,464,125,156,31,141,219,78,141,2027,50
141,156,15,110,157,47,94,140,46,110,282,172,125,297,172,156,921,765,125,266,141,78,2297,50
93,109,16,78,156,78,78,1469,1391,109,812,703,110,1172,1062,110,110,0,93,234,141,94,4156,50
109,187,78,78,141,63,109,281,172,94,438,344,78,281,203,125,281,156,109,234,125,125,1968,50
171,140,-31,110,157,47,125,234,109,94,2016,1922,78,281,203,156,250,94,125,266,141,109,3453,50
110,188,78,93,156,63,94,234,140,94,407,313,78,609,531,109,203,94,140,500,360,109,2406,50
110,141,31,94,156,62,110,203,93,125,375,250,125,375,250,172,204,32,93,234,141,125,1813,50
156,156,0,63,141,78,125,453,328,141,312,171,110,579,469,156,187,31,94,266,172,93,2187,50
157,204,47,93,140,47,141,250,109,125,453,328,125,297,172,172,281,109,110,204,94,125,1954,50
125,172,47,78,156,78,110,250,140,110,422,312,94,313,219,140,281,141,109,203,94,125,1922,50
110,141,31,78,172,94,109,156,47,110,344,234,141,266,125,140,203,63,172,203,31,125,1610,50
125,172,47,78,145,67,82,285,203,125,500,375,125,219,94,156,219,63,125,203,78,109,1852,50
156,140,-16,63,141,78,125,500,375,125,328,203,141,312,171,157,219,62,109,985,876,125,2750,50
125,141,16,94,125,31,125,344,219,109,781,672,109,1141,1032,172,203,31,109,203,94,109,3047,50
125,172,47,63,125,62,141,282,141,125,656,531,125,234,109,109,453,344,94,219,125,78,2219,50
125,187,62,94,188,94,78,250,172,141,453,312,94,328,234,173,250,77,94,235,141,125,2016,50
172,203,31,78,125,47,156,250,94,172,406,234,141,750,609,141,171,30,140,250,110,156,2311,50
156,172,16,62,172,110,109,219,110,109,953,844,78,562,484,141,203,62,125,578,453,125,2984,50
109,140,31,125,188,63,109,172,63,125,375,250,109,312,203,125,203,78,125,360,235,93,1843,50
125,156,31,78,172,94,78,250,172,109,484,375,125,1094,969,109,141,32,93,234,141,109,2640,50
141,188,47,94,203,109,78,172,94,109,547,438,140,297,157,172,515,343,110,188,78,125,2235,50
141,157,16,93,156,63,109,219,110,93,406,313,109,437,328,125,828,703,110,297,187,63,2563,50
109,125,16,109,156,47,78,172,94,94,250,156,109,844,735,109,156,47,94,281,187,110,2094,50
141,219,78,94,515,421,94,344,250,141,360,219,93,296,203,125,219,94,110,172,62,94,2219,50
125,250,125,110,250,140,110,235,125,109,281,172,125,297,172,172,219,47,109,515,406,125,2172,50
141,203,62,94,157,63,109,203,94,109,234,125,141,344,203,140,516,376,109,187,78,109,1953,50
140,140,0,78,157,79,109,500,391,140,187,47,94,328,234,125,235,110,125,250,125,93,1890,50
94,156,62,94,156,62,110,375,265,125,407,282,93,1015,922,125,172,47,94,188,94,140,2609,50
94,125,31,94,110,16,109,266,157,109,343,234,94,422,328,109,141,32,94,234,140,94,1735,50
125,250,125,109,172,63,93,203,110,78,406,328,94,266,172,109,421,312,110,172,62,110,2000,50
109,188,79,109,218,109,78,141,63,109,297,188,62,250,188,109,187,78,110,282,172,78,1641,50
93,140,47,78,172,94,78,125,47,94,266,172,78,234,156,94,141,47,93,234,141,94,1406,50
94,234,140,94,141,47,78,141,63,93,297,204,109,343,234,125,219,94,109,234,125,110,1719,50
110,266,156,109,172,63,125,203,78,78,281,203,94,282,188,124,187,63,109,266,157,109,1766,50
141,203,62,47,125,78,94,156,62,63,282,219,78,250,172,109,203,94,94,219,125,78,1516,50
156,234,78,63,125,62,94,141,47,78,203,125,156,281,125,125,250,125,94,234,140,94,1562,50
140,172,32,78,156,78,93,125,32,94,359,265,109,203,94,141,328,187,94,172,78,94,1609,50
125,172,47,78,125,47,93,140,47,94,313,219,93,406,313,125,203,78,94,203,109,78,1640,50
109,140,31,94,172,78,78,156,78,78,407,329,93,250,157,125,437,312,110,266,156,109,1937,50
94,125,31,94,125,31,110,469,359,78,1672,1594,94,969,875,125,156,31,78,187,109,125,3828,50
140,203,63,109,140,31,110,125,15,94,313,219,109,359,250,110,125,15,110,172,62,125,1562,50
109,109,0,78,141,63,109,140,31,110,282,172,94,234,140,110,172,62,94,203,109,110,1391,50
125,125,0,94,141,47,94,140,46,94,407,313,78,328,250,125,125,0,125,218,93,126,1610,50
141,141,0,94,125,31,125,297,172,109,437,328,94,266,172,125,172,47,140,234,94,109,1781,50
140,140,0,78,157,79,109,109,0,109,281,172,94,313,219,125,156,31,94,219,125,140,1515,50
110,141,31,62,141,79,78,156,78,94,328,234,78,313,235,187,187,0,94,235,141,124,1625,50
172,188,16,62,125,63,109,156,47,78,203,125,125,328,203,110,172,62,110,203,93,125,1500,50
110,172,62,156,235,79,124,203,79,78,218,140,141,297,156,110,328,218,125,250,125,110,1813,50
125,125,0,94,125,31,94,141,47,94,234,140,94,250,156,110,219,109,94,250,156,94,1438,50
141,141,0,93,156,63,94,140,46,78,235,157,140,250,110,140,203,63,125,187,62,125,1437,50
125,172,47,93,140,47,94,125,31,94,875,781,94,188,94,141,484,343,125,219,94,125,2328,50
125,125,0,93,156,63,78,156,78,78,219,141,140,328,188,156,359,203,94,157,63,93,1593,50
125,94,-31,94,156,62,94,141,47,94,219,125,93,281,188,140,172,32,109,265,156,110,1438,50
141,141,0,94,156,62,78,109,31,78,235,157,125,265,140,172,313,141,125,234,109,47,1500,50
109,109,0,94,141,47,63,156,93,78,219,141,109,312,203,141,329,188,125,156,31,78,1500,50
156,156,0,63,109,46,141,141,0,94,281,187,125,313,188,141,594,453,78,171,93,110,1875,50
140,187,47,78,141,63,125,375,250,109,687,578,125,344,219,141,203,62,94,172,78,156,2265,50
78,1250,1172,109,140,31,125,203,78,94,938,844,109,187,78,125,809,684,94,610,516,125,4262,50
140,218,78,78,110,32,93,187,94,125,235,110,125,375,250,171,703,532,109,797,688,125,2750,50
188,219,31,78,141,63,78,140,62,79,360,281,62,187,125,141,297,156,110,203,93,110,1657,50
140,140,0,63,125,62,94,156,62,79,251,172,109,234,125,156,422,266,109,219,110,93,1640,50
109,141,32,109,203,94,93,172,79,93,531,438,109,203,94,141,219,78,125,235,110,86,1790,50
109,187,78,110,172,62,109,563,454,109,328,219,93,406,313,109,141,32,140,296,156,125,2218,50
140,140,0,110,141,31,94,156,62,110,1120,1010,78,266,188,141,344,203,93,703,610,125,2995,50
110,79,-31,93,187,94,63,78,15,110,422,312,109,188,79,156,343,187,94,203,109,110,1610,50
172,188,16,62,140,78,125,500,375,110,203,93,94,375,281,172,313,141,125,297,172,109,2125,50
125,125,0,93,218,125,94,125,31,78,750,672,94,516,422,125,187,62,125,282,157,125,2328,50
125,125,0,110,141,31,125,188,63,109,265,156,110,313,203,156,234,78,140,219,79,187,1672,50
141,141,0,78,141,63,109,156,47,109,281,172,110,250,140,141,359,218,110,204,94,140,1672,50
141,141,0,78,156,78,94,110,16,109,297,188,93,234,141,172,219,47,93,234,141,109,1500,50
156,156,0,79,188,109,94,140,46,126,266,140,94,375,281,125,156,31,94,266,172,140,1687,50
140,156,16,63,141,78,93,140,47,94,282,188,109,234,125,125,172,47,109,266,157,125,1516,50
109,109,0,94,141,47,94,172,78,78,562,484,79,953,874,110,204,94,93,203,110,125,2469,50
124,156,32,94,297,203,93,468,375,110,329,219,109,296,187,157,266,109,94,359,265,110,2281,50
110,203,93,126,219,93,125,172,47,110,281,171,125,219,94,172,281,109,125,235,110,140,1750,50
141,141,0,94,156,62,94,125,31,109,375,266,125,234,109,172,282,110,140,375,235,140,1828,50
157,188,31,94,203,109,109,156,47,110,235,125,93,359,266,141,172,31,125,203,78,158,1674,50
172,172,0,63,141,78,93,156,63,62,625,563,94,187,93,157,297,140,78,719,641,141,2438,50
125,125,0,94,188,94,78,125,47,109,312,203,141,250,109,125,235,110,109,250,141,156,1641,50
141,172,31,78,172,94,93,93,0,125,344,219,125,266,141,94,203,109,109,250,141,78,1578,50
125,188,63,78,141,63,93,140,47,110,422,312,94,188,94,156,234,78,109,172,63,125,1610,50
94,141,47,93,156,63,94,141,47,109,390,281,141,219,78,156,641,485,93,218,125,141,2047,50
141,156,15,78,156,78,110,157,47,78,265,187,94,360,266,172,1109,937,78,141,63,140,2484,50
141,141,0,78,125,47,78,141,63,78,296,218,157,297,140,125,157,32,93,265,172,94,1516,50
141,141,0,93,156,63,94,594,500,125,234,109,94,297,203,109,172,63,109,531,422,141,2266,50
109,156,47,109,219,110,93,250,157,125,359,234,94,953,859,172,219,47,109,234,125,125,2515,50
110,141,31,78,141,63,140,140,0,94,328,234,110,329,219,125,250,125,78,234,156,78,1641,50
109,140,31,94,172,78,94,203,109,79,610,531,94,328,234,187,687,500,63,188,125,141,2469,50
109,156,47,140,234,94,94,235,141,78,640,562,110,250,140,172,266,94,125,203,78,141,2125,50
110,141,31,109,359,250,94,110,16,94,500,406,62,219,157,109,234,125,125,187,62,157,1907,50
141,172,31,110,282,172,93,124,31,94,1141,1047,94,203,109,157,313,156,140,312,172,141,2688,50
94,109,15,94,157,63,109,359,250,125,328,203,141,656,515,125,141,16,125,375,250,141,2266,50
109,109,0,78,235,157,62,500,438,93,281,188,94,234,140,125,219,94,125,219,94,156,1953,50
93,125,32,78,234,156,109,297,188,94,344,250,109,328,219,156,125,-31,125,297,172,125,1875,50
109,109,0,94,203,109,94,1000,906,110,188,78,109,359,250,141,156,15,141,266,125,140,2421,50
140,219,79,93,187,94,78,140,62,110,282,172,140,328,188,141,266,125,125,187,62,141,1750,50
125,156,31,94,235,141,93,234,141,94,609,515,110,407,297,140,171,31,141,250,109,125,2187,50
124,156,32,93,172,79,109,172,63,109,234,125,78,750,672,172,359,187,157,250,93,156,2249,50
110,203,93,94,250,156,110,188,78,109,562,453,94,250,156,172,172,0,125,344,219,125,2094,50
141,188,47,109,140,31,94,204,110,109,328,219,109,265,156,157,141,-16,125,250,125,156,1672,50
79,110,31,62,187,125,78,188,110,94,734,640,125,407,282,124,312,188,94,172,78,78,2188,50
93,109,16,78,188,110,93,156,63,109,344,235,109,172,63,140,234,94,125,219,94,125,1547,50
172,204,32,93,218,125,47,94,47,78,562,484,79,266,187,141,1094,953,94,187,93,78,2703,50
125,125,0,78,156,78,109,250,141,109,297,188,109,594,485,156,422,266,109,124,15,125,2093,50
110,125,15,79,235,156,109,125,16,78,312,234,110,219,109,141,578,437,125,453,328,110,2157,50
93,140,47,63,110,47,109,250,141,93,297,204,109,453,344,93,109,16,109,641,532,62,2062,50
94,156,62,78,156,78,94,203,109,79,328,249,110,923,813,124,218,94,125,188,63,109,2281,50
172,250,78,63,141,78,109,187,78,110,719,609,125,234,109,126,204,78,140,203,63,109,2047,50
140,171,31,94,172,78,141,219,78,141,328,187,110,250,140,125,203,78,125,204,79,140,1687,50
156,172,16,93,156,63,140,187,47,125,266,141,141,250,109,187,250,63,109,250,141,156,1687,50
156,188,32,78,140,62,109,266,157,109,453,344,125,297,172,140,265,125,141,219,78,156,1984,50
203,203,0,78,156,78,125,188,63,140,312,172,110,875,765,157,969,812,110,328,218,110,3141,50
141,141,0,94,109,15,110,172,62,94,344,250,109,469,360,125,125,0,109,234,125,109,1703,50
109,140,31,78,110,32,109,297,188,109,343,234,94,641,547,125,172,47,94,219,125,125,2047,50
125,172,47,78,141,63,109,281,172,125,438,313,140,187,47,110,172,62,109,188,79,124,1703,50
140,156,16,94,156,62,125,219,94,125,516,391,93,219,126,171,250,79,124,234,110,156,1906,50
157,157,0,78,156,78,125,219,94,156,515,359,110,250,140,172,328,156,94,219,125,156,2000,50
141,172,31,78,125,47,141,203,62,109,719,610,109,234,125,141,235,94,125,250,125,125,2063,50
125,141,16,109,156,47,141,250,109,110,203,93,110,329,219,109,171,62,125,188,63,125,1563,50
125,125,0,94,125,31,141,235,94,109,281,172,94,250,156,125,156,31,110,953,843,110,2235,50
109,156,47,94,156,62,94,172,78,94,235,141,93,249,156,172,219,47,110,266,156,172,1625,50
141,141,0,78,141,63,125,234,109,125,391,266,78,219,141,140,234,94,125,500,375,125,1985,50
141,266,125,62,125,63,125,219,94,109,359,250,94,406,312,141,141,0,125,203,78,141,1860,50
218,187,-31,109,156,47,110,141,31,78,375,297,109,281,172,188,1047,859,94,203,109,125,2515,50
125,172,47,78,94,16,125,234,109,110,282,172,109,375,266,156,187,31,110,219,109,140,1703,50
110,110,0,78,109,31,141,203,62,125,375,250,156,422,266,156,250,94,125,234,109,141,1844,50
125,156,31,94,125,31,125,188,63,109,265,156,78,266,188,125,172,47,109,359,250,125,1656,50
125,125,0,94,109,15,141,203,62,110,282,172,109,1156,1047,125,187,62,110,188,78,140,2390,50
78,203,125,47,156,109,110,266,156,109,469,360,109,234,125,203,281,78,109,406,297,125,2140,50
125,140,15,78,250,172,94,125,31,94,625,531,78,3032,2954,187,187,0,110,219,109,140,4718,50
141,125,-16,109,141,32,109,109,0,78,422,344,109,469,360,109,140,31,110,219,109,125,1750,50
125,156,31,94,94,0,141,141,0,78,296,218,110,657,547,141,156,15,110,188,78,140,1828,50
125,157,32,109,125,16,109,109,0,94,297,203,109,266,157,140,140,0,125,219,94,125,1438,50
141,469,328,109,141,32,125,125,0,93,343,250,94,204,110,125,203,78,93,187,94,125,1797,50
156,156,0,78,141,63,94,109,15,94,2156,2062,94,375,281,110,110,0,125,219,94,125,3391,50
109,187,78,94,172,78,78,156,78,110,329,219,109,250,141,156,203,47,109,219,110,140,1656,50
125,141,16,109,125,16,125,125,0,93,421,328,125,297,172,110,125,15,110,250,140,110,1594,50
125,156,31,125,172,47,110,188,78,125,328,203,109,234,125,125,156,31,125,204,79,124,1562,50
109,140,31,125,141,16,109,125,16,78,578,500,94,188,94,156,218,62,110,204,94,93,1687,50
109,171,62,63,110,47,78,125,47,62,828,766,78,156,78,141,766,625,109,203,94,125,2484,50
125,141,16,109,156,47,63,94,31,94,297,203,125,422,297,153,309,156,110,172,62,110,1701,50
125,157,32,94,1719,1625,109,218,109,94,344,250,109,156,47,157,219,62,109,203,94,141,3157,50
140,140,0,110,156,46,110,125,15,94,219,125,94,219,125,141,172,31,125,250,125,109,1390,50
109,125,16,125,156,31,109,187,78,110,422,312,125,219,94,125,375,250,94,188,94,109,1781,50
125,187,62,110,156,46,110,141,31,125,578,453,94,203,109,78,1578,1500,125,172,47,94,3109,50
110,94,-16,109,109,0,141,157,16,93,218,125,125,266,141,156,203,47,125,250,125,125,1422,50
125,94,-31,93,125,32,140,156,16,109,297,188,109,156,47,172,219,47,140,250,110,140,1437,50
140,140,0,110,141,31,109,125,16,109,234,125,125,235,110,125,172,47,140,234,94,125,1406,50
157,172,15,94,141,47,94,125,31,125,359,234,125,141,16,141,453,312,109,219,110,94,1704,50
125,141,16,109,172,63,109,140,31,125,531,406,125,172,47,156,250,94,110,172,62,125,1703,50
141,141,0,94,141,47,109,156,47,94,203,109,141,266,125,140,171,31,141,219,78,141,1438,50
156,156,0,109,109,0,141,156,15,125,1125,1000,125,188,63,109,219,110,109,156,47,141,2250,50
109,125,16,78,94,16,93,140,47,78,266,188,125,1109,984,125,172,47,125,188,63,125,2219,50
109,156,47,125,156,31,94,94,0,94,250,156,94,312,218,125,219,94,125,188,63,125,1500,50
110,110,0,109,109,0,109,141,32,109,218,109,94,235,141,125,156,31,125,203,78,125,1297,50
125,141,16,93,187,94,47,94,47,109,1000,891,109,656,547,109,203,94,94,172,78,125,2578,50
94,94,0,94,109,15,125,141,16,94,234,140,141,188,47,141,265,124,110,219,109,141,1391,50
110,63,-47,78,109,31,94,157,63,93,218,125,110,297,187,141,172,31,94,219,125,125,1360,50
125,141,16,94,187,93,110,157,47,93,250,157,109,515,406,172,297,125,109,219,110,109,1875,50
125,141,16,94,187,93,110,110,0,93,484,391,109,469,360,94,94,0,93,250,157,109,1844,50
125,125,0,78,109,31,94,141,47,93,234,141,109,234,125,125,141,16,141,219,78,94,1297,50
94,126,32,93,140,47,110,344,234,109,266,157,109,500,391,156,203,47,125,219,94,109,1907,50
141,172,31,94,140,46,110,485,375,109,875,766,140,203,63,172,312,140,110,188,78,141,2516,50
156,187,31,110,125,15,110,203,93,125,344,219,94,281,187,125,157,32,125,203,78,140,1640,50
140,156,16,94,640,546,94,188,94,94,781,687,141,313,172,156,156,0,109,219,110,140,2593,50
140,125,-15,78,109,31,125,156,31,78,235,157,93,562,469,109,109,0,110,188,78,125,1609,50
171,171,0,94,250,156,63,125,62,110,735,625,125,781,656,156,156,0,125,219,94,141,2578,50
125,125,0,94,94,0,125,171,46,94,250,156,110,204,94,156,171,15,141,204,63,156,1375,50
125,125,0,94,125,31,141,141,0,94,250,156,109,281,172,141,375,234,110,235,125,93,1625,50
141,172,31,109,344,235,109,187,78,125,344,219,109,266,157,125,172,47,124,203,79,125,1813,50
140,140,0,110,141,31,109,156,47,109,188,79,125,265,140,172,250,78,125,203,78,125,1468,50
125,125,0,109,172,63,109,109,0,125,594,469,94,219,125,203,203,0,109,266,157,125,1813,50
156,140,-16,125,172,47,110,157,47,109,249,140,110,266,156,156,188,32,125,203,78,125,1500,50
109,125,16,125,172,47,109,141,32,109,250,141,93,234,141,156,219,63,140,312,172,172,1625,50
125,110,-15,93,156,63,109,156,47,110,344,234,94,203,109,141,266,125,124,203,79,125,1563,50
109,187,78,32,0,-32,172,438,266,125,1219,1094,93,171,78,110,204,94,125,281,156,109,2609,50
125,172,47,78,172,94,125,328,203,94,297,203,31,859,828,110,110,0,109,640,531,125,2703,50
78,125,47,78,125,47,109,234,125,94,266,172,125,203,78,125,141,16,125,218,93,110,1422,50
125,188,63,78,125,47,109,203,94,93,390,297,94,172,78,110,625,515,110,172,62,94,1969,50
125,203,78,78,156,78,79,125,46,94,197,103,125,515,390,156,156,0,110,219,109,125,1696,50
141,172,31,94,203,109,125,203,78,125,219,94,109,328,219,219,219,0,94,234,140,110,1688,50
126,157,31,109,172,63,109,171,62,110,250,140,110,282,172,172,328,156,109,250,141,109,1719,50
125,157,32,78,140,62,109,219,110,94,203,109,94,250,156,125,187,62,125,157,32,109,1422,50
141,188,47,78,125,47,94,125,31,94,219,125,109,218,109,188,282,94,109,187,78,109,1453,50
140,187,47,78,157,79,93,171,78,63,250,187,94,250,156,141,422,281,94,188,94,109,1734,50
125,156,31,94,172,78,94,141,47,46,1453,1407,93,125,32,125,250,125,109,312,203,110,2719,50
109,156,47,94,188,94,78,187,109,110,297,187,125,453,328,94,125,31,141,282,141,125,1813,50
125,141,16,109,171,62,94,141,47,94,266,172,78,343,265,172,313,141,109,250,141,94,1719,50
141,157,16,93,187,94,94,125,31,78,297,219,141,203,62,156,406,250,79,532,453,109,2016,50
156,141,-15,78,172,94,109,187,78,110,578,468,94,172,78,157,172,15,109,219,110,140,1781,50
109,156,47,125,187,62,94,141,47,125,281,156,125,219,94,172,234,62,94,188,94,125,1531,50
156,156,0,94,188,94,109,140,31,78,266,188,94,203,109,203,234,31,141,219,78,125,1531,50
156,156,0,125,188,63,109,187,78,125,735,610,109,281,172,187,250,63,109,297,188,140,2234,50
109,125,16,93,187,94,94,735,641,109,859,750,109,750,641,114,152,38,109,203,94,109,3120,50
141,141,0,78,156,78,78,125,47,109,234,125,125,219,94,156,406,250,110,578,468,157,2016,50
157,188,31,78,172,94,109,203,94,94,243,149,94,359,265,141,141,0,125,203,78,141,1650,50
141,141,0,78,156,78,141,203,62,110,469,359,141,188,47,187,343,156,125,188,63,156,1844,50
141,110,-31,109,172,63,109,125,16,109,281,172,125,375,250,172,281,109,109,344,235,125,1813,50
188,188,0,109,156,47,94,156,62,94,250,156,125,250,125,141,172,31,109,188,79,109,1469,50
126,297,171,110,235,125,125,187,62,110,375,265,94,172,78,188,250,62,110,438,328,93,2047,50
141,594,453,94,172,78,93,218,125,94,250,156,94,782,688,140,218,78,110,219,109,125,2578,50
156,156,0,94,125,31,94,141,47,109,234,125,94,312,218,157,204,47,109,312,203,156,1640,50
172,188,16,94,172,78,94,328,234,94,281,187,110,235,125,140,203,63,125,187,62,125,1719,50
110,157,47,78,140,62,110,172,62,94,953,859,110,313,203,62,1765,1703,94,266,172,125,3891,50
140,140,0,78,125,47,110,125,15,94,281,187,110,188,78,156,203,47,141,234,93,141,1437,50
126,141,15,94,141,47,94,125,31,125,297,172,125,250,125,172,265,93,110,172,62,141,1532,50
110,125,15,110,172,62,94,94,0,94,281,187,110,688,578,140,172,32,93,218,125,110,1860,50
125,141,16,125,187,62,94,157,63,78,250,172,93,250,157,109,234,125,141,203,62,94,1516,50
156,156,0,94,156,62,125,156,31,110,250,140,125,235,110,140,265,125,141,547,406,141,1906,50
219,157,-62,109,171,62,110,157,47,109,265,156,125,297,172,172,234,62,110,219,109,141,1641,50
96,98,2,110,190,80,88,464,376,72,840,768,80,304,224,112,609,497,95,391,296,96,2992,115
80,82,2,86,326,240,96,368,272,96,752,656,72,408,336,88,695,607,105,145,40,88,2864,115
96,120,24,88,497,409,71,855,784,79,663,584,57,1105,1048,88,112,24,128,304,176,80,3736,115
72,112,40,80,304,224,80,624,544,88,848,760,56,304,248,96,976,880,64,296,232,104,3568,115
87,89,2,87,175,88,80,248,168,96,1048,952,40,1128,1088,96,151,55,65,170,105,79,3088,115
88,129,41,87,175,88,112,280,168,104,1664,1560,48,808,760,96,120,24,112,847,735,105,4128,115
96,128,32,176,178,2,110,262,152,104,591,487,81,705,624,64,217,153,79,335,256,112,2528,115
104,106,2,77,270,193,104,344,240,96,576,480,64,337,273,95,1182,1087,73,121,48,72,3008,115
112,114,2,134,158,24,120,432,312,112,680,568,55,904,849,80,135,55,113,600,487,121,3144,115
137,138,1,134,159,25,144,272,128,120,680,560,73,344,271,88,328,240,88,368,280,120,2409,115
119,167,48,136,464,328,80,208,128,96,608,512,72,472,400,96,416,320,88,336,248,112,2783,115
112,114,2,86,182,96,104,232,128,88,584,496,88,472,384,104,424,320,80,400,320,127,2535,115
104,288,184,128,1024,896,88,144,56,81,487,406,57,289,232,96,360,264,80,296,216,96,2984,115
96,98,2,102,310,208,119,192,73,120,1016,896,48,504,456,88,344,256,64,232,168,96,2792,115
128,130,2,94,237,143,113,225,112,96,808,712,48,344,296,104,984,880,112,392,280,80,3200,115
96,98,2,102,222,120,104,184,80,96,840,744,56,432,376,88,448,360,96,288,192,103,2615,115
112,137,25,135,137,2,134,190,56,120,592,472,72,408,336,96,336,240,88,360,272,120,2280,115
120,123,3,125,413,288,88,160,72,112,656,544,72,583,511,105,849,744,72,415,343,96,3295,115
96,98,2,126,150,24,112,168,56,144,608,464,56,480,424,104,464,360,88,368,280,112,2448,115
120,121,1,111,175,64,152,208,56,152,527,375,73,473,400,112,456,344,96,400,304,96,2456,115
112,120,8,104,144,40,120,176,56,127,431,304,81,441,360,112,927,815,65,129,64,112,2480,115
96,152,56,104,184,80,96,160,64,104,448,344,64,472,408,80,769,689,63,151,88,104,2440,115
104,120,16,96,152,56,96,128,32,104,1152,1048,63,688,625,128,240,112,96,368,272,96,2944,115
96,97,1,87,247,160,88,184,96,104,544,440,64,368,304,128,400,272,71,296,225,103,2239,115
96,128,32,80,152,72,113,168,55,112,952,840,56,848,792,96,560,464,63,88,25,128,3024,115
145,147,2,110,94,-16,128,160,32,120,808,688,48,544,496,152,840,688,80,207,127,113,2913,115
95,136,41,120,121,1,111,135,24,136,568,432,64,392,328,104,472,368,80,192,112,112,2128,115
88,119,31,113,177,64,120,136,16,128,664,536,48,456,408,104,1016,912,72,128,56,80,2776,115
128,130,2,102,134,32,112,160,48,112,896,784,48,376,328,88,584,496,96,135,39,89,2504,115
88,91,3,85,133,48,112,144,32,128,1080,952,48,872,824,112,328,216,64,200,136,88,2936,115
96,136,40,144,147,3,149,165,16,160,360,200,64,352,288,96,1032,936,72,280,208,112,2584,115
88,113,25,111,113,2,142,144,2,118,333,215,89,424,335,89,857,768,96,176,80,96,2256,115
104,106,2,134,136,2,126,166,40,136,408,272,96,424,328,112,632,520,72,648,576,128,2648,115
112,114,2,102,142,40,111,152,41,112,432,320,96,504,408,88,1032,944,88,376,288,104,2856,115
104,105,1,159,223,64,136,192,56,168,536,368,56,472,416,112,1304,1192,96,352,256,128,3312,115
120,122,2,102,94,-8,136,160,24,120,640,520,64,472,408,120,480,360,104,248,144,111,2327,115
112,114,2,110,126,16,144,176,32,136,464,328,80,424,344,128,392,264,96,351,255,113,2160,115
112,135,23,137,337,200,104,136,32,136,472,336,72,672,600,136,1288,1152,96,128,32,95,3263,115
128,96,-32,112,114,2,126,166,40,136,456,320,88,416,328,143,655,512,89,241,152,96,2240,115
96,98,2,110,182,72,112,113,1,143,791,648,48,1096,1048,120,831,711,58,89,31,104,3304,115
136,120,-16,152,184,32,127,144,17,151,400,249,119,352,233,128,833,705,87,343,256,104,2480,115
129,131,2,110,174,64,152,154,2,141,406,265,80,560,480,143,320,177,112,416,304,120,2281,115
112,88,-24,135,120,-15,127,151,24,129,864,735,57,417,360,112,856,744,88,280,192,112,2888,115
127,129,2,119,120,1,127,151,24,152,688,536,72,488,416,120,1048,928,64,112,48,112,2848,115
104,106,2,134,126,-8,136,160,24,128,2504,2376,57,616,559,112,608,496,96,136,40,96,4352,115
144,146,2,142,118,-24,168,169,1,135,671,536,72,392,320,111,432,321,96,439,343,113,2480,115
136,137,1,119,121,2,126,128,2,110,454,344,96,448,352,120,664,544,80,120,40,120,2192,115
96,98,2,110,102,-8,152,192,40,96,496,400,80,520,440,96,904,808,88,128,40,88,2528,115
104,105,1,119,183,64,168,137,-31,135,558,423,65,329,264,128,696,568,88,168,80,120,2296,115
104,106,2,102,86,-16,144,176,32,96,512,416,104,392,288,136,904,768,72,256,184,112,2544,115
111,114,3,118,125,7,89,153,64,96,408,312,64,352,288,96,1352,1256,71,136,65,64,2704,115
88,111,23,89,153,64,88,168,80,112,1560,1448,40,1072,1032,128,504,376,120,152,32,103,3823,115
104,128,24,136,138,2,142,182,40,145,496,351,80,456,376,104,1032,928,96,128,32,80,2640,115
136,137,1,135,103,-32,144,168,24,128,536,408,56,376,320,104,1016,912,88,160,72,104,2600,115
96,98,2,142,118,-24,127,144,17,112,656,544,56,1256,1200,88,703,615,73,121,48,56,3152,115
120,144,24,103,424,321,72,120,48,136,640,504,48,336,288,87,928,841,72,111,39,97,2800,115
87,112,25,152,154,2,142,198,56,128,1216,1088,71,312,241,111,896,785,88,112,24,72,3072,115
104,127,23,153,154,1,127,183,56,120,672,552,40,264,224,104,487,383,121,273,152,120,2280,115
112,115,3,141,116,-25,153,185,32,128,528,400,80,330,250,110,1678,1568,80,440,360,88,3480,115
112,114,2,134,542,408,96,143,47,129,897,768,48,328,280,128,1064,936,96,128,32,120,3336,115
80,82,2,157,198,41,160,240,80,144,624,480,112,592,480,136,503,367,97,145,48,80,2464,115
120,368,248,80,392,312,88,160,72,111,400,289,88,424,336,152,1424,1272,96,135,39,105,3408,115
152,153,1,143,119,-24,136,216,80,128,369,241,79,335,256,128,1016,888,72,104,32,87,2399,115
96,98,2,142,144,2,134,190,56,136,376,240,88,400,312,144,440,296,88,312,224,95,2055,115
96,120,24,136,104,-32,168,248,80,119,424,305,72,576,504,96,720,624,88,263,175,105,2560,115
80,82,2,142,143,1,111,182,71,97,409,312,88,616,528,112,584,472,88,152,64,96,2264,115
120,122,2,142,189,47,160,163,3,173,462,289,80,424,344,144,552,408,104,176,72,112,2200,115
105,89,-16,176,177,1,167,207,40,128,472,344,88,848,760,128,159,31,97,1352,1255,64,3368,115
95,111,16,144,104,-40,151,168,17,135,3176,3041,48,320,272,112,680,568,71,128,57,120,4807,115
111,136,25,128,88,-40,168,192,24,128,632,504,55,384,329,112,616,504,80,128,48,96,2272,115
96,136,40,152,128,-24,168,200,32,120,1608,1488,55,920,865,120,520,400,96,304,208,127,3943,115
96,98,2,141,110,-31,142,184,42,120,735,615,81,385,304,87,688,601,88,136,48,95,2431,115
119,120,1,160,128,-32,136,168,32,136,624,488,88,432,344,144,424,280,112,192,80,120,2208,115
136,160,24,136,104,-32,168,184,16,144,544,400,104,472,368,136,544,408,128,272,144,160,2440,115
87,128,41,136,103,-33,144,169,25,128,432,304,72,376,304,136,1064,928,96,144,48,128,2544,115
120,123,3,157,117,-40,159,184,25,151,560,409,96,496,400,143,558,415,112,201,89,112,2351,115
127,160,33,136,88,-48,144,192,48,144,343,199,89,296,207,121,1193,1072,95,287,192,162,2721,115
112,151,39,168,105,-63,191,194,3,142,798,656,96,976,880,128,576,448,144,248,104,112,3160,115
144,184,40,144,88,-56,175,192,17,136,639,503,57,337,280,128,631,503,81,137,56,112,2320,115
112,135,23,154,121,-33,129,160,31,129,545,416,88,303,215,129,665,536,105,208,103,88,2225,115
88,120,32,136,112,-24,136,168,32,136,352,216,88,232,144,120,536,416,88,440,352,112,2072,115
128,104,-24,136,89,-47,119,135,16,144,608,464,56,352,296,144,800,656,104,106,2,110,2304,115
104,120,16,136,111,-25,113,153,40,112,465,353,55,311,256,112,504,392,88,160,72,128,1952,115
160,162,2,135,79,-56,183,208,25,168,1688,1520,40,1208,1168,104,106,2,78,422,344,112,3985,115
103,127,24,136,138,2,110,112,2,110,830,720,96,416,320,112,575,463,113,185,72,112,2495,115
113,161,48,144,112,-32,192,194,2,149,486,337,96,416,320,144,920,776,104,271,167,129,2689,115
136,152,16,152,128,-24,136,160,24,128,608,480,72,391,319,145,680,535,129,601,472,120,2840,115
119,167,48,185,161,-24,176,152,-24,144,552,408,80,328,248,136,600,464,80,240,160,112,2312,115
128,129,1,127,102,-25,161,145,-16,136,480,344,96,336,240,128,560,432,96,288,192,168,2208,115
96,97,1,143,119,-24,136,137,1,135,463,328,88,304,216,144,528,384,128,240,112,112,2000,115
120,122,2,126,78,-48,168,170,2,142,438,296,112,304,192,120,608,488,136,664,528,96,2480,115
112,114,2,134,86,-48,200,176,-24,128,520,392,72,1128,1056,112,432,320,104,192,88,104,2752,115
103,105,2,142,102,-40,168,184,16,136,560,424,96,192,96,104,1384,1280,104,106,2,110,2743,115
120,122,2,126,70,-56,144,168,24,136,1920,1784,64,687,623,128,769,641,104,232,128,80,4048,115
128,130,2,150,94,-56,176,152,-24,128,688,560,72,344,272,104,432,328,88,200,112,112,2152,115
80,64,-16,191,160,-31,192,199,7,169,513,344,71,480,409,120,608,488,96,264,168,120,2408,115
160,135,-25,137,73,-64,176,178,2,150,726,576,72,272,200,112,1152,1040,88,144,56,112,2792,115
119,122,3,134,94,-40,128,368,240,128,888,760,72,400,328,112,544,432,120,248,128,112,2776,115
120,122,2,142,158,16,216,184,-32,127,376,249,103,288,185,104,544,440,96,296,200,143,2111,115
119,121,2,158,125,-33,169,145,-24,136,720,584,88,504,416,120,800,680,80,128,48,88,2631,115
104,736,632,79,456,377,73,528,455,120,448,328,40,431,391,161,561,400,87,433,346,111,3704,115
112,114,2,239,222,-17,23,19,-4,109,565,456,89,280,191,127,568,441,104,440,336,135,2343,115
104,106,2,142,126,-16,136,112,-24,120,432,312,88,425,337,159,679,520,80,128,48,112,2120,115
63,87,24,128,80,-48,168,144,-24,128,399,271,57,281,224,96,728,632,95,103,8,113,1935,115
113,137,24,112,72,-40,160,161,1,86,1871,1785,72,704,632,112,624,512,79,120,41,95,3784,115
103,128,25,128,88,-40,144,146,2,110,366,256,88,248,160,112,664,552,96,120,24,80,1840,115
88,120,32,120,79,-41,153,193,40,120,328,208,136,360,224,104,464,360,104,136,32,120,1800,115
112,151,39,120,81,-39,160,192,32,112,304,192,128,544,416,136,480,344,88,128,40,80,1960,115
80,128,48,127,129,2,135,137,2,94,325,231,97,338,241,143,567,424,104,152,48,96,1872,115
104,136,32,136,112,-24,160,120,-40,120,1167,1047,89,432,343,121,617,496,96,136,40,88,2808,115
120,121,1,143,111,-32,176,177,1,127,287,160,96,344,248,128,536,408,87,127,40,113,1816,115
112,176,64,128,80,-48,192,160,-32,112,944,832,96,296,200,112,384,272,80,224,144,112,2376,115
112,144,32,104,64,-40,176,136,-40,104,472,368,152,263,111,121,697,576,112,192,80,104,2072,115
120,152,32,112,64,-48,192,167,-25,121,305,184,104,368,264,111,520,409,128,192,64,96,1864,115
120,192,72,193,144,-49,208,210,2,110,806,696,88,320,232,112,471,359,128,160,32,96,2399,115
104,128,24,152,104,-48,168,112,-56,136,336,200,104,297,193,128,544,416,104,184,80,112,1817,115
121,129,8,144,104,-40,160,144,-16,136,376,240,128,272,144,128,1064,936,128,232,104,143,2464,115
128,160,32,144,80,-64,208,136,-72,120,992,872,80,528,448,143,272,129,120,144,24,88,2400,115
136,138,2,142,101,-41,153,113,-40,111,320,209,160,288,128,120,871,751,113,193,80,128,2152,115
143,88,-55,208,152,-56,176,112,-64,160,320,160,128,288,160,135,680,545,112,432,320,120,2192,115
137,152,15,152,113,-39,208,119,-89,153,361,208,120,304,184,128,687,559,121,122,1,127,1985,115
143,167,24,137,73,-64,184,160,-24,176,328,152,151,304,153,160,1072,912,144,112,-32,95,2311,115
112,144,32,160,80,-80,152,81,-71,143,359,216,118,248,130,143,800,657,80,184,104,111,2007,115
120,144,24,112,40,-72,192,144,-48,144,400,256,128,376,248,160,584,424,128,184,56,128,2000,115
152,154,2,126,77,-49,169,137,-32,112,480,368,160,247,87,145,737,592,128,151,23,121,2104,115
128,168,40,104,24,-80,199,176,-23,112,303,191,129,400,271,129,777,648,184,186,2,110,2144,115
120,152,32,120,72,-48,192,152,-40,112,384,272,88,496,408,143,447,304,112,152,40,105,1960,115
136,152,16,120,56,-64,176,200,24,97,281,184,119,311,192,153,752,599,103,176,73,65,1993,115
104,143,39,152,113,-39,168,128,-40,159,376,217,169,256,87,128,584,456,112,184,72,72,1856,115
120,144,24,160,96,-64,192,120,-72,104,816,712,71,1191,1120,113,345,232,128,153,25,71,2936,115
104,152,48,136,80,-56,184,160,-24,111,312,201,120,336,216,96,455,359,153,225,72,80,1800,115
120,144,24,120,64,-56,192,144,-48,104,488,384,104,584,480,88,632,544,120,160,40,80,2296,115
111,160,49,136,80,-56,192,128,-64,112,368,256,136,424,288,128,567,439,121,321,200,88,2136,115
104,136,32,152,112,-40,177,136,-41,105,328,223,96,344,248,112,648,536,112,152,40,89,1945,115
104,128,24,151,96,-55,184,144,-40,96,352,256,119,416,297,104,640,536,136,368,232,104,2248,115
144,146,2,157,110,-47,168,120,-48,136,416,280,144,328,184,136,608,472,128,144,16,96,1968,115
128,167,39,145,88,-57,185,145,-40,120,320,200,96,304,208,144,488,344,144,192,48,112,1816,115
144,168,24,144,80,-64,192,168,-24,127,312,185,128,296,168,120,488,368,136,448,312,88,2048,115
97,153,56,168,128,-40,184,128,-56,143,624,481,103,216,113,103,448,345,96,200,104,128,2025,115
136,176,40,160,88,-72,184,127,-57,121,337,216,127,287,160,129,425,296,104,152,48,88,1680,115
136,168,32,160,120,-40,160,104,-56,120,560,440,95,328,233,95,512,417,96,264,168,72,2128,115
127,148,21,134,118,-16,189,108,-81,113,380,267,117,350,233,152,624,472,120,122,2,102,1952,115
128,152,24,152,96,-56,191,120,-71,136,808,672,84,624,540,88,528,440,136,176,40,80,2584,115
120,122,2,190,142,-48,184,120,-64,120,376,256,120,280,160,136,608,472,120,175,55,81,1904,115
128,152,24,144,80,-64,207,152,-55,128,400,272,128,328,200,144,543,399,113,561,448,112,2328,115
144,146,2,158,93,-65,176,179,3,118,294,176,96,368,272,112,472,360,144,184,40,104,1840,115
136,138,2,190,141,-49,209,137,-72,120,1064,944,80,624,544,112,408,296,96,200,104,95,2807,115
127,167,40,104,48,-56,208,168,-40,104,336,232,96,368,272,104,504,400,144,192,48,120,1903,115
128,168,40,129,65,-64,192,168,-24,112,400,288,88,520,432,128,504,376,120,208,88,96,2129,115
112,114,2,150,110,-40,168,96,-72,136,376,240,128,496,368,120,456,336,120,160,40,96,1904,115
120,160,40,136,88,-48,168,144,-24,96,304,208,112,272,160,136,456,320,143,145,2,111,1680,115
112,152,40,136,80,-56,200,152,-48,152,352,200,128,287,159,113,425,312,111,136,25,88,1672,115
128,184,56,144,95,-49,201,129,-72,112,456,344,111,344,233,103,672,569,80,879,799,81,2840,115
120,152,32,128,56,-72,231,192,-39,112,328,216,136,368,232,112,520,408,120,152,32,112,1880,115
104,160,56,120,64,-56,192,168,-24,120,320,200,152,336,184,136,1184,1048,144,288,144,104,2624,115
112,160,48,96,40,-56,216,199,-17,121,321,200,72,239,167,145,489,344,112,472,360,80,2000,115
120,176,56,128,87,-41,177,161,-16,111,312,201,64,232,168,136,400,264,136,192,56,96,1656,115
104,208,104,121,88,-33,176,178,2,110,390,280,88,888,800,120,280,160,120,232,112,80,2344,115
111,152,41,152,96,-56,168,170,2,94,262,168,88,464,376,104,417,313,111,263,152,88,1912,115
128,184,56,160,136,-24,168,136,-32,104,376,272,88,296,208,128,1504,1376,127,130,3,134,2896,115
104,176,72,120,64,-56,168,170,2,126,286,160,144,303,159,153,665,512,120,160,40,128,1952,115
104,152,48,112,56,-56,176,152,-24,128,463,335,105,369,264,144,1168,1024,120,160,40,88,2608,115
136,160,24,176,112,-64,192,136,-56,136,880,744,96,464,368,136,1024,888,104,144,40,120,3040,115
136,184,48,120,72,-48,168,170,2,134,286,152,112,264,152,160,504,344,96,151,55,137,1768,115
176,178,2,134,94,-40,136,138,2,126,357,231,105,705,600,160,520,360,112,184,72,120,2296,115
112,144,32,152,112,-40,152,120,-32,119,471,352,96,297,201,160,880,720,112,256,144,120,2400,115
128,184,56,192,136,-56,184,128,-56,151,368,217,104,384,280,152,701,549,130,170,40,104,2175,115
111,151,40,192,160,-32,192,128,-64,136,408,272,105,329,224,143,703,560,88,257,169,88,2224,115
120,121,1,199,134,-65,177,179,2,134,310,176,88,832,744,128,440,312,120,224,104,112,2352,115
112,144,32,160,112,-48,184,136,-48,144,320,176,168,400,232,152,720,568,136,138,2,126,2096,115
160,176,16,160,88,-72,192,194,2,125,398,273,120,376,256,168,600,432,119,160,41,104,2096,115
88,112,24,167,128,-39,152,154,2,117,349,232,97,409,312,143,784,641,128,130,2,94,2160,115
144,224,80,159,95,-64,169,153,-16,120,288,168,96,440,344,120,520,400,112,136,24,111,1967,115
120,152,32,192,136,-56,184,185,1,127,807,680,96,367,271,113,561,448,104,184,80,152,2544,115
120,122,2,150,118,-32,168,171,3,109,317,208,88,303,215,128,1097,969,96,200,104,96,2424,115
120,144,24,128,88,-40,183,143,-40,120,512,392,105,593,488,120,568,448,88,144,56,96,2288,115
111,152,41,104,72,-32,160,161,1,94,294,200,89,289,200,167,727,560,97,208,111,96,1999,115
136,138,2,110,70,-40,160,192,32,120,368,248,111,256,145,144,1104,960,112,351,239,145,2624,115
152,168,16,119,104,-15,136,161,25,119,311,192,96,704,608,128,904,776,112,160,48,104,2616,115
104,128,24,127,120,-7,136,161,25,95,335,240,88,304,216,136,728,592,136,352,216,136,2264,115
121,153,32,152,127,-25,152,120,-32,129,337,208,96,400,304,161,663,502,113,241,128,48,2089,115
120,144,24,144,103,-41,169,171,2,118,358,240,113,728,615,136,975,839,96,112,16,88,2679,115
96,120,24,120,88,-32,144,120,-24,136,1528,1392,80,312,232,111,416,305,72,472,400,127,3183,115
120,122,2,118,85,-33,137,139,2,118,318,200,112,306,194,142,589,447,137,186,49,103,1848,115
144,104,-40,160,96,-64,208,210,2,118,294,176,112,528,416,104,816,712,103,240,137,120,2408,115
120,122,2,94,96,2,118,120,2,102,390,288,72,216,144,128,1440,1312,80,343,263,129,2856,115
136,160,24,120,88,-32,160,136,-24,112,384,272,80,288,208,136,952,816,112,184,72,104,2296,115
129,130,1,111,103,-8,151,144,-7,112,367,255,129,473,344,111,1920,1809,96,112,16,55,3304,115
128,130,2,86,61,-25,161,163,2,101,301,200,113,289,176,111,831,720,121,137,16,104,2016,115
112,144,32,111,72,-39,192,168,-24,112,624,512,80,456,376,112,440,328,96,184,88,95,2183,115
128,130,2,134,110,-24,176,152,-24,112,704,592,120,464,344,128,432,304,128,376,248,87,2455,115
120,122,2,126,110,-16,152,128,-24,120,408,288,104,480,376,144,2088,1944,87,120,33,96,3552,115
144,168,24,200,201,1,167,95,-72,120,1223,1103,81,425,344,103,184,81,127,328,201,80,2704,115
119,121,2,103,55,-48,184,168,-16,88,352,264,96,312,216,152,888,736,112,114,2,70,2080,115
121,56,-65,160,137,-23,168,207,39,89,377,288,80,312,232,152,1432,1280,80,128,48,72,2721,115
144,145,1,111,87,-24,184,186,2,118,414,296,80,240,160,80,816,736,79,256,177,96,2240,115
104,128,24,160,104,-56,168,152,-16,96,471,375,105,249,144,136,736,600,112,264,152,88,2192,115
72,128,56,112,96,-16,144,120,-24,120,328,208,96,264,168,112,696,584,80,248,168,104,1984,115
111,183,72,48,24,-24,185,200,15,88,584,496,97,576,479,104,457,353,96,184,88,88,2296,115
97,161,64,103,71,-32,169,184,15,81,313,232,96,311,215,113,529,416,88,384,296,96,2049,115
80,128,48,104,48,-56,176,200,24,104,359,255,113,321,208,128,792,664,119,512,393,96,2456,115
96,120,24,144,104,-40,136,103,-33,128,1569,1441,96,328,232,112,576,464,96,152,56,88,3040,115
96,128,32,112,72,-40,159,161,2,110,367,257,96,240,144,144,895,751,129,160,31,112,2135,115
129,153,24,144,104,-40,176,136,-40,128,408,280,112,207,95,161,736,575,121,192,71,96,2032,115
120,121,1,159,161,2,133,93,-40,121,480,359,121,233,112,128,704,576,104,160,56,88,2040,115
97,99,2,150,86,-64,160,104,-56,128,383,255,65,272,207,112,441,329,136,192,56,128,1705,115
120,122,2,110,70,-40,151,136,-15,104,320,216,88,351,263,136,529,393,112,200,88,104,1832,115
104,106,2,141,102,-39,152,153,1,94,295,201,96,232,136,144,695,551,96,129,33,103,1815,115
136,138,2,86,30,-56,183,215,32,105,233,128,96,296,200,144,552,408,96,160,64,96,1720,115
120,151,31,105,64,-41,153,155,2,102,293,191,161,257,96,143,480,337,104,344,240,104,1848,115
96,152,56,128,63,-65,176,144,-32,113,281,168,136,272,136,136,464,328,112,160,48,96,1632,115
127,168,41,88,40,-48,184,186,2,86,294,208,104,248,144,128,520,392,128,152,24,112,1720,115
112,152,40,96,72,-24,152,136,-16,128,304,176,119,312,193,143,344,201,111,184,73,88,1592,115
80,160,80,127,104,-23,152,154,2,94,293,199,97,345,248,127,335,208,105,441,336,103,1935,115
96,136,40,120,80,-40,208,168,-40,96,847,751,89,401,312,112,639,527,97,161,64,104,2536,115
88,144,56,112,88,-24,143,119,-24,113,312,199,88,329,241,152,528,376,88,127,39,97,1744,115
96,120,24,104,64,-40,167,169,2,111,255,144,80,351,271,137,337,200,96,192,96,88,1576,115
111,176,65,112,56,-56,191,192,1,87,272,185,88,248,160,128,416,288,112,176,64,72,1608,115
120,160,40,112,63,-49,169,185,16,128,272,144,96,327,231,129,369,240,104,272,168,104,1752,115
119,144,25,200,176,-24,184,167,-17,113,264,151,121,297,176,104,479,375,153,432,279,89,2048,115
137,192,55,145,97,-48,168,128,-40,112,280,168,112,288,176,111,408,297,103,360,257,88,1841,115
105,144,39,137,105,-32,160,128,-32,135,272,137,104,279,175,105,593,488,104,128,24,72,1721,115
96,152,56,119,87,-32,168,170,2,119,359,240,176,264,88,168,423,255,113,137,24,119,1711,115
120,136,16,127,72,-55,192,194,2,110,238,128,119,336,217,112,2439,2327,113,116,3,77,3608,115
127,184,57,136,96,-40,151,104,-47,111,264,153,96,288,192,127,384,257,104,143,39,73,1536,115
105,177,72,168,144,-24,135,119,-16,89,273,184,112,280,168,120,328,208,96,456,360,112,1889,115
104,192,88,120,72,-48,168,170,2,78,237,159,129,361,232,112,544,432,112,143,31,97,1816,115
104,128,24,128,88,-40,135,160,25,103,216,113,112,272,160,96,384,288,104,536,432,88,1872,115
112,153,41,136,120,-16,136,103,-33,129,273,144,104,264,160,88,400,312,128,296,168,80,1689,115
96,144,48,128,130,2,94,62,-32,128,328,200,64,256,192,128,392,264,96,432,336,127,1871,115
120,168,48,104,106,2,118,120,2,110,286,176,112,240,128,87,496,409,80,175,95,105,1696,115
112,151,39,145,121,-24,136,138,2,94,382,288,104,304,200,144,544,400,111,344,233,112,2096,115
104,151,47,128,89,-39,159,120,-39,103,1304,1201,103,199,96,121,377,256,95,504,409,95,2839,115
96,144,48,152,120,-32,151,153,2,87,263,176,71,232,161,104,440,336,88,328,240,96,1776,115
105,137,32,136,104,-32,160,135,-25,97,289,192,72,255,183,97,521,424,121,216,95,112,1769,115
112,168,56,80,48,-32,168,216,48,88,264,176,96,280,184,104,624,520,80,328,248,72,2000,115
104,128,24,136,88,-48,160,163,3,109,317,208,80,248,168,152,472,320,111,368,257,112,1896,115
120,136,16,176,120,-56,168,120,-48,128,304,176,120,256,136,103,528,425,112,496,384,104,2064,115
120,160,40,167,128,-39,175,96,-79,128,352,224,120,200,80,120,599,479,105,273,168,128,1936,115
88,152,64,184,136,-48,199,111,-88,145,1609,1464,64,807,743,121,161,40,104,391,287,89,3456,115
121,153,32,159,112,-47,128,129,1,111,286,175,97,281,184,103,376,273,96,311,215,113,1761,115
128,168,40,160,128,-32,136,104,-32,112,288,176,80,272,192,104,400,296,96,256,160,128,1744,115
105,137,32,168,144,-24,135,87,-48,137,321,184,104,296,192,136,368,232,127,423,296,113,1889,115
104,129,25,152,112,-40,144,120,-24,127,248,121,127,320,193,160,319,159,129,400,271,105,1753,115
104,144,40,168,127,-41,153,129,-24,111,247,136,97,353,256,120,304,184,112,264,152,96,1664,115
144,184,40,168,111,-57,225,169,-56,104,296,192,119,265,146,103,462,359,112,409,297,104,2000,115
119,121,2,158,119,-39,168,143,-25,113,288,175,96,377,281,103,344,241,103,376,273,112,1880,115
136,167,31,161,105,-56,168,136,-32,96,256,160,160,311,151,169,377,208,127,224,97,144,1720,115
112,136,24,152,112,-40,136,96,-40,104,329,225,183,277,94,154,427,273,103,296,193,128,1801,115
112,135,23,129,81,-48,200,160,-40,104,311,207,105,273,168,128,391,263,97,449,352,80,1880,115
112,152,40,168,126,-42,169,114,-55,103,392,289,128,464,336,183,400,217,104,224,120,112,1984,115
96,151,55,145,113,-32,160,128,-32,120,288,168,103,391,288,113,265,152,104,447,343,121,1904,115
120,136,16,121,81,-40,176,178,2,110,270,160,96,256,160,136,384,248,88,336,248,120,1761,115
88,152,64,128,130,2,150,118,-32,128,480,352,80,264,184,128,392,264,71,328,257,104,1968,115
96,144,48,128,88,-40,151,153,2,111,327,216,112,368,256,120,296,176,88,376,288,120,1872,115
120,160,40,136,80,-56,184,186,2,94,237,143,129,281,152,143,503,360,89,336,247,89,1872,115
88,184,96,144,87,-57,185,187,2,110,294,184,104,319,215,153,385,232,88,320,232,103,1879,115
128,168,40,152,127,-25,161,163,2,110,214,104,104,327,223,128,505,377,95,527,432,137,2168,115
111,168,57,151,87,-64,201,145,-56,119,319,200,89,249,160,119,496,377,87,376,289,95,1935,115
112,152,40,160,87,-73,177,179,2,94,286,192,112,296,184,144,1239,1095,104,464,360,72,2775,115
88,128,40,144,104,-40,168,152,-16,104,247,143,97,249,152,143,488,345,111,255,144,105,1728,115
112,152,40,143,96,-47,167,169,2,111,239,128,112,296,184,144,344,200,96,336,240,104,1736,115
128,151,23,136,73,-63,176,177,1,95,319,224,112,424,312,136,384,248,88,544,456,144,2216,115
128,183,55,161,113,-48,143,167,24,113,345,232,143,272,129,135,368,233,144,399,255,105,1952,115
113,209,96,160,104,-56,151,128,-23,104,296,192,88,288,200,128,416,288,119,384,265,96,1921,115
56,120,64,151,128,-23,152,112,-40,96,312,216,104,231,127,128,505,377,104,255,151,96,1759,115
103,167,64,144,120,-24,169,153,-16,111,376,265,135,263,128,120,856,736,128,241,113,104,2280,115
87,128,41,128,104,-24,144,146,2,86,230,144,72,247,175,113,432,319,105,289,184,144,1720,115
136,176,40,152,112,-40,160,112,-48,112,296,184,136,248,112,143,416,273,104,335,231,105,1800,115
87,128,41,113,72,-41,144,168,24,104,264,160,128,312,184,111,496,385,95,303,208,96,1839,115
113,153,40,160,136,-24,152,153,1,95,247,152,96,247,151,97,440,343,120,417,297,96,1889,115
112,151,39,88,25,-63,200,202,2,78,238,160,96,239,143,129,441,312,87,520,433,96,1912,115
145,185,40,176,135,-41,169,137,-32,104,320,216,104,224,120,104,415,311,105,184,79,89,1689,115
104,168,64,128,71,-57,184,192,8,89,250,161,110,263,153,120,344,224,88,400,312,112,1800,115
112,151,39,177,137,-40,160,162,2,94,238,144,135,279,144,128,577,449,88,528,440,119,2191,115
119,176,57,135,88,-47,160,128,-32,128,264,136,112,280,168,111,416,305,96,400,304,96,1848,115
112,152,40,112,72,-40,160,192,32,80,760,680,72,559,487,168,537,369,80,304,224,80,2656,115
105,160,55,152,111,-41,161,137,-24,104,288,184,88,223,135,145,657,512,80,464,384,88,2128,115
87,128,41,143,111,-32,170,172,2,76,237,161,104,248,144,120,423,303,105,209,104,88,1616,115
96,151,55,129,96,-33,168,170,2,79,296,217,127,342,215,161,416,255,112,600,488,112,2183,115
95,128,33,168,144,-24,151,153,2,127,430,303,73,729,656,88,496,408,64,351,287,89,2520,115
103,124,21,140,979,839,113,116,3,93,893,800,64,296,232,88,592,504,80,335,255,73,3408,115
104,136,32,120,80,-40,168,170,2,93,334,241,64,280,216,128,1111,983,64,305,241,80,2496,115
128,184,56,144,112,-32,152,154,2,86,238,152,96,248,152,112,848,736,80,280,200,95,2159,115
128,256,128,168,135,-33,153,129,-24,120,968,848,64,368,304,144,328,184,128,239,111,81,2504,115
88,127,39,136,138,2,103,135,32,111,496,385,96,248,152,168,408,240,96,288,192,72,1912,115
128,176,48,127,88,-39,176,178,2,94,357,263,81,233,152,144,559,415,97,217,120,88,1896,115
112,152,40,151,119,-32,169,171,2,93,261,168,97,217,120,135,472,337,88,208,120,119,1719,115
105,128,23,129,89,-40,151,153,2,119,287,168,104,287,183,137,584,447,73,153,80,88,1769,115
112,144,32,112,96,-16,160,176,16,103,287,184,97,264,167,113,728,615,88,289,201,111,2095,115
119,447,328,137,113,-24,183,159,-24,121,337,216,111,200,89,143,584,441,64,207,143,81,2128,115
120,168,48,96,56,-40,152,200,48,72,216,144,88,375,287,113,425,312,112,432,320,80,1952,115
112,160,48,111,79,-32,136,177,41,56,224,168,95,304,209,56,448,392,127,408,281,88,1888,115
88,160,72,136,104,-32,152,154,2,86,238,152,79,272,193,96,480,384,88,608,520,128,2144,115
119,151,32,136,89,-47,176,1944,1768,96,223,127,73,337,264,103,480,377,111,288,177,120,3632,115
128,152,24,128,88,-40,144,192,48,96,240,144,96,312,216,96,736,640,96,456,360,119,2295,115
119,176,57,144,119,-25,145,121,-24,120,447,327,169,264,95,153,416,263,104,568,464,113,2224,115
111,168,57,104,71,-33,152,177,25,88,255,167,81,281,200,112,519,407,65,257,192,104,1832,115
121,161,40,136,104,-32,168,144,-24,103,384,281,88,304,216,128,472,344,96,304,208,96,1969,115
104,152,48,104,55,-49,184,209,25,88,232,144,128,304,176,136,496,360,127,304,177,88,1840,115
113,161,48,104,55,-49,177,193,16,120,264,144,80,359,279,145,473,328,95,248,153,104,1857,115
144,1376,1232,80,192,112,120,191,71,89,2073,1984,56,904,848,103,216,113,128,327,199,104,5383,115
121,193,72,96,56,-40,144,160,16,88,272,184,88,424,336,152,375,223,73,473,400,112,2065,115
80,104,24,112,113,1,127,159,32,96,287,191,105,328,223,136,529,393,136,184,48,87,1791,115
104,160,56,80,40,-40,175,215,40,65,201,136,104,256,152,96,640,544,135,184,49,96,1792,115
104,120,16,136,111,-25,153,155,2,110,717,607,73,537,464,112,136,24,80,528,448,96,2400,115
87,103,16,184,120,-64,145,424,279,105,521,416,72,600,528,120,160,40,112,240,128,104,2272,115
119,160,41,127,64,-63,152,208,56,87,352,265,136,336,200,136,488,352,104,199,95,105,1912,115
104,144,40,137,64,-73,169,217,48,104,343,239,104,321,217,149,528,379,88,176,88,96,1889,115
104,136,32,152,96,-56,168,224,56,111,319,208,97,329,232,120,584,464,112,191,79,89,1968,115
119,160,41,159,87,-72,176,211,35,117,294,177,111,296,185,128,576,448,104,256,152,79,1959,115
120,168,48,144,63,-81,193,233,40,79,215,136,144,425,281,160,416,256,112,184,72,63,1767,115
128,184,56,168,105,-63,183,185,2,110,311,201,144,376,232,80,368,288,80,264,184,88,1881,115
105,137,32,152,104,-48,176,232,56,64,280,216,104,336,232,88,320,232,88,248,160,112,1769,115
127,152,25,160,96,-64,208,209,1,87,1207,1120,80,232,152,127,416,289,88,177,89,103,2592,115
135,169,34,134,78,-56,154,178,24,102,271,169,87,344,257,96,408,312,87,169,82,118,1735,115
120,176,56,174,96,-78,151,183,32,97,281,184,88,264,176,136,407,271,137,185,48,80,1672,115
120,159,39,144,113,-31,160,176,16,112,288,176,104,311,207,137,401,264,103,176,73,112,1736,115
129,137,8,190,150,-40,153,193,40,80,280,200,124,408,284,96,392,296,112,239,127,98,1897,115
127,168,41,152,120,-32,144,167,23,121,337,216,112,320,208,104,384,280,111,223,112,73,1792,115
136,184,48,176,119,-57,201,202,1,95,831,736,112,232,120,119,344,225,104,296,192,88,2296,115
153,177,24,143,112,-31,160,192,32,112,304,192,112,408,296,144,320,176,96,223,127,81,1817,115
144,208,64,136,112,-24,136,200,64,72,304,232,96,272,176,88,448,360,96,232,136,96,1872,115
112,176,64,128,72,-56,134,184,50,100,264,164,97,368,271,81,360,279,89,193,104,95,1712,115
103,183,80,144,96,-48,144,176,32,81,313,232,104,288,184,87,704,617,96,328,232,96,2184,115
88,177,89,160,120,-40,135,160,25,112,240,128,95,271,176,113,297,184,96,200,104,88,1553,115
113,145,32,159,128,-31,136,184,48,88,224,136,88,368,280,88,480,392,96,152,56,88,1769,115
96,152,56,128,96,-32,120,192,72,71,224,153,80,296,216,136,280,144,96,240,144,96,1576,115
112,176,64,139,122,-17,142,143,1,94,263,169,95,296,201,119,448,329,103,184,81,88,1720,115
111,191,80,137,112,-25,97,153,56,80,312,232,128,264,136,112,352,240,152,224,72,95,1703,115
104,105,1,143,103,-40,88,127,39,97,296,199,81,281,200,160,688,528,99,331,232,109,2040,115
120,192,72,152,120,-32,136,137,1,78,247,169,96,288,192,104,472,368,48,232,184,72,1760,115
88,152,64,136,104,-32,104,128,24,96,272,176,112,2128,2016,72,256,184,103,336,233,86,3462,115
96,136,40,120,72,-48,136,176,40,72,704,632,64,224,160,79,336,257,87,327,240,89,2064,115
112,177,65,136,104,-32,136,137,1,71,227,156,131,324,193,95,329,234,96,311,215,72,1681,115
112,160,48,152,128,-24,120,121,1,111,239,128,104,296,192,80,664,584,88,288,200,96,1992,115
128,192,64,152,104,-48,152,153,1,103,255,152,80,264,184,143,352,209,80,184,104,96,1600,115
120,184,64,248,223,-25,128,97,-31,136,328,192,112,312,200,111,344,233,80,197,117,99,1784,115
128,144,16,176,128,-48,143,160,17,112,272,160,104,344,240,112,783,671,105,193,88,88,2112,115
96,128,32,152,96,-56,135,112,-23,87,328,241,72,248,176,88,360,272,80,280,200,96,1648,115
96,136,40,136,80,-56,136,152,16,72,256,184,104,472,368,103,296,193,96,408,312,72,1872,115
120,144,24,136,80,-56,136,152,16,88,264,176,104,296,192,111,312,201,104,424,320,96,1768,115
113,114,1,167,127,-40,136,160,24,72,240,168,104,288,184,112,4880,4768,88,128,40,79,6016,115
96,112,16,168,96,-72,184,144,-40,111,400,289,104,336,232,152,584,432,120,175,55,89,1936,115
128,152,24,168,88,-80,168,169,1,95,279,184,104,392,288,176,296,120,80,264,184,104,1744,115
136,137,1,167,111,-56,152,153,1,103,279,176,96,432,336,119,352,233,120,248,128,120,1832,115
160,161,1,127,71,-56,144,208,64,88,248,160,72,336,264,104,295,191,89,209,120,112,1640,115
96,160,64,136,80,-56,168,192,24,72,208,136,104,400,296,88,232,144,104,368,264,128,1768,115
112,128,16,127,72,-55,160,216,56,88,223,135,73,481,408,112,416,304,72,264,192,96,1896,115
104,176,72,136,104,-32,128,152,24,71,256,185,72,311,239,113,233,120,128,408,280,120,1760,115
112,113,1,159,127,-32,144,145,1,127,223,96,104,344,240,112,296,184,56,248,192,96,1592,115
103,136,33,208,160,-48,176,144,-32,88,336,248,104,256,152,128,304,176,96,239,143,89,1664,115
112,152,40,152,110,-42,146,170,24,96,256,160,72,296,224,120,360,240,96,208,112,125,1677,115
120,161,41,160,119,-41,153,137,-16,95,264,169,95,384,289,112,368,256,112,392,280,128,1953,115
105,120,15,161,145,-16,144,145,1,79,223,144,136,352,216,128,263,135,105,353,248,120,1721,115
112,152,40,152,112,-40,152,128,-24,104,272,168,64,304,240,87,336,249,56,368,312,112,1784,115
112,152,40,159,136,-23,128,112,-16,113,271,158,73,265,192,112,376,264,104,272,168,120,1704,115
120,184,64,176,128,-48,160,161,1,95,215,120,103,320,217,120,240,120,96,304,208,96,1648,115
104,152,48,144,80,-64,176,200,24,112,224,112,96,376,280,112,328,216,80,304,224,88,1752,115
136,936,800,200,288,88,136,176,40,120,392,272,80,288,208,88,440,352,104,320,216,111,2951,115
120,168,48,160,120,-40,152,153,1,111,295,184,128,400,272,136,288,152,112,232,120,88,1744,115
127,176,49,136,80,-56,168,169,1,119,239,120,120,304,184,128,336,208,112,288,176,88,1680,115
104,152,48,144,104,-40,151,153,2,87,231,144,112,296,184,120,392,272,72,360,288,112,1800,115
128,152,24,128,80,-48,160,224,64,96,248,152,104,1480,1376,120,121,1,95,223,128,88,2616,115
136,168,32,128,64,-64,176,200,24,120,231,111,89,273,184,112,392,280,80,256,176,104,1688,115
121,145,24,128,80,-48,167,176,9,119,248,129,112,280,168,104,432,328,72,336,264,88,1785,115
128,168,40,176,120,-56,184,144,-40,120,720,600,104,232,128,112,432,320,64,320,256,96,2232,115
120,176,56,168,112,-56,168,144,-24,128,296,168,144,352,208,128,376,248,88,337,249,111,1904,115
152,153,1,167,103,-64,184,185,1,87,255,168,112,280,168,112,368,256,80,464,384,96,1904,115
152,154,2,166,94,-72,200,201,1,103,239,136,128,296,168,128,320,192,72,360,288,67,1731,115
128,160,32,192,160,-32,200,144,-56,112,504,392,112,280,168,120,448,328,96,280,184,120,2096,115
112,137,25,159,111,-48,161,192,31,120,224,104,111,384,273,104,352,248,112,464,352,64,1928,115
88,112,24,136,104,-32,128,104,-24,120,296,176,120,256,136,120,416,296,104,272,168,112,1672,115
111,143,32,176,120,-56,144,145,1,95,255,160,112,296,184,121,335,214,97,240,143,89,1623,115
96,168,72,184,128,-56,168,144,-24,96,320,224,111,296,185,112,392,280,96,291,195,101,1840,115
117,127,10,153,113,-40,152,153,1,103,262,159,129,369,240,144,287,143,121,321,200,96,1728,115
128,144,16,160,96,-64,208,184,-24,104,712,608,168,264,96,128,424,296,120,425,305,95,2344,115
127,152,25,175,128,-47,160,161,1,111,247,136,144,328,184,129,336,207,96,352,256,104,1808,115
168,145,-23,168,112,-56,176,216,40,80,256,176,112,280,168,112,312,200,136,280,144,120,1721,115
152,153,1,159,95,-64,200,202,2,102,222,120,119,296,177,104,368,264,104,320,216,105,1761,115
160,161,1,166,119,-47,176,208,32,144,256,112,112,368,256,120,400,280,104,408,304,96,2016,115
136,160,24,128,72,-56,184,185,1,87,263,176,168,248,80,96,487,391,97,289,192,120,1824,115
112,128,16,176,152,-24,168,169,1,80,1015,935,136,528,392,104,144,40,104,401,297,87,2624,115
120,136,16,168,127,-41,145,146,1,78,287,209,80,384,304,128,376,248,48,312,264,96,1864,115
129,145,16,136,104,-32,136,137,1,111,254,143,96,337,241,120,360,240,96,344,248,112,1793,115
112,152,40,128,104,-24,128,192,64,96,280,184,72,296,224,119,448,329,88,320,232,120,1912,115
144,208,64,200,176,-24,136,120,-16,120,288,168,72,304,232,136,520,384,88,272,184,120,2008,115
112,152,40,136,88,-48,176,200,24,112,224,112,64,336,272,136,448,312,88,568,480,96,2112,115
120,152,32,120,48,-72,176,231,55,81,185,104,80,264,184,120,359,239,105,257,152,120,1616,115
112,129,17,152,1224,1072,111,256,145,96,240,144,103,680,577,112,152,40,111,1320,1209,103,4104,24
87,248,161,63,568,505,71,360,289,111,208,97,79,296,217,71,480,409,79,416,337,95,2671,24
119,192,73,127,344,217,103,544,441,95,272,177,63,504,441,71,416,345,71,408,337,63,2743,24
111,208,97,87,392,305,71,392,321,71,279,208,64,216,152,64,352,288,72,440,368,80,2359,24
88,145,57,127,400,273,79,632,553,63,239,176,56,393,337,63,400,337,47,223,176,88,2520,24
120,168,48,104,288,184,64,496,432,80,272,192,56,448,392,72,472,400,56,312,256,96,2552,24
128,224,96,88,536,448,72,736,664,96,136,40,56,1488,1432,72,136,64,64,440,376,80,3776,24
128,184,56,80,280,200,72,560,488,88,472,384,48,208,160,88,328,240,56,360,304,96,2488,24
112,192,80,88,296,208,56,256,200,96,328,232,64,192,128,88,296,208,72,304,232,112,1976,24
96,120,24,128,256,128,64,312,248,80,200,120,64,408,344,80,416,336,63,480,417,71,2263,24
95,192,97,95,312,217,47,232,185,112,248,136,63,224,161,87,328,241,47,248,201,95,1879,24
103,160,57,95,232,137,39,200,161,103,256,153,55,376,321,79,304,225,71,608,537,63,2199,24
111,192,81,47,288,241,55,272,217,79,320,241,63,488,425,55,488,433,71,528,457,63,2639,24
111,160,49,111,408,297,79,432,353,143,288,145,55,208,153,71,248,177,71,184,113,111,2039,24
95,168,73,103,256,153,55,960,905,103,296,193,63,200,137,79,200,121,79,280,201,111,2471,24
119,192,73,63,224,161,55,528,473,55,856,801,39,136,97,55,160,105,63,824,761,79,2999,24
120,145,25,119,280,161,55,319,264,104,216,112,72,233,161,71,519,448,72,185,113,127,2024,24
127,223,96,128,289,161,79,367,288,104,312,208,72,408,336,80,216,136,72,304,232,104,2223,24
120,200,80,80,272,192,48,216,168,112,280,168,56,168,112,80,448,368,64,2056,1992,88,3728,24
96,120,24,96,224,128,64,192,128,128,256,128,80,192,112,96,296,200,64,224,160,112,1616,24
96,160,64,112,296,184,48,568,520,104,816,712,72,584,512,80,224,144,72,320,248,88,3056,24
120,144,24,104,224,120,56,200,144,112,208,96,80,176,96,96,216,120,96,224,128,128,1520,24
96,152,56,80,192,112,64,832,768,120,376,256,64,192,128,88,328,240,56,776,720,71,2919,24
96,128,32,128,256,128,72,248,176,104,216,112,63,184,121,95,400,305,63,160,97,103,1695,24
112,176,64,88,240,152,80,400,320,104,248,144,88,256,168,104,208,104,63,376,313,96,2000,24
144,640,496,112,192,80,95,320,225,120,400,280,63,232,169,111,256,145,63,264,201,89,2393,24
119,208,89,87,240,153,79,256,177,103,344,241,71,256,185,104,616,512,72,408,336,103,2431,24
151,184,33,151,632,481,103,184,81,111,320,209,55,392,337,71,360,289,95,288,193,103,2463,24
135,288,153,71,176,105,39,1312,1273,71,792,721,39,184,145,79,168,89,95,823,728,91,3834,24
104,152,48,88,208,120,88,289,201,95,263,168,88,345,257,95,264,169,95,280,185,119,1920,24
128,433,305,127,256,129,87,751,664,112,232,120,88,241,153,87,344,257,87,191,104,136,2584,24
136,200,64,96,168,72,120,320,200,88,209,121,71,359,288,96,576,480,104,400,296,96,2328,24
40,880,840,88,272,184,112,224,112,80,224,144,88,432,344,80,176,96,120,240,120,112,2560,24
112,264,152,120,272,152,112,896,784,104,336,232,80,176,96,104,248,144,112,208,96,120,2520,24
120,200,80,136,216,80,88,720,632,128,256,128,88,896,808,80,152,72,96,504,408,128,3072,24
128,168,40,144,312,168,88,232,144,112,200,88,80,224,144,88,192,104,120,232,112,128,1688,24
144,312,168,88,872,784,104,328,224,127,184,57,79,240,161,104,248,144,80,280,200,112,2576,24
80,216,136,112,352,240,48,320,272,112,200,88,48,224,176,88,232,144,80,280,200,95,1919,24
112,192,80,71,152,81,63,664,601,103,160,57,31,216,185,79,288,209,87,176,89,111,1959,24
95,152,57,63,168,105,71,200,129,87,584,497,71,144,73,87,632,545,71,160,89,87,2127,24
103,120,17,127,176,49,95,352,257,135,208,73,55,240,185,87,224,137,111,240,129,119,1679,24
144,217,73,135,912,777,87,432,345,111,168,57,111,176,65,111,280,169,87,216,129,119,2520,24
144,200,56,136,289,153,103,976,873,119,280,161,47,696,649,87,231,144,104,257,153,127,3056,24
104,160,56,96,217,121,71,200,129,111,263,152,88,241,153,103,255,152,80,248,168,128,1712,24
120,264,144,88,209,121,87,248,161,111,439,328,96,288,192,112,224,112,136,272,136,128,2072,24
151,239,88,72,168,96,88,312,224,120,216,96,96,296,200,104,256,152,112,368,256,128,1983,24
144,256,112,72,1480,1408,96,240,144,120,608,488,72,128,56,88,264,176,112,424,312,136,3536,24
128,129,1,127,335,208,96,488,392,88,232,144,64,368,304,80,200,120,104,272,168,128,2152,24
144,200,56,136,224,88,152,768,616,128,312,184,72,576,504,104,280,176,103,304,201,103,2767,24
152,184,32,152,184,32,135,872,737,104,240,136,88,232,144,79,240,161,88,272,184,120,2344,24
152,168,16,136,208,72,111,696,585,95,224,129,96,216,120,88,288,200,112,160,48,112,2072,24
128,224,96,103,168,65,103,776,673,88,168,80,96,488,392,71,216,145,87,336,249,103,2479,24
159,184,25,128,168,40,119,776,657,87,128,41,87,1528,1441,95,144,49,111,904,793,159,3991,24
143,144,1,127,248,121,95,704,609,119,152,33,103,344,241,111,232,121,127,184,57,127,2135,24
127,168,41,151,200,49,79,784,705,119,392,273,111,144,33,119,400,281,111,136,25,127,2351,24
143,176,33,151,192,41,95,872,777,127,168,41,79,264,185,111,184,73,127,207,80,128,2191,24
104,129,25,143,176,33,111,448,337,119,240,121,119,840,721,95,192,97,119,168,49,135,2328,24
152,153,1,135,168,33,127,935,808,104,152,48,80,825,745,87,231,144,80,464,384,96,3024,24
160,216,56,112,184,72,112,776,664,96,192,96,104,768,664,96,232,136,136,160,24,144,2672,24
128,192,64,128,208,80,104,392,288,96,176,80,112,240,128,96,192,96,120,232,112,128,1760,24
112,2056,1944,80,120,40,96,648,552,88,552,464,96,256,160,96,216,120,136,200,64,136,4184,24
120,216,96,96,880,784,80,144,64,96,232,136,112,704,592,88,192,104,96,208,112,120,2696,24
88,424,336,88,520,432,112,320,208,112,280,168,79,264,185,104,352,248,88,328,240,120,2608,24
120,280,160,55,288,233,71,216,145,96,216,120,103,280,177,72,232,160,96,216,120,111,1839,24
71,584,513,63,208,145,87,216,129,95,232,137,79,200,121,95,192,97,87,216,129,127,1975,24
103,536,433,79,160,81,95,224,129,111,200,89,55,224,169,71,176,105,79,200,121,103,1823,24
79,608,529,71,200,129,63,512,449,95,712,617,71,104,33,79,207,128,40,465,425,111,2919,24
111,208,97,71,216,145,79,224,145,111,184,73,95,208,113,79,175,96,112,273,161,119,1607,24
127,216,89,95,272,177,71,504,433,103,152,49,55,168,113,79,159,80,104,256,152,128,1855,24
111,200,89,111,1272,1161,63,639,576,80,216,136,96,216,120,80,232,152,80,1064,984,96,3935,24
96,160,64,72,224,152,80,248,168,88,264,176,80,160,80,80,192,112,88,240,152,120,1608,24
96,288,192,64,192,128,80,264,184,96,224,128,72,128,56,72,200,128,96,240,144,112,1648,24
72,392,320,72,200,128,72,936,864,88,824,736,64,80,16,72,232,160,96,200,104,120,2984,24
104,208,104,72,288,216,64,272,208,88,280,192,72,184,112,96,344,248,80,192,112,112,1880,24
112,792,680,64,176,112,104,272,168,112,1096,984,96,328,232,88,272,184,128,176,48,136,3248,24
112,232,120,96,176,80,120,720,600,120,232,112,80,184,104,88,224,136,72,208,136,136,2112,24
120,248,128,96,256,160,88,688,600,111,264,153,72,256,184,95,312,217,80,184,104,136,2344,24
128,680,552,72,240,168,88,1071,983,80,161,81,88,384,296,96,240,144,103,240,137,135,3151,24
111,200,89,95,248,153,74,360,286,103,536,433,79,192,113,71,192,121,95,240,145,127,2095,24
103,232,129,55,816,761,87,360,273,87,200,113,87,1224,1137,95,136,41,119,304,185,119,3391,24
119,176,57,95,208,113,87,280,193,95,168,73,79,223,144,96,217,121,95,208,113,143,1623,24
127,720,593,95,192,97,79,320,241,95,280,185,71,272,201,103,103,0,64,305,241,65,2257,24
95,216,121,71,215,144,80,313,233,79,440,361,79,159,80,88,432,344,96,168,72,120,2063,24
104,648,544,64,249,185,79,447,368,96,248,152,80,208,128,96,168,72,104,440,336,112,2520,24
120,232,112,88,281,193,87,471,384,88,192,104,72,800,728,80,192,112,104,296,192,104,2568,24
120,568,448,96,216,120,88,432,344,64,600,536,88,144,56,96,792,696,112,368,256,120,3240,24
80,456,376,56,224,168,104,672,568,104,192,88,88,216,128,96,224,128,96,192,96,136,2312,24
64,464,400,64,240,176,104,576,472,96,760,664,80,288,208,88,296,208,64,232,168,152,3008,24
104,208,104,80,216,136,104,224,120,120,208,88,104,192,88,96,240,144,56,208,152,120,1616,24
96,1128,1032,64,160,96,104,328,224,80,224,144,96,248,152,96,248,152,104,192,88,120,2648,24
88,752,664,72,288,216,80,440,360,88,1000,912,80,1184,1104,63,112,49,112,224,112,159,4159,24
96,184,88,95,288,193,87,264,177,111,208,97,103,216,113,87,216,129,79,200,121,136,1712,24
87,624,537,95,248,153,71,240,169,87,216,129,71,288,217,63,880,817,63,176,113,95,2767,24
103,208,105,87,240,153,79,224,145,95,272,177,87,1336,1249,95,96,1,63,256,193,127,2759,24
95,192,97,79,296,217,55,208,153,71,560,489,79,280,201,79,240,161,87,231,144,128,2135,24
111,192,81,95,280,185,79,208,129,71,215,144,88,217,129,71,240,169,55,207,152,128,1687,24
111,680,569,87,184,97,79,240,161,103,184,81,79,552,473,111,199,88,88,217,129,127,2383,24
120,208,88,72,208,136,72,184,112,88,240,152,72,200,128,72,200,128,96,320,224,113,1673,24
88,112,24,129,1041,912,87,192,105,112,256,144,87,296,209,55,240,185,55,296,241,87,2520,24
79,120,41,71,184,113,55,216,161,111,239,128,56,249,193,63,264,201,79,184,105,119,1575,24
95,192,97,71,184,113,55,160,105,127,200,73,71,208,137,71,280,209,71,144,73,103,1471,24
80,96,16,96,168,72,80,288,208,120,192,72,72,289,217,79,336,257,79,191,112,112,1672,24
96,152,56,72,160,88,80,184,104,96,208,112,80,184,104,80,200,120,72,248,176,104,1440,24
104,160,56,64,192,128,64,264,200,88,209,121,71,167,96,80,217,137,79,183,104,96,1488,24
95,183,88,40,137,97,71,199,128,80,216,136,80,184,104,72,200,128,72,176,104,120,1415,24
88,184,96,24,136,112,48,184,136,104,208,104,64,224,160,72,664,592,80,176,96,120,1896,24
128,224,96,112,152,40,80,896,816,112,192,80,56,264,208,64,224,160,72,160,88,120,2232,24
96,160,64,64,144,80,72,160,88,112,200,88,64,168,104,80,192,112,88,208,120,96,1328,24
88,144,56,64,152,88,72,184,112,96,272,176,72,192,120,88,248,160,96,152,56,96,1440,24
80,152,72,64,144,80,72,184,112,128,192,64,80,200,120,72,456,384,88,136,48,88,1552,24
80,112,32,80,136,56,72,160,88,120,184,64,72,528,456,72,168,96,80,872,792,104,2264,24
104,128,24,96,144,48,88,192,104,128,200,72,80,288,208,79,176,97,88,152,64,112,1392,24
104,136,32,136,136,0,80,648,568,112,112,0,80,232,152,72,272,200,96,128,32,120,1784,24
120,184,64,80,136,56,80,384,304,127,184,57,72,152,80,72,240,168,79,160,81,112,1552,24
88,112,24,88,160,72,72,144,72,112,200,88,88,120,32,95,200,105,80,176,96,104,1216,24
96,160,64,39,128,89,55,160,105,111,184,73,95,144,49,79,200,121,71,184,113,103,1263,24
111,168,57,79,184,105,87,448,361,127,152,25,71,184,113,71,160,89,95,208,113,111,1615,24
71,160,89,55,176,121,71,864,793,87,168,81,63,272,209,71,448,377,71,96,25,95,2279,24
87,168,81,87,224,137,71,192,121,95,216,121,79,208,129,71,848,777,71,160,89,87,2103,24
95,184,89,79,224,145,63,184,121,79,256,177,87,168,81,79,392,313,71,151,80,88,1647,24
111,175,64,112,168,56,80,641,561,111,160,49,71,256,185,71,224,153,71,152,81,119,1895,24
87,176,89,79,727,648,80,144,64,104,185,81,79,135,56,72,201,129,55,200,145,103,1871,24
80,176,96,72,305,233,47,191,144,80,233,153,63,655,592,80,128,48,88,192,104,112,1992,24
96,152,56,80,192,112,72,152,80,88,200,112,88,168,80,64,216,152,120,200,80,104,1384,24
96,600,504,56,160,104,88,232,144,80,168,88,72,168,96,72,184,112,88,184,96,96,1792,24
88,224,136,72,272,200,88,216,128,80,215,135,72,169,97,80,224,144,80,224,144,96,1640,24
88,216,128,72,320,248,64,464,400,104,256,152,56,144,88,72,200,128,120,160,40,128,1888,24
96,1424,1328,64,224,160,72,184,112,72,200,128,88,240,152,72,248,176,80,160,80,120,2800,24
80,168,88,80,192,112,72,160,88,104,208,104,87,168,81,48,271,223,65,153,88,88,1408,24
87,168,81,112,176,64,88,424,336,48,103,55,1,1,0,920,1056,136,80,112,32,120,2160,24
96,584,488,128,408,280,88,568,480,103,128,25,88,216,128,79,200,121,88,120,32,127,2351,24
111,176,65,95,160,65,63,216,153,136,176,40,103,704,601,64,200,136,79,120,41,111,1863,24
95,168,73,111,176,65,71,304,233,111,168,57,55,760,705,55,184,129,87,136,49,135,2031,24
95,160,65,103,144,41,87,384,297,159,192,33,87,232,145,111,176,65,127,520,393,127,1935,24
95,168,73,87,152,65,87,200,113,119,168,49,71,456,385,87,176,89,79,1456,1377,87,2863,24
87,152,65,87,256,169,71,144,73,111,408,297,95,168,73,79,232,153,95,288,193,63,1711,24
103,175,72,96,193,97,103,192,89,111,199,88,80,249,169,71,224,153,71,175,104,112,1519,24
88,225,137,63,536,473,79,343,264,88,545,457,71,127,56,80,281,201,55,167,112,136,2360,24
95,191,96,72,168,96,80,200,120,144,192,48,64,536,472,80,272,192,56,144,88,120,1823,24
95,192,97,79,279,200,72,240,168,56,256,200,72,184,112,72,216,144,72,176,104,112,1655,24
80,168,88,104,336,232,112,1016,904,80,192,112,72,440,368,80,256,176,80,160,80,120,2688,24
72,144,72,80,200,120,80,168,88,72,208,136,96,176,80,80,176,96,88,184,96,104,1360,24
96,136,40,104,168,64,88,160,72,104,216,112,96,176,80,80,232,152,56,136,80,112,1336,24
120,304,184,64,192,128,88,664,576,72,192,120,80,208,128,80,224,144,80,136,56,104,2024,24
96,200,104,120,200,80,80,336,256,104,216,112,96,808,712,72,184,112,88,144,56,120,2208,24
88,152,64,72,184,112,56,152,96,96,208,112,112,168,56,88,232,144,88,176,88,128,1400,24
96,216,120,88,168,80,96,456,360,104,632,528,95,368,273,72,400,328,88,144,56,120,2504,24
128,192,64,112,160,48,96,208,112,128,192,64,72,232,160,112,168,56,128,432,304,104,1688,24
128,176,48,112,168,56,120,696,576,103,144,41,119,424,305,80,440,360,95,312,217,128,2488,24
111,200,89,55,104,49,87,232,145,63,432,369,96,152,56,71,208,137,95,168,73,79,1575,24
111,168,57,87,112,25,87,600,513,103,168,65,63,256,193,47,256,209,79,400,321,95,2055,24
87,648,561,71,168,97,87,176,89,95,224,129,71,184,113,71,200,129,95,200,105,103,1903,24
103,200,97,87,256,169,71,216,145,95,527,432,80,113,33,71,424,353,87,312,225,97,2145,24
119,192,73,119,152,33,119,680,561,103,232,129,71,304,233,71,496,425,71,256,185,119,2431,24
95,159,64,88,233,145,79,200,121,71,256,185,63,472,409,79,272,193,63,360,297,103,2055,24
143,199,56,128,161,33,111,672,561,111,183,72,56,288,232,80,256,176,56,153,97,119,2031,24
104,168,64,80,200,120,88,225,137,103,248,145,55,743,688,64,360,296,88,136,48,112,2192,24
88,144,56,88,200,112,88,176,88,88,344,256,88,312,224,72,552,480,80,168,88,99,1995,24
96,160,64,88,200,112,88,256,168,32,984,952,88,128,40,112,712,600,88,144,56,112,2696,24
96,152,56,88,192,104,80,184,104,96,240,144,72,240,168,56,448,392,80,1560,1480,80,3096,24
96,144,48,96,160,64,88,208,120,88,216,128,88,256,168,80,608,528,72,160,88,104,1856,24
128,176,48,120,160,40,104,632,528,88,408,320,88,176,88,72,272,200,72,160,88,128,2112,24
88,176,88,64,200,136,88,264,176,64,616,552,72,224,152,56,256,200,96,648,552,95,2479,24
128,168,40,111,184,73,112,544,432,112,208,96,88,296,208,80,456,376,97,240,143,104,2200,24
112,144,32,103,264,161,88,216,128,104,320,216,88,1328,1240,95,184,89,112,352,240,120,2928,24
103,152,49,79,192,113,96,248,152,96,336,240,88,160,72,88,272,184,80,232,152,127,1719,24
103,192,89,55,208,153,103,408,305,71,328,257,95,200,105,87,200,113,103,256,153,127,1919,24
111,200,89,87,336,249,71,248,177,79,280,201,71,184,113,87,216,129,87,208,121,111,1783,24
119,192,73,79,272,193,87,272,185,79,336,257,71,528,457,79,136,57,87,376,289,96,2208,24
111,168,57,111,184,73,111,368,257,111,656,545,71,168,97,71,240,169,79,168,89,95,2047,24
135,160,25,135,176,41,103,656,553,119,160,41,71,248,177,71,200,129,103,184,81,119,1903,24
88,113,25,87,160,73,87,232,145,87,239,152,96,225,129,87,256,169,87,224,137,103,1552,24
95,167,72,72,176,104,80,464,384,96,600,504,88,576,488,72,304,232,72,120,48,120,2527,24
104,160,56,88,152,64,88,176,88,107,304,197,96,608,512,64,240,176,96,240,144,104,1984,24
88,112,24,112,184,72,80,320,240,120,312,192,88,192,104,80,240,160,88,168,80,120,1648,24
103,143,40,96,128,32,96,184,88,120,320,200,96,152,56,80,192,112,112,488,376,81,1688,24
104,105,1,135,136,1,103,1039,936,96,160,64,80,176,96,88,232,144,96,144,48,112,2104,24
104,136,32,80,136,56,80,560,480,128,216,88,80,504,424,104,144,40,88,224,136,104,2024,24
112,160,48,104,144,40,112,648,536,104,160,56,88,184,96,88,184,96,96,184,88,112,1776,24
80,136,56,80,168,88,88,216,128,104,256,152,96,120,24,96,192,96,96,176,80,104,1368,24
112,184,72,104,176,72,72,880,808,120,144,24,95,216,121,80,184,104,104,168,64,112,2064,24
104,120,16,120,184,64,80,256,176,112,184,72,112,1072,960,88,200,112,120,160,40,120,2296,24
104,144,40,72,128,56,80,160,80,136,192,56,112,776,664,79,208,129,95,256,161,119,1983,24
103,136,33,95,120,25,103,384,281,119,184,65,87,184,97,88,200,112,112,184,72,103,1495,24
111,144,33,103,160,57,87,240,153,128,208,80,79,664,585,71,216,145,95,160,65,119,1911,24
103,208,105,87,200,113,87,744,657,71,128,57,87,248,161,87,192,105,95,1136,1041,95,2951,24
127,144,17,111,240,129,95,264,169,95,208,113,111,400,289,79,312,233,135,152,17,111,1831,24
120,145,25,119,200,81,103,816,713,111,152,41,95,1944,1849,71,160,89,111,152,41,127,3696,24
96,129,33,87,143,56,88,201,113,119,191,72,96,201,105,95,208,113,95,208,113,111,1392,24
87,111,24,104,233,129,87,183,96,128,200,72,112,448,336,112,136,24,128,225,97,119,1655,24
111,175,64,96,200,104,96,1104,1008,112,113,1,111,223,112,72,152,80,112,560,448,80,2607,24
96,144,48,88,200,112,104,768,664,64,120,56,96,544,448,88,184,96,112,288,176,112,2360,24
120,168,48,88,208,120,120,480,360,96,168,72,104,264,160,80,224,144,96,216,120,127,1855,24
104,160,56,72,232,160,104,784,680,88,184,96,103,576,473,88,248,160,127,176,49,103,2463,24
135,1352,1217,80,160,80,111,1016,905,87,240,153,79,1000,921,87,128,41,143,288,145,111,4295,24
135,168,33,87,792,705,119,240,121,127,296,169,79,160,81,95,232,137,111,384,273,79,2351,24
112,153,41,111,400,289,87,208,121,79,336,257,87,312,225,71,232,161,79,384,305,87,2112,24
103,128,25,87,160,73,79,208,129,119,216,97,79,160,81,63,216,153,71,176,105,111,1375,24
103,152,49,103,168,65,63,192,129,119,184,65,71,127,56,96,448,352,72,160,88,104,1535,24
103,120,17,95,152,57,55,888,833,95,207,112,88,345,257,79,376,297,71,208,137,87,2383,24
119,200,81,103,216,113,79,264,185,71,216,145,87,144,57,79,184,105,87,216,129,103,1543,24
80,136,56,80,209,129,47,215,168,88,256,168,80,153,73,71,216,145,71,207,136,88,1480,24
127,288,161,87,168,81,71,823,752,120,505,385,79,400,321,63,240,177,95,216,121,119,2759,24
88,128,40,72,136,64,80,201,121,103,256,153,87,151,64,72,217,145,71,175,104,104,1368,24
88,160,72,72,152,80,80,200,120,104,248,144,72,120,48,80,209,129,71,151,80,104,1344,24
112,144,32,112,1048,936,88,184,96,104,224,120,88,112,24,80,192,112,72,160,88,104,2168,24
80,128,48,96,176,80,72,144,72,104,216,112,88,128,40,80,184,104,72,168,96,96,1240,24
88,144,56,88,168,80,64,192,128,96,224,128,72,112,40,80,176,96,80,176,96,104,1296,24
96,160,64,72,176,104,72,128,56,104,160,56,88,152,64,96,280,184,72,184,112,112,1352,24
88,136,48,80,152,72,64,192,128,112,232,120,64,168,104,80,192,112,80,160,80,104,1336,24
120,136,16,104,160,56,96,208,112,128,256,128,88,104,16,103,200,97,96,400,304,96,1560,24
104,144,40,88,184,96,95,192,97,112,240,128,96,176,80,88,200,112,79,208,129,96,1440,24
111,128,17,120,176,56,71,536,465,112,168,56,96,328,232,80,264,184,80,152,72,103,1855,24
103,192,89,55,120,65,71,760,689,103,152,49,87,184,97,80,232,152,95,232,137,136,2008,24
79,96,17,111,168,57,63,184,121,111,216,105,87,112,25,87,200,113,71,168,97,95,1239,24
103,136,33,111,792,681,87,208,121,112,208,96,87,176,89,87,216,129,79,183,104,120,2039,24
95,136,41,87,160,73,87,200,113,119,192,73,95,240,145,71,352,281,79,112,33,119,1511,24
111,120,9,127,935,808,96,393,297,95,592,497,55,152,97,87,448,361,63,127,64,105,2872,24
103,159,56,64,96,32,80,560,480,112,192,80,88,128,40,88,200,112,88,336,248,112,1783,24
96,128,32,88,144,56,72,209,137,119,264,145,79,184,105,79,224,145,87,183,96,112,1448,24
80,161,81,95,183,88,72,248,176,80,240,160,88,576,488,80,160,80,88,192,104,128,1888,24
80,120,40,96,168,72,72,152,80,112,224,112,96,152,56,80,200,120,64,176,112,112,1304,24
96,144,48,72,216,144,56,216,160,88,256,168,72,336,264,80,320,240,88,128,40,120,1736,24
96,136,40,96,176,80,64,168,104,80,304,224,104,216,112,104,240,136,80,208,128,120,1568,24
136,137,1,135,215,80,112,568,456,120,160,40,80,176,96,88,192,104,104,184,80,120,1752,24
120,128,8,128,816,688,64,200,136,96,224,128,88,160,72,80,224,144,88,176,88,112,2040,24
120,120,0,96,176,80,48,1120,1072,104,776,672,88,128,40,79,216,137,79,144,65,144,2824,24
120,120,0,120,168,48,112,632,520,112,144,32,88,344,256,104,200,96,96,200,104,120,1928,24
136,176,40,96,168,72,72,440,368,104,272,168,71,120,49,72,176,104,80,200,120,111,1663,24
79,136,57,95,192,97,63,160,97,103,272,169,80,136,56,79,224,145,79,608,529,87,1815,24
111,144,33,95,192,97,55,208,153,111,208,97,87,160,73,96,200,104,87,200,113,111,1423,24
103,152,49,79,192,113,47,240,193,103,296,193,71,240,169,111,560,449,95,1552,1457,111,3343,24
119,128,9,103,208,105,79,384,305,79,872,793,87,143,56,128,193,65,119,512,393,95,2535,24
95,151,56,56,113,57,71,544,473,159,280,121,87,160,73,111,200,89,103,239,136,128,1815,24
95,144,49,79,176,97,55,175,120,96,265,169,71,144,73,71,184,113,87,216,129,95,1399,24
111,127,16,112,185,73,87,255,168,152,289,137,71,391,320,80,192,112,88,209,121,98,1746,24
111,151,40,88,232,144,80,176,96,112,241,129,79,567,488,72,417,345,79,695,616,80,2559,24
112,128,16,112,168,56,96,456,360,96,192,96,96,168,72,88,232,144,96,464,368,120,1928,24
104,136,32,88,152,64,88,264,176,120,184,64,96,136,40,88,496,408,96,216,120,136,1720,24
104,128,24,96,168,72,96,288,192,112,192,80,96,528,432,88,656,568,96,392,296,128,2480,24
120,200,80,80,208,128,88,288,200,104,192,88,72,168,96,80,256,176,80,224,144,128,1664,24
104,152,48,88,184,96,88,208,120,80,256,176,104,200,96,88,576,488,96,152,56,144,1872,24
152,1104,952,88,184,96,88,376,288,144,168,24,104,304,200,88,312,224,96,160,64,136,2744,24
96,136,40,79,184,105,80,368,288,112,240,128,104,136,32,88,248,160,95,232,137,128,1672,24
112,216,104,143,216,73,72,304,232,120,176,56,95,192,97,88,216,128,96,224,128,128,1672,24
144,368,224,87,208,121,96,288,192,136,208,72,88,280,192,79,328,249,87,176,89,119,1975,24
119,184,65,63,296,233,111,2824,2713,103,223,120,96,177,81,95,215,120,104,200,96,128,4247,24
96,152,56,72,160,88,88,176,88,104,312,208,96,168,72,80,193,113,95,224,129,103,1488,24
136,137,1,119,440,321,135,656,521,119,144,25,87,216,129,79,208,129,111,184,73,105,2090,24
120,145,25,111,216,105,95,416,321,111,783,672,88,321,233,111,312,201,79,624,545,143,2960,24
104,105,1,87,168,81,79,200,121,127,223,96,96,217,121,79,264,185,87,151,64,96,1424,24
120,160,40,112,209,97,127,1031,904,120,960,840,96,96,0,96,264,168,96,208,112,96,3024,24
168,512,344,88,200,112,96,456,360,112,224,112,96,192,96,104,200,96,104,208,104,120,2112,24
120,184,64,104,376,272,160,656,496,120,136,16,120,216,96,96,336,240,120,232,112,128,2264,24
112,152,40,80,199,119,96,168,72,120,225,105,95,128,33,88,192,104,88,192,104,120,1376,24
104,144,40,72,160,88,120,1448,1328,136,360,224,96,136,40,72,232,160,96,200,104,127,2807,24
120,128,8,112,216,104,87,232,145,112,216,104,112,184,72,88,616,528,104,2159,2055,80,3831,24
112,192,80,88,200,112,88,272,184,55,456,401,104,120,16,88,248,160,72,272,200,135,1895,24
119,152,33,95,152,57,119,1568,1449,119,224,105,79,272,193,71,360,289,103,232,129,135,3095,24
95,160,65,87,240,153,87,264,177,103,1176,1073,87,168,81,63,184,121,103,176,73,143,2511,24
151,152,1,151,1256,1105,95,744,649,135,544,409,103,104,1,87,232,145,111,296,185,143,3471,24
120,160,40,88,233,145,79,312,233,63,536,473,95,119,24,96,192,96,96,360,264,120,2032,24
152,153,1,111,639,528,96,352,256,104,152,48,96,161,65,87,215,128,88,144,56,120,1936,24
128,152,24,120,632,512,80,256,176,112,184,72,104,192,88,80,272,192,80,144,64,128,1960,24
128,296,168,88,160,72,104,392,288,72,312,240,96,152,56,96,248,152,96,224,128,135,1919,24
112,184,72,87,160,73,88,224,136,104,472,368,80,184,104,104,640,536,96,264,168,144,2272,24
104,144,40,88,240,152,88,208,120,104,296,192,96,160,64,96,240,144,104,224,120,128,1640,24
95,168,73,79,184,105,79,784,705,103,368,265,79,216,137,79,800,721,103,1776,1673,95,4391,24
127,168,41,119,648,529,95,208,113,95,280,185,95,152,57,79,224,145,103,352,249,167,2199,24
119,136,17,103,184,81,79,272,193,127,736,609,95,160,65,95,224,129,79,352,273,135,2199,24
103,135,32,104,185,81,103,800,697,119,376,257,79,152,73,95,296,201,95,744,649,119,2807,24
119,151,32,80,217,137,79,1103,1024,120,425,305,87,159,72,112,184,72,96,592,496,160,2991,24
120,144,24,104,216,112,80,816,736,144,296,152,80,184,104,120,216,96,96,288,192,152,2312,24
112,168,56,88,192,104,80,528,448,144,376,232,88,176,88,96,208,112,96,328,232,168,2144,24
128,264,136,88,256,168,80,224,144,112,304,192,72,168,96,104,216,112,88,248,160,144,1824,24
168,224,56,104,232,128,88,376,288,136,424,288,80,168,88,112,256,144,96,536,440,168,2384,24
152,208,56,128,328,200,56,272,216,160,280,120,96,256,160,152,952,800,128,224,96,208,2728,24
120,168,48,128,552,424,104,1600,1496,128,984,856,112,272,160,88,320,232,104,200,96,144,4240,24
184,576,392,80,256,176,96,1344,1248,144,272,128,96,416,320,104,296,192,96,160,64,135,3455,24
111,160,49,95,208,113,87,264,177,71,1400,1329,79,128,49,87,240,153,103,416,313,127,2943,24
87,144,57,95,264,169,95,496,401,111,680,569,95,136,41,87,360,273,111,536,425,135,2751,24
103,144,41,111,216,105,95,328,233,151,464,313,95,128,33,87,208,121,79,312,233,143,1943,24
111,288,177,71,792,721,95,352,257,119,288,169,87,144,57,95,216,121,95,264,169,143,2487,24
103,808,705,95,151,56,104,257,153,119,247,128,104,145,41,95,191,96,96,209,113,135,2143,24
80,400,320,96,264,168,96,600,504,104,808,704,96,240,144,80,1152,1072,88,392,304,112,3968,24
96,160,64,88,192,104,88,200,112,96,304,208,104,152,48,80,192,112,88,320,232,120,1640,24
136,184,48,96,280,184,96,280,184,120,232,112,88,184,96,72,216,144,96,512,416,136,2024,24
96,280,184,80,760,680,104,320,216,144,240,96,80,152,72,64,216,152,96,312,216,128,2408,24
112,584,472,80,256,176,56,168,112,112,392,280,88,160,72,80,320,240,80,216,136,136,2232,24
96,200,104,80,384,304,88,456,368,112,216,104,80,192,112,64,192,128,88,232,144,120,1992,24
128,160,32,112,736,624,72,320,248,128,176,48,88,192,104,88,232,144,80,192,112,120,2128,24
96,200,104,87,288,201,80,232,152,48,1672,1624,96,128,32,88,232,144,112,240,128,128,3120,24
96,192,96,88,208,120,96,200,104,112,248,136,88,168,80,80,168,88,96,224,128,120,1528,24
96,200,104,88,416,328,80,208,128,80,280,200,88,256,168,80,280,200,80,200,120,119,1959,24
95,264,169,79,200,121,79,1400,1321,95,264,169,87,416,329,71,256,185,95,296,201,111,3207,24
144,145,1,151,1088,937,95,895,800,112,136,24,112,200,88,72,201,129,87,599,512,56,3320,24
112,137,25,119,288,169,87,287,200,120,288,168,72,176,104,64,192,128,88,224,136,120,1712,24
104,152,48,88,160,72,88,200,112,136,232,96,88,200,112,80,224,144,72,200,128,128,1496,24
103,128,25,87,151,64,80,601,521,103,151,48,64,329,265,39,383,344,88,248,160,128,2119,24
120,144,24,104,176,72,96,256,160,136,224,88,88,192,104,96,168,72,80,280,200,112,1552,24
96,128,32,88,160,72,88,256,168,128,176,48,96,208,112,64,208,144,88,216,128,128,1480,24
72,144,72,104,200,96,88,208,120,120,208,88,88,128,40,80,168,88,72,168,96,120,1344,24
96,136,40,80,184,104,80,176,96,104,264,160,88,144,56,72,232,160,80,152,72,128,1416,24
104,120,16,104,136,32,96,568,472,104,144,40,88,208,120,80,192,112,88,184,96,119,1671,24
96,160,64,88,200,112,80,200,120,120,224,104,72,216,144,72,192,120,104,176,72,112,1480,24
112,160,48,88,168,80,72,208,136,128,240,112,80,112,32,80,216,136,72,176,104,104,1384,24
120,136,16,112,144,32,96,520,424,112,152,40,88,152,64,96,192,96,88,328,240,112,1736,24
80,120,40,104,448,344,72,216,144,103,192,89,55,128,73,87,200,113,88,208,120,112,1624,24
80,120,40,88,192,104,55,160,105,104,256,152,72,128,56,72,160,88,71,144,73,120,1280,24
96,144,48,103,128,25,104,440,336,112,160,48,80,136,56,87,160,73,72,176,104,95,1439,24
96,120,24,112,152,40,72,656,584,95,136,41,80,208,128,88,192,104,96,168,72,103,1735,24
88,120,32,79,160,81,47,160,113,88,320,232,72,160,88,103,192,89,79,184,105,111,1407,24
88,128,40,79,152,73,63,376,313,87,232,145,87,176,89,103,200,97,79,160,81,119,1543,24
95,136,41,87,152,65,71,160,89,112,720,608,55,392,337,79,119,40,96,209,113,127,2015,24
95,120,25,87,136,49,71,176,105,143,200,57,79,136,57,88,152,64,87,176,89,111,1207,24
71,88,17,79,160,81,79,176,97,127,224,97,71,96,25,71,176,105,87,192,105,111,1223,24
95,248,153,71,168,97,79,168,89,103,216,113,71,240,169,55,184,129,71,160,89,103,1487,24
87,128,41,71,136,65,79,144,65,119,216,97,71,184,113,79,191,112,88,153,65,103,1255,24
135,136,1,119,712,593,79,264,185,119,167,48,88,153,65,79,176,97,95,176,81,103,1887,24
88,144,56,80,153,73,71,168,97,103,199,96,72,137,65,95,200,105,55,151,96,96,1248,24
87,143,56,72,377,305,63,159,96,80,640,560,80,184,104,72,217,145,55,399,344,112,2231,24
112,113,1,111,183,72,96,464,368,120,152,32,88,160,72,80,184,104,80,160,80,112,1528,24
88,144,56,72,128,56,80,160,80,88,233,145,79,896,817,63,200,137,95,183,88,128,2072,24
80,112,32,88,168,80,88,168,80,128,232,104,88,184,96,72,608,536,80,872,792,96,2440,24
72,736,664,80,104,24,80,152,72,120,280,160,112,264,152,88,224,136,88,328,240,112,2200,24
136,137,1,103,167,64,128,456,328,144,145,1,87,191,104,88,152,64,104,216,112,112,1576,24
96,128,32,88,160,72,80,176,96,112,240,128,96,136,40,72,200,128,88,160,72,112,1312,24
80,144,64,88,184,96,72,224,152,104,576,472,87,136,49,88,168,80,96,168,72,128,1728,24
104,104,0,120,184,64,128,416,288,120,160,40,104,1080,976,72,120,48,88,552,464,95,2711,24
96,112,16,96,136,40,80,176,96,112,216,104,88,152,64,80,216,136,80,200,120,104,1312,24
112,144,32,88,184,96,95,248,153,120,224,104,80,328,248,80,368,288,88,120,32,112,1728,24
128,128,0,103,144,41,96,224,128,128,224,96,87,184,97,80,208,128,87,184,97,111,1407,24
80,136,56,88,176,88,88,192,104,119,288,169,88,144,56,71,232,161,104,184,80,112,1464,24
104,160,56,55,168,113,71,184,113,103,352,249,79,192,113,64,336,272,87,152,65,87,1631,24
112,144,32,87,256,169,79,224,145,87,1079,992,80,113,33,79,208,129,103,616,513,79,2719,24
119,152,33,111,176,65,79,488,409,135,432,297,95,176,81,71,176,105,95,584,489,111,2295,24
143,184,41,103,144,41,95,320,225,167,216,49,79,216,137,87,192,105,103,352,249,119,1743,24
119,184,65,111,248,137,95,264,169,135,184,49,95,344,249,79,216,137,95,208,113,127,1775,24
103,144,41,95,176,81,79,176,97,119,232,113,87,200,113,79,272,193,95,208,113,111,1519,24
112,113,1,111,3399,3288,96,176,80,160,288,128,95,152,57,96,232,136,96,408,312,152,4920,24
128,152,24,80,160,80,112,1248,1136,112,152,40,96,216,120,88,160,72,112,336,224,112,2536,24
144,168,24,80,248,168,88,360,272,120,208,88,96,200,104,88,216,128,96,824,728,112,2336,24
104,128,24,96,176,80,96,384,288,120,264,144,72,184,112,104,208,104,88,440,352,128,1912,24
104,144,40,80,152,72,104,288,184,136,240,104,87,224,137,80,328,248,96,520,424,128,2024,24
128,168,40,80,224,144,72,200,128,112,368,256,72,152,80,80,240,160,104,216,112,136,1704,24
144,144,0,120,680,560,88,248,160,120,184,64,95,184,89,87,192,105,79,304,225,127,2063,24
95,152,57,79,240,161,71,392,321,111,264,153,103,168,65,79,176,97,87,264,177,135,1791,24
95,96,1,111,176,65,103,224,121,167,232,65,87,136,49,111,208,97,87,480,393,143,1695,24
111,152,41,87,223,136,96,353,257,159,368,209,79,224,145,79,352,273,79,176,97,119,1967,24
128,129,1,119,175,56,96,216,120,144,561,417,103,127,24,120,248,128,72,304,232,136,1896,24
143,159,16,96,209,113,95,256,161,175,335,160,104,168,64,120,208,88,104,408,304,160,1903,24
120,144,24,104,200,96,88,272,184,168,288,120,104,144,40,104,200,96,88,392,304,160,1800,24
144,145,1,103,183,80,88,344,256,168,232,64,96,152,56,104,144,40,104,352,248,152,1704,24
128,129,1,103,159,56,96,224,128,176,256,80,96,296,200,104,328,224,128,160,32,152,1704,24
104,128,24,104,176,72,96,184,88,144,416,272,88,144,56,88,184,96,88,240,152,160,1632,24
112,136,24,104,160,56,80,872,792,168,568,400,88,120,32,112,232,120,88,328,240,144,2560,24
120,120,0,128,168,40,104,344,240,168,1096,928,88,152,64,96,264,168,88,168,80,168,2480,24
176,272,96,128,256,128,104,328,224,176,320,144,96,152,56,128,208,80,112,248,136,176,1960,24
136,176,40,96,216,120,88,528,440,136,592,456,128,144,16,128,192,64,88,280,192,136,2264,24
120,120,0,104,144,40,104,320,216,216,600,384,80,408,328,120,200,80,103,200,97,168,2160,24
112,152,40,80,160,80,96,160,64,152,392,240,96,152,56,72,280,208,79,176,97,159,1631,24
144,144,0,103,176,73,79,200,121,151,840,689,79,152,73,71,184,113,112,200,88,127,2023,24
144,144,0,119,520,401,95,224,129,151,224,73,103,288,185,111,344,233,95,168,73,143,2055,24
127,128,1,103,192,89,95,232,137,127,408,281,95,184,89,95,296,201,95,408,313,143,1991,24
135,136,1,111,208,97,71,232,161,127,288,161,111,144,33,95,184,89,95,184,89,135,1511,24
127,200,73,103,232,129,111,208,97,135,255,120,96,137,41,95,240,145,87,192,105,119,1583,24
103,160,57,95,208,113,87,247,160,120,313,193,87,176,89,79,184,105,79,184,105,119,1591,24
95,136,41,95,168,73,87,224,137,143,344,201,87,192,105,47,808,761,95,359,264,136,2367,24
112,128,16,112,185,73,71,183,112,144,225,81,87,159,72,88,168,80,88,200,112,128,1376,24
104,153,49,103,207,104,72,345,273,159,344,185,87,135,48,80,201,121,79,199,120,128,1712,24
88,121,33,87,151,64,80,185,105,127,232,105,87,176,89,87,247,160,80,232,152,112,1456,24
104,136,32,96,168,72,80,192,112,160,256,96,96,176,80,88,184,96,88,224,136,112,1448,24
128,129,1,135,279,144,120,640,520,136,176,40,88,688,600,80,440,360,96,184,88,120,2656,24
144,145,1,71,151,80,128,256,128,120,1464,1344,104,136,32,96,224,128,120,504,384,112,2992,24
136,136,0,104,144,40,88,344,256,168,304,136,72,152,80,104,192,88,96,304,208,120,1696,24
104,120,16,104,176,72,88,232,144,112,272,160,104,144,40,88,184,96,112,224,112,136,1488,24
103,104,1,104,168,64,80,240,160,120,328,208,104,152,48,80,520,440,104,176,72,152,1840,24
120,120,0,111,136,25,96,3688,3592,151,471,320,96,96,0,96,408,312,112,193,81,113,5225,24
127,128,1,87,144,57,95,200,105,111,312,201,111,176,65,95,176,81,103,208,105,127,1471,24
119,120,1,87,160,73,103,231,128,144,256,112,96,144,48,112,273,161,103,208,105,127,1519,24
111,112,1,103,136,33,87,544,457,127,167,40,104,584,480,120,185,65,119,200,81,151,2079,24
112,160,48,56,104,48,88,184,96,176,520,344,80,177,97,103,255,152,112,185,73,127,1712,24
120,137,17,103,143,40,104,240,136,112,401,289,87,151,64,88,177,89,95,359,264,144,1752,24
127,128,1,103,256,153,87,1087,1000,152,232,80,112,137,25,111,183,72,96,176,80,152,2351,24
112,168,56,96,384,288,96,137,41,151,279,128,104,160,56,104,216,112,104,192,88,136,1672,24
112,113,1,135,711,576,88,272,184,152,200,48,88,224,136,96,232,136,96,232,136,144,2128,24
104,104,0,120,216,96,104,664,560,128,344,216,96,312,216,88,280,192,80,136,56,144,2200,24
80,96,16,136,256,120,96,176,80,128,440,312,88,144,56,96,224,128,80,160,80,120,1616,24
96,96,0,144,1072,928,104,288,184,152,176,24,88,184,96,88,352,264,72,1240,1168,120,3528,24
112,136,24,152,296,144,80,224,144,144,232,88,88,224,136,96,208,112,88,208,120,120,1648,24
136,192,56,120,520,400,104,1416,1312,152,208,56,104,168,64,96,152,56,96,256,160,128,3040,24
128,128,0,112,328,216,120,456,336,144,288,144,104,176,72,96,208,112,96,408,312,112,2104,24
136,137,1,127,215,88,112,672,560,152,153,1,95,191,96,88,160,72,88,328,240,119,1975,24
79,191,112,72,168,96,88,176,88,72,360,288,128,488,360,88,104,16,80,152,72,88,1727,18
95,224,129,87,160,73,79,175,96,64,273,209,119,423,304,96,113,17,71,175,104,112,1655,18
80,184,104,72,168,96,80,168,88,64,248,184,112,400,288,79,104,25,71,128,57,87,1487,18
63,383,320,64,176,112,72,168,96,71,280,209,64,1216,1152,87,104,17,71,584,513,79,2990,18
80,176,96,80,160,80,72,160,88,55,232,177,96,320,224,96,136,40,71,168,97,95,1447,18
87,152,65,87,167,80,72,153,81,63,239,176,80,224,144,104,184,80,72,144,72,88,1351,18
71,168,97,80,160,80,71,152,81,71,224,153,79,319,240,104,248,144,88,136,48,88,1495,18
72,168,96,80,176,96,72,160,88,72,272,200,87,424,337,87,120,33,63,144,81,79,1543,18
79,175,96,80,160,80,72,152,80,64,232,168,79,232,153,80,112,32,72,160,88,88,1311,18
79,160,81,87,151,64,88,161,73,63,216,153,143,223,80,88,168,80,72,153,81,103,1335,18
64,168,104,72,160,88,72,152,80,72,240,168,104,192,88,80,304,224,71,136,65,71,1423,18
79,160,81,79,160,81,71,159,88,64,232,168,72,176,104,96,184,88,72,136,64,96,1303,18
63,168,105,87,208,121,71,176,105,71,599,528,96,408,312,96,128,32,71,152,81,88,1927,18
72,160,88,80,176,96,72,152,80,72,248,176,80,264,184,111,176,65,71,224,153,71,1471,18
72,176,104,80,168,88,80,160,80,72,288,216,80,584,504,120,120,0,72,184,112,96,1776,18
72,193,121,79,743,664,80,200,120,72,288,216,96,384,288,104,120,16,72,152,80,72,2152,18
63,168,105,79,160,81,71,160,89,71,248,177,95,408,313,79,103,24,80,184,104,72,1503,18
64,175,111,81,177,96,72,160,88,80,256,176,103,272,169,95,120,25,71,160,89,87,1407,18
71,200,129,79,167,88,72,168,96,64,264,200,88,272,184,96,152,56,56,168,112,80,1471,18
79,176,97,71,160,89,71,160,89,71,256,185,79,280,201,79,151,72,72,144,72,88,1415,18
72,176,104,80,176,96,64,168,104,64,264,200,72,208,136,87,288,201,72,200,128,79,1559,18
71,200,129,79,343,264,64,176,112,72,464,392,72,616,544,96,112,16,87,448,361,111,2470,18
71,200,129,79,184,105,71,168,97,63,296,233,103,631,528,96,136,40,72,184,112,80,1879,18
72,168,96,72,168,96,80,176,96,64,328,264,103,408,305,79,128,49,79,168,89,79,1623,18
72,168,96,88,168,80,72,168,96,80,288,208,80,320,240,88,136,48,72,192,120,80,1520,18
71,168,97,80,176,96,79,176,97,87,1111,1024,80,544,464,80,120,40,64,120,56,96,2511,18
79,176,97,79,160,81,88,168,80,80,296,216,87,664,577,127,128,1,71,192,121,87,1871,18
72,176,104,80,176,96,72,160,88,64,256,192,80,400,320,104,160,56,80,256,176,96,1680,18
71,168,97,71,184,113,63,160,97,63,255,192,72,520,448,80,128,48,72,160,88,80,1655,18
63,223,160,81,193,112,72,176,104,72,416,344,96,416,320,103,128,25,79,200,121,79,1831,18
64,176,112,88,192,104,72,152,80,72,264,192,120,360,240,120,120,0,72,184,112,80,1528,18
72,168,96,71,176,105,71,160,89,71,248,177,103,384,281,87,127,40,80,136,56,80,1479,18
80,168,88,72,160,88,88,168,80,64,264,200,112,440,328,112,136,24,72,168,96,80,1584,18
80,168,88,80,168,88,71,168,97,71,280,209,95,488,393,95,128,33,79,151,72,80,1631,18
72,168,96,80,168,88,80,168,88,64,520,456,168,424,256,72,136,64,80,192,112,47,1823,18
72,272,200,72,216,144,72,184,112,72,288,216,96,456,360,80,104,24,63,160,97,71,1751,18
79,184,105,79,160,81,79,168,89,63,255,192,80,416,336,96,97,1,71,175,104,64,1519,18
79,176,97,72,160,88,80,160,80,72,280,208,80,472,392,87,128,41,79,136,57,71,1583,18
71,175,104,72,168,96,72,168,96,72,280,208,112,312,200,88,120,32,56,144,88,71,1438,18
80,160,80,88,168,80,79,168,89,71,240,169,112,280,168,79,112,33,71,128,57,87,1343,18
79,175,96,80,169,89,63,152,89,71,255,184,72,321,249,79,167,88,72,120,48,64,1423,18
72,176,104,72,167,95,81,161,80,72,264,192,111,360,249,79,135,56,72,153,81,87,1503,18
72,169,97,71,167,96,72,168,96,72,265,193,79,286,207,97,137,40,64,136,72,88,1416,18
72,168,96,72,160,88,80,168,88,72,280,208,112,280,168,87,144,57,79,152,73,103,1455,18
80,176,96,80,184,104,72,176,104,64,264,200,88,424,336,104,160,56,72,128,56,88,1600,18
79,176,97,79,176,97,71,168,97,63,272,209,87,200,113,79,136,57,63,144,81,87,1359,18
151,320,169,71,192,121,71,184,113,63,280,217,111,287,176,88,120,32,72,152,80,72,1607,18
80,168,88,80,168,88,72,160,88,64,319,255,65,225,160,96,184,88,56,128,72,72,1424,18
71,168,97,79,168,89,79,168,89,71,952,881,95,495,400,88,89,1,71,207,136,88,2335,18
80,184,104,72,168,96,80,176,96,64,312,248,88,400,312,96,97,1,63,183,120,64,1584,18
80,176,96,80,168,88,80,160,80,71,288,217,95,192,97,95,152,57,71,128,57,111,1375,18
87,183,96,72,160,88,80,160,80,72,272,200,104,168,64,112,184,72,79,160,81,88,1375,18
87,239,152,88,193,105,80,176,96,72,288,216,79,423,344,80,121,41,79,152,73,79,1671,18
80,193,113,79,167,88,80,176,96,72,296,224,72,328,256,104,128,24,64,192,128,80,1560,18
72,192,120,64,160,96,71,167,96,73,265,192,95,232,137,87,128,41,71,160,89,79,1383,18
71,167,96,72,152,80,80,176,96,64,448,384,120,328,208,96,200,104,64,168,104,80,1719,18
80,184,104,80,176,96,72,176,104,72,280,208,103,303,200,96,193,97,63,136,73,103,1551,18
64,184,120,72,177,105,63,168,105,63,312,249,87,183,96,104,1344,1240,112,200,88,80,2648,18
80,184,104,79,176,97,71,168,97,63,272,209,79,200,121,127,128,1,63,160,97,95,1383,18
87,184,97,71,168,97,79,183,104,72,464,392,80,296,216,72,120,48,112,152,40,88,1655,18
80,184,104,79,176,97,71,167,96,64,289,225,103,288,185,111,112,1,79,224,145,79,1519,18
72,184,112,72,168,96,72,168,96,72,288,216,88,216,128,112,168,56,64,160,96,88,1440,18
80,176,96,72,176,104,72,160,88,72,320,248,87,200,113,111,160,49,71,144,73,79,1415,18
79,184,105,79,176,97,63,168,105,55,279,224,80,249,169,111,199,88,72,168,96,88,1511,18
63,168,105,79,168,89,80,168,88,72,296,224,88,256,168,136,400,264,96,120,24,96,1672,18
79,184,105,71,168,97,71,160,89,63,264,201,71,183,112,104,152,48,80,144,64,96,1351,18
80,184,104,71,176,105,72,168,96,72,327,255,105,273,168,111,144,33,63,176,113,79,1527,18
71,183,112,72,177,105,71,167,96,64,264,200,96,160,64,88,240,152,72,184,112,72,1447,18
64,184,120,64,176,112,80,224,144,80,384,304,80,208,128,96,159,63,72,169,97,72,1576,18
79,184,105,71,168,97,71,176,105,63,272,209,87,168,81,87,143,56,80,153,73,87,1351,18
72,184,112,72,176,104,72,152,80,72,280,208,79,168,89,96,272,176,72,168,96,80,1480,18
72,200,128,80,176,96,72,176,104,64,272,208,111,200,89,95,176,81,79,136,57,79,1415,18
71,167,96,80,177,97,71,176,105,71,271,200,88,192,104,112,280,168,80,200,120,72,1535,18
72,168,96,80,176,96,72,168,96,64,264,200,88,312,224,80,112,32,80,176,96,88,1464,18
72,184,112,87,808,721,71,192,121,63,264,201,95,168,73,95,144,49,87,184,97,71,2015,18
72,176,104,80,192,112,80,352,272,88,320,232,96,432,336,72,128,56,88,200,112,72,1872,18
72,168,96,72,192,120,64,168,104,64,296,232,79,312,233,71,88,17,72,176,104,72,1472,18
72,184,112,71,176,105,72,168,96,48,272,224,88,135,47,81,153,72,64,128,64,95,1311,18
71,192,121,63,192,129,71,191,120,80,312,232,72,520,448,136,544,408,112,368,256,72,2391,18
96,248,152,80,224,144,72,208,136,63,288,225,103,304,201,95,152,57,79,192,113,79,1695,18
79,176,97,63,168,105,79,176,97,63,240,177,79,304,225,63,127,64,80,160,80,88,1439,18
40,400,360,88,624,536,80,528,448,72,288,216,64,1224,1160,71,104,33,63,192,129,63,3423,18
63,184,121,71,160,89,79,184,105,55,256,201,87,168,81,103,200,97,71,160,89,87,1399,18
88,176,88,80,168,88,72,168,96,64,336,272,80,296,216,96,136,40,64,176,112,64,1520,18
64,176,112,72,160,88,72,176,104,64,344,280,96,400,304,87,128,41,71,176,105,71,1631,18
71,176,105,71,168,97,71,168,97,63,263,200,88,225,137,79,160,81,71,287,216,72,1519,18
72,200,128,72,200,128,72,176,104,72,288,216,104,208,104,104,199,95,73,185,112,64,1520,18
64,168,104,64,176,112,72,168,96,72,328,256,95,312,217,95,128,33,71,232,161,63,1575,18
79,184,105,79,168,89,71,168,97,71,288,217,87,232,145,87,208,121,71,216,145,71,1535,18
71,191,120,72,168,96,72,160,88,64,264,200,88,240,152,112,192,80,64,176,112,80,1471,18
80,216,136,72,176,104,80,184,104,72,328,256,72,376,304,87,112,25,71,160,89,71,1623,18
88,193,105,79,184,105,71,192,121,71,328,257,119,416,297,95,144,49,79,175,96,88,1720,18
71,176,105,71,184,113,64,168,104,55,288,233,112,376,264,104,120,16,72,168,96,71,1551,18
79,184,105,71,184,113,71,184,113,71,295,224,88,400,312,96,136,40,72,208,136,64,1655,18
72,176,104,80,168,88,72,176,104,64,288,224,128,224,96,104,128,24,80,176,96,88,1424,18
81,185,104,72,168,96,79,176,97,71,384,313,111,440,329,87,144,57,79,136,57,79,1712,18
63,176,113,80,176,96,72,168,96,72,280,208,88,544,456,72,112,40,88,144,56,80,1680,18
80,176,96,72,167,95,80,177,97,72,264,192,80,288,208,96,136,40,87,200,113,63,1471,18
71,176,105,79,168,89,71,168,97,71,272,201,103,400,297,119,224,105,95,208,113,71,1687,18
79,216,137,71,207,136,72,209,137,87,367,280,72,576,504,104,128,24,96,160,64,104,1967,18
80,208,128,80,2096,2016,72,200,128,64,280,216,88,528,440,80,104,24,96,168,72,56,3640,18
80,184,104,72,167,95,81,169,88,72,240,168,88,448,360,112,192,80,88,120,32,96,1616,18
71,168,97,71,168,97,79,176,97,71,256,185,87,216,129,79,512,433,87,168,81,71,1735,18
80,193,113,87,280,193,71,191,120,64,297,233,63,440,377,119,127,8,80,168,88,72,1768,18
79,175,96,72,160,88,80,168,88,72,248,176,112,304,192,80,104,24,88,176,88,72,1407,18
80,168,88,80,168,88,88,160,72,80,296,216,96,608,512,80,120,40,80,144,64,80,1744,18
72,176,104,72,168,96,72,168,96,80,280,200,72,216,144,104,160,56,80,192,112,72,1432,18
72,168,96,88,176,88,72,168,96,72,264,192,63,368,305,88,128,40,103,176,73,72,1520,18
79,184,105,63,160,97,71,160,89,71,288,217,79,232,153,103,304,201,79,184,105,47,1559,18
63,184,121,71,168,97,71,176,105,71,256,185,79,264,185,119,1015,896,128,185,57,71,2319,18
88,184,96,72,200,128,72,176,104,72,320,248,88,488,400,128,129,1,87,167,80,80,1744,18
72,208,136,80,152,72,72,168,96,72,248,176,88,192,104,112,176,64,80,144,64,80,1368,18
72,176,104,72,160,88,71,168,97,72,240,168,80,256,176,87,144,57,80,160,80,80,1384,18
96,192,96,72,168,96,64,151,87,73,249,176,104,224,120,112,200,88,80,144,64,72,1400,18
80,168,88,80,176,96,64,168,104,80,256,176,80,208,128,112,240,128,79,192,113,87,1495,18
80,177,97,71,160,89,71,168,97,63,264,201,95,208,113,111,160,49,87,144,57,71,1352,18
71,160,89,87,176,89,63,160,97,71,240,169,95,192,97,111,192,81,79,128,49,87,1335,18
87,208,121,71,175,104,72,153,81,63,255,192,104,217,113,103,151,48,72,137,65,71,1367,18
88,192,104,88,176,88,80,169,89,80,272,192,112,576,464,80,104,24,80,152,72,64,1705,18
80,168,88,72,160,88,88,176,88,64,272,208,72,688,616,88,128,40,88,344,256,64,2000,18
71,336,265,87,208,121,79,184,105,71,296,225,71,424,353,80,104,24,71,216,145,79,1847,18
87,192,105,79,168,89,87,168,81,63,280,217,71,760,689,103,160,57,79,160,81,79,1967,18
71,175,104,72,161,89,79,168,89,79,279,200,80,568,488,144,209,65,87,160,73,79,1799,18
80,177,97,71,168,97,79,167,88,88,280,192,96,336,240,72,128,56,88,200,112,80,1536,18
80,224,144,112,600,488,80,184,104,72,280,208,103,568,465,88,120,32,80,136,56,96,2208,18
72,216,144,80,184,104,72,176,104,80,288,208,112,544,432,72,120,48,88,160,72,80,1768,18
72,184,112,71,168,97,72,168,96,72,280,208,112,456,344,72,88,16,88,192,104,88,1624,18
96,192,96,80,168,88,96,184,88,72,264,192,111,584,473,79,152,73,95,144,49,79,1767,18
87,184,97,79,168,89,71,176,105,71,288,217,79,480,401,95,128,33,87,152,65,63,1639,18
71,176,105,79,168,89,71,176,105,71,840,769,111,744,633,127,160,33,95,264,169,79,2607,18
87,200,113,63,159,96,96,200,104,80,280,200,96,608,512,56,104,48,104,152,48,88,1791,18
72,168,96,80,168,88,80,176,96,64,264,200,96,432,336,104,128,24,72,160,88,64,1560,18
72,168,96,72,168,96,88,184,96,72,312,240,112,664,552,88,144,56,71,128,57,72,1840,18
80,192,112,80,184,104,72,176,104,72,312,240,136,672,536,112,184,72,79,192,113,72,1984,18
72,176,104,80,184,104,72,152,80,88,327,239,81,513,432,87,144,57,87,216,129,64,1776,18
80,184,104,72,184,112,64,168,104,87,328,241,96,632,536,135,352,217,71,216,145,63,2127,18
79,176,97,71,168,97,79,184,105,71,288,217,111,320,209,111,160,49,71,184,113,55,1535,18
79,176,97,79,176,97,79,176,97,79,984,905,95,423,328,112,136,24,80,161,81,63,2295,18
87,167,80,80,168,88,72,160,88,72,256,184,112,304,192,120,121,1,63,175,112,72,1423,18
80,192,112,80,192,112,72,168,96,64,264,200,112,328,216,88,112,24,80,160,80,72,1488,18
72,176,104,80,168,88,80,160,80,80,280,200,112,184,72,120,216,96,72,152,80,80,1416,18
80,184,104,80,176,96,72,168,96,72,256,184,120,176,56,120,168,48,88,160,72,72,1360,18
64,952,888,87,560,473,71,216,145,79,304,225,112,368,256,111,112,1,79,208,129,71,2791,18
79,175,96,80,161,81,79,176,97,63,248,185,199,504,305,79,136,57,79,168,89,63,1631,18
87,192,105,79,168,89,71,168,97,63,248,185,103,160,57,95,168,73,71,176,105,63,1343,18
79,175,96,88,169,81,71,152,81,79,271,192,88,184,96,120,233,113,87,168,81,71,1423,18
80,184,104,72,168,96,64,160,96,72,272,200,96,192,96,104,176,72,56,144,88,103,1399,18
88,168,80,80,168,88,72,168,96,64,240,176,112,184,72,96,168,72,72,160,88,80,1336,18
80,160,80,88,168,80,80,176,96,72,288,216,176,272,96,88,384,296,80,184,104,64,1696,18
72,168,96,88,192,104,56,192,136,63,256,193,104,231,127,89,145,56,80,176,96,72,1432,18
80,168,88,79,160,81,80,168,88,72,248,176,103,232,129,87,144,57,80,152,72,64,1336,18
71,176,105,80,176,96,72,176,104,63,264,201,103,160,57,96,184,88,71,184,113,63,1383,18
79,160,81,79,160,81,87,168,81,71,272,201,95,176,81,95,176,81,79,176,97,79,1367,18
71,168,97,79,168,89,79,168,89,71,256,185,183,312,129,79,120,41,87,192,105,71,1455,18
63,176,113,71,216,145,87,200,113,71,440,369,63,224,161,111,200,89,87,120,33,95,1671,18
87,192,105,71,168,97,79,167,88,72,248,176,72,200,128,88,160,72,72,145,73,71,1351,18
80,184,104,72,161,89,79,159,80,72,272,200,64,185,121,87,216,129,87,136,49,63,1376,18
88,184,96,96,192,96,72,168,96,72,272,200,80,208,128,72,120,48,80,144,64,72,1360,18
72,168,96,80,176,96,64,160,96,56,248,192,72,288,216,80,128,48,64,152,88,72,1392,18
80,192,112,80,176,96,72,168,96,64,256,192,80,144,64,80,152,72,72,144,72,88,1320,18
72,168,96,72,168,96,64,160,96,71,256,185,112,168,56,88,168,80,72,160,88,64,1312,18
47,192,145,72,160,88,72,168,96,72,488,416,119,752,633,87,111,24,72,233,161,79,2183,18
71,168,97,71,168,97,71,160,89,63,256,193,103,192,89,103,208,105,63,176,113,55,1383,18
71,168,97,71,176,105,71,160,89,63,304,241,143,240,97,71,152,81,71,184,113,63,1447,18
55,168,113,71,176,105,71,184,113,79,343,264,104,193,89,87,128,41,63,152,89,71,1415,18
79,176,97,79,159,80,80,185,105,55,327,272,88,697,609,79,128,49,71,504,433,111,2287,18
71,167,96,72,176,104,72,168,96,56,256,200,128,240,112,96,256,160,64,272,208,64,1599,18
64,160,96,72,176,104,72,168,96,64,256,192,80,224,144,96,168,72,64,152,88,72,1376,18
72,176,104,72,168,96,64,160,96,64,280,216,88,144,56,79,152,73,72,152,80,80,1312,18
72,168,96,64,168,104,72,160,88,72,295,223,97,201,104,95,256,161,72,176,104,80,1504,18
72,168,96,80,168,88,80,176,96,64,264,200,88,208,120,112,176,64,64,152,88,80,1392,18
73,177,104,72,176,104,64,168,104,72,288,216,79,232,153,128,176,48,71,152,81,95,1464,18
71,168,97,79,168,89,71,160,89,71,256,185,112,152,40,95,216,121,71,152,81,63,1335,18
71,176,105,63,160,97,55,184,129,39,296,257,95,119,24,96,257,161,63,88,25,87,1367,18
71,176,105,71,176,105,71,168,97,63,280,217,47,96,49,103,199,96,64,88,24,88,1271,18
72,192,120,72,184,112,64,160,96,56,248,192,88,120,32,104,168,64,72,120,48,80,1272,18
64,168,104,72,160,88,72,160,88,64,528,464,112,320,208,96,136,40,104,144,40,88,1704,18
72,192,120,64,160,96,88,192,104,64,272,208,104,448,344,72,135,63,96,145,49,72,1616,18
88,176,88,79,160,81,88,176,88,55,264,209,112,192,80,96,168,72,104,280,176,72,1488,18
71,184,113,71,160,89,79,176,97,63,304,241,119,336,217,103,120,17,79,136,57,87,1503,18
71,192,121,63,152,89,71,168,97,55,280,225,103,264,161,135,136,1,71,192,121,71,1455,18
71,176,105,71,160,89,79,175,96,64,265,201,111,208,97,111,136,25,71,152,81,87,1359,18
79,168,89,79,159,80,72,177,105,71,296,225,127,224,97,95,424,329,79,488,409,79,2015,18
71,184,113,63,175,112,64,168,104,56,280,224,112,240,128,112,136,24,64,192,128,104,1479,18
80,176,96,72,169,97,71,175,104,80,520,440,152,304,152,112,248,136,88,200,112,64,1856,18
80,192,112,72,168,96,72,168,96,64,248,184,144,184,40,104,128,24,72,176,104,80,1344,18
80,168,88,80,168,88,72,160,88,64,280,216,264,320,56,96,152,56,88,184,96,64,1496,18
71,160,89,88,176,88,80,184,104,56,272,216,120,224,104,104,128,24,80,208,128,56,1408,18
80,192,112,79,168,89,72,176,104,64,320,256,55,160,105,112,192,80,80,144,64,72,1424,18
71,176,105,72,167,95,72,169,97,72,256,184,112,168,56,88,168,80,72,168,96,63,1335,18
72,168,96,72,168,96,71,552,481,71,352,281,103,256,153,127,280,153,87,168,81,79,2023,18
71,168,97,71,184,113,71,176,105,79,384,305,111,439,328,136,161,25,79,192,113,95,1799,18
87,184,97,71,168,97,71,168,97,55,256,201,119,352,233,127,152,25,87,224,137,71,1575,18
72,200,128,80,216,136,72,184,112,72,304,232,88,504,416,112,136,24,88,160,72,72,1776,18
70,223,153,80,216,136,72,200,128,72,384,312,80,552,472,15,1016,1001,104,224,120,127,2942,18
79,200,121,80,192,112,79,192,113,72,328,256,71,680,609,79,128,49,95,136,41,79,1935,18
87,240,153,79,200,121,87,184,97,79,304,225,87,600,513,71,136,65,87,120,33,111,1895,18
87,232,145,79,216,137,71,184,113,79,295,216,72,464,392,104,145,41,79,127,48,96,1759,18
79,167,88,72,161,89,79,168,89,71,255,184,80,256,176,96,129,33,79,176,97,95,1407,18
79,183,104,72,168,96,80,176,96,64,272,208,80,376,296,128,160,32,88,152,64,88,1575,18
72,192,120,64,160,96,72,176,104,72,288,216,48,176,128,88,144,56,88,160,72,88,1384,18
72,184,112,80,184,104,71,152,81,72,256,184,104,232,128,88,144,56,72,128,56,96,1376,18
72,168,96,72,168,96,72,152,80,71,256,185,96,168,72,96,168,72,88,144,56,104,1328,18
80,168,88,79,160,81,72,168,96,64,240,176,80,192,112,88,136,48,72,120,48,88,1272,18
72,160,88,88,160,72,72,152,80,80,240,160,88,160,72,95,312,217,80,200,120,96,1480,18
80,168,88,72,160,88,72,168,96,64,232,168,80,136,56,96,168,72,80,128,48,80,1240,18
80,176,96,80,160,80,71,168,97,72,264,192,71,136,65,104,176,72,79,128,49,88,1296,18
80,160,80,80,176,96,72,168,96,72,360,288,104,128,24,111,168,57,72,112,40,112,1384,18
79,184,105,71,152,81,72,176,104,64,232,168,80,184,104,112,224,112,95,168,73,88,1408,18
71,168,97,87,200,113,63,152,89,71,248,177,103,168,65,87,216,129,79,168,89,71,1391,18
80,168,88,79,176,97,71,160,89,63,240,177,119,200,81,95,168,73,71,136,65,79,1327,18
71,160,89,87,176,89,63,152,89,71,248,177,95,176,81,95,136,41,79,128,49,87,1263,18
79,176,97,71,160,89,71,168,97,55,240,185,119,168,49,95,208,113,71,176,105,87,1383,18
79,168,89,87,167,80,72,161,89,79,256,177,127,224,97,95,135,40,80,168,88,64,1343,18
56,976,920,96,616,520,80,200,120,72,272,200,80,408,328,104,128,24,80,160,80,88,2848,18
72,192,120,72,168,96,80,176,96,64,272,208,88,432,344,120,121,1,87,159,72,80,1600,18
72,176,104,88,208,120,72,168,96,64,272,208,112,512,400,112,144,32,88,144,56,96,1720,18
80,176,96,80,176,96,64,160,96,72,256,184,96,312,216,120,144,24,80,192,112,80,1496,18
80,176,96,88,184,96,72,168,96,80,288,208,120,288,168,128,144,16,88,184,96,104,1536,18
72,176,104,72,152,80,80,176,96,72,272,200,64,152,88,96,144,48,80,135,55,97,1304,18
72,176,104,72,184,112,64,152,88,72,264,192,96,192,96,88,248,160,72,160,88,88,1464,18
72,168,96,72,176,104,64,176,112,72,248,176,120,184,64,112,184,72,72,144,72,72,1352,18
72,192,120,72,224,152,80,248,168,80,320,240,87,488,401,80,120,40,80,152,72,72,1816,18
79,184,105,72,168,96,72,168,96,56,296,240,104,224,120,112,216,104,72,168,96,87,1511,18
71,176,105,71,167,96,72,177,105,55,256,201,112,224,112,119,144,25,71,168,97,79,1391,18
72,168,96,72,160,88,71,160,89,72,256,184,112,344,232,151,200,49,103,216,113,88,1592,18
79,168,89,87,168,81,87,176,89,71,264,193,95,176,81,119,192,73,79,176,97,87,1407,18
79,168,89,79,168,89,71,160,89,71,263,192,144,233,89,87,200,113,71,160,89,87,1439,18
56,185,129,63,168,105,71,160,89,71,255,184,104,137,33,95,192,97,71,128,57,87,1312,18
79,168,89,79,167,88,80,177,97,55,256,201,119,160,41,111,240,129,79,152,73,95,1415,18
71,167,96,72,161,89,79,160,81,63,247,184,136,232,96,104,168,64,72,137,65,111,1383,18
72,185,113,79,183,104,72,169,97,63,263,200,96,241,145,151,344,193,95,135,40,112,1632,18
79,175,96,80,168,88,80,168,88,72,280,208,104,168,64,128,209,81,71,152,81,87,1407,18
72,168,96,80,168,88,80,176,96,72,392,320,88,464,376,112,144,32,80,136,56,104,1752,18
80,192,112,72,192,120,80,168,88,72,312,240,80,544,464,128,176,48,88,160,72,96,1840,18
31,280,249,72,184,112,72,168,96,64,320,256,80,304,224,120,144,24,88,160,72,96,1656,18
80,176,96,80,176,96,72,176,104,64,280,216,79,352,273,112,128,16,71,183,112,80,1551,18
80,168,88,88,168,80,80,176,96,71,264,193,104,216,112,128,200,72,72,191,119,81,1464,18
79,184,105,88,184,96,72,176,104,71,296,225,71,152,81,79,208,129,63,152,89,87,1439,18
71,176,105,71,168,97,80,168,88,71,256,185,71,176,105,103,168,65,80,144,64,96,1352,18
71,160,89,79,168,89,71,160,89,71,272,201,103,184,81,111,319,208,56,241,185,79,1583,18
79,176,97,79,168,89,71,160,89,63,256,193,111,136,25,103,208,105,63,151,88,96,1351,18
79,168,89,79,168,89,71,160,89,71,272,201,95,160,65,135,304,169,71,152,81,95,1479,18
71,216,145,79,200,121,79,199,120,72,297,225,103,143,40,128,217,89,71,144,73,87,1503,18
72,177,105,79,160,81,71,168,97,55,304,249,95,176,81,119,207,88,72,128,56,80,1400,18
80,193,113,79,167,88,72,169,97,63,239,176,96,104,8,112,185,73,71,128,57,87,1272,18
79,167,88,80,160,80,72,160,88,72,272,200,112,128,16,112,216,104,96,152,56,112,1367,18
72,176,104,80,168,88,72,168,96,64,256,192,72,104,32,104,216,112,88,113,25,111,1312,18
72,184,112,72,176,104,80,192,112,80,440,360,88,280,192,120,160,40,72,120,48,96,1648,18
80,176,96,72,168,96,72,168,96,72,272,200,96,136,40,112,216,104,72,136,64,96,1368,18
71,176,105,72,168,96,72,168,96,72,280,208,96,136,40,128,200,72,72,120,48,96,1344,18
80,184,104,79,176,97,80,168,88,64,264,200,96,152,56,128,224,96,96,168,72,72,1408,18
48,280,232,88,208,120,72,200,128,72,288,216,96,176,80,104,152,48,88,128,40,104,1536,18
80,183,103,73,161,88,72,168,96,63,256,193,87,104,17,104,223,119,81,129,48,88,1312,18
72,184,112,71,168,97,72,184,112,72,328,256,120,121,1,119,223,104,80,120,40,80,1408,18
55,176,121,80,160,80,72,160,88,64,240,176,104,104,0,80,200,120,72,112,40,87,1239,18
80,176,96,80,176,96,71,152,81,88,272,184,88,112,24,96,208,112,71,112,41,80,1288,18
79,176,97,72,160,88,71,168,97,55,256,201,95,112,17,87,176,89,71,112,41,103,1263,18
79,168,89,79,168,89,79,160,81,63,240,177,111,112,1,79,216,137,79,136,57,103,1303,18
64,161,97,79,159,80,72,161,89,55,240,185,87,88,1,79,216,137,87,136,49,95,1256,18
79,192,113,79,200,121,71,176,105,87,1112,1025,103,344,241,103,128,25,71,144,73,71,2367,18
87,192,105,71,168,97,63,168,105,47,232,185,111,112,1,95,183,88,64,96,32,88,1239,18
71,176,105,71,159,88,72,176,104,56,257,201,127,152,25,87,144,57,79,135,56,88,1287,18
64,168,104,72,160,88,72,176,104,56,257,201,119,120,1,111,223,112,80,128,48,104,1336,18
80,176,96,80,176,96,88,169,81,71,263,192,112,136,24,96,184,88,72,144,72,88,1336,18
72,176,104,80,176,96,64,152,88,80,273,193,143,175,32,96,160,64,80,144,64,72,1328,18
79,176,97,80,175,95,73,177,104,56,272,216,96,224,128,104,136,32,64,160,96,104,1424,18
96,200,104,80,168,88,80,168,88,64,264,200,120,152,32,120,168,48,72,168,96,88,1376,18
72,168,96,88,184,96,72,168,96,72,296,224,128,192,64,112,168,56,80,168,88,104,1448,18
96,192,96,88,184,96,80,160,80,72,280,208,120,192,72,128,208,80,88,144,56,111,1471,18
79,192,113,80,160,80,95,192,97,71,288,217,87,400,313,87,136,49,87,144,57,111,1623,18
71,184,113,88,184,96,71,160,89,63,271,208,112,137,25,111,256,145,71,136,65,95,1423,18
71,160,89,79,168,89,79,168,89,63,312,249,127,168,41,119,232,113,79,240,161,79,1527,18
95,216,121,71,176,105,79,160,81,71,312,241,71,216,145,111,160,49,79,167,88,88,1495,18
79,167,88,88,193,105,79,184,105,71,399,328,96,1272,1176,120,249,129,71,224,153,95,2783,18
87,176,89,79,168,89,79,160,81,71,288,217,95,184,89,143,240,97,87,176,89,95,1487,18
79,183,104,80,169,89,71,167,96,72,264,192,120,208,88,112,136,24,80,176,96,103,1406,18
88,176,88,80,176,96,72,160,88,64,256,192,152,177,25,95,223,128,104,200,96,112,1480,18
72,168,96,72,160,88,80,168,88,80,920,840,96,176,80,112,192,80,80,216,136,96,2096,18
64,296,232,88,192,104,88,240,152,80,424,344,80,280,200,136,872,736,96,288,192,96,2688,18
72,176,104,72,168,96,72,160,88,72,272,200,88,136,48,136,216,80,72,184,112,104,1416,18
64,160,96,80,160,80,80,168,88,72,264,192,136,192,56,104,160,56,80,168,88,72,1344,18
88,184,96,88,184,96,64,176,112,72,296,224,96,440,344,120,184,64,72,208,136,64,1736,18
80,168,88,80,168,88,71,168,97,64,264,200,104,152,48,104,184,80,72,144,72,72,1320,18
80,168,88,80,176,96,88,504,416,80,376,296,104,584,480,136,784,648,80,280,200,88,2960,18
72,176,104,72,136,64,96,184,88,55,248,193,104,336,232,112,168,56,88,440,352,80,1768,18
79,176,97,80,176,96,64,152,88,55,272,217,80,208,128,120,168,48,72,248,176,55,1455,18
72,184,112,80,192,112,72,168,96,64,264,200,176,344,168,103,136,33,79,168,89,55,1511,18
87,184,97,63,160,97,80,176,96,63,272,209,151,256,105,95,224,129,79,224,145,71,1567,18
71,176,105,71,176,105,71,160,89,71,280,209,63,480,417,127,168,41,71,160,89,111,1711,18
71,168,97,79,168,89,71,168,97,55,264,209,95,184,89,111,176,65,71,256,185,63,1447,18
87,200,113,79,176,97,71,168,97,63,280,217,135,328,193,103,112,9,95,151,56,72,1487,18
98,154,56,88,104,16,129,128,-1,88,240,152,120,368,248,88,80,-8,88,168,80,80,1322,18
87,129,42,118,123,5,100,100,0,87,216,129,79,288,209,104,104,0,71,232,161,71,1263,18
104,136,32,87,143,56,96,129,33,103,208,105,103,136,33,130,175,45,88,185,97,95,1207,18
80,136,56,72,185,113,87,111,24,88,241,153,80,168,88,135,160,25,79,192,113,104,1297,18
87,121,34,63,176,113,71,64,-7,103,215,112,104,137,33,151,168,17,80,160,80,104,1145,18
80,120,40,72,184,112,71,96,25,104,1248,1144,80,344,264,96,63,-33,81,209,128,88,2352,18
96,111,15,81,177,96,80,96,16,80,184,104,80,192,112,112,168,56,80,184,104,72,1184,18
88,122,34,78,198,120,72,104,32,64,168,104,80,320,240,104,105,1,63,215,152,80,1312,18
72,123,51,69,173,104,80,80,0,64,168,104,88,168,80,122,160,38,80,152,72,96,1120,18
56,112,56,72,168,96,80,80,0,80,168,88,80,136,56,136,168,32,88,168,80,80,1080,18
72,113,41,79,175,96,81,80,-1,64,184,120,88,144,56,121,208,87,87,240,153,48,1192,18
113,144,31,87,992,905,80,392,312,128,288,160,96,329,233,110,86,-24,81,193,112,88,2512,18
88,136,48,80,176,96,88,144,56,96,224,128,88,176,88,112,168,56,80,168,88,88,1280,18
80,128,48,80,184,104,64,96,32,72,184,112,72,176,104,128,176,48,80,184,104,120,1248,18
80,121,41,79,167,88,81,80,-1,80,184,104,72,144,72,128,192,64,88,168,80,104,1160,18
96,128,32,72,168,96,89,88,-1,72,208,136,80,128,48,128,192,64,72,168,96,96,1176,18
72,114,42,78,166,88,105,104,-1,72,169,97,72,368,296,95,96,1,63,183,120,80,1280,18
72,135,63,80,176,96,73,73,0,55,183,128,80,160,80,113,172,59,77,157,80,103,1159,18
71,135,64,80,184,104,89,89,0,63,224,161,95,336,241,138,138,0,86,190,104,103,1399,18
87,143,56,72,177,105,80,87,7,72,216,144,89,145,56,153,216,63,79,151,72,104,1239,18
64,122,58,77,166,89,87,87,0,65,169,104,104,184,80,152,153,1,71,159,88,79,1119,18
79,135,56,73,169,96,79,64,-15,72,184,112,87,104,17,137,183,46,81,136,55,104,1079,18
81,121,40,72,183,111,89,73,-16,80,208,128,87,121,34,95,159,64,73,113,40,111,1089,18
80,137,57,64,151,87,80,41,-39,80,240,160,40,95,55,129,161,32,64,176,112,95,1096,18
80,120,40,72,168,96,72,72,0,56,184,128,80,112,32,127,175,48,81,153,72,80,1064,18
80,132,52,60,156,96,80,55,-25,80,185,105,88,120,32,120,176,56,81,143,62,105,1072,18
80,120,40,64,168,104,80,80,0,72,168,96,104,104,0,144,192,48,80,152,72,104,1088,18
88,120,32,64,152,88,72,56,-16,80,184,104,88,160,72,152,152,0,64,138,74,94,1056,18
104,130,26,62,150,88,88,48,-40,80,200,120,80,80,0,152,192,40,81,177,96,103,1080,18
104,120,16,64,168,104,88,64,-24,88,200,112,105,104,-1,104,160,56,81,137,56,127,1080,18
80,104,24,80,183,103,89,32,-57,81,209,128,88,104,16,128,160,32,89,145,56,103,1040,18
88,104,16,64,176,112,96,96,0,72,200,128,96,96,0,128,218,90,69,109,40,104,1103,18
64,96,32,72,168,96,81,80,-1,64,200,136,88,120,32,128,168,40,72,152,80,88,1072,18
80,136,56,72,160,88,88,64,-24,64,192,128,80,104,24,112,216,104,72,176,104,88,1136,18
97,96,-1,80,184,104,80,80,0,56,376,320,72,312,240,96,64,-32,64,216,152,89,1417,18
80,112,32,64,175,111,74,40,-34,81,257,176,80,136,56,136,233,97,71,167,96,96,1216,18
71,132,61,52,156,104,88,56,-32,65,200,135,72,129,57,127,190,63,57,115,58,94,1072,18
72,104,32,64,176,112,80,120,40,96,416,320,88,288,200,168,136,-32,96,241,145,87,1568,18
64,105,41,63,176,113,71,128,57,79,936,857,88,984,896,127,128,1,79,206,127,64,2727,18
80,112,32,64,184,120,105,105,0,79,280,201,112,224,112,127,104,-23,88,200,112,79,1288,18
87,119,32,72,209,137,40,88,48,64,216,152,104,160,56,89,240,151,122,176,54,95,1303,18
72,80,8,80,184,104,89,88,-1,80,264,184,88,144,56,122,168,46,88,168,80,96,1192,18
80,104,24,64,160,96,96,64,-32,80,208,128,80,128,48,113,168,55,80,184,104,104,1120,18
80,136,56,64,168,104,80,80,0,80,184,104,96,200,104,152,152,0,80,168,88,88,1176,18
88,120,32,64,152,88,88,72,-16,72,208,136,80,120,40,104,225,121,119,215,96,72,1184,18
104,129,25,71,183,112,72,56,-16,88,216,128,88,136,48,136,169,33,82,143,61,104,1136,18
88,128,40,72,168,96,80,48,-32,80,200,120,80,184,104,104,160,56,72,144,72,128,1160,18
96,128,32,64,176,112,73,72,-1,72,192,120,88,208,120,120,121,1,71,199,128,80,1176,18
114,114,0,62,174,112,88,200,112,88,192,104,88,384,296,104,105,1,79,183,104,88,1440,18
88,104,16,80,184,104,105,104,-1,72,224,152,160,272,112,104,160,56,80,192,112,80,1320,18
72,137,65,72,168,96,72,56,-16,80,184,104,88,152,64,136,168,32,73,152,79,80,1097,18
72,128,56,64,161,97,79,55,-24,65,192,127,80,136,56,96,160,64,81,168,87,80,1080,18
88,128,40,72,176,104,80,72,-8,80,232,152,88,144,56,145,177,32,79,127,48,88,1144,18
88,128,40,80,201,121,55,47,-8,64,224,160,88,121,33,127,183,56,80,136,56,96,1136,18
86,126,40,72,184,112,88,176,88,89,192,103,97,377,280,120,120,0,79,190,111,65,1430,18
64,96,32,64,177,113,87,104,17,55,175,120,81,209,128,128,128,0,71,184,113,80,1153,18
79,113,34,62,158,96,73,73,0,79,184,105,79,119,40,112,160,48,81,145,64,87,1039,18
87,152,65,55,160,105,72,72,0,79,184,105,79,112,33,112,176,64,71,160,89,112,1128,18
55,96,41,56,160,104,72,56,-16,95,200,105,96,130,34,118,222,104,79,168,89,104,1136,18
87,119,32,63,160,97,88,144,56,80,232,152,80,176,96,113,114,1,78,157,79,73,1175,18
80,114,34,54,158,104,72,72,0,40,160,120,104,160,56,113,144,31,80,160,80,80,1048,18
104,104,0,72,192,120,96,113,17,79,448,369,79,166,87,129,209,80,71,192,121,88,1512,18
80,112,32,64,176,112,80,80,0,56,208,152,80,160,80,113,199,86,81,185,104,80,1200,18
64,127,63,65,169,104,79,64,-15,71,200,129,104,136,32,96,144,48,81,144,63,104,1088,18
64,120,56,56,160,104,88,80,-8,64,176,112,96,128,32,114,216,102,96,224,128,128,1232,18
79,113,34,63,150,87,106,105,-1,56,176,120,88,144,56,104,160,56,72,184,112,88,1120,18
64,123,59,53,157,104,81,80,-1,64,192,128,80,136,56,104,212,108,76,180,104,96,1176,18
104,135,31,80,177,97,88,87,-1,56,192,136,80,184,104,129,130,1,70,182,112,80,1167,18
56,546,490,78,182,104,96,464,368,144,417,273,87,191,104,129,129,0,71,184,113,79,2192,18
103,160,57,63,160,97,80,80,0,55,168,113,79,128,49,121,184,63,79,152,73,79,1111,18
80,136,56,72,177,105,63,32,-31,81,192,111,87,121,34,126,191,65,79,138,59,101,1088,18
64,96,32,79,168,89,88,88,0,88,184,96,79,200,121,120,121,1,70,207,137,88,1152,18
64,113,49,63,167,104,80,80,0,72,184,112,80,135,55,113,153,40,81,184,103,72,1088,18
104,104,0,80,176,96,88,72,-16,65,208,143,80,144,64,122,152,30,72,160,88,104,1120,18
88,88,0,79,192,113,81,80,-1,80,216,136,104,136,32,112,160,48,88,200,112,56,1128,18
80,112,32,88,192,104,80,80,0,80,208,128,80,136,56,120,176,56,72,144,72,96,1144,18
88,144,56,56,160,104,80,80,0,96,215,119,89,355,266,126,614,488,88,288,200,104,1960,18
88,144,56,64,200,136,80,96,16,55,160,105,88,152,64,117,136,19,72,168,96,96,1152,18
86,134,48,64,168,104,88,72,-16,72,224,152,88,120,32,118,208,90,96,176,80,96,1198,18
80,104,24,57,160,103,80,96,16,64,168,104,80,152,72,128,144,16,80,176,96,96,1096,18
64,96,32,80,183,103,82,81,-1,80,208,128,104,136,32,136,216,80,82,169,87,103,1192,18
74,178,104,72,184,112,105,121,16,79,207,128,123,320,197,88,72,-16,80,241,161,95,1418,18
80,136,56,64,177,113,87,103,16,81,256,175,97,97,0,119,183,64,88,169,81,95,1216,18
103,184,81,63,167,104,80,97,17,80,192,112,127,176,49,95,184,89,95,200,105,103,1303,18
71,135,64,65,177,112,87,103,16,57,185,128,79,160,81,104,176,72,79,216,137,72,1224,18
31,104,73,80,176,96,80,80,0,63,192,129,79,160,81,120,240,120,104,207,103,88,1247,18
104,137,33,72,184,112,103,184,81,80,256,176,151,192,41,130,168,38,88,184,96,80,1385,18
88,168,80,72,168,96,80,80,0,80,200,120,88,144,56,136,216,80,104,208,104,96,1280,18
72,144,72,80,168,88,88,88,0,45,224,179,104,120,16,128,336,208,152,352,200,80,1512,18
64,136,72,64,168,104,80,104,24,80,208,128,96,152,56,112,144,32,72,152,80,96,1160,18
88,121,33,63,167,104,80,114,34,78,206,128,136,168,32,120,168,48,72,175,103,89,1208,18
80,121,41,55,159,104,89,88,-1,80,224,144,104,136,32,104,168,64,88,167,79,105,1168,18
80,120,40,80,160,80,88,96,8,80,224,144,96,175,79,155,185,30,96,176,80,96,1232,18
80,122,42,78,174,96,81,80,-1,96,248,152,103,176,73,141,240,99,96,176,80,88,1304,18
72,112,40,80,184,104,80,104,24,88,200,112,96,208,112,160,176,16,88,216,128,57,1257,18
96,128,32,80,168,88,88,120,32,88,232,144,104,196,92,124,140,16,80,168,88,128,1280,18
80,144,64,80,161,81,95,111,16,88,264,176,80,184,104,152,168,16,152,248,96,96,1376,18
72,153,81,63,192,129,87,208,121,79,200,121,79,240,161,152,152,0,79,231,152,96,1472,18
80,121,41,63,167,104,88,105,17,87,232,145,87,183,96,154,154,0,86,175,89,111,1248,18
80,137,57,63,176,113,104,104,0,80,208,128,87,248,161,136,111,-25,88,209,121,95,1288,18
80,136,56,72,176,104,88,88,0,56,208,152,87,344,257,112,127,15,105,145,40,103,1327,18
144,225,81,56,176,120,80,280,200,104,280,176,88,344,256,112,112,0,80,176,96,88,1681,18
80,128,48,64,160,96,80,80,0,63,224,161,80,184,104,152,184,32,72,168,96,128,1256,18
80,143,63,57,161,104,88,112,24,72,200,128,96,265,169,127,111,-16,96,200,104,112,1304,18
72,120,48,72,184,112,88,88,0,88,216,128,128,280,152,104,104,0,88,168,80,104,1264,18
70,102,32,72,176,104,88,122,34,54,422,368,80,137,57,71,247,176,104,168,64,64,1438,15
66,56,-10,72,168,96,80,123,43,61,407,346,62,126,64,80,328,248,104,136,32,88,1432,15
72,80,8,57,104,47,104,168,64,80,432,352,80,160,80,96,208,112,72,176,104,80,1408,15
89,97,8,96,248,152,96,136,40,64,584,520,80,208,128,88,248,160,64,160,96,64,1745,15
72,200,128,40,264,224,64,120,56,64,512,448,32,272,240,64,168,104,72,192,120,56,1784,15
73,137,64,64,208,144,80,120,40,64,392,328,64,136,72,80,280,200,80,160,80,72,1505,15
96,184,88,80,919,839,72,136,64,104,496,392,80,115,35,70,262,192,80,136,56,56,2304,15
102,110,8,80,248,168,64,123,59,68,477,409,72,248,176,72,512,440,80,159,79,97,1974,15
88,96,8,72,208,136,80,88,8,56,432,376,48,199,151,65,297,232,88,256,168,64,1640,15
80,113,33,63,183,120,80,96,16,56,473,417,71,391,320,80,208,128,80,224,144,80,1768,15
72,128,56,80,208,128,72,80,8,41,800,759,39,208,169,80,311,231,89,153,64,71,1959,15
64,136,72,72,200,128,48,80,32,32,392,360,80,264,184,80,224,144,104,199,95,41,1536,15
65,121,56,72,200,128,80,96,16,63,680,617,56,280,224,80,192,112,88,192,104,56,1817,15
80,96,16,64,152,88,80,96,16,64,680,616,64,152,88,80,264,184,56,184,128,48,1672,15
56,72,16,80,183,103,73,65,-8,56,561,505,32,1631,1599,64,280,216,80,152,72,64,3008,15
73,56,-17,72,176,104,73,60,-13,59,548,489,56,104,48,56,176,120,72,136,64,64,1320,15
64,56,-8,64,168,104,80,88,8,32,408,376,72,152,80,56,248,192,113,240,127,56,1416,15
64,80,16,64,175,111,64,60,-4,68,517,449,48,88,40,80,232,152,80,112,32,64,1328,15
64,104,40,56,160,104,58,58,0,55,694,639,79,248,169,63,192,129,48,144,96,80,1680,15
48,73,25,64,168,104,71,64,-7,40,320,280,48,163,115,61,165,104,79,184,105,87,1224,15
56,89,33,56,184,128,55,88,33,40,392,352,55,224,169,64,192,128,79,360,281,80,1609,15
56,72,16,55,160,105,55,64,9,48,399,351,33,105,72,80,200,120,63,143,80,73,1216,15
55,288,233,56,207,151,64,89,25,48,528,480,63,103,40,57,217,160,80,144,64,71,1647,15
67,108,41,60,163,103,66,56,-10,57,426,369,56,144,88,64,198,134,89,194,105,56,1345,15
63,116,53,60,172,112,79,88,9,55,343,288,48,161,113,71,279,208,96,225,129,63,1447,15
72,137,65,79,216,137,63,120,57,80,423,343,55,232,177,55,313,258,63,280,217,64,1785,15
80,121,41,55,191,136,80,112,32,56,369,313,55,191,136,56,241,185,63,215,152,71,1511,15
63,127,64,56,201,145,71,102,31,65,361,296,32,249,217,79,223,144,81,209,128,63,1535,15
64,393,329,63,655,592,104,136,32,56,369,313,88,712,624,87,104,17,81,166,85,80,2615,15
56,360,304,80,185,105,55,95,40,57,376,319,80,776,696,64,88,24,80,297,217,79,2256,15
55,39,-16,64,169,105,65,84,19,51,339,288,80,320,240,56,112,56,80,200,120,64,1327,15
62,96,34,62,166,104,64,89,25,55,295,240,64,236,172,52,148,96,88,247,159,89,1366,15
57,89,32,64,168,104,80,376,296,80,232,152,65,311,246,57,185,128,80,353,273,79,1793,15
64,120,56,56,161,105,63,87,24,56,312,256,72,168,96,56,192,136,55,200,145,56,1296,15
56,80,24,56,153,97,64,55,-9,48,376,328,56,792,736,64,96,32,56,239,183,73,1864,15
65,65,0,66,167,101,71,64,-7,65,328,263,56,160,104,80,232,152,32,256,224,64,1336,15
65,81,16,80,169,89,80,79,-1,64,264,200,32,296,264,72,184,112,80,192,112,56,1321,15
64,120,56,56,168,112,65,64,-1,56,384,328,24,136,112,80,224,144,64,136,72,72,1304,15
65,64,-1,80,184,104,64,96,32,48,376,328,56,376,320,80,144,64,87,168,81,64,1472,15
64,96,32,72,175,103,72,89,17,56,400,344,56,240,184,63,130,67,78,166,88,63,1359,15
80,128,48,56,176,120,64,71,7,56,513,457,64,208,144,56,176,120,72,175,103,73,1520,15
55,112,57,56,184,128,64,408,344,67,336,269,72,272,200,48,128,80,80,144,64,64,1648,15
55,79,24,104,233,129,80,104,24,64,417,353,79,255,176,47,160,113,88,183,95,56,1487,15
80,120,40,56,168,112,64,80,16,63,352,289,64,192,128,64,224,160,72,264,192,47,1447,15
63,143,80,64,200,136,55,128,73,47,400,353,56,176,120,88,208,120,56,160,104,72,1487,15
62,143,81,48,160,112,56,72,16,41,416,375,80,256,176,80,216,136,79,176,97,63,1502,15
56,120,64,56,160,104,72,104,32,48,497,449,31,183,152,64,200,136,64,152,88,87,1503,15
63,80,17,72,208,136,71,152,81,63,408,345,63,344,281,71,136,65,79,192,113,80,1600,15
64,113,49,56,168,112,56,88,32,55,320,265,63,263,200,57,209,152,72,224,152,47,1432,15
55,120,65,56,184,128,55,113,58,62,367,305,57,567,510,72,169,97,80,184,104,71,1775,15
64,73,9,71,176,105,72,88,16,59,367,308,25,265,240,63,184,121,71,264,193,63,1480,15
55,63,8,66,160,94,64,73,9,55,415,360,48,289,241,63,143,80,72,177,105,48,1368,15
57,113,56,78,198,120,65,74,9,40,401,361,65,182,117,32,248,216,72,249,177,63,1528,15
56,89,33,55,168,113,63,87,24,56,296,240,49,163,114,65,213,148,72,193,121,71,1280,15
48,120,72,56,185,129,55,113,58,38,391,353,64,263,199,32,233,201,71,288,217,79,1672,15
80,79,-1,56,192,136,56,88,32,40,328,288,56,224,168,80,209,129,71,167,96,56,1343,15
56,152,96,63,168,105,64,89,25,55,392,337,55,343,288,64,392,328,72,192,120,80,1808,15
81,121,40,56,168,112,72,80,8,64,368,304,88,184,96,72,216,144,88,168,80,72,1377,15
56,113,57,56,159,103,65,80,15,69,280,211,88,272,184,72,183,111,89,122,33,79,1288,15
72,112,40,64,176,112,80,72,-8,56,320,264,64,240,176,72,136,64,80,168,88,64,1288,15
40,74,34,78,206,128,80,113,33,79,375,296,80,240,160,64,192,128,88,192,104,80,1472,15
88,464,376,96,456,360,80,128,48,48,408,360,56,168,112,72,161,89,87,183,96,67,2035,15
51,99,48,64,200,136,79,648,569,56,304,248,64,184,120,80,256,176,64,232,168,56,1979,15
73,113,40,63,191,128,80,112,32,47,296,249,65,145,80,71,200,129,96,176,80,72,1305,15
80,136,56,48,224,176,56,96,40,64,424,360,56,112,56,64,216,152,88,152,64,88,1448,15
64,88,24,64,192,128,64,72,8,72,360,288,56,207,151,65,201,136,80,160,80,71,1351,15
64,143,79,57,161,104,80,96,16,56,392,336,105,321,216,71,167,96,87,216,129,56,1552,15
72,128,56,56,184,128,72,104,32,71,296,225,72,209,137,55,175,120,88,168,80,64,1328,15
31,159,128,72,224,152,48,87,39,65,313,248,49,175,126,73,1369,1296,104,200,96,72,2599,15
80,88,8,72,176,104,80,88,8,72,672,600,80,168,88,80,688,608,88,96,8,64,2040,15
48,64,16,72,176,104,80,73,-7,62,335,273,64,328,264,79,113,34,103,207,104,64,1360,15
63,96,33,79,184,105,72,63,-9,66,441,375,68,248,180,104,160,56,104,168,64,72,1432,15
64,96,32,56,167,111,89,81,-8,56,328,272,40,167,127,64,193,129,72,152,80,64,1248,15
63,136,73,56,168,112,64,88,24,64,256,192,71,184,113,79,376,297,64,192,128,56,1456,15
72,168,96,55,408,353,64,256,192,64,584,520,64,144,80,56,208,152,80,199,119,57,2024,15
64,120,56,64,168,104,73,72,-1,64,352,288,63,148,85,60,236,176,72,152,80,72,1320,15
58,136,78,63,176,113,72,104,32,72,520,448,48,376,328,80,1064,984,72,304,232,104,2784,15
56,95,39,65,169,104,73,73,0,63,304,241,56,240,184,72,160,88,79,255,176,55,1351,15
56,145,89,63,168,105,79,87,8,64,437,373,68,636,568,88,119,31,64,345,281,88,2025,15
64,113,49,70,198,128,56,89,33,47,295,248,64,447,383,81,152,71,72,208,136,104,1606,15
72,128,56,64,183,119,72,104,32,80,719,639,80,719,639,48,128,80,88,192,104,80,2253,15
40,56,16,74,160,86,72,90,18,38,277,239,64,232,168,80,160,80,72,200,128,56,1231,15
48,119,71,65,169,104,80,64,-16,72,280,208,63,207,144,73,176,103,72,200,128,80,1295,15
56,143,87,56,177,121,79,103,24,56,312,256,56,240,184,72,231,159,72,248,176,64,1518,15
56,128,72,88,216,128,31,88,57,64,336,272,63,192,129,55,279,224,72,176,104,80,1495,15
55,135,80,48,152,104,64,72,8,72,304,232,80,184,104,64,256,192,87,167,80,48,1318,15
56,104,48,64,176,112,64,72,8,48,272,224,80,336,256,72,328,256,95,216,121,72,1576,15
80,160,80,104,288,184,104,200,96,83,656,573,64,168,104,56,328,272,79,231,152,56,2087,15
80,112,32,56,168,112,56,64,8,56,288,232,80,136,56,81,248,167,80,136,56,72,1224,15
65,128,63,72,176,104,56,64,8,64,264,200,72,192,120,64,231,167,56,233,177,63,1351,15
87,128,41,56,144,88,63,88,25,55,328,273,39,200,161,63,183,120,80,152,72,80,1303,15
80,128,48,56,160,104,64,80,16,64,440,376,56,138,82,86,190,104,88,144,56,80,1360,15
80,160,80,64,184,120,80,104,24,48,352,304,47,320,273,71,143,72,65,169,104,79,1511,15
63,114,51,62,166,104,58,48,-10,64,310,246,66,138,72,64,248,184,88,120,32,64,1208,15
55,96,41,64,168,104,63,96,33,56,296,240,56,104,48,87,200,113,79,111,32,72,1143,15
80,97,17,71,175,104,64,80,16,64,537,473,47,151,104,64,208,144,79,176,97,64,1488,15
48,56,8,80,168,88,96,104,8,48,352,304,64,96,32,80,207,127,80,65,-15,88,1136,15
64,113,49,71,207,136,80,144,64,64,312,248,56,144,88,64,200,136,88,128,40,64,1312,15
48,72,24,80,368,288,80,113,33,55,335,280,80,136,56,64,200,136,72,152,80,72,1448,15
55,136,81,56,152,96,64,72,8,56,480,424,56,96,40,72,248,176,80,88,8,88,1360,15
80,88,8,64,168,104,65,56,-9,64,656,592,48,176,128,64,232,168,80,136,56,80,1592,15
64,128,64,116,256,140,104,176,72,56,304,248,48,192,144,72,151,79,81,177,96,79,1463,15
64,113,49,71,174,103,81,105,24,56,296,240,72,162,90,68,158,90,80,120,40,79,1207,15
48,136,88,48,152,104,88,96,8,56,296,240,56,160,104,39,168,129,72,120,48,80,1208,15
64,104,40,72,160,88,81,56,-25,80,331,251,61,165,104,113,200,87,72,168,96,72,1256,15
56,80,24,88,192,104,72,112,40,64,320,256,48,177,129,48,113,65,71,215,144,80,1289,15
81,120,39,64,312,248,80,104,24,88,544,456,89,88,-1,88,248,160,64,88,24,80,1584,15
72,111,39,89,177,88,72,136,64,64,384,320,56,216,160,79,192,113,79,128,49,63,1407,15
72,113,41,55,167,112,72,80,8,80,576,496,64,128,64,72,224,152,64,120,56,63,1471,15
56,89,33,79,192,113,63,120,57,55,288,233,87,176,89,63,208,145,56,144,88,72,1289,15
64,97,33,64,199,135,64,176,112,58,264,206,47,185,138,79,160,81,55,112,57,80,1273,15
72,129,57,31,207,176,79,135,56,65,289,224,63,231,168,80,240,160,72,114,42,70,1415,15
56,113,57,64,192,128,88,120,32,72,328,256,80,152,72,64,241,177,79,151,72,88,1385,15
80,80,0,64,169,105,80,88,8,79,352,273,63,128,65,71,263,192,88,113,25,64,1257,15
80,114,34,62,190,128,64,89,25,71,375,304,56,124,68,60,220,160,80,112,32,80,1304,15
55,151,96,88,208,120,80,152,72,56,345,289,39,200,161,87,191,104,48,160,112,64,1471,15
48,80,32,72,209,137,31,308,277,75,627,552,55,360,305,72,192,120,64,176,112,80,2032,15
56,113,57,88,175,87,64,168,104,79,232,153,80,168,88,64,176,112,80,136,56,64,1232,15
64,96,32,64,176,112,64,144,80,80,519,439,49,217,168,88,224,136,72,144,72,80,1600,15
64,105,41,79,167,88,72,114,42,72,446,374,56,104,48,88,288,200,56,112,56,72,1408,15
56,80,24,80,176,96,88,128,40,80,536,456,40,328,288,72,256,184,64,104,40,88,1696,15
64,120,56,72,488,416,80,216,136,64,1040,976,64,130,66,54,206,152,80,96,16,80,2376,15
56,128,72,81,192,111,72,160,88,56,216,160,79,272,193,80,119,39,89,217,128,64,1368,15
79,216,137,72,208,136,88,146,58,62,1022,960,48,216,168,72,160,88,88,280,192,80,2328,15
64,80,16,80,152,72,56,96,40,68,216,148,64,123,59,76,165,89,88,96,8,64,992,15
57,113,56,56,199,143,64,120,56,56,296,240,64,168,104,80,160,80,80,144,64,80,1280,15
80,88,8,72,216,144,80,123,43,85,263,178,70,166,96,80,288,208,80,72,-8,96,1312,15
72,80,8,80,192,112,80,104,24,80,706,626,55,143,88,112,232,120,79,113,34,87,1657,15
80,152,72,89,184,95,80,136,56,80,288,208,64,176,112,88,287,199,73,121,48,80,1424,15
56,88,32,64,144,80,63,112,49,33,240,207,48,120,72,80,176,96,72,64,-8,88,1032,15
56,88,32,80,160,80,64,96,32,55,256,201,64,72,8,104,248,144,71,128,57,80,1128,15
96,104,8,72,208,136,79,96,17,63,536,473,71,127,56,73,177,104,88,200,112,72,1520,15
64,135,71,80,161,81,72,128,56,64,304,240,64,136,72,80,208,128,80,120,40,80,1272,15
56,64,8,80,192,112,80,112,32,81,312,231,63,176,113,95,288,193,88,176,88,64,1384,15
72,96,24,104,192,88,80,104,24,56,304,248,48,184,136,72,200,128,120,136,16,104,1320,15
71,87,16,80,200,120,80,96,16,80,456,376,80,120,40,88,216,128,96,145,49,71,1391,15
88,120,32,64,192,128,72,104,32,58,264,206,58,200,142,80,152,72,80,168,88,80,1280,15
64,4938,4874,70,222,152,80,136,56,72,472,400,88,120,32,80,224,144,96,144,48,80,6336,15
55,78,23,105,177,72,80,128,48,80,624,544,63,127,64,96,193,97,87,120,33,80,1527,15
65,81,16,88,184,96,88,136,48,79,311,232,57,168,111,72,177,105,81,64,-17,96,1217,15
63,72,9,64,152,88,87,168,81,56,256,200,64,160,96,63,176,113,71,104,33,79,1167,15
54,135,81,88,199,111,56,184,128,80,9513,9433,64,127,63,88,201,113,79,95,16,88,10542,15
80,96,16,96,185,89,79,87,8,64,240,176,56,97,41,98,193,95,78,118,40,80,1096,15
80,106,26,70,166,96,81,80,-1,72,232,160,79,208,129,89,320,231,64,96,32,88,1296,15
64,72,8,65,169,104,78,104,26,63,271,208,57,136,79,79,184,105,72,87,15,73,1096,15
64,143,79,113,274,161,63,143,80,67,696,629,88,296,208,80,136,56,72,184,112,80,1952,15
72,104,32,64,184,120,73,151,78,97,217,120,80,176,96,79,144,65,80,144,64,72,1192,15
72,80,8,96,184,88,80,104,24,80,664,584,64,152,88,80,232,152,88,120,32,96,1632,15
88,168,80,88,416,328,107,136,29,80,968,888,56,88,32,63,216,153,80,88,8,64,2144,15
72,80,8,80,176,96,80,136,56,56,2416,2360,40,80,40,56,232,176,80,112,32,80,3312,15
71,104,33,80,168,88,80,72,-8,72,545,473,79,135,56,80,208,128,96,103,7,81,1416,15
72,80,8,64,152,88,48,56,8,64,680,616,72,104,32,80,184,104,80,96,16,80,1432,15
81,113,32,64,144,80,64,80,16,64,264,200,56,123,67,73,165,92,81,80,-1,80,1049,15
80,128,48,56,160,104,105,104,-1,72,408,336,79,103,24,73,177,104,80,88,8,87,1255,15
80,114,34,55,166,111,56,73,17,64,1456,1392,55,152,97,79,272,193,80,151,71,88,2472,15
79,88,9,79,168,89,71,160,89,71,519,448,56,96,40,97,225,128,64,128,64,63,1447,15
53,94,41,55,151,96,76,57,-19,63,328,265,63,119,56,73,201,128,86,111,25,63,1124,15
56,80,24,80,177,97,87,56,-31,66,256,190,55,120,65,63,209,146,86,95,9,79,1072,15
80,111,31,64,161,97,79,95,16,56,481,425,70,143,73,48,185,137,79,111,32,80,1367,15
72,80,8,56,153,97,55,71,16,56,520,464,64,177,113,71,207,136,88,105,17,79,1392,15
64,88,24,63,176,113,88,88,0,80,720,640,79,247,168,80,361,281,103,207,104,80,1967,15
80,72,-8,80,161,81,87,97,10,70,518,448,72,248,176,80,136,56,104,704,600,80,2016,15
80,128,48,96,160,64,88,120,32,56,552,496,72,104,32,65,272,207,97,88,-9,88,1512,15
80,88,8,72,176,104,96,92,-4,68,8484,8416,64,656,592,80,120,40,96,208,112,96,9920,15
72,88,16,80,160,80,72,104,32,39,280,241,72,128,56,96,208,112,97,96,-1,72,1136,15
79,95,16,73,177,104,71,64,-7,72,457,385,67,135,68,64,192,128,104,113,9,87,1320,15
89,104,15,96,184,88,88,120,32,72,296,224,80,144,64,80,192,112,80,120,40,56,1216,15
72,104,32,88,160,72,80,88,8,63,328,265,88,200,112,80,168,88,88,120,32,87,1255,15
88,96,8,79,176,97,104,79,-25,32,489,457,64,160,96,88,192,104,88,144,56,88,1424,15
55,103,48,23,800,777,111,104,-7,64,496,432,71,128,57,72,192,120,95,127,32,80,2030,15
79,87,8,88,152,64,80,89,9,79,575,496,64,105,41,71,192,121,87,122,35,69,1391,15
79,71,-8,120,248,128,72,129,57,64,2432,2368,55,120,65,79,191,112,80,168,88,72,3431,15
79,111,32,104,312,208,84,152,68,80,2880,2800,48,104,56,112,200,88,96,113,17,87,3959,15
80,104,24,64,168,104,72,56,-16,80,522,442,62,118,56,88,176,88,96,88,-8,72,1304,15
81,96,15,88,184,96,88,80,-8,64,504,440,56,104,48,64,192,128,90,72,-18,72,1304,15
64,72,8,72,176,104,73,72,-1,59,316,257,21,284,263,104,280,176,88,80,-8,72,1352,15
72,80,8,64,168,104,72,56,-16,72,3751,3679,65,97,32,88,520,432,81,72,-9,64,4808,15
86,94,8,72,176,104,64,56,-8,80,504,424,55,104,49,56,192,136,64,72,8,80,1278,15
96,112,16,72,176,104,96,88,-8,72,528,456,72,113,41,79,167,88,80,120,40,88,1392,15
64,80,16,80,161,81,103,128,25,55,1151,1096,72,130,58,54,214,160,80,113,33,71,2048,15
88,104,16,72,176,104,81,64,-17,72,496,424,64,96,32,64,208,144,88,56,-32,66,1266,15
32,168,136,80,184,104,56,128,72,64,376,312,64,352,288,72,128,56,80,136,56,88,1560,15
80,96,16,80,168,88,80,103,23,81,497,416,56,552,496,80,89,9,87,175,88,80,1760,15
64,120,56,88,184,96,56,104,48,80,320,240,48,136,88,80,208,128,80,121,41,70,1263,15
63,72,9,96,184,88,87,120,33,79,312,233,64,136,72,56,184,128,103,112,9,113,1233,15
75,172,97,114,224,110,96,152,56,48,376,328,80,136,56,72,176,104,90,112,22,64,1412,15
78,103,25,88,137,49,95,114,19,61,285,224,72,112,40,80,216,136,64,72,8,64,1103,15
88,125,37,75,131,56,58,73,15,60,311,251,48,72,24,80,192,112,72,96,24,96,1096,15
87,320,233,87,168,81,80,104,24,64,264,200,64,96,32,64,176,112,87,103,16,73,1304,15
79,113,34,80,185,105,62,62,0,73,209,136,64,104,40,72,199,127,64,128,64,80,1080,15
63,152,89,87,176,89,87,128,41,80,271,191,57,208,151,80,137,57,72,120,48,88,1280,15
62,70,8,72,128,56,97,129,32,72,224,152,55,112,57,80,151,71,80,136,56,64,1014,15
71,87,16,63,167,104,80,120,40,64,200,136,64,161,97,72,138,66,71,111,40,79,1063,15
65,112,47,56,161,105,72,72,0,55,487,432,79,143,64,57,225,168,80,136,56,72,1408,15
64,152,88,104,208,104,80,152,72,80,226,146,54,166,112,80,160,80,80,136,56,80,1280,15
80,104,24,88,192,104,80,160,80,72,224,152,40,178,138,62,150,88,104,120,16,80,1208,15
56,128,72,80,208,128,80,88,8,104,408,304,113,128,15,80,224,144,80,144,64,80,1408,15
70,118,48,64,160,96,96,136,40,72,216,144,72,160,88,72,160,88,72,131,59,77,1158,15
78,134,56,80,168,88,88,152,64,80,248,168,48,177,129,79,223,144,80,136,56,56,1294,15
95,135,40,80,192,112,64,128,64,80,450,370,78,128,50,70,230,160,64,128,64,64,1455,15
55,111,56,89,168,79,72,104,32,88,288,200,57,89,32,87,224,137,47,130,83,93,1207,15
80,112,32,131,200,69,81,144,63,72,272,200,76,216,140,80,240,160,64,264,200,72,1520,15
72,113,41,95,159,64,81,160,79,66,232,166,72,160,88,56,184,128,72,88,16,64,1160,15
104,200,96,96,200,104,72,112,40,72,424,352,40,104,64,64,240,176,72,120,48,64,1464,15
56,144,88,80,160,80,80,136,56,64,344,280,48,152,104,40,200,160,80,112,32,64,1312,15
72,144,72,80,184,104,80,96,16,80,544,464,40,120,80,71,200,129,80,160,80,72,1520,15
79,127,48,96,184,88,80,136,56,56,371,315,53,133,80,80,184,104,72,144,72,64,1343,15
80,136,56,64,680,616,64,104,40,56,408,352,56,136,80,64,200,136,64,144,80,72,1880,15
72,128,56,96,248,152,64,129,65,63,423,360,56,88,32,64,176,112,72,160,88,64,1416,15
88,104,16,64,216,152,72,160,88,56,232,176,80,184,104,72,176,104,56,80,24,80,1232,15
55,87,32,65,209,144,72,152,80,51,224,173,64,147,83,61,205,144,64,122,58,70,1216,15
80,123,43,77,229,152,80,144,64,72,272,200,40,116,76,76,228,152,64,104,40,80,1296,15
78,133,55,113,177,64,96,175,79,41,201,160,56,189,133,58,162,104,72,129,57,79,1245,15
71,111,40,88,201,113,71,127,56,80,200,120,64,176,112,104,208,104,56,168,112,72,1263,15
48,128,80,80,208,128,90,168,78,56,264,208,65,192,127,64,864,800,65,104,39,64,1992,15
47,152,105,63,168,105,72,152,80,63,184,121,72,176,104,80,191,111,57,177,120,55,1255,15
80,136,56,88,192,104,80,121,41,63,239,176,64,163,99,31,653,622,64,128,64,64,1696,15
64,88,24,96,160,64,80,88,8,47,368,321,72,144,72,55,192,137,56,199,143,57,1296,15
72,152,80,88,184,96,64,88,24,71,376,305,63,120,57,66,231,165,80,153,73,63,1367,15
80,152,72,64,160,96,63,88,25,64,320,256,63,167,104,81,209,128,56,127,71,64,1287,15
56,104,48,87,192,105,63,96,33,56,376,320,39,256,217,80,208,128,79,151,72,56,1439,15
79,103,24,65,185,120,63,121,58,78,231,153,71,187,116,60,213,153,79,135,56,64,1239,15
80,119,39,64,161,97,87,128,41,79,239,160,88,219,131,78,366,288,79,143,64,72,1447,15
55,113,58,102,208,106,46,119,73,64,215,151,66,185,119,87,168,81,79,175,96,48,1231,15
64,128,64,80,184,104,56,113,57,71,248,177,63,120,57,73,200,127,71,111,40,72,1176,15
78,134,56,72,176,104,80,144,64,48,200,152,73,145,72,81,159,78,85,153,68,55,1166,15
61,117,56,64,168,104,88,121,33,48,238,190,48,171,123,38,149,111,81,138,57,63,1165,15
72,152,80,48,177,129,63,103,40,64,240,176,80,129,49,72,247,175,80,145,65,63,1256,15
63,103,40,64,216,152,55,104,49,65,576,511,64,128,64,88,240,152,80,185,105,79,1631,15
79,135,56,72,294,222,64,112,48,74,473,399,11,895,884,42,98,56,62,214,152,72,2293,15
40,128,88,80,185,105,47,80,33,55,351,296,48,128,80,73,177,104,72,104,32,56,1209,15
48,128,80,40,176,136,56,144,88,48,288,240,58,208,150,80,135,55,57,138,81,79,1296,15
56,104,48,72,208,136,64,176,112,64,256,192,64,168,104,56,136,80,64,121,57,79,1248,15
72,120,48,64,488,424,56,209,153,63,335,272,64,128,64,64,280,216,80,113,33,63,1736,15
64,104,40,80,160,80,72,96,24,56,264,208,57,119,62,81,185,104,64,133,69,67,1128,15
56,80,24,56,160,104,48,96,48,72,248,176,64,168,104,59,144,85,88,129,41,71,1096,15
56,112,56,72,176,104,71,103,32,57,233,176,80,184,104,65,1536,1471,88,104,16,72,2520,15
56,117,61,67,179,112,56,80,24,64,224,160,72,128,56,80,168,88,80,160,80,64,1120,15
79,127,48,65,177,112,80,120,40,56,208,152,72,152,80,66,175,109,73,153,80,56,1168,15
80,160,80,72,176,104,72,132,60,51,196,145,32,1176,1144,56,256,200,80,112,32,80,2288,15
64,104,40,72,176,104,80,136,56,80,200,120,64,127,63,89,185,96,64,129,65,87,1144,15
80,112,32,88,176,88,80,144,64,56,200,144,72,176,104,87,224,137,64,160,96,72,1264,15
76,123,47,81,225,144,80,144,64,56,600,544,40,160,120,96,208,112,64,168,104,80,1708,15
87,113,26,87,215,128,56,136,80,72,272,200,64,149,85,67,195,128,88,120,32,72,1272,15
31,72,41,112,208,96,64,121,57,55,455,400,56,88,32,72,201,129,62,94,32,81,1320,15
40,80,40,64,176,112,64,96,32,56,304,248,48,112,64,81,224,143,48,112,64,72,1176,15
64,105,41,55,175,120,56,96,40,56,312,256,64,168,104,48,600,552,48,104,56,63,1623,15
56,88,32,64,168,104,56,89,33,40,216,176,56,184,128,80,176,96,64,176,112,56,1153,15
80,89,9,63,175,112,48,104,56,31,240,209,64,120,56,72,186,114,70,166,96,56,1136,15
96,120,24,56,176,120,80,104,24,80,344,264,56,120,64,73,200,127,80,144,64,40,1248,15
57,122,65,46,191,145,63,311,248,88,192,104,64,304,240,64,145,81,55,111,56,64,1440,15
72,120,48,64,177,113,63,119,56,64,200,136,56,168,112,82,173,91,67,115,48,80,1152,15
96,113,17,63,175,112,64,145,81,62,215,153,72,256,184,34,384,350,72,184,112,80,1552,15
63,103,40,72,161,89,63,128,65,31,215,184,57,193,136,79,169,90,72,135,63,72,1176,15
64,96,32,64,168,104,64,89,25,71,239,168,55,144,89,96,201,105,54,127,73,88,1152,15
80,96,16,65,169,104,64,96,32,72,225,153,55,159,104,80,496,416,72,712,640,48,2001,15
65,169,104,56,168,112,73,120,47,72,472,400,56,168,112,88,216,128,73,120,47,56,1489,15
56,88,32,64,168,104,49,129,80,55,208,153,23,209,186,78,606,528,80,128,48,72,1608,15
72,80,8,80,144,64,80,136,56,56,192,136,64,168,104,96,208,112,56,152,96,112,1192,15
81,72,-9,57,168,111,80,112,32,72,448,376,64,160,96,128,232,104,64,248,184,88,1528,15
72,104,32,72,168,96,56,72,16,72,528,456,56,80,24,72,224,152,64,96,32,80,1352,15
80,104,24,71,184,113,65,135,70,72,225,153,55,130,75,103,175,72,78,135,57,64,1152,15
72,87,15,73,185,112,56,96,40,64,184,120,80,104,24,104,193,89,64,83,19,108,1040,15
88,104,16,65,272,207,81,240,159,56,319,263,72,137,65,80,529,449,87,231,144,81,1913,15
74,112,38,80,160,80,64,96,32,72,184,112,48,95,47,89,204,115,53,109,56,56,1016,15
72,88,16,48,152,104,71,114,43,62,246,184,72,130,58,74,182,108,55,79,24,80,1071,15
72,64,-8,56,152,96,32,81,49,55,206,151,57,113,56,80,207,127,73,102,29,75,1000,15
64,128,64,64,176,112,64,104,40,64,168,104,64,152,88,79,161,82,79,120,41,70,1079,15
71,96,25,40,440,400,96,296,200,75,248,173,72,160,88,88,360,272,72,440,368,79,2119,15
64,88,24,80,168,88,56,72,16,57,233,176,39,631,592,88,240,152,56,281,225,55,1768,15
72,112,40,64,184,120,56,72,16,64,569,505,55,87,32,64,256,192,80,176,96,64,1520,15
56,128,72,104,432,328,87,192,105,72,296,224,80,151,71,41,441,400,71,103,32,57,1800,15
64,72,8,80,184,104,88,128,40,64,208,144,80,184,104,89,177,88,71,151,80,80,1184,15
88,96,8,64,168,104,64,120,56,80,464,384,74,96,22,80,232,152,80,168,88,65,1409,15
72,87,15,80,185,105,48,80,32,64,184,120,72,128,56,88,218,130,62,70,8,80,1032,15
57,88,31,64,168,104,72,88,16,56,184,128,72,89,17,87,243,156,87,172,85,80,1112,15
80,111,31,82,212,130,53,85,32,73,524,451,52,60,8,72,215,143,81,161,80,104,1472,15
72,104,32,64,161,97,63,79,16,64,192,128,80,112,32,88,232,144,65,432,367,80,1392,15
40,96,56,64,168,104,64,120,56,72,176,104,72,168,96,99,208,109,40,168,128,80,1184,15
88,120,32,72,184,112,56,104,48,80,232,152,64,200,136,81,696,615,80,208,128,72,1816,15
80,112,32,57,152,95,72,121,49,55,183,128,72,504,432,89,216,127,80,193,113,63,1544,15
80,88,8,65,154,89,54,94,40,58,240,182,48,136,88,79,224,145,71,209,138,63,1208,15
64,80,16,72,159,87,58,118,60,51,171,120,64,152,88,104,208,104,64,152,88,80,1120,15
106,97,-9,89,153,64,81,81,0,54,303,249,80,111,31,73,176,103,57,115,58,61,1097,15
9720,9752,32,72,152,80,64,128,64,64,216,152,64,160,96,80,152,72,56,144,88,72,10776,15
9760,9802,42,94,174,80,80,208,128,80,168,88,80,216,136,88,168,80,80,136,56,80,10952,15
9840,9856,16,88,184,96,72,176,104,72,232,160,88,288,200,86,271,185,56,192,136,56,11255,15
9920,9999,79,64,161,97,63,175,112,49,232,183,57,179,122,69,197,128,56,144,88,65,11152,15
6479,6529,50,63,167,104,79,175,96,73,233,160,72,199,127,89,184,95,81,161,80,72,7720,15
6704,6784,80,72,160,88,72,176,104,80,215,135,81,192,111,81,314,233,79,118,39,57,8016,15
6824,6859,35,77,181,104,72,152,80,64,176,112,80,160,80,88,176,88,64,128,64,72,7904,15
6375,6431,56,64,152,88,64,144,80,80,200,120,80,152,72,81,169,88,63,119,56,64,7431,15
7232,7296,64,64,184,120,80,120,40,64,200,136,64,144,80,72,159,87,81,137,56,56,8296,15
7202,7256,54,72,176,104,56,112,56,56,184,128,72,121,49,55,208,153,46,191,145,88,8336,15
7248,7280,32,56,168,112,80,96,16,80,376,296,64,168,104,80,176,96,72,136,64,64,8464,15
7008,7040,32,56,264,208,72,114,42,86,262,176,74,120,46,79,208,129,72,104,32,88,8200,15
6152,6192,40,88,208,120,80,129,49,63,199,136,64,168,104,80,160,80,72,160,88,64,7280,15
6392,6432,40,72,184,112,80,120,40,81,224,143,47,103,56,80,169,89,80,144,64,72,7448,15
6336,6376,40,80,160,80,72,112,40,64,216,152,56,136,80,92,168,76,64,137,73,79,7384,15
6168,6199,31,81,169,88,64,112,48,64,176,112,72,152,80,80,376,296,72,160,88,81,7425,15
6168,6200,32,88,168,80,88,114,26,70,238,168,88,144,56,80,424,344,71,176,105,64,7528,15
6288,6328,40,88,168,80,72,88,16,72,184,112,80,112,32,88,194,106,69,118,49,60,7252,15
6112,6152,40,72,176,104,80,104,24,72,160,88,80,120,40,96,185,89,79,127,48,64,7088,15
6040,6072,32,72,152,80,80,104,24,56,168,112,72,80,8,80,192,112,80,123,43,69,6960,15
5624,5688,64,55,160,105,48,104,56,56,544,488,72,152,80,88,264,176,72,152,80,72,7136,15
5768,5809,41,55,135,80,56,72,16,72,184,112,56,104,48,80,215,135,59,137,78,72,6728,15
5751,5804,53,52,140,88,56,88,32,48,184,136,56,96,40,64,464,400,72,192,120,56,7024,15
6040,6073,33,79,151,72,64,96,32,56,1040,984,56,112,56,96,168,72,64,130,66,70,7840,15
6968,6992,24,56,159,103,48,64,16,65,217,152,64,129,65,63,167,104,64,123,59,53,7904,15
6359,6416,57,48,160,112,40,96,56,48,537,489,63,119,56,80,384,304,56,129,73,71,7912,15
7232,7264,32,64,153,89,63,95,32,56,464,408,56,96,40,64,192,128,80,129,49,63,8456,15
7200,7228,28,66,180,114,56,114,58,46,206,160,64,152,88,101,256,155,64,168,104,120,8424,15
6881,6944,63,56,160,104,55,112,57,64,240,176,32,121,89,85,167,82,80,168,88,64,7976,15
7088,7128,40,56,176,120,56,128,72,64,192,128,48,144,96,80,160,80,72,131,59,77,8136,15
6352,6432,80,48,224,176,80,184,104,64,528,464,88,448,360,81,144,63,56,136,80,56,8152,15
7003,7057,54,64,152,88,64,104,40,64,200,136,80,136,56,63,160,97,80,136,56,64,8009,15
6513,6520,7,64,177,113,64,104,40,57,200,143,72,152,80,88,1144,1056,72,123,51,77,8497,15
7599,7615,16,80,167,87,56,115,59,62,142,80,48,144,96,97,160,63,64,136,72,72,8551,15
7572,7604,32,72,136,64,80,160,80,64,160,96,80,160,80,86,163,77,76,165,89,72,8620,15
6842,6872,30,64,168,104,80,81,1,71,407,336,55,121,66,79,175,96,88,128,40,80,8032,15
7024,7057,33,63,175,112,80,122,42,78,198,120,80,191,111,87,200,113,73,152,79,73,8168,15
8208,8241,33,63,167,104,64,80,16,80,192,112,80,112,32,72,194,122,55,86,31,72,9144,15
8120,8160,40,56,152,96,72,104,32,64,168,104,72,152,80,80,176,96,64,124,60,52,9088,15
3864,3840,-24,64,168,104,107,101,-6,83,267,184,72,128,56,112,343,231,88,128,40,73,5048,15
5089,5113,24,47,190,143,81,177,96,88,712,624,88,183,95,65,425,360,72,160,88,64,7024,15
5201,5209,8,72,184,112,80,136,56,56,680,624,56,64,8,80,618,538,70,102,32,88,7081,15
6006,6038,32,56,176,120,56,80,24,64,216,152,40,113,73,63,191,128,81,123,42,61,6998,15
5896,5944,48,56,176,120,80,104,24,64,192,128,64,184,120,48,184,136,39,104,65,56,6944,15
4999,5055,56,64,160,96,80,122,42,62,190,128,56,168,112,83,200,117,72,105,33,71,6071,15
4264,4297,33,55,167,112,71,120,49,48,168,120,56,1223,1167,80,113,33,56,368,312,80,6536,15
5512,5536,24,48,160,112,64,112,48,80,168,88,64,192,128,96,209,113,71,159,88,72,6608,15
5560,5600,40,56,160,104,89,90,1,46,174,128,88,176,88,80,176,96,56,144,88,72,6592,15
5544,5856,312,72,176,104,72,120,48,72,296,224,72,127,55,89,241,152,56,144,88,64,7024,15
5096,5112,16,64,192,128,56,136,80,56,168,112,64,193,129,87,191,104,56,176,120,64,6232,15
6822,6821,-1,64,177,113,112,71,-41,96,200,104,88,160,72,64,178,114,53,134,81,72,7813,15
3727,3751,24,64,192,128,80,112,32,48,208,160,80,184,104,118,256,138,64,160,96,80,4943,15
4643,4971,328,80,191,111,57,97,40,64,163,99,77,181,104,80,200,120,72,168,96,64,6035,15
4864,4904,40,72,192,120,80,104,24,96,184,88,104,160,56,88,172,84,76,180,104,72,5968,15
3273,3303,30,64,192,128,56,112,56,72,160,88,64,144,80,73,200,127,72,152,80,64,4327,15
6080,6137,57,38,151,113,88,96,8,80,224,144,56,123,67,77,173,96,72,136,64,56,7096,15
5967,6055,88,64,399,335,105,1281,1176,80,968,888,48,56,8,112,192,80,96,184,88,48,9183,15
5025,5032,7,48,160,112,64,121,57,63,319,256,56,145,89,87,383,296,80,113,33,55,6328,15
5313,5368,55,32,152,120,64,105,41,55,159,104,89,168,79,56,199,143,41,105,64,64,6320,15
3096,3160,64,80,200,120,64,123,59,61,143,82,78,174,96,89,161,72,45,95,50,89,4145,15
2818,2872,54,80,209,129,63,95,32,80,160,80,72,201,129,32,815,783,57,272,215,96,4720,15
3664,3700,36,60,163,103,57,58,1,79,160,81,88,135,47,72,187,115,65,117,52,72,4592,15
3567,3591,24,72,176,104,73,105,32,63,127,64,88,128,40,88,217,129,72,120,48,55,4519,15
1392,1442,50,62,174,112,56,72,16,64,161,97,63,136,73,47,599,552,72,185,113,63,2832,15
1824,1848,24,64,192,128,33,48,15,64,175,111,65,98,33,78,206,128,53,145,92,64,2776,15
88,136,48,56,152,96,64,80,16,56,416,360,72,152,80,88,200,112,88,153,65,71,1360,15
64,72,8,72,200,128,48,56,8,72,320,248,65,105,40,95,183,88,64,124,60,76,1136,15
73,89,16,48,160,112,64,96,32,88,168,80,56,185,129,127,231,104,64,160,96,72,1161,15
72,120,48,64,168,104,48,72,24,80,144,64,56,160,104,73,128,55,48,128,80,88,1008,15
72,80,8,57,160,103,64,96,32,64,120,56,80,137,57,71,151,80,56,122,66,73,939,15
88,104,16,56,152,96,56,105,49,48,119,71,56,1168,1112,104,136,32,56,136,80,80,2000,15
80,89,9,55,151,96,80,96,16,64,464,400,57,72,15,104,192,88,64,96,32,72,1232,15
64,72,8,59,168,109,80,88,8,64,241,177,72,128,56,95,223,128,80,64,-16,72,1056,15
64,122,58,53,157,104,56,72,16,55,176,121,64,152,88,56,160,104,58,97,39,79,1015,15
64,121,57,47,151,104,56,80,24,42,145,103,79,111,32,80,169,89,71,103,32,56,936,15
62,120,58,48,161,113,63,80,17,55,896,841,63,103,40,73,152,79,80,129,49,63,1704,15
80,88,8,56,160,104,56,88,32,56,152,96,72,104,32,80,217,137,47,90,43,78,977,15
66,120,54,65,168,103,65,80,15,56,2544,2488,40,73,33,71,207,136,73,114,41,78,3384,15
71,80,9,63,143,80,80,105,25,64,199,135,64,105,41,63,200,137,55,216,161,63,1111,15
56,72,16,58,144,86,48,81,33,47,199,152,56,97,41,79,183,104,56,177,121,95,1048,15
112,280,168,96,383,287,88,209,121,96,824,728,65,832,767,88,760,672,88,768,680,1536,5592,20
120,304,184,129,496,367,80,1208,1128,96,752,656,56,664,608,72,1048,976,64,385,321,63,4920,20
112,424,312,56,615,559,65,881,816,80,1056,976,72,608,536,96,2504,2408,112,312,200,96,6496,20
72,288,216,48,632,584,57,496,439,56,1512,1456,73,912,839,113,216,103,73,384,311,73,4513,20
55,255,200,56,592,536,56,680,624,72,2952,2880,72,864,792,112,280,168,96,544,448,120,6287,20
96,248,152,80,560,480,64,480,416,72,633,561,71,799,728,120,736,616,144,488,344,88,4032,20
96,272,176,73,305,232,67,1671,1604,64,619,555,69,845,776,88,296,208,96,480,384,56,4544,20
56,400,344,80,656,576,80,160,80,105,1096,991,96,264,168,112,1032,920,137,832,695,72,4512,20
104,152,48,88,369,281,55,375,320,64,776,712,88,696,608,88,1592,1504,129,456,327,88,4504,20
72,289,217,87,279,192,65,672,607,64,1520,1456,96,376,280,88,1352,1264,80,504,424,80,5072,20
87,207,120,57,384,327,64,312,248,64,1089,1025,55,487,432,87,1216,1129,88,808,720,72,4575,20
72,504,432,72,224,152,72,376,304,64,1281,1217,63,743,680,103,504,401,72,1661,1589,106,5399,20
64,424,360,64,392,328,80,160,80,112,1122,1010,94,1158,1064,96,360,264,104,448,344,64,4128,20
184,232,48,168,272,104,88,392,304,80,1152,1072,64,504,440,112,408,296,72,1240,1168,104,4304,20
89,264,175,64,248,184,48,1104,1056,64,952,888,72,1088,1016,104,320,216,88,352,264,72,4400,20
80,208,128,88,280,192,72,440,368,80,1064,984,72,464,392,128,1232,1104,96,456,360,80,4224,20
88,240,152,80,376,296,64,376,312,88,680,592,64,1024,960,72,824,752,72,232,160,64,3816,20
56,237,181,59,243,184,56,368,312,48,1312,1264,48,488,440,56,329,273,71,431,360,88,3496,20
88,248,160,56,264,208,64,248,184,74,2360,2286,48,1264,1216,64,432,368,56,360,304,64,5240,20
80,208,128,64,1616,1552,120,280,160,80,1728,1648,64,632,568,104,1928,1824,72,408,336,96,6896,20
73,272,199,56,224,168,48,384,336,56,1400,1344,48,448,400,72,2712,2640,72,504,432,56,6000,20
80,256,176,72,368,296,112,224,112,96,1240,1144,72,376,304,104,792,688,144,704,560,80,4040,20
160,249,89,95,215,120,64,128,64,88,1648,1560,72,536,464,80,392,312,80,456,376,72,3696,20
72,224,152,72,416,344,88,224,136,80,928,848,56,840,784,80,248,168,72,353,281,55,3288,20
144,192,48,88,200,112,64,216,152,72,1240,1168,104,656,552,112,744,632,96,824,728,80,4152,20
88,896,808,88,216,128,72,144,72,104,839,735,65,2737,2672,96,320,224,136,576,440,64,5792,20
24,424,400,56,216,160,56,200,144,40,1584,1544,56,664,608,64,448,384,72,432,360,80,4048,20
80,280,200,56,352,296,57,392,335,72,616,544,88,920,832,88,456,368,72,504,432,72,3592,20
111,208,97,128,304,176,120,184,64,104,912,808,104,752,648,96,696,600,144,392,248,80,3528,20
112,224,112,120,272,152,136,200,64,120,1072,952,88,1240,1152,104,319,215,129,281,152,72,3680,20
88,200,112,104,264,160,106,176,70,56,560,504,72,800,728,59,1064,1005,128,344,216,72,3480,20
56,512,456,64,353,289,63,623,560,88,896,808,65,768,703,112,696,584,88,520,432,128,4496,20
97,257,160,72,240,168,56,400,344,88,1696,1608,64,800,736,128,2056,1928,72,352,280,104,5905,20
56,304,248,40,248,208,48,336,288,56,1168,1112,56,1704,1648,104,193,89,71,399,328,144,4496,20
55,255,200,56,384,328,48,232,184,56,1184,1128,72,696,624,80,504,424,72,424,352,120,3799,20
56,792,736,40,368,328,40,296,256,48,2072,2024,64,2568,2504,111,1160,1049,56,488,432,48,7792,20
64,760,696,64,760,696,64,304,240,64,1063,999,49,665,616,128,521,393,47,487,440,56,4616,20
48,480,432,56,288,232,64,272,208,56,1952,1896,72,856,784,120,768,648,64,616,552,72,5304,20
57,464,407,57,384,327,48,336,288,64,632,568,48,320,272,169,680,511,72,784,712,72,3672,20
56,304,248,40,328,288,40,320,280,56,920,864,40,616,576,104,824,720,56,408,352,48,3768,20
56,296,240,56,512,456,56,312,256,56,776,720,56,328,272,120,528,408,72,1015,943,65,3832,20
56,476,420,60,2468,2408,64,376,312,64,1480,1416,56,1920,1864,104,528,424,72,1064,992,56,8368,20
72,360,288,80,272,192,56,248,192,64,1024,960,96,560,464,144,400,256,128,384,256,112,3360,20
56,392,336,48,296,248,56,1240,1184,64,2488,2424,72,2640,2568,63,656,593,80,448,368,128,8288,20
48,256,208,56,480,424,56,272,216,56,760,704,40,696,656,40,399,359,89,537,448,48,3448,20
48,352,304,48,288,240,56,216,160,56,800,744,40,400,360,56,688,632,56,592,536,48,3384,20
48,336,288,40,376,336,48,544,496,64,1352,1288,48,504,456,56,368,312,72,736,664,40,4256,20
31,536,505,56,256,200,48,791,743,49,929,880,48,584,536,48,1688,1640,56,495,439,74,5353,20
56,280,224,56,320,264,72,312,240,68,840,772,64,240,176,88,1880,1792,72,456,384,71,4399,20
55,328,273,56,432,376,64,312,248,96,1328,1232,56,680,624,32,880,848,72,472,400,96,4528,20
56,232,176,64,824,760,57,545,488,63,727,664,64,464,400,72,936,864,88,488,400,112,4328,20
64,352,288,64,496,432,48,296,248,48,872,824,56,592,536,72,1744,1672,64,679,615,57,5088,20
96,184,88,72,216,144,56,152,96,88,1680,1592,56,464,408,48,496,448,80,352,272,72,3616,20
64,208,144,64,256,192,64,264,200,72,680,608,56,536,480,64,735,671,56,441,385,56,3176,20
56,232,176,64,232,168,64,392,328,64,944,880,57,384,327,72,1872,1800,80,608,528,64,4728,20
96,232,136,64,232,168,64,304,240,96,960,864,55,472,417,88,2496,2408,96,248,152,80,5024,20
96,176,80,73,264,191,88,249,161,49,1080,1031,64,352,288,64,551,487,73,361,288,80,3113,20
64,224,160,64,264,200,72,200,128,80,776,696,48,496,448,80,1168,1088,80,440,360,55,3623,20
72,216,144,80,320,240,72,272,200,80,1320,1240,96,3511,3415,97,521,424,80,528,448,80,6768,20
88,312,224,64,504,440,64,272,208,72,352,280,56,1888,1832,72,312,240,64,376,312,72,4088,20
64,232,168,72,272,200,64,200,136,80,672,592,56,472,416,88,359,271,73,713,640,56,2976,20
64,240,176,72,263,191,65,849,784,72,1920,1848,72,2328,2256,80,176,96,80,272,192,80,6128,20
72,200,128,64,207,143,64,529,465,72,2472,2400,64,704,640,104,2480,2376,80,574,494,98,7264,20
96,168,72,73,248,175,64,152,88,64,712,648,56,360,304,56,1567,1511,73,705,632,56,3968,20
80,216,136,64,264,200,64,136,72,72,936,864,48,1064,1016,56,336,280,72,328,256,64,3344,20
88,144,56,72,201,129,62,143,81,71,864,793,72,2520,2448,56,200,144,72,1760,1688,64,5896,20
88,136,48,72,216,144,64,152,88,56,888,832,57,920,863,64,2551,2487,65,609,544,72,5544,20
112,200,88,64,184,120,63,136,73,56,1119,1063,57,433,376,56,608,552,72,320,248,64,3064,20
72,152,80,80,560,480,88,776,688,72,1576,1504,48,384,336,64,1432,1368,88,992,904,96,5968,20
119,264,145,96,272,176,72,448,376,56,2096,2040,56,1144,1088,104,424,320,111,648,537,120,5416,20
88,184,96,64,200,136,64,480,416,64,1607,1543,65,1001,936,95,632,537,104,440,336,128,4672,20
128,256,128,80,256,176,72,424,352,96,672,576,72,400,328,80,1344,1264,80,344,264,64,3760,20
64,264,200,72,256,184,72,200,128,72,736,664,56,408,352,80,2311,2231,97,360,263,65,4600,20
103,159,56,72,217,145,64,640,576,88,1552,1464,96,751,655,121,865,744,80,168,88,80,4432,20
88,184,96,72,208,136,64,608,544,88,1192,1104,56,448,392,40,1368,1328,88,376,288,88,4472,20
64,146,82,86,325,239,64,633,569,88,664,576,72,1664,1592,112,728,616,72,528,456,88,4776,20
80,232,152,72,504,432,72,400,328,72,1616,1544,48,1352,1304,64,496,432,64,1168,1104,56,5824,20
96,176,80,72,184,112,72,136,64,88,1152,1064,64,568,504,72,528,456,55,664,609,80,3488,20
79,192,113,64,200,136,71,322,251,78,630,552,64,432,368,64,536,472,72,608,536,57,2977,20
65,313,248,55,184,129,48,120,72,80,912,832,55,352,297,72,744,672,80,408,328,64,3097,20
80,128,48,64,152,88,56,88,32,48,1072,1024,56,655,599,89,417,328,64,471,407,73,3056,20
127,248,121,96,216,120,72,144,72,72,2328,2256,80,672,592,96,584,488,80,408,328,64,4664,20
103,215,112,72,208,136,50,177,127,72,904,832,48,2304,2256,88,200,112,80,536,456,64,4608,20
128,224,96,56,175,119,65,233,168,80,1856,1776,56,832,776,96,1200,1104,88,544,456,88,5152,20
104,224,120,136,352,216,144,192,48,111,606,495,66,642,576,88,1463,1375,73,385,312,88,3952,20
104,192,88,80,176,96,72,152,80,64,774,710,58,378,320,88,1968,1880,72,296,224,84,4020,20
88,208,120,72,241,169,62,175,113,80,1128,1048,112,888,776,104,408,304,80,400,320,88,3536,20
88,217,129,79,320,241,88,200,112,72,1120,1048,56,1184,1128,96,327,231,81,545,464,80,3993,20
80,272,192,64,216,152,72,240,168,64,808,744,56,592,536,80,368,288,104,336,232,128,2960,20
64,240,176,64,256,192,64,456,392,72,719,647,73,969,896,128,792,664,72,328,256,128,3888,20
72,1599,1527,73,193,120,59,192,133,56,840,784,55,592,537,127,288,161,120,240,120,104,4048,20
72,240,168,48,232,184,56,200,144,64,984,920,56,1952,1896,140,440,300,88,216,128,96,4360,20
56,248,192,56,584,528,56,224,168,55,2672,2617,51,1880,1829,56,360,304,64,600,536,104,6672,20
96,208,112,96,254,158,98,154,56,112,1271,1159,65,753,688,72,576,504,64,520,456,64,3800,20
95,312,217,71,224,153,79,135,56,105,649,544,80,856,776,79,352,273,119,608,489,72,3208,20
136,200,64,64,192,128,80,151,71,97,1489,1392,56,1048,992,88,480,392,80,344,264,104,4008,20
57,273,216,64,288,224,48,216,168,48,728,680,70,919,849,81,592,511,88,456,368,97,3569,20
104,136,32,79,199,120,89,113,24,128,432,304,80,464,384,88,320,232,80,544,464,88,2296,20
112,176,64,80,177,97,87,150,63,104,537,433,72,448,376,103,319,216,105,449,344,88,2344,20
104,128,24,80,176,96,61,127,66,81,537,456,72,648,576,64,280,216,72,416,344,96,2408,20
72,240,168,64,200,136,56,183,127,72,393,321,66,368,302,48,2120,2072,56,1160,1104,71,4735,20
80,920,840,72,880,808,72,664,592,80,879,799,105,665,560,80,336,256,64,423,359,56,4823,20
56,353,297,55,192,137,62,167,105,57,369,312,71,424,353,55,552,497,72,440,368,72,2569,20
89,193,104,64,184,120,64,184,120,80,336,256,55,407,352,73,457,384,48,600,552,55,2416,20
48,248,200,63,312,249,64,231,167,62,601,539,72,409,337,119,615,496,64,672,608,72,3160,20
56,368,312,80,279,199,65,225,160,72,448,376,95,455,360,112,312,200,91,464,373,48,2599,20
64,424,360,97,289,192,112,239,127,96,457,361,128,348,220,164,388,224,127,264,137,128,2537,20
72,287,215,97,305,208,96,200,104,88,731,643,117,324,207,137,817,680,80,240,160,144,3048,20
87,200,113,168,288,120,96,208,112,96,632,536,72,329,257,108,287,179,120,288,168,112,2344,20
127,175,48,65,185,120,71,120,49,111,1136,1025,72,503,431,81,360,279,73,465,392,79,3023,20
128,207,79,73,209,136,72,144,72,88,1440,1352,64,8384,8320,87,272,185,127,280,153,128,11064,20
96,176,80,72,176,104,79,136,57,80,904,824,128,696,568,64,1896,1832,88,616,528,80,4680,20
96,200,104,80,200,120,72,120,48,88,456,368,88,1128,1040,120,231,111,105,497,392,112,2944,20
112,168,56,72,208,136,72,144,72,96,872,776,95,464,369,56,920,864,72,551,479,97,3424,20
119,200,81,72,192,120,79,152,73,96,399,303,81,441,360,80,464,384,119,408,289,104,2360,20
96,200,104,72,184,112,72,128,56,80,552,472,56,431,375,81,513,432,96,360,264,88,2456,20
96,223,127,81,193,112,80,152,72,80,448,368,72,416,344,73,568,495,104,336,232,56,2392,20
96,264,168,72,327,255,113,409,296,71,1248,1177,95,1520,1425,86,648,562,136,968,832,96,5480,20
95,528,433,120,383,263,168,209,41,160,376,216,167,431,264,81,1945,1864,80,472,392,144,4488,20
56,344,288,62,232,170,72,224,152,64,432,368,96,1088,992,152,504,352,72,1192,1120,96,4112,20
47,358,311,82,298,216,64,256,192,71,527,456,81,817,736,128,327,199,100,593,493,144,3320,20
48,248,200,64,216,152,56,200,144,64,416,352,64,408,344,112,432,320,72,351,279,105,2376,20
76,284,208,64,240,176,72,215,143,65,449,384,72,576,504,112,312,200,80,208,128,120,2404,20
63,368,305,64,231,167,57,193,136,56,1007,951,73,1009,936,144,264,120,112,224,112,119,3415,20
49,401,352,58,312,254,79,224,145,55,2056,2001,71,967,896,161,272,111,105,192,87,129,4553,20
64,272,208,64,255,191,57,249,192,64,447,383,65,377,312,96,336,240,96,223,127,117,2276,20
65,297,232,55,263,208,65,225,160,64,456,392,56,296,240,136,256,120,112,200,88,136,2129,20
105,225,120,96,248,152,88,160,72,104,984,880,111,1776,1665,56,240,184,112,463,351,129,4225,20
96,119,23,113,241,128,72,120,48,136,400,264,120,776,656,71,535,464,144,456,312,97,2744,20
104,296,192,96,512,416,120,352,232,64,408,344,104,1368,1264,96,336,240,112,416,304,119,3807,20
104,240,136,80,216,136,71,415,344,89,1056,967,97,937,840,56,472,416,104,391,287,69,3796,20
120,224,104,80,216,136,96,248,152,120,415,295,96,481,385,72,464,392,104,448,344,87,2583,20
88,240,152,72,216,144,88,264,176,88,696,608,80,944,864,79,720,641,96,687,591,57,3824,20
73,177,104,64,264,200,72,152,80,71,711,640,65,368,303,72,753,681,56,464,408,55,2944,20
80,184,104,72,216,144,72,168,96,71,576,505,72,520,448,64,424,360,80,359,279,73,2520,20
88,416,328,80,240,160,87,199,112,80,609,529,72,359,287,73,409,336,87,1328,1241,56,3616,20
143,215,72,88,592,504,129,161,32,88,1399,1311,73,1529,1456,79,2016,1937,143,240,97,128,6280,20
110,111,1,121,232,111,89,144,55,113,937,824,88,1016,928,120,280,160,136,344,208,128,3192,20
128,184,56,96,240,144,103,184,81,104,560,456,88,887,799,112,266,154,118,1511,1393,135,3967,20
111,192,81,104,263,159,97,152,55,129,809,680,111,2016,1905,112,207,95,137,441,304,72,4152,20
97,160,63,73,201,128,80,136,56,112,1288,1176,120,823,703,72,449,377,96,583,487,81,3721,20
112,160,48,79,192,113,72,128,56,80,408,328,96,480,384,88,360,272,104,1984,1880,56,3768,20
64,480,416,104,280,176,128,232,104,120,855,735,81,769,688,95,264,169,119,528,409,111,3519,20
127,175,48,89,193,104,96,136,40,120,976,856,67,208,141,120,491,371,132,420,288,136,2735,20
128,184,56,88,199,111,89,129,40,112,312,200,104,368,264,89,569,480,104,399,295,105,2265,20
88,176,88,88,200,112,80,144,64,94,392,298,96,400,304,79,624,545,112,480,368,88,2504,20
136,174,38,82,194,112,72,144,72,72,608,536,79,396,317,75,444,369,88,319,231,73,2352,20
88,152,64,79,176,97,64,112,48,64,1400,1336,80,1864,1784,95,328,233,119,295,176,129,4456,20
128,130,2,95,199,104,71,111,40,113,488,375,72,993,921,96,598,502,81,418,337,103,3040,20
89,201,112,80,216,136,96,224,128,112,944,832,80,400,320,95,1248,1153,111,399,288,129,3761,20
160,336,176,112,256,144,87,176,89,112,776,664,87,1016,929,104,264,160,72,288,216,128,3240,20
121,210,89,63,183,120,88,145,57,87,560,473,80,368,288,88,447,359,73,256,183,89,2258,20
88,160,72,80,191,111,89,137,48,128,272,144,96,352,256,89,1176,1087,128,2199,2071,81,4568,20
106,145,39,72,192,120,64,128,64,111,1600,1489,95,2088,1993,128,834,706,149,398,249,151,5536,20
136,208,72,96,248,152,80,320,240,95,464,369,112,568,456,112,240,128,160,840,680,96,2984,20
120,168,48,72,184,112,97,224,127,120,1176,1056,96,743,647,136,241,105,111,359,248,97,3192,20
105,193,88,64,192,128,72,136,64,112,408,296,71,1624,1553,80,216,136,112,398,286,97,3264,20
128,225,97,64,184,120,64,144,80,56,1536,1480,64,3232,3168,128,583,455,113,425,312,112,6441,20
96,247,151,80,304,224,64,312,248,120,680,560,80,488,408,88,2473,2385,80,336,256,104,4944,20
111,255,144,73,233,160,63,592,529,111,630,519,81,378,297,40,655,615,105,529,424,88,3360,20
96,207,111,73,200,127,73,144,71,129,769,640,80,991,911,80,551,471,90,378,288,72,3312,20
138,186,48,72,208,136,88,736,648,104,736,632,72,663,591,89,1633,1544,64,440,376,88,4690,20
112,217,105,80,247,167,80,153,73,144,368,224,96,408,312,88,528,440,104,360,256,88,2369,20
120,400,280,80,488,408,103,240,137,112,680,568,80,728,648,96,1343,1247,129,744,615,120,4743,20
112,161,49,72,192,120,64,119,55,80,400,320,81,577,496,88,400,312,72,1000,928,112,2961,20
120,230,110,59,208,149,81,153,72,96,1704,1608,40,1385,1345,72,1847,1775,96,385,289,136,6048,20
119,215,96,56,425,369,88,272,184,111,1560,1449,64,712,648,79,199,120,105,673,568,120,4176,20
80,232,152,128,696,568,119,392,273,96,1440,1344,88,528,440,112,272,160,159,431,272,97,4088,20
96,232,136,144,367,223,129,273,144,136,648,512,127,424,297,103,376,273,112,256,144,103,2679,20
80,255,175,112,313,201,96,248,152,80,551,471,96,1633,1537,135,336,201,128,272,144,127,3735,20
111,280,169,96,351,255,89,281,192,96,1584,1488,80,528,448,79,408,329,88,520,432,117,4069,20
128,456,328,72,296,224,56,343,287,69,856,787,81,497,416,80,1832,1752,128,184,56,80,4544,20
112,176,64,63,192,129,64,184,120,64,656,592,87,1328,1241,87,1095,1008,104,273,169,103,4007,20
113,241,128,72,280,208,72,606,534,82,946,864,88,568,480,88,375,287,73,321,248,80,3417,20
87,320,233,88,232,144,64,183,119,105,417,312,72,472,400,88,368,280,96,399,303,81,2472,20
80,374,294,82,393,311,97,312,215,81,409,328,88,320,232,80,1440,1360,104,408,304,96,3752,20
95,232,137,71,200,129,72,151,79,88,377,289,80,376,296,87,2215,2128,120,513,393,71,4135,20
95,192,97,64,192,128,72,152,80,80,320,240,80,376,296,55,2111,2056,73,392,319,81,3816,20
112,208,96,64,175,111,73,144,71,72,1256,1184,57,1361,1304,88,407,319,80,297,217,63,3911,20
103,192,89,56,160,104,71,144,73,72,1367,1295,89,601,512,80,360,280,72,574,502,81,3479,20
54,200,146,80,240,160,72,183,111,73,881,808,120,928,808,104,535,431,96,473,377,80,3520,20
79,287,208,73,241,168,88,208,120,120,400,280,80,768,688,64,808,744,80,360,280,71,3143,20
129,169,40,88,208,120,95,248,153,96,919,823,105,433,328,88,607,519,83,296,213,80,2960,20
89,224,135,72,201,129,88,159,71,73,416,343,57,385,328,79,416,337,95,383,288,80,2264,20
96,272,176,64,224,160,87,216,129,127,544,417,96,376,280,72,671,599,96,304,208,73,2680,20
89,217,128,81,217,136,80,136,56,112,535,423,88,976,888,112,464,352,105,264,159,121,2930,20
73,289,216,64,240,176,80,456,376,96,816,720,88,2456,2368,104,960,856,119,616,497,87,5920,20
112,470,358,88,329,241,105,361,256,119,800,681,88,751,663,88,1793,1705,103,936,833,304,5744,20
159,208,49,79,192,113,95,159,64,137,424,287,121,648,527,104,712,608,142,296,154,104,2743,20
119,183,64,64,193,129,71,168,97,111,2080,1969,71,902,831,97,169,72,112,336,224,89,4120,20
88,161,73,71,176,105,87,159,72,80,385,305,78,719,641,64,424,360,104,360,256,104,2488,20
96,168,72,64,208,144,88,160,72,96,778,682,86,774,688,56,272,216,104,305,201,63,2728,20
112,296,184,80,216,136,63,160,97,72,449,377,64,770,706,86,1701,1615,80,344,264,64,4000,20
64,209,145,72,719,647,104,273,169,79,399,320,88,384,296,64,392,328,88,424,336,48,2848,20
88,176,88,48,320,272,80,161,81,95,359,264,80,368,288,80,368,288,96,288,192,72,2112,20
80,176,96,64,200,136,64,176,112,73,491,418,61,398,337,72,456,384,87,431,344,64,2392,20
135,167,32,96,256,160,96,240,144,128,448,320,96,1497,1401,95,335,240,128,328,200,112,3383,20
127,167,40,80,208,128,96,145,49,103,511,408,104,1136,1032,56,1096,1040,104,327,223,73,3663,20
96,272,176,80,248,168,80,216,136,72,464,392,96,432,336,48,320,272,96,584,488,56,2592,20
64,184,120,72,208,136,80,152,72,104,344,240,72,360,288,64,409,345,95,399,304,56,2112,20
63,207,144,72,224,152,56,144,88,72,312,240,64,408,344,57,368,311,80,328,248,42,2033,20
88,160,72,64,184,120,48,120,72,56,320,264,72,864,792,72,288,216,104,1208,1104,64,3208,20
48,144,96,72,198,126,58,130,72,37,376,339,72,401,329,71,423,352,88,408,320,72,2152,20
81,200,119,72,424,352,80,176,96,73,520,447,72,1088,1016,48,480,432,88,496,408,72,3456,20
64,176,112,73,201,128,71,167,96,64,352,288,56,440,384,40,488,448,73,856,783,88,2768,20
96,225,129,71,303,232,96,264,168,80,544,464,96,792,696,72,1488,1416,96,464,368,96,4176,20
112,192,80,72,200,128,80,144,64,82,344,262,72,384,312,60,480,420,80,416,336,50,2210,20
88,329,241,71,511,440,112,249,137,103,1567,1464,64,520,456,72,1472,1400,88,232,144,96,4976,20
120,208,88,80,216,136,88,152,64,88,840,752,96,1464,1368,64,1976,1912,89,358,269,138,5352,20
119,151,32,72,184,112,72,120,48,72,448,376,64,768,704,56,264,208,80,680,600,72,2687,20
104,160,56,64,176,112,72,112,40,89,304,215,73,408,335,96,360,264,72,369,297,71,1960,20
104,200,96,72,188,116,68,131,63,81,329,248,56,512,456,72,304,232,96,264,168,88,2016,20
96,288,192,80,232,152,64,232,168,112,464,352,56,424,368,72,416,344,96,417,321,71,2544,20
72,176,104,56,184,128,64,120,56,88,2056,1968,72,432,360,56,808,752,88,311,223,105,4192,20
96,200,104,64,192,128,65,152,87,80,280,200,51,376,325,72,320,248,112,296,184,88,1904,20
104,200,96,64,176,112,72,144,72,72,336,264,80,600,520,72,240,168,80,384,304,64,2144,20
96,176,80,64,192,128,80,152,72,80,624,544,80,336,256,80,352,272,80,432,352,80,2344,20
88,200,112,72,208,136,72,168,96,113,320,207,88,960,872,64,1240,1176,96,640,544,72,3808,20
88,184,96,64,184,120,64,160,96,80,368,288,80,424,344,72,592,520,97,328,231,112,2352,20
104,200,96,72,216,144,72,192,120,80,936,856,80,2296,2216,64,208,144,111,312,201,56,4416,20
120,168,48,72,184,112,64,136,72,64,1304,1240,48,392,344,72,592,520,88,288,200,104,3168,20
128,392,264,80,192,112,72,128,56,113,537,424,51,783,732,56,400,344,64,336,272,72,2840,20
72,232,160,64,240,176,64,224,160,80,736,656,72,416,344,65,449,384,71,303,232,88,2688,20
88,312,224,80,232,152,72,304,232,96,960,864,72,528,456,64,393,329,62,439,377,96,3264,20
88,152,64,64,624,560,88,640,552,104,824,720,88,1160,1072,64,608,544,88,232,144,96,4336,20
90,137,47,65,182,117,64,136,72,64,480,416,80,496,416,80,320,240,96,352,256,66,2169,20
96,792,696,88,664,576,80,312,232,80,560,480,88,376,288,104,520,416,72,312,240,104,3640,20
120,176,56,72,192,120,64,128,64,88,552,464,64,408,344,88,528,440,88,536,448,96,2616,20
104,184,80,72,216,144,72,168,96,104,624,520,82,432,350,95,408,313,71,352,281,40,2424,20
104,216,112,72,368,296,73,216,143,96,608,512,64,2784,2720,120,240,120,72,696,624,80,5208,20
104,152,48,56,223,167,57,129,72,104,648,544,88,1896,1808,72,248,176,88,528,440,88,3912,20
96,192,96,72,208,136,64,168,104,104,464,360,80,807,727,56,809,753,72,1609,1537,111,4368,20
112,184,72,64,232,168,56,240,184,80,528,448,80,344,264,88,464,376,88,272,184,88,2352,20
112,240,128,56,184,128,64,192,128,80,808,728,56,440,384,40,416,376,56,313,257,87,2680,20
112,274,162,78,206,128,97,224,127,104,552,448,80,424,344,56,680,624,80,368,288,96,2824,20
112,224,112,65,184,119,64,176,112,88,536,448,72,415,343,65,961,896,88,208,120,80,2784,20
120,504,384,64,352,288,80,296,216,80,512,432,70,352,282,72,424,352,56,272,216,88,2800,20
80,280,200,56,200,144,56,296,240,72,672,600,64,1936,1872,56,456,400,96,368,272,104,4312,20
104,264,160,72,240,168,72,232,160,128,440,312,72,368,296,72,1384,1312,88,336,248,72,3336,20
88,216,128,64,240,176,57,200,143,104,648,544,88,2616,2528,88,232,144,80,328,248,96,4576,20
72,232,160,64,192,128,64,192,128,80,496,416,72,376,304,64,736,672,80,288,208,88,2600,20
88,272,184,64,248,184,64,264,200,80,600,520,79,1512,1433,56,432,376,63,280,217,55,3663,20
72,240,168,64,192,128,64,160,96,80,432,352,64,368,304,72,1304,1232,104,360,256,88,3144,20
104,648,544,56,192,136,52,152,100,48,2168,2120,72,3616,3544,72,552,480,88,440,352,80,7848,20
104,208,104,72,208,136,64,176,112,64,760,696,80,304,224,88,664,576,64,784,720,64,3168,20
120,248,128,88,208,120,72,136,64,112,632,520,112,2232,2120,120,304,184,80,488,408,152,4400,20
136,192,56,72,184,112,80,144,64,128,592,464,80,944,864,113,584,471,80,488,408,104,3232,20
128,184,56,72,192,120,72,176,104,88,615,527,73,745,672,112,344,232,88,800,712,127,3183,20
120,184,64,80,248,168,72,272,200,101,1120,1019,72,464,392,64,296,232,80,280,200,74,2938,20
72,209,137,56,224,168,64,240,176,112,704,592,56,392,336,80,328,248,88,320,232,48,2465,20
113,200,87,56,232,176,80,232,152,96,440,344,88,664,576,80,312,232,72,352,280,88,2520,20
120,160,40,104,248,144,120,176,56,112,1608,1496,96,416,320,96,2224,2128,96,464,368,112,5408,20
128,216,88,112,432,320,88,192,104,128,672,544,112,1256,1144,72,648,576,72,216,144,112,3744,20
136,264,128,80,232,152,65,128,63,120,408,288,88,373,285,115,1291,1176,88,368,280,88,3152,20
96,184,88,80,192,112,80,160,80,120,312,192,88,432,344,80,528,448,96,672,576,128,2608,20
56,256,200,64,216,152,48,192,144,120,352,232,104,352,248,72,730,658,94,318,224,104,2520,20
104,200,96,64,200,136,64,176,112,72,328,256,56,416,360,56,2344,2288,80,536,456,112,4312,20
64,160,96,56,184,128,56,144,88,56,384,328,72,2744,2672,72,200,128,88,313,225,79,4208,20
112,200,88,72,200,128,64,152,88,64,504,440,88,976,888,96,360,264,88,320,232,96,2808,20
128,240,112,64,200,136,71,2904,2833,56,448,392,104,648,544,56,504,448,96,312,216,88,5344,20
120,144,24,64,184,120,72,136,64,96,496,400,96,472,376,80,472,392,104,624,520,96,2624,20
120,176,56,72,176,104,72,136,64,88,360,272,72,1896,1824,112,376,264,88,376,288,96,3592,20
136,200,64,64,240,176,96,416,320,112,488,376,80,936,856,120,616,496,88,304,216,104,3304,20
144,184,40,64,184,120,72,192,120,104,368,264,64,416,352,112,2088,1976,96,432,336,96,3960,20
112,184,72,64,192,128,64,184,120,96,520,424,64,608,544,56,368,312,80,256,176,80,2392,20
96,240,144,57,192,135,80,200,120,104,368,264,72,416,344,96,1736,1640,64,464,400,80,3696,20
96,248,152,64,192,128,104,200,96,112,400,288,64,512,448,88,856,768,112,328,216,96,2832,20
104,192,88,65,160,95,72,168,96,72,296,224,64,440,376,80,592,512,96,337,241,87,2272,20
96,176,80,56,184,128,64,160,96,72,256,184,64,368,304,64,608,544,88,304,216,72,2128,20
124,208,84,64,168,104,64,133,69,83,2083,2000,80,2448,2368,112,216,104,96,408,312,104,5768,20
97,208,111,72,192,120,64,144,80,80,384,304,80,736,656,56,296,240,88,1432,1344,72,3464,20
112,160,48,72,192,120,72,152,80,72,328,256,64,448,384,72,520,448,72,968,896,88,2856,20
80,184,104,56,168,112,72,152,80,72,312,240,88,432,344,79,1943,1864,97,297,200,56,3544,20
104,224,120,56,560,504,72,216,144,80,496,416,88,352,264,64,1456,1392,88,392,304,88,3784,20
79,177,98,71,215,144,56,169,113,87,319,232,64,769,705,95,575,480,80,295,215,96,2615,20
81,833,752,56,200,144,72,232,160,87,401,314,72,647,575,88,472,384,88,344,256,80,3209,20
88,184,96,64,176,112,72,168,96,72,232,160,81,392,311,64,408,344,80,279,199,97,1936,20
108,224,116,48,184,136,72,160,88,56,880,824,40,608,568,64,448,384,88,248,160,95,2847,20
128,336,208,56,192,136,80,183,103,129,361,232,112,888,776,96,288,192,144,288,144,104,2640,20
72,328,256,72,312,240,88,384,296,80,5080,5000,112,1312,1200,72,872,800,72,1480,1408,120,9888,20
117,223,106,56,232,176,64,240,176,96,440,344,80,2152,2072,72,232,160,136,504,368,120,4143,20
96,160,64,64,216,152,40,360,320,88,1488,1400,40,320,280,113,696,583,80,352,272,104,3696,20
136,184,48,88,200,112,72,130,58,102,750,648,48,272,224,64,520,456,79,680,601,80,2816,20
96,248,152,80,232,152,64,224,160,128,456,328,64,328,264,80,424,344,80,840,760,104,2856,20
122,272,150,88,240,152,88,264,176,121,688,567,96,345,249,55,1007,952,80,152,72,128,3096,20
103,200,97,71,201,130,78,207,129,113,432,319,96,392,296,72,647,575,96,1705,1609,104,3888,20
80,184,104,80,232,152,96,208,112,104,463,359,96,377,281,104,560,456,115,399,284,105,2528,20
103,304,201,104,264,160,112,223,111,129,401,272,104,552,448,64,944,880,88,704,616,103,3495,20
112,168,56,96,224,128,87,143,56,129,369,240,80,432,352,96,1568,1472,104,1552,1448,80,4536,20
104,208,104,96,223,127,73,129,56,128,976,848,80,352,272,114,384,270,95,560,465,64,2896,20
96,176,80,81,208,127,48,128,80,112,328,216,80,1240,1160,88,392,304,80,736,656,80,3288,20
114,168,54,64,192,128,56,135,79,89,1297,1208,88,440,352,72,312,240,96,632,536,72,3248,20
120,183,63,112,384,272,64,600,536,104,1129,1025,79,375,296,105,592,487,144,456,312,129,3848,20
103,208,105,79,456,377,95,224,129,127,472,345,103,472,369,112,664,552,79,287,208,81,2864,20
89,241,152,71,224,153,71,216,145,119,424,305,122,376,254,104,1024,920,128,536,408,96,3137,20
120,224,104,72,216,144,71,200,129,112,712,600,72,784,712,128,496,368,80,688,608,80,3400,20
80,209,129,71,231,160,79,216,137,95,424,329,80,1032,952,114,352,238,114,416,302,79,2959,20
81,265,184,64,216,152,64,256,192,104,568,464,104,376,272,104,568,464,80,664,584,80,2993,20
104,152,48,104,463,359,96,160,64,96,512,416,81,761,680,104,488,384,88,368,280,88,2992,20
88,248,160,88,264,176,68,272,204,79,880,801,104,858,754,102,470,368,104,432,328,96,3520,20
88,272,184,80,304,224,71,272,201,72,424,352,80,360,280,80,560,480,80,712,632,88,2992,20
96,224,128,64,200,136,72,218,146,98,350,252,88,408,320,56,558,502,74,466,392,88,2512,20
72,232,160,80,216,136,80,184,104,104,280,176,88,809,721,88,663,575,104,313,209,88,2785,20
103,199,96,81,201,120,63,151,88,96,385,289,95,391,296,88,568,480,80,401,321,87,2383,20
71,240,169,96,544,448,87,272,185,104,1112,1008,56,824,768,64,1944,1880,79,568,489,103,5607,20
92,192,100,80,192,112,72,184,112,112,328,216,104,368,264,79,616,537,80,569,489,103,2552,20
115,288,173,64,215,151,81,200,119,129,369,240,104,976,872,88,872,784,104,496,392,80,3496,20
72,240,168,80,200,120,80,211,131,101,309,208,104,472,368,80,624,544,80,577,497,78,2711,20
104,255,151,81,201,120,80,224,144,104,336,232,96,447,351,81,401,320,104,520,416,103,2487,20
104,232,128,72,176,104,72,258,186,104,334,230,104,495,391,65,465,400,96,496,400,56,2512,20
88,216,128,88,224,136,72,232,160,104,264,160,88,407,319,97,721,624,96,400,304,88,2552,20
88,288,200,88,226,138,79,238,159,104,384,280,72,1120,1048,88,384,296,96,424,328,104,3168,20
119,247,128,80,192,112,80,193,113,111,439,328,80,368,288,96,777,681,127,375,248,104,2695,20
95,201,106,79,184,105,71,176,105,122,335,213,72,393,321,136,551,415,80,376,296,88,2304,20
103,255,152,57,161,104,55,231,176,105,376,271,80,456,376,72,704,632,113,584,471,80,2847,20
80,200,120,71,184,113,64,191,127,73,377,304,64,480,416,88,320,232,103,399,296,89,2240,20
105,193,88,71,184,113,79,216,137,87,528,441,96,560,464,104,376,272,79,847,768,72,2976,20
88,208,120,80,208,128,64,192,128,104,616,512,88,800,712,80,384,304,104,320,216,88,2816,20
80,200,120,72,192,120,63,200,137,104,423,319,72,777,705,95,368,273,96,504,408,80,2744,20
80,184,104,66,192,126,56,232,176,80,352,272,72,592,520,80,568,488,88,528,440,72,2720,20
104,192,88,80,200,120,64,240,176,80,336,256,56,568,512,64,416,352,80,456,376,79,2487,20
104,224,120,72,208,136,72,200,128,104,336,232,104,1344,1240,72,328,256,72,384,312,56,3080,20
71,208,137,64,192,128,64,208,144,97,320,223,64,864,800,72,352,280,80,392,312,80,2616,20
80,224,144,56,184,128,80,208,128,88,320,232,88,400,312,80,392,312,56,312,256,104,2144,20
79,240,161,79,231,152,80,304,224,88,592,504,88,472,384,80,424,344,80,361,281,87,2711,20
80,344,264,80,233,153,80,423,343,55,353,298,79,447,368,80,496,416,72,424,352,80,2800,20
81,233,152,71,208,137,63,265,202,78,470,392,64,361,297,79,400,321,79,432,353,79,2448,20
95,264,169,55,192,137,64,273,209,78,407,329,79,775,696,56,401,345,72,336,264,87,2735,20
111,312,201,56,216,160,88,288,200,72,376,304,56,464,408,80,344,264,80,376,296,96,2472,20
89,297,208,80,280,200,71,368,297,104,504,400,79,872,793,80,360,280,88,416,328,96,3193,20
64,241,177,63,192,129,55,240,185,95,440,345,88,360,272,80,480,400,79,631,552,89,2673,20
105,305,200,80,216,136,80,208,128,120,352,232,72,328,256,104,855,751,81,1193,1112,88,3545,20
87,224,137,56,184,128,64,200,136,72,408,336,104,368,264,56,792,736,104,496,392,80,2752,20
64,224,160,64,168,104,72,184,112,113,280,167,80,328,248,72,352,280,80,359,279,81,1976,20
72,248,176,64,208,144,48,215,167,106,377,271,72,440,368,88,400,312,80,848,768,80,2816,20
103,208,105,64,184,120,64,175,111,93,329,236,80,712,632,88,440,352,104,440,336,103,2591,20
88,265,177,55,223,168,73,216,143,72,1017,945,79,423,344,40,1137,1097,128,520,392,87,3888,20
103,223,120,73,185,112,88,344,256,88,1080,992,103,1167,1064,104,177,73,95,272,177,104,3552,20
79,384,305,80,247,167,67,265,198,128,831,703,81,736,655,89,1473,1384,64,368,304,111,4415,20
104,224,120,72,176,104,64,192,128,96,320,224,79,519,440,89,392,303,65,345,280,95,2263,20
79,231,152,64,184,120,56,215,159,108,441,333,96,335,239,64,729,665,79,440,361,79,2654,20
95,223,128,72,192,120,56,184,128,119,320,201,104,440,336,80,344,264,104,384,280,104,2191,20
96,272,176,55,183,128,96,337,241,72,560,488,64,1344,1280,63,1144,1081,128,864,736,80,4784,20
96,192,96,72,160,88,72,208,136,96,344,248,80,464,384,88,368,280,88,504,416,88,2328,20
88,240,152,80,208,128,80,216,136,112,327,215,97,425,328,80,432,352,113,503,390,81,2432,20
102,231,129,55,191,136,64,224,160,84,384,300,56,416,360,104,568,464,104,416,312,88,2518,20
55,184,129,64,175,111,57,185,128,72,456,384,64,1104,1040,56,336,280,87,304,217,56,2800,20
80,192,112,56,160,104,56,167,111,65,433,368,72,400,328,80,384,304,80,544,464,80,2360,20
71,208,137,71,191,120,56,208,152,74,232,158,56,433,377,103,399,296,64,408,344,64,2143,20
72,192,120,56,168,112,56,184,128,89,328,239,81,393,312,95,681,586,78,375,297,121,2442,20
88,240,152,65,176,111,80,208,128,106,305,199,64,432,368,55,384,329,80,400,320,79,2224,20
79,208,129,63,168,105,64,176,112,79,375,296,80,433,353,80,872,792,88,368,280,79,2679,20
80,192,112,64,168,104,79,231,152,82,241,159,64,639,575,81,593,512,111,383,272,80,2527,20
96,224,128,63,176,113,64,169,105,132,303,171,104,328,224,112,352,240,79,336,257,87,1975,20
92,260,168,71,168,97,79,208,129,104,312,208,104,432,328,96,832,736,113,344,231,104,2660,20
96,224,128,56,160,104,72,200,128,80,384,304,80,448,368,72,312,240,72,895,823,89,2712,20
79,200,121,64,168,104,72,200,128,88,336,248,80,376,296,80,472,392,80,488,408,72,2312,20
88,168,80,64,168,104,72,192,120,113,240,127,72,600,528,80,368,288,72,880,808,80,2696,20
79,232,153,63,167,104,64,192,128,80,303,223,65,369,304,88,936,848,88,896,808,80,3175,20
104,192,88,64,169,105,63,167,104,120,400,280,64,368,304,104,424,320,72,872,800,72,2664,20
104,368,264,64,168,104,82,232,150,114,360,246,56,456,400,64,641,577,63,327,264,72,2624,20
80,192,112,63,168,105,64,191,127,81,313,232,114,704,590,80,423,343,105,313,208,88,2392,20
87,183,96,79,176,97,72,203,131,78,254,176,71,439,368,88,608,520,80,447,367,115,2425,20
104,216,112,80,177,97,96,208,112,103,295,192,104,424,320,80,448,368,72,521,449,96,2385,20
80,225,145,63,168,105,64,175,111,104,304,200,80,384,304,72,657,585,102,511,409,80,2504,20
71,200,129,80,191,111,65,360,295,81,449,368,96,368,272,72,367,295,97,728,631,80,2743,20
112,216,104,71,177,106,55,191,136,95,480,385,63,1104,1041,112,872,760,96,264,168,56,3360,20
72,272,200,88,264,176,73,200,127,104,1320,1216,88,440,352,88,1152,1064,104,320,216,72,4040,20
62,189,127,73,1329,1256,80,304,224,96,512,416,64,336,272,80,704,624,88,296,208,88,3758,20
72,272,200,64,272,208,72,248,176,72,368,296,80,648,568,64,496,432,56,359,303,81,2744,20
72,208,136,71,199,128,57,185,128,80,400,320,96,543,447,89,369,280,88,456,368,64,2424,20
80,265,185,63,191,128,56,232,176,79,519,440,81,353,272,56,544,488,80,328,248,80,2512,20
79,191,112,64,176,112,64,200,136,70,1576,1506,89,833,744,103,824,721,95,327,232,88,4215,20
80,224,144,63,215,152,73,256,183,104,648,544,88,985,897,79,743,664,72,353,281,39,3463,20
64,560,496,55,208,153,48,200,152,47,511,464,65,425,360,39,560,521,80,368,288,72,2904,20
112,208,96,71,168,97,80,152,72,80,984,904,56,1250,1194,90,510,420,56,2648,2592,80,6000,20
80,240,160,56,208,152,64,249,185,82,574,492,72,1113,1041,88,680,592,56,1079,1023,81,4224,20
80,192,112,64,176,112,64,216,152,79,560,481,80,520,440,64,1104,1040,56,648,592,72,3488,20
81,216,135,80,187,107,69,197,128,80,448,368,56,473,417,95,607,512,88,712,624,80,2920,20
80,256,176,64,193,129,55,223,168,88,1010,922,70,758,688,121,504,383,72,1920,1848,80,4944,20
136,360,224,168,2248,2080,160,968,808,144,552,408,136,320,184,144,376,232,120,1888,1768,160,6872,33
128,304,176,128,336,208,144,3663,3519,129,1001,872,160,432,272,120,320,200,120,3711,3591,144,9911,33
104,288,184,143,432,289,143,2240,2097,119,496,377,135,488,353,135,336,201,111,3008,2897,151,7439,33
119,272,153,135,464,329,143,1560,1417,143,544,401,159,328,169,143,424,281,143,2096,1953,143,5831,33
160,784,624,120,1648,1528,152,1248,1096,128,448,320,168,376,208,136,368,232,168,1792,1624,144,6808,33
152,416,264,144,528,384,144,1872,1728,136,432,296,160,344,184,128,344,216,128,2312,2184,152,6400,33
144,328,184,168,1408,1240,136,1496,1360,136,976,840,152,344,192,144,400,256,152,2152,2000,135,7239,33
127,576,449,143,2640,2497,111,1384,1273,127,343,216,168,449,281,151,512,361,167,1888,1721,135,7927,33
143,336,193,143,320,177,143,2440,2297,127,823,696,183,320,137,152,328,176,144,1072,928,168,5807,33
112,272,160,112,1232,1120,152,1224,1072,136,488,352,168,288,120,160,328,168,136,2608,2472,112,6552,33
119,320,201,127,344,217,159,1584,1425,167,560,393,167,376,209,143,368,225,151,2800,2649,151,6503,33
96,255,159,113,297,184,152,2064,1912,160,592,432,168,1176,1008,136,408,272,128,2408,2280,152,7352,33
120,288,168,136,328,192,192,864,672,160,416,256,168,480,312,151,375,224,185,1225,1040,168,4144,33
112,288,176,152,336,184,176,904,728,152,432,280,159,2736,2577,144,359,215,129,896,767,176,6127,33
127,280,153,135,296,161,159,3879,3720,168,528,360,152,568,416,128,273,145,151,912,761,159,6895,33
128,456,328,136,312,176,168,1480,1312,152,464,312,160,384,224,144,368,224,136,1696,1560,176,5336,33
137,401,264,160,416,256,208,624,416,168,512,344,176,360,184,176,504,328,168,1856,1688,184,4857,33
144,368,224,168,960,792,216,3080,2864,192,543,351,152,457,305,151,296,145,152,1392,1240,208,7304,33
104,248,144,128,304,176,160,992,832,168,512,344,152,360,208,152,320,168,136,2120,1984,152,5008,33
120,296,176,152,352,200,168,592,424,176,464,288,160,336,176,152,272,120,168,864,696,208,3384,33
152,336,184,168,472,304,216,768,552,168,448,280,176,344,168,176,280,104,168,968,800,168,3784,33
136,312,176,159,360,201,192,984,792,144,512,368,128,504,376,152,344,192,128,1880,1752,144,5040,33
175,416,241,144,448,304,167,1352,1185,159,720,561,143,320,177,159,320,161,143,1416,1273,143,5135,33
167,368,201,191,2336,2145,95,1256,1161,151,552,401,175,424,249,143,344,201,159,1112,953,167,6559,33
152,337,185,183,1440,1257,159,919,760,144,1080,936,160,336,176,160,312,152,144,4952,4808,104,9480,33
136,304,168,144,312,168,184,528,344,184,408,224,176,344,168,176,304,128,168,1200,1032,152,3552,33
144,296,152,144,576,432,200,1160,960,144,408,264,128,232,104,144,280,136,136,967,831,160,4079,33
120,280,160,160,352,192,192,696,504,136,440,304,151,336,185,168,248,80,144,928,784,167,3447,33
128,320,192,143,328,185,159,600,441,160,416,256,167,312,145,144,360,216,136,1272,1136,176,3784,33
111,280,169,128,304,176,183,1536,1353,143,440,297,143,304,161,151,272,121,127,1015,888,152,4303,33
119,280,161,151,304,153,183,1360,1177,143,440,297,143,392,249,159,424,265,127,880,753,159,4239,33
112,241,129,143,288,145,151,895,744,152,424,272,152,321,169,159,240,81,151,2935,2784,144,5488,33
136,280,144,136,296,160,184,1784,1600,128,328,200,128,216,88,152,248,96,112,1056,944,160,4368,33
128,296,168,136,1376,1240,128,1072,944,160,840,680,144,304,160,136,272,136,104,1328,1224,144,5632,33
136,288,152,128,288,160,136,1216,1080,136,472,336,128,256,128,136,200,64,120,2608,2488,120,5448,33
144,265,121,135,272,137,167,832,665,167,696,529,183,808,625,135,728,593,119,791,672,168,4560,33
151,304,153,143,288,145,167,992,825,159,407,248,160,289,129,135,248,113,127,1047,920,160,3735,33
152,2144,1992,144,576,432,144,608,464,192,488,296,168,312,144,176,240,64,144,1144,1000,184,5696,33
136,288,152,160,328,168,176,816,640,152,440,288,136,256,120,160,296,136,144,712,568,184,3320,33
160,304,144,151,400,249,184,624,440,184,448,264,144,264,120,160,224,64,144,416,272,216,2896,33
160,320,160,176,328,152,248,696,448,167,400,233,151,736,585,192,376,184,160,1008,848,167,4031,33
183,352,169,167,320,153,215,600,385,199,464,265,175,1592,1417,175,352,177,143,864,721,191,4735,33
128,280,152,152,320,168,184,536,352,152,401,249,159,287,128,152,312,160,136,721,585,159,3016,33
160,424,264,232,1128,896,168,592,424,152,368,216,152,256,104,152,296,144,152,1152,1000,144,4360,33
144,800,656,152,328,176,192,896,704,128,784,656,160,408,248,152,304,152,152,1736,1584,144,5400,33
128,280,152,128,296,168,184,704,520,144,352,208,168,288,120,168,264,96,136,1063,927,176,3423,33
144,304,160,144,320,176,176,1055,879,168,529,361,159,280,121,160,280,120,119,1288,1169,159,4215,33
119,248,129,151,800,649,207,1544,1337,151,408,257,143,288,145,151,312,161,127,896,769,215,4711,33
127,288,161,135,311,176,160,673,513,151,352,201,167,264,97,159,248,89,143,864,721,159,3159,33
127,272,145,127,272,145,167,1088,921,143,880,737,159,312,153,143,264,121,135,2527,2392,160,5775,33
128,272,144,119,280,161,144,1248,1104,152,400,248,144,240,96,160,256,96,136,856,720,192,3744,33
120,248,128,136,272,136,184,1016,832,152,456,304,176,1056,880,152,312,160,120,1152,1032,152,4664,33
128,264,136,144,288,144,208,824,616,152,336,184,152,552,400,160,256,96,144,1168,1024,200,3888,33
144,280,136,127,280,153,184,1488,1304,168,400,232,176,304,128,168,264,96,152,912,760,184,4112,33
120,248,128,119,256,137,144,520,376,151,344,193,167,264,97,151,256,105,160,920,760,175,2983,33
119,256,137,135,280,145,191,1088,897,167,320,153,183,280,97,159,256,97,159,912,753,167,3559,33
128,249,121,127,272,145,183,1024,841,151,328,177,159,256,97,151,256,105,127,848,721,151,3384,33
128,264,136,112,256,144,184,1049,865,159,360,201,167,335,168,176,312,136,160,1248,1088,176,4000,33
160,2352,2192,136,304,168,176,952,776,160,416,256,152,240,88,144,256,112,152,912,760,160,5592,33
159,360,201,144,312,168,144,1768,1624,160,424,264,160,256,96,152,232,80,144,1944,1800,136,5432,33
127,264,137,143,288,145,160,496,336,183,456,273,159,272,113,151,728,577,119,784,665,151,3439,33
127,256,129,143,272,129,183,600,417,143,336,193,151,264,113,151,240,89,143,1152,1009,151,3271,33
111,247,136,160,585,425,247,919,672,160,425,265,167,352,185,159,840,681,143,1696,1553,151,5215,33
111,247,136,128,272,144,192,608,416,152,368,216,152,232,80,152,232,80,152,448,296,184,2591,33
128,288,160,120,272,152,160,1024,864,168,400,232,144,256,112,160,216,56,120,632,512,168,3256,33
112,248,136,128,288,160,176,1616,1440,168,608,440,160,464,304,160,272,112,144,880,736,168,4544,33
128,312,184,144,1416,1272,176,816,640,168,400,232,183,384,201,151,280,129,128,1144,1016,152,4904,33
135,304,169,135,360,225,175,832,657,159,376,217,151,288,137,151,368,217,167,400,233,183,3111,33
143,312,169,167,343,176,184,537,353,175,432,257,175,528,353,151,352,201,151,935,784,168,3607,33
175,344,169,183,472,289,191,576,385,167,360,193,183,368,185,175,343,168,144,736,592,184,3383,33
128,240,112,144,288,144,200,1544,1344,160,936,776,176,696,520,136,440,304,144,1280,1136,136,5560,33
112,256,144,128,280,152,176,808,632,144,376,232,136,272,136,176,304,128,128,424,296,208,2928,33
128,288,160,144,296,152,127,400,273,160,376,216,160,240,80,160,256,96,152,400,248,151,2407,33
127,248,121,143,288,145,183,696,513,143,528,385,151,280,129,159,320,161,143,1016,873,151,3527,33
128,273,145,143,312,169,167,1272,1105,159,608,449,167,336,169,151,591,440,136,3568,3432,168,7128,33
136,616,480,160,840,680,160,528,368,160,488,328,136,1216,1080,144,288,144,160,1400,1240,176,5552,33
176,392,216,152,312,160,160,1088,928,152,424,272,136,904,768,152,816,664,136,456,320,160,4552,33
112,240,128,136,272,136,184,1128,944,168,488,320,151,272,121,152,256,104,144,984,840,160,3800,33
127,288,161,135,288,153,160,1072,912,167,528,361,136,400,264,151,336,185,119,2920,2801,135,5967,33
112,240,128,120,249,129,167,992,825,159,376,217,159,312,153,151,288,137,143,904,761,159,3520,33
111,232,121,119,256,137,167,952,785,159,368,209,143,240,97,159,272,113,127,807,680,184,3311,33
119,248,129,127,256,129,175,1023,848,168,417,249,135,263,128,144,240,96,128,320,192,176,2943,33
128,392,264,144,304,160,176,1040,864,152,376,224,152,280,128,160,240,80,128,896,768,160,3688,33
144,312,168,168,872,704,208,784,576,192,416,224,152,248,96,152,248,96,136,808,672,144,3832,33
144,304,160,159,352,193,207,600,393,175,352,177,159,248,89,175,248,73,152,1336,1184,159,3599,33
143,312,169,143,312,169,199,1591,1392,152,481,329,135,256,121,143,232,89,119,896,777,151,4231,33
127,272,145,151,288,137,175,495,320,168,353,185,175,239,64,160,241,81,127,856,729,143,2887,33
127,272,145,135,295,160,184,928,744,168,376,208,144,249,105,151,303,152,128,472,344,184,3079,33
144,320,176,136,288,152,136,536,400,160,408,248,152,265,113,159,263,104,160,1040,880,152,3272,33
128,272,144,152,296,144,144,440,296,168,352,184,152,216,64,152,240,88,144,1031,887,137,2984,33
160,296,136,144,288,144,192,2712,2520,167,528,361,159,296,137,168,311,143,145,1121,976,159,5711,33
96,240,144,112,241,129,143,2279,2136,136,352,216,168,280,112,136,233,97,127,1912,1785,135,5672,33
88,208,120,104,248,144,128,1152,1024,144,320,176,152,240,88,120,232,112,120,1008,888,152,3560,33
88,216,128,128,280,152,120,568,448,152,488,336,160,280,120,112,328,216,112,247,135,169,2576,33
88,232,144,120,264,144,128,536,408,152,392,240,128,232,104,128,240,112,144,392,248,168,2456,33
96,232,136,104,256,152,144,1136,992,152,384,232,144,240,96,136,264,128,128,384,256,167,3063,33
96,232,136,120,240,120,112,384,272,160,304,144,152,208,56,128,368,240,136,296,160,152,2184,33
88,216,128,112,256,144,127,944,817,160,360,200,136,344,208,136,216,80,128,784,656,152,3272,33
103,216,113,127,256,129,119,544,425,143,360,217,127,312,185,127,376,249,119,1624,1505,127,3815,33
95,280,185,127,296,169,111,424,313,159,448,289,127,280,153,127,280,153,111,376,265,119,2503,33
127,312,185,151,288,137,127,1280,1153,127,375,248,136,273,137,119,320,201,111,832,721,103,3783,33
87,223,136,112,273,161,143,1407,1264,136,304,168,136,232,96,128,232,104,120,824,704,152,3647,33
72,216,144,104,248,144,120,1072,952,128,312,184,152,248,96,128,408,280,112,704,592,128,3336,33
88,224,136,96,264,168,120,760,640,152,360,208,144,336,192,152,296,144,112,944,832,136,3320,33
88,232,144,128,280,152,144,1152,1008,152,416,264,160,256,96,136,296,160,135,832,697,120,3584,33
96,240,144,128,280,152,144,1104,960,168,344,176,144,240,96,136,272,136,119,880,761,143,3503,33
127,312,185,151,391,240,160,569,409,167,376,209,151,232,81,143,280,137,127,400,273,183,2743,33
119,248,129,135,264,129,95,504,409,159,360,201,127,224,97,127,256,129,119,312,193,151,2319,33
127,280,153,127,264,137,111,400,289,167,336,169,167,400,233,135,288,153,151,368,217,159,2495,33
95,231,136,120,257,137,103,360,257,143,312,169,135,224,89,127,320,193,103,608,505,159,2471,33
88,208,120,112,256,144,128,896,768,152,377,225,143,263,120,128,224,96,128,768,640,128,3120,33
80,200,120,112,240,128,96,392,296,136,312,176,144,280,136,128,408,280,128,432,304,168,2432,33
96,224,128,112,256,144,96,400,304,144,376,232,160,792,632,120,264,144,112,296,184,152,2760,33
96,240,144,136,288,152,104,464,360,160,360,200,136,232,96,144,336,192,112,296,184,152,2368,33
96,224,128,128,272,144,128,1192,1064,136,696,560,144,256,112,144,272,128,104,1096,992,112,4120,33
96,224,128,112,256,144,136,1544,1408,127,384,257,136,304,168,144,344,200,95,896,801,151,4103,33
87,232,145,119,263,144,152,1161,1009,143,392,249,143,296,153,143,272,129,103,1112,1009,159,3887,33
79,200,121,111,255,144,144,665,521,167,368,201,159,240,81,143,232,89,143,912,769,151,3023,33
87,224,137,103,248,145,111,472,361,159,448,289,159,224,65,135,240,105,119,800,681,151,2807,33
71,200,129,119,240,121,119,368,249,158,383,225,144,776,632,160,288,128,120,872,752,152,3279,33
71,199,128,128,264,136,128,384,256,168,328,160,136,224,88,152,232,80,120,784,664,160,2575,33
80,200,120,128,264,136,144,1896,1752,152,384,232,128,216,88,136,224,88,120,336,216,152,3672,33
104,232,128,112,280,168,168,1544,1376,160,344,184,144,376,232,144,256,112,120,960,840,184,4176,33
88,216,128,112,264,152,151,1152,1001,160,376,216,152,1127,975,144,217,73,135,704,569,175,4231,33
103,240,137,127,248,121,135,1464,1329,167,496,329,151,480,329,127,264,137,103,736,633,143,4071,33
80,225,145,95,232,137,127,552,425,151,272,121,151,280,129,135,303,168,112,273,161,159,2296,33
88,240,152,112,249,137,119,688,569,151,352,201,127,200,73,135,287,152,120,313,193,175,2504,33
112,296,184,136,336,200,120,752,632,152,720,568,136,280,144,144,448,304,128,2480,2352,160,5472,33
136,288,152,152,312,160,160,560,400,152,352,200,176,296,120,160,279,119,137,425,288,216,2728,33
112,264,152,136,304,168,136,375,239,153,337,184,160,304,144,176,384,208,128,896,768,184,3048,33
112,256,144,128,264,136,128,392,264,168,352,184,200,439,239,161,265,104,112,784,672,160,2912,33
96,224,128,120,264,144,160,856,696,160,352,192,136,296,160,160,344,184,128,768,640,152,3256,33
104,256,152,128,336,208,143,952,809,176,1120,944,160,272,112,144,288,144,128,480,352,184,3888,33
87,272,185,127,280,153,135,1016,881,159,376,217,167,280,113,159,272,113,127,728,601,207,3431,33
103,240,137,111,239,128,128,384,256,160,305,145,167,272,105,167,240,73,119,344,225,167,2191,33
120,297,177,159,327,168,176,1352,1176,144,376,232,152,256,104,144,240,96,128,840,712,128,3816,33
80,200,120,103,232,129,136,664,528,168,328,160,159,520,361,136,240,104,119,1032,913,143,3359,33
96,240,144,96,248,152,120,416,296,160,648,488,152,248,96,128,240,112,120,296,176,144,2480,33
96,232,136,112,256,144,104,344,240,152,312,160,128,200,72,128,248,120,128,296,168,160,2048,33
95,264,169,136,424,288,120,576,456,152,456,304,144,256,112,152,256,104,128,880,752,160,3272,33
111,248,137,160,320,160,160,568,408,152,408,256,159,280,121,167,272,105,143,720,577,167,2983,33
127,272,145,159,288,129,192,1552,1360,183,696,513,183,304,121,143,288,145,143,840,697,191,4431,33
103,256,153,119,264,145,111,408,297,159,344,185,167,552,385,151,256,105,111,1111,1000,160,3351,33
119,264,145,127,288,161,159,2008,1849,143,952,809,159,320,161,143,304,161,111,920,809,143,5199,33
88,224,136,128,273,145,143,1103,960,144,656,512,144,232,88,136,224,88,128,344,216,152,3208,33
120,280,160,168,840,672,144,1416,1272,160,608,448,176,256,80,136,224,88,144,352,208,200,4176,33
88,224,136,112,256,144,144,832,688,136,608,472,192,248,56,152,256,104,128,312,184,168,2904,33
80,216,136,128,296,168,168,1144,976,168,360,192,136,232,96,136,208,72,112,736,624,168,3360,33
104,248,144,112,256,144,160,1128,968,128,424,296,144,280,136,143,344,201,120,1248,1128,151,4079,33
103,232,129,104,248,144,112,416,304,144,456,312,192,432,240,136,184,48,112,800,688,151,2919,33
79,224,145,103,272,169,111,336,225,143,328,185,167,264,97,143,208,65,127,280,153,183,2095,33
79,223,144,104,257,153,143,432,289,143,376,233,143,256,113,151,295,144,128,289,161,167,2295,33
95,232,137,111,240,129,111,344,233,143,343,200,136,337,201,127,272,145,119,288,169,159,2215,33
135,568,433,151,320,169,143,608,465,167,352,185,167,328,161,167,344,177,127,296,169,183,2999,33
112,256,144,128,385,257,127,632,505,143,319,176,152,265,113,159,288,129,111,1823,1712,144,4112,33
88,232,144,120,272,152,159,521,362,167,407,240,144,272,128,152,272,120,128,928,800,160,3064,33
112,280,168,144,288,144,176,960,784,176,472,296,168,312,144,144,232,88,144,856,712,160,3560,33
88,224,136,112,240,128,96,344,248,160,312,152,128,312,184,144,224,80,119,1008,889,160,2824,33
127,264,137,120,256,136,167,872,705,184,408,224,200,416,216,143,280,137,135,1680,1545,119,4295,33
80,224,144,111,272,161,151,1696,1545,151,352,201,135,232,97,143,224,81,127,736,609,143,3879,33
79,224,145,103,240,137,143,2312,2169,135,720,585,111,256,145,127,223,96,112,321,209,167,4463,33
87,224,137,111,248,137,175,952,777,175,376,201,159,368,209,135,239,104,120,641,521,167,3215,33
79,223,144,112,273,161,135,464,329,143,360,217,175,544,369,119,303,184,104,793,689,151,3111,33
103,248,145,127,263,136,128,392,264,168,456,288,136,280,144,160,224,64,128,656,528,168,2687,33
112,256,144,144,304,160,136,1752,1616,144,376,232,152,280,128,152,272,120,112,648,536,168,4056,33
120,256,136,120,256,136,144,1104,960,152,424,272,144,472,328,184,320,136,128,1008,880,160,4000,33
96,240,144,112,248,136,128,368,240,168,368,200,192,264,72,160,296,136,128,272,144,184,2240,33
168,744,576,200,552,352,152,704,552,184,400,216,176,464,288,168,248,80,128,784,656,152,4048,33
96,240,144,120,264,144,143,432,289,200,384,184,152,232,80,152,248,96,144,880,736,143,2823,33
119,304,185,143,288,145,143,1272,1129,151,368,217,159,264,105,159,232,73,127,744,617,151,3623,33
87,232,145,103,256,153,135,936,801,151,408,257,143,272,129,167,271,104,112,881,769,175,3431,33
127,256,129,119,344,225,143,871,728,128,848,720,128,225,97,159,239,80,112,744,632,128,3655,33
80,224,144,136,280,144,160,1000,840,160,360,200,136,512,376,136,256,120,96,968,872,119,3719,33
104,232,128,112,240,128,112,392,280,152,352,200,144,256,112,136,216,80,128,328,200,160,2176,33
112,264,152,104,264,160,127,448,321,152,312,160,144,200,56,144,224,80,144,320,176,160,2192,33
96,232,136,112,240,128,120,384,264,160,368,208,168,1304,1136,120,288,168,120,688,568,127,3631,33
96,240,144,120,272,152,136,1104,968,111,240,129,135,240,105,127,456,329,119,280,161,159,2991,33
71,216,145,103,256,153,151,1063,912,144,305,161,135,296,161,111,256,145,111,296,185,159,2847,33
71,224,153,87,248,161,111,400,289,143,360,217,159,536,377,143,296,153,103,720,617,135,2919,33
79,224,145,95,240,145,127,392,265,135,312,177,159,360,201,127,248,121,103,319,216,160,2255,33
72,208,136,104,256,152,152,792,640,143,328,185,152,328,176,128,232,104,104,296,192,144,2584,33
112,280,168,144,1208,1064,152,1183,1031,145,393,248,144,256,112,136,240,104,112,399,287,161,4120,33
112,256,144,104,248,144,152,752,600,152,336,184,128,264,136,128,232,104,96,384,288,152,2624,33
88,248,160,120,328,208,136,496,360,168,304,136,136,264,128,128,216,88,104,296,192,152,2304,33
111,280,169,144,352,208,151,712,561,160,320,160,136,216,80,128,207,79,129,1609,1480,96,3792,33
72,231,159,112,256,144,137,1721,1584,152,608,456,136,216,80,127,296,169,103,352,249,151,3831,33
95,239,144,120,304,184,152,1393,1241,127,336,209,151,224,73,119,296,177,167,528,361,135,3455,33
95,256,161,119,287,168,152,537,385,135,400,265,151,247,96,143,256,113,136,1032,896,160,3175,33
88,232,144,104,241,137,111,415,304,136,328,192,152,232,80,143,224,81,160,944,784,152,2768,33
96,248,152,112,264,152,152,1856,1704,120,352,232,160,240,80,136,240,104,144,888,744,160,4248,33
88,232,144,112,264,152,112,408,296,176,344,168,208,512,304,144,240,96,144,848,704,152,3000,33
112,248,136,120,288,168,168,912,744,152,352,200,176,255,79,145,225,80,120,1096,976,160,3536,33
88,232,144,112,272,160,144,1096,952,136,320,184,151,224,73,144,264,120,143,336,193,168,2912,33
104,232,128,96,224,128,112,408,296,160,336,176,183,392,209,128,240,112,95,904,809,183,2919,33
79,1488,1409,119,272,153,135,1552,1417,151,384,233,151,264,113,143,264,121,127,328,201,175,4727,33
111,248,137,111,272,161,135,424,289,160,360,200,215,496,281,143,408,265,135,271,136,176,2655,33
135,280,145,159,640,481,183,1271,1088,152,297,145,175,256,81,143,232,89,135,848,713,159,3983,33
103,232,129,95,240,145,103,408,305,167,368,201,175,288,113,159,264,105,119,871,752,160,2831,33
112,240,128,120,280,160,136,456,320,160,288,128,152,248,96,168,248,80,136,336,200,176,2272,33
88,224,136,112,256,144,136,480,344,152,496,344,176,280,104,152,216,64,128,848,720,152,2952,33
144,288,144,128,264,136,144,424,280,160,264,104,168,232,64,176,216,40,144,832,688,151,2671,33
104,248,144,96,240,144,104,1176,1072,152,512,360,136,288,152,168,280,112,128,288,160,152,3184,33
96,224,128,112,248,136,120,568,448,152,296,144,192,800,608,144,288,144,143,304,161,183,2911,33
112,239,127,113,257,144,120,408,288,160,320,160,112,256,144,151,264,113,111,512,401,152,2408,33
87,224,137,95,224,129,103,424,321,151,320,169,175,408,233,151,256,105,127,1032,905,167,3055,33
87,224,137,87,232,145,111,367,256,160,360,200,168,345,177,167,296,129,127,912,785,167,2903,33
103,256,153,111,272,161,167,864,697,151,344,193,159,303,144,144,289,145,119,712,593,143,3183,33
111,240,129,111,256,145,167,1160,993,159,343,184,160,288,128,136,256,120,160,744,584,176,3463,33
96,232,136,112,272,160,160,960,800,152,320,168,160,288,128,151,256,105,128,872,744,168,3368,33
112,272,160,120,280,160,176,824,648,168,416,248,136,800,664,152,368,216,120,856,736,200,4016,33
96,232,136,96,256,160,176,1136,960,144,352,208,144,256,112,136,248,112,112,840,728,152,3472,33
112,240,128,112,256,144,144,896,752,152,384,232,136,232,96,144,256,112,104,832,728,152,3248,33
88,240,152,112,256,144,120,376,256,160,312,152,152,360,208,152,264,112,120,1088,968,168,3064,33
96,248,152,96,248,152,112,455,343,145,329,184,143,656,513,168,288,120,127,792,665,175,3191,33
103,248,145,119,264,145,119,376,257,167,352,185,151,304,153,135,256,121,127,456,329,143,2399,33
103,256,153,95,248,153,143,1280,1137,143,312,169,135,240,105,135,248,113,103,328,225,159,3071,33
119,304,185,127,264,137,175,920,745,151,368,217,135,264,129,127,224,97,119,880,761,199,3423,33
103,248,145,111,256,145,151,839,688,144,345,201,127,255,128,120,232,112,112,320,208,184,2679,33
103,232,129,127,279,152,168,896,728,144,377,233,151,271,120,136,217,81,127,831,704,168,3271,33
72,208,136,112,280,168,152,808,656,144,296,152,176,287,111,137,209,72,128,760,632,144,2992,33
88,216,128,112,248,136,152,792,640,152,360,208,128,232,104,128,200,72,128,760,632,128,2936,33
128,288,160,120,344,224,168,928,760,144,344,200,152,272,120,144,224,80,152,768,616,168,3336,33
112,272,160,136,288,152,176,1792,1616,128,752,624,128,208,80,135,256,121,111,832,721,144,4544,33
104,240,136,120,272,152,152,2064,1912,160,360,200,136,240,104,152,208,56,128,736,608,159,4279,33
103,248,145,111,256,145,191,912,721,152,360,208,143,232,89,151,216,65,120,784,664,151,3159,33
103,240,137,127,264,137,119,400,281,159,335,176,152,249,97,135,232,97,127,328,201,159,2207,33
111,240,129,127,264,137,127,440,313,135,328,193,143,247,104,144,216,72,112,729,617,135,2599,33
87,200,113,95,232,137,111,384,273,151,312,161,159,224,65,127,256,129,127,328,201,207,2143,33
104,240,136,120,264,144,176,968,792,152,352,200,144,257,113,127,199,72,144,313,169,175,2768,33
104,241,137,111,255,144,152,952,800,152,384,232,128,224,96,144,224,80,120,360,240,152,2792,33
88,216,128,112,264,152,144,944,800,168,408,240,128,272,144,120,312,192,112,376,264,152,2944,33
88,232,144,112,256,144,136,424,288,184,888,704,160,728,568,120,328,208,120,312,192,176,3344,33
128,304,176,144,296,152,208,1336,1128,160,320,160,144,216,72,136,232,96,128,320,192,136,3160,33
104,248,144,112,288,176,144,1112,968,152,320,168,128,216,88,152,240,88,128,880,752,112,3416,33
89,209,120,103,240,137,112,392,280,152,328,176,152,248,96,128,376,248,112,288,176,143,2224,33
80,200,120,111,248,137,168,1000,832,143,344,201,135,760,625,159,256,97,111,280,169,159,3247,33
103,248,145,135,400,265,175,2136,1961,143,632,489,143,311,168,128,249,121,111,312,201,151,4439,33
95,224,129,103,248,145,111,360,249,143,328,185,159,255,96,128,288,160,128,329,201,151,2183,33
103,247,144,88,752,664,184,1008,824,152,336,184,160,256,96,136,232,96,119,312,193,184,3327,33
104,240,136,120,256,136,120,368,248,184,328,144,144,232,88,128,224,96,128,320,192,168,2136,33
96,248,152,120,264,144,144,600,456,152,304,152,167,248,81,152,256,104,120,320,200,152,2392,33
136,280,144,136,296,160,152,1136,984,167,312,145,168,296,128,144,216,72,112,720,608,144,3400,33
96,224,128,120,272,152,152,928,776,152,352,200,160,264,104,152,224,72,128,336,208,168,2768,33
88,240,152,120,264,144,120,416,296,160,392,232,168,296,128,144,280,136,136,856,720,151,2895,33
95,224,129,119,264,145,144,504,360,144,312,168,151,224,73,135,224,89,127,368,241,159,2279,33
87,240,153,111,256,145,136,1024,888,143,312,169,144,392,248,135,216,81,143,336,193,167,2943,33
95,224,129,119,272,153,143,784,641,167,400,233,151,280,129,135,208,73,135,344,209,151,2663,33
103,232,129,103,240,137,127,400,273,151,336,185,135,416,281,135,256,121,127,663,536,144,2687,33
64,233,169,95,256,161,151,1248,1097,127,231,104,160,809,649,167,295,128,120,864,744,152,4088,33
103,239,136,88,232,144,96,416,320,144,320,176,144,280,136,136,328,192,128,328,200,144,2287,33
80,224,144,104,240,136,112,360,248,135,296,161,136,216,80,136,232,96,136,328,192,152,2048,33
112,272,160,144,560,416,136,456,320,160,544,384,152,256,104,144,200,56,128,792,664,176,3256,33
80,240,160,128,288,160,168,2479,2311,152,328,176,169,969,800,160,248,88,128,856,728,144,5552,33
63,224,161,128,304,176,167,888,721,152,408,256,168,240,72,136,256,120,144,736,592,168,3224,33
87,232,145,128,296,168,168,1039,871,144,513,369,135,256,121,135,240,105,119,776,657,143,3495,33
111,280,169,151,328,177,111,1503,1392,136,401,265,151,240,89,135,240,105,111,848,737,143,3983,33
95,240,145,127,272,145,167,999,832,168,1425,1257,151,255,104,136,257,121,151,831,680,152,4431,33
128,256,128,128,280,152,168,1336,1168,160,400,240,144,264,120,144,225,81,119,831,712,168,3760,33
104,224,120,128,272,144,168,783,615,161,385,224,136,224,88,152,264,112,144,320,176,160,2632,33
104,248,144,112,256,144,200,880,680,176,440,264,128,208,80,136,216,80,128,672,544,152,3072,33
96,224,128,112,240,128,144,440,296,176,328,152,152,320,168,160,240,80,136,688,552,168,2648,33
104,232,128,120,256,136,112,384,272,160,360,200,160,312,152,160,248,88,120,776,656,152,2720,33
128,416,288,112,264,152,120,1008,888,120,304,184,168,304,136,128,200,72,144,720,576,144,3360,33
80,224,144,120,256,136,136,960,824,143,592,449,151,264,113,136,216,80,135,656,521,135,3303,33
79,216,137,111,256,145,111,384,273,168,344,176,215,424,209,143,360,217,151,672,521,167,2823,33
71,216,145,119,272,153,151,2320,2169,127,296,169,151,392,241,127,360,233,127,312,185,159,4327,33
87,224,137,95,232,137,95,328,233,151,280,129,127,272,145,127,216,89,143,344,201,167,2063,33
87,240,153,103,247,144,128,537,409,159,359,200,144,280,136,136,248,112,128,1040,912,136,3087,33
72,208,136,104,248,144,96,504,408,144,304,160,136,249,113,127,239,112,128,352,224,144,2248,33
80,224,144,104,256,152,120,448,328,160,368,208,168,296,128,128,224,96,96,312,216,136,2264,33
80,232,152,104,248,144,120,664,544,160,328,168,168,928,760,128,304,176,104,280,176,168,3152,33
56,208,152,96,248,152,112,456,344,152,320,168,152,240,88,128,304,176,128,280,152,144,2200,33
71,232,161,112,272,160,120,416,296,160,424,264,168,352,184,152,1480,1328,72,648,576,144,3968,33
80,216,136,104,256,152,128,1136,1008,128,632,504,128,256,128,112,312,200,128,296,168,151,3255,33
71,208,137,103,264,161,135,800,665,151,336,185,135,264,129,119,224,105,135,288,153,159,2543,33
79,216,137,111,248,137,143,1112,969,143,328,185,151,328,177,135,256,121,127,1416,1289,111,4015,33
103,336,233,135,312,177,135,712,577,151,352,201,143,320,177,119,256,137,119,791,672,152,3231,33
71,216,145,103,248,145,95,423,328,152,321,169,127,255,128,136,265,129,95,863,768,160,2751,33
80,224,144,136,304,168,168,1120,952,128,312,184,184,360,176,136,295,159,105,873,768,144,3632,33
96,232,136,120,264,144,103,416,313,160,360,200,176,520,344,136,280,144,104,1160,1056,152,3384,33
80,224,144,112,264,152,120,784,664,144,688,544,168,368,200,144,256,112,120,864,744,143,3591,33
71,216,145,112,248,136,112,392,280,168,360,192,168,408,240,144,240,96,112,736,624,152,2752,33
64,208,144,96,240,144,104,552,448,144,280,136,168,280,112,128,296,168,128,280,152,168,2304,33
64,208,144,104,248,144,144,1104,960,128,352,224,152,272,120,127,288,161,112,264,152,167,2903,33
103,351,248,128,264,136,104,1944,1840,104,304,200,144,312,168,136,288,152,168,488,320,96,4047,33
80,200,120,112,257,145,112,656,544,144,304,160,168,296,128,128,240,112,128,328,200,168,2449,33
72,208,136,104,240,136,96,328,232,152,320,168,184,272,88,120,264,144,144,287,143,145,2064,33
88,232,144,96,232,136,80,1416,1336,128,312,184,144,256,112,112,232,120,120,336,216,144,3160,33
88,264,176,96,248,152,103,360,257,152,399,247,128,224,96,137,265,128,120,1168,1048,152,3080,33
120,272,152,112,272,160,128,560,432,112,352,240,127,248,121,128,280,152,127,272,145,160,2416,33
104,256,152,95,263,168,152,505,353,168,368,200,175,328,153,151,368,217,151,768,617,167,3023,33
95,264,169,103,320,217,127,992,865,143,368,225,175,456,281,135,232,97,135,696,561,167,3495,33
95,256,161,111,288,177,159,976,817,167,400,233,159,296,137,135,264,129,143,368,225,175,3023,33
127,288,161,127,288,161,159,1112,953,159,336,177,143,288,145,143,271,128,112,328,216,152,3063,33
96,248,152,128,264,136,152,1064,912,168,360,192,128,256,128,120,288,168,112,312,200,184,2976,33
112,264,152,120,256,136,112,464,352,168,456,288,184,392,208,136,248,112,112,584,472,120,2784,33
96,328,232,128,424,296,168,1480,1312,144,376,232,160,272,112,152,224,72,136,688,552,168,3960,33
96,256,160,128,288,160,160,1144,984,168,944,776,200,504,304,152,360,208,152,1080,928,184,4760,33
104,256,152,128,280,152,120,392,272,160,352,192,160,280,120,120,264,144,120,304,184,160,2288,33
120,896,776,152,336,184,160,1280,1120,159,352,193,175,352,177,127,312,185,127,784,657,175,4487,33
103,248,145,127,280,153,143,848,705,151,344,193,143,240,97,127,272,145,111,512,401,167,2911,33
119,264,145,103,256,153,135,544,409,151,400,249,143,344,201,135,728,593,111,752,641,159,3447,33
103,263,160,120,273,153,135,848,713,143,440,297,151,280,129,135,288,153,111,472,361,159,3023,33
87,239,152,112,257,145,135,856,721,159,336,177,143,280,137,135,248,113,127,895,768,184,3295,33
88,256,168,112,256,144,120,520,400,160,808,648,144,336,192,128,264,136,112,320,208,152,2912,33
96,232,136,112,256,144,104,456,352,176,360,184,160,280,120,136,248,112,120,416,296,168,2416,33
96,240,144,112,240,128,104,344,240,192,392,200,144,272,128,128,480,352,128,496,368,160,2624,33
104,240,136,128,248,120,104,376,272,168,320,152,112,248,136,136,288,152,160,312,152,160,2192,33
88,224,136,103,256,153,127,800,673,144,312,168,136,264,128,128,248,120,120,312,192,120,2536,33
96,256,160,112,256,144,104,336,232,152,320,168,152,240,88,136,272,136,120,272,152,144,2096,33
128,304,176,152,543,391,129,849,720,144,376,232,128,232,104,144,224,80,112,712,600,144,3384,33
71,216,145,104,240,136,104,344,240,160,360,200,120,248,128,144,232,88,120,688,568,127,2455,33
71,248,177,103,240,137,111,328,217,167,320,153,127,248,121,135,240,105,127,768,641,135,2527,33
87,248,161,135,736,601,111,488,377,159,344,185,135,272,137,127,208,81,119,864,745,135,3295,33
103,248,145,103,232,129,111,360,249,127,376,249,167,296,129,127,264,137,79,944,865,151,2871,33
79,224,145,87,232,145,111,384,273,143,303,160,128,257,129,119,248,129,111,240,129,183,2071,33
112,257,145,127,279,152,128,1152,1024,184,768,584,144,265,121,135,319,184,120,328,208,160,3528,33
88,216,128,112,248,136,112,1224,1112,160,552,392,200,1008,808,128,216,88,96,864,768,152,4480,33
96,224,128,112,248,136,136,1536,1400,128,216,88,112,184,72,144,272,128,128,760,632,152,3592,33
95,232,137,104,232,128,127,1112,985,144,240,96,120,208,88,128,216,88,112,640,528,152,3032,33
80,216,136,104,240,136,144,1000,856,144,328,184,144,240,96,127,224,97,135,328,193,151,2727,33
95,216,121,111,240,129,159,1184,1025,183,1552,1369,135,328,193,127,256,129,95,1616,1521,143,5535,33
80,217,137,119,288,169,151,880,729,151,320,169,151,240,89,127,240,113,111,871,760,112,3168,33
96,289,193,135,607,472,144,1160,1016,144,344,200,128,200,72,112,208,96,120,312,192,152,3272,33
72,200,128,112,240,128,112,408,296,151,312,161,128,240,112,120,392,272,96,208,112,160,2160,33
96,240,144,112,400,288,152,1024,872,144,304,160,128,208,80,112,240,128,96,248,152,152,2816,33
112,248,136,120,264,144,144,1040,896,152,296,144,136,248,112,128,200,72,112,288,176,176,2760,33
80,224,144,128,256,128,136,1192,1056,152,264,112,144,248,104,112,256,144,128,280,152,160,2880,33
96,224,128,112,240,128,120,480,360,144,360,216,167,272,105,127,272,145,128,272,144,167,2287,33
88,208,120,112,232,120,168,832,664,151,312,161,136,224,88,120,224,104,128,280,152,167,2479,33
79,216,137,111,232,121,136,536,400,159,336,177,151,240,89,136,232,96,136,312,176,167,2271,33
119,272,153,143,272,129,151,1192,1041,159,624,465,127,208,81,127,264,137,111,264,153,159,3255,33
111,280,169,151,304,153,159,480,321,175,376,201,135,248,113,127,256,129,127,312,185,135,2391,33
88,233,145,111,239,128,112,505,393,159,839,680,136,264,128,144,200,56,104,936,832,136,3352,33
88,232,144,112,304,192,144,440,296,167,888,721,144,320,176,136,232,96,96,864,768,144,3424,33
80,232,152,96,256,160,136,1048,912,160,608,448,136,224,88,128,232,104,120,312,192,176,3088,33
88,232,144,104,240,136,104,344,240,176,368,192,144,216,72,128,216,88,112,1360,1248,152,3128,33
71,224,153,88,224,136,112,960,848,152,336,184,136,200,64,135,224,89,127,328,201,168,2664,33
88,224,136,104,224,120,112,336,224,152,344,192,136,184,48,136,240,104,136,672,536,167,2391,33
95,247,152,97,241,144,103,360,257,159,328,169,159,248,89,144,240,96,127,328,201,175,2167,33
79,208,129,95,224,129,103,336,233,175,352,177,159,328,169,167,248,81,143,864,721,151,2711,33
79,232,153,103,232,129,111,1552,1441,151,408,257,143,248,105,135,256,121,111,320,209,167,3415,33
87,232,145,103,232,129,103,336,233,151,296,145,135,216,81,127,248,121,103,288,185,143,1991,33
79,256,177,95,279,184,144,1825,1681,151,495,344,128,528,400,168,312,144,112,824,712,152,4671,33
87,271,184,112,288,176,160,496,336,168,368,200,144,256,112,144,224,80,96,856,760,160,2919,33
80,224,144,136,336,200,168,1752,1584,152,376,224,144,224,80,136,216,80,112,328,216,168,3624,33
96,232,136,120,264,144,160,888,728,160,368,208,136,736,600,152,960,808,96,288,192,143,3879,33
64,208,144,96,240,144,88,312,224,168,304,136,152,264,112,152,200,48,104,800,696,128,2456,33
80,216,136,88,232,144,128,391,263,168,329,161,152,232,80,120,176,56,120,328,208,151,2055,33
72,216,144,87,224,137,127,352,225,168,320,152,151,199,48,120,241,121,127,288,161,151,1991,33
71,232,161,127,360,233,127,768,641,159,288,129,167,248,81,143,432,289,111,1031,920,224,3583,33
119,264,145,143,304,161,143,712,569,159,304,145,127,224,97,119,296,177,135,440,305,167,2711,33
95,232,137,103,232,129,119,808,689,135,320,185,135,216,81,127,256,129,127,456,329,183,2703,33
95,240,145,111,256,145,111,623,512,152,385,233,151,280,129,111,256,145,151,320,169,167,2527,33
103,288,185,111,415,304,120,592,472,168,320,152,160,488,328,168,256,88,120,560,440,168,3087,33
104,264,160,120,256,136,104,336,232,200,376,176,160,216,56,112,248,136,136,264,128,160,2120,33
80,224,144,112,240,128,128,360,232,200,368,168,184,648,464,160,232,72,136,1064,928,168,3304,33
80,224,144,112,312,200,128,384,256,184,448,264,144,1760,1616,144,256,112,112,1888,1776,152,5424,33
88,224,136,112,256,144,160,1240,1080,160,528,368,127,248,121,160,232,72,120,872,752,167,3767,33
87,256,169,135,280,145,151,720,569,167,344,177,143,224,81,143,216,73,127,312,185,167,2519,33
87,232,145,119,264,145,191,800,609,167,368,201,135,231,96,152,217,65,127,776,649,151,3039,33
71,216,145,103,255,152,120,377,257,199,376,177,183,296,113,159,288,129,143,992,849,159,2959,33
79,216,137,103,247,144,128,353,225,167,304,137,143,264,121,127,248,121,127,336,209,151,2119,33
72,225,153,111,559,448,120,817,697,159,727,568,128,216,88,136,216,80,128,344,216,152,3256,33
96,240,144,112,240,128,112,1112,1000,160,648,488,144,264,120,128,224,96,112,960,848,128,3816,33
72,224,152,112,256,144,160,784,624,152,352,200,160,304,144,136,272,136,112,344,232,176,2712,33
64,216,152,112,256,144,144,848,704,136,328,192,152,248,96,144,304,160,120,272,152,160,2632,33
80,216,136,120,256,136,120,512,392,144,528,384,168,264,96,160,240,80,136,1144,1008,176,3336,33
88,248,160,120,248,128,120,392,272,160,328,168,168,240,72,152,264,112,183,920,737,160,2800,33
96,232,136,112,224,112,112,416,304,160,328,168,176,256,80,160,248,88,167,984,817,160,2848,33
112,256,144,128,256,128,111,392,281,159,280,121,167,248,81,143,336,193,151,512,361,151,2431,33
96,216,120,112,256,144,152,1704,1552,136,664,528,200,424,224,136,320,184,128,696,568,152,4432,33
120,256,136,112,248,136,168,1032,864,168,400,232,160,392,232,176,240,64,128,1368,1240,168,4104,33
72,208,136,96,248,152,112,448,336,152,304,152,136,208,72,136,232,96,144,424,280,168,2240,33
80,216,136,112,248,136,144,1648,1504,144,304,160,144,264,120,128,264,136,120,792,672,152,3888,33
88,224,136,104,240,136,120,448,328,152,320,168,144,320,176,144,240,96,136,248,112,176,2216,33
72,200,128,112,248,136,152,904,752,159,352,193,159,296,137,135,224,89,111,648,537,159,3031,33
79,208,129,95,232,137,143,896,753,167,1688,1521,183,552,369,175,272,97,111,1000,889,135,4983,33
87,232,145,119,264,145,151,960,809,151,392,241,159,296,137,151,496,345,119,1015,896,144,3799,33
63,208,145,111,240,129,135,1623,1488,168,296,128,160,224,64,144,296,152,112,297,185,150,3334,33
62,250,188,62,1156,1094,63,2469,2406,78,2344,2266,94,906,812,109,937,828,94,547,453,63,8672,121
63,266,203,78,1078,1000,78,1535,1457,78,765,687,78,844,766,109,758,649,88,422,334,78,5746,121
78,265,187,63,922,859,63,971,908,78,1328,1250,78,859,781,125,1375,1250,109,672,563,78,6470,121
78,266,188,78,765,687,78,1317,1239,93,1294,1201,109,968,859,125,610,485,93,468,375,125,5813,121
78,328,250,62,876,814,78,729,651,78,1203,1125,94,896,802,141,375,234,78,313,235,125,4845,121
62,265,203,79,625,546,78,1651,1573,91,1346,1255,94,774,680,125,406,281,94,453,359,110,5630,121
63,235,172,78,906,828,94,515,421,110,1601,1491,110,2000,1890,78,1181,1103,79,344,265,110,6892,121
78,297,219,94,1265,1171,63,3615,3552,78,2219,2141,78,1096,1018,125,1094,969,110,485,375,93,10164,121
78,406,328,63,375,312,78,391,313,78,1484,1406,78,828,750,143,1018,875,109,312,203,125,4939,121
62,281,219,62,828,766,94,594,500,78,1126,1048,94,438,344,125,2214,2089,109,250,141,82,5813,121
62,937,875,62,406,344,63,422,359,64,2033,1969,125,609,484,110,828,718,93,390,297,94,5719,121
79,375,296,63,407,344,78,625,547,78,1140,1062,94,657,563,125,390,265,94,330,236,109,4033,121
78,250,172,93,937,844,78,530,452,63,1063,1000,109,500,391,125,422,297,62,312,250,94,4108,121
79,313,234,59,434,375,62,1265,1203,78,1280,1202,63,750,687,94,438,344,109,359,250,94,4933,121
78,266,188,62,453,391,78,1109,1031,78,1391,1313,109,626,517,141,516,375,109,390,281,110,4861,121
62,234,172,47,1297,1250,78,610,532,93,1376,1283,125,443,318,110,625,515,63,485,422,93,5163,121
63,344,281,47,641,594,78,765,687,63,1079,1016,93,376,283,125,531,406,94,328,234,79,4143,121
63,282,219,46,875,829,46,1204,1158,63,953,890,78,406,328,94,500,406,94,375,281,94,4689,121
63,518,455,62,828,766,78,500,422,94,1109,1015,109,453,344,110,610,500,109,406,297,140,4564,121
62,1890,1828,63,299,236,78,609,531,63,1871,1808,141,375,234,97,1097,1000,125,329,204,125,6595,121
110,1282,1172,78,265,187,78,219,141,94,1156,1062,94,1172,1078,125,578,453,94,563,469,110,5345,121
78,266,188,62,562,500,79,1282,1203,78,1828,1750,142,907,765,110,313,203,109,266,157,109,5533,121
93,234,141,78,766,688,78,890,812,78,1203,1125,110,469,359,141,438,297,93,296,203,110,4406,121
63,235,172,55,477,422,63,953,890,78,969,891,109,391,282,125,570,445,78,422,344,78,4095,121
62,250,188,78,640,562,78,875,797,78,922,844,78,484,406,110,518,408,109,297,188,109,4095,121
78,328,250,58,506,448,63,609,546,110,1058,948,93,421,328,141,1063,922,78,531,453,94,4610,121
79,1611,1532,63,235,172,78,375,297,78,765,687,110,453,343,125,516,391,78,406,328,94,4455,121
78,328,250,47,483,436,63,313,250,78,1328,1250,93,515,422,157,875,718,78,453,375,125,4420,121
62,312,250,63,1125,1062,78,516,438,93,1234,1141,109,375,266,125,736,611,78,328,250,109,4735,121
63,282,219,62,734,672,63,922,859,62,1592,1530,141,1125,984,63,1000,937,110,781,671,79,6515,121
93,250,157,93,1281,1188,78,1109,1031,110,1438,1328,125,406,281,140,547,407,93,312,219,63,5406,121
94,500,406,110,563,453,93,593,500,110,891,781,109,625,516,156,547,391,78,547,469,93,4359,121
78,406,328,62,922,860,73,689,616,63,1266,1203,141,516,375,125,1390,1265,110,360,250,93,5642,121
78,359,281,63,969,906,94,437,343,125,1402,1277,125,568,443,156,469,313,109,500,391,94,4798,121
94,438,344,62,1219,1157,78,375,297,78,1172,1094,124,407,283,141,532,391,93,377,284,94,4614,121
63,219,156,78,731,653,79,282,203,93,1001,908,94,500,406,109,422,313,78,234,156,78,3467,121
78,266,188,62,406,344,62,219,157,78,1345,1267,94,375,281,109,444,335,87,415,328,94,3564,121
62,234,172,63,672,609,78,453,375,63,1080,1017,93,296,203,125,957,832,94,235,141,93,4020,121
47,235,188,62,500,438,62,281,219,62,2078,2016,78,516,438,125,439,314,93,390,297,94,4533,121
79,532,453,47,500,453,62,203,141,94,953,859,94,1140,1046,110,1657,1547,109,328,219,94,5407,121
79,297,218,47,516,469,78,711,633,63,1203,1140,110,407,297,125,656,531,78,359,281,78,4227,121
63,235,172,78,1171,1093,94,1125,1031,94,1377,1283,109,718,609,157,438,281,78,344,266,109,5517,121
78,406,328,47,406,359,78,2034,1956,78,1922,1844,93,2405,2312,125,752,627,94,1485,1391,93,9503,121
78,250,172,78,500,422,78,682,604,78,1015,937,86,539,453,125,1140,1015,94,672,578,125,4923,121
78,438,360,62,453,391,78,609,531,63,1078,1015,79,969,890,94,1307,1213,78,750,672,94,5698,121
78,281,203,63,547,484,78,516,438,78,1422,1344,93,312,219,109,578,469,78,344,266,94,4094,121
62,250,188,47,484,437,63,1281,1218,63,1094,1031,94,453,359,141,719,578,78,329,251,93,4703,121
78,313,235,47,390,343,79,219,140,78,1031,953,110,407,297,125,750,625,93,484,391,78,3672,121
78,703,625,61,233,172,78,250,172,94,875,781,94,578,484,141,469,328,78,265,187,94,3467,121
63,250,187,94,953,859,78,422,344,63,1064,1001,106,278,172,141,688,547,62,343,281,94,4092,121
78,422,344,63,781,718,63,453,390,79,954,875,109,531,422,156,562,406,125,344,219,109,4156,121
80,283,203,78,2079,2001,78,250,172,78,942,864,76,443,367,140,687,547,78,344,266,109,5137,121
78,219,141,94,250,156,78,234,156,63,767,704,78,516,438,62,625,563,78,281,203,78,2970,121
47,250,203,78,407,329,62,296,234,79,1360,1281,78,562,484,125,906,781,110,172,62,78,4031,121
78,564,486,63,656,593,63,250,187,63,1313,1250,78,250,172,108,467,359,63,282,219,93,3875,121
78,266,188,78,843,765,79,360,281,47,1953,1906,78,437,359,110,404,294,94,359,265,47,4669,121
78,265,187,63,672,609,63,266,203,62,1078,1016,78,328,250,125,1250,1125,78,250,172,125,4234,121
78,281,203,63,422,359,62,266,204,62,1171,1109,79,329,250,125,578,453,93,265,172,78,3390,121
46,234,188,47,266,219,78,281,203,63,1188,1125,62,1781,1719,101,569,468,94,375,281,125,4819,121
72,447,375,47,484,437,63,531,468,47,875,828,78,477,399,125,500,375,93,343,250,78,3735,121
62,406,344,62,250,188,78,580,502,78,890,812,78,500,422,125,813,688,78,312,234,63,3814,121
62,1125,1063,57,282,225,63,859,796,63,907,844,78,515,437,125,1578,1453,63,578,515,110,5954,121
79,329,250,78,437,359,63,406,343,78,1419,1341,78,485,407,125,515,390,78,344,266,94,4029,121
78,922,844,47,218,171,63,1157,1094,78,1000,922,78,392,314,94,703,609,78,312,234,125,4829,121
62,234,172,63,844,781,62,2016,1954,93,984,891,78,469,391,93,906,813,78,484,406,125,6062,121
78,469,391,46,250,204,78,421,343,47,954,907,62,390,328,78,735,657,62,359,297,47,3625,121
78,234,156,63,310,247,60,372,312,74,1027,953,94,484,390,94,547,453,94,313,219,62,3349,121
78,266,188,62,812,750,63,532,469,62,812,750,78,344,266,109,406,297,62,281,219,78,3531,121
62,359,297,47,517,470,63,250,187,79,813,734,62,406,344,125,1766,1641,93,281,188,94,4486,121
62,281,219,94,266,172,62,265,203,47,563,516,62,408,346,157,532,375,78,640,562,110,3065,121
62,551,489,63,610,547,62,625,563,62,1328,1266,78,562,484,157,438,281,78,356,278,94,4564,121
63,344,281,63,469,406,62,312,250,63,735,672,78,468,390,125,657,532,78,313,235,109,3407,121
63,282,219,62,422,360,46,703,657,78,843,765,78,647,569,136,996,860,78,296,218,94,4283,121
63,547,484,63,703,640,47,377,330,47,719,672,93,359,266,109,781,672,78,393,315,94,3973,121
78,250,172,62,515,453,63,344,281,47,703,656,63,406,343,141,627,486,62,422,360,125,3392,121
62,250,188,62,437,375,47,219,172,63,609,546,63,407,344,93,593,500,63,344,281,78,2937,121
62,218,156,63,250,187,47,203,156,47,625,578,78,469,391,150,960,810,62,265,203,94,3084,121
63,422,359,63,250,187,47,219,172,47,656,609,63,422,359,125,422,297,80,314,234,78,2783,121
78,281,203,47,297,250,62,250,188,62,687,625,47,406,359,125,422,297,63,313,250,78,2734,121
63,235,172,62,234,172,62,219,157,62,1156,1094,62,408,346,140,640,500,78,516,438,125,3533,121
78,281,203,63,516,453,62,375,313,62,687,625,63,532,469,125,1782,1657,78,172,94,78,4423,121
63,422,359,63,703,640,94,938,844,78,672,594,109,547,438,109,1594,1485,78,187,109,78,5141,121
63,375,312,63,485,422,62,453,391,62,844,782,78,593,515,141,438,297,78,344,266,93,3625,121
62,314,252,63,453,390,63,1219,1156,62,765,703,63,516,453,109,1128,1019,94,235,141,91,4721,121
63,281,218,47,328,281,47,250,203,47,703,656,79,610,531,125,781,656,63,345,282,79,3377,121
78,235,157,62,468,406,63,625,562,78,1174,1096,78,484,406,141,469,328,78,406,328,78,3939,121
62,297,235,62,484,422,62,578,516,63,891,828,64,501,437,109,1406,1297,63,203,140,79,4439,121
78,422,344,62,1015,953,78,469,391,78,1844,1766,93,453,360,111,1673,1562,78,344,266,62,6282,121
63,625,562,78,375,297,63,625,562,78,1078,1000,78,407,329,122,922,800,94,453,359,78,4563,121
78,781,703,62,265,203,78,250,172,47,922,875,94,625,531,94,1797,1703,84,678,594,93,5411,121
47,875,828,62,218,156,63,422,359,63,781,718,94,532,438,93,984,891,94,344,250,94,4250,121
78,406,328,78,422,344,78,266,188,62,812,750,79,500,421,125,875,750,94,328,234,94,3703,121
78,266,188,78,250,172,78,250,172,62,656,594,78,656,578,125,781,656,78,344,266,109,3312,121
78,444,366,62,281,219,62,844,782,78,828,750,93,437,344,141,1125,984,78,203,125,110,4272,121
63,235,172,78,875,797,64,656,592,63,1026,963,78,703,625,141,1234,1093,78,344,266,94,5167,121
63,297,234,63,438,375,62,250,188,62,609,547,62,375,313,78,891,813,62,328,266,78,3266,121
63,375,312,47,823,776,62,531,469,63,1954,1891,78,391,313,109,411,302,78,375,297,78,4938,121
78,391,313,62,546,484,63,500,437,47,1612,1565,62,890,828,110,438,328,62,375,313,94,4846,121
56,535,479,65,329,264,64,256,192,65,496,431,80,616,536,56,632,576,79,424,345,56,3344,121
55,271,216,56,208,152,64,216,152,56,568,512,80,440,360,89,408,319,80,368,288,72,2551,121
56,240,184,56,216,160,57,312,255,64,664,600,72,464,392,112,456,344,72,272,200,72,2696,121
56,488,432,65,544,479,73,472,399,64,704,640,72,448,376,120,400,280,88,296,208,88,3440,121
72,448,376,64,824,760,64,312,248,72,616,544,64,368,304,128,536,408,80,265,185,87,3456,121
63,583,520,48,376,328,64,568,504,64,488,424,72,368,296,112,728,616,88,272,184,48,3431,121
72,216,144,72,216,144,71,1800,1729,64,1072,1008,80,680,600,112,391,279,73,328,255,128,4831,121
57,417,360,56,432,376,63,863,800,81,621,540,92,620,528,120,407,287,81,377,296,88,3825,121
64,456,392,64,336,272,80,881,801,80,568,488,96,496,400,80,551,471,104,345,241,87,3720,121
72,472,400,64,311,247,73,289,216,80,1032,952,80,416,336,144,416,272,72,312,240,88,3336,121
64,384,320,64,272,208,56,240,184,64,608,544,79,400,321,96,536,440,64,368,304,72,2880,121
71,1063,992,72,1792,1720,72,320,248,80,657,577,95,423,328,119,360,241,80,288,208,80,4983,121
64,416,352,80,920,840,104,248,144,88,504,416,88,400,312,127,672,545,96,264,168,88,3512,121
64,432,368,72,224,152,72,192,120,95,624,529,88,352,264,112,640,528,88,744,656,80,3288,121
64,216,152,73,208,135,72,208,136,88,712,624,80,320,240,136,488,352,80,280,200,64,2496,121
59,496,437,55,192,137,80,192,112,80,600,520,112,608,496,72,896,824,88,512,424,88,3584,121
64,760,696,64,232,168,72,240,168,88,752,664,88,320,232,120,448,328,72,352,280,88,3192,121
73,231,158,81,229,148,92,260,168,80,703,623,89,1377,1288,128,768,640,89,536,447,88,4192,121
80,288,208,72,288,216,56,248,192,72,720,648,79,280,201,144,608,464,88,312,224,88,2832,121
72,280,208,72,248,176,72,248,176,71,720,649,88,432,344,112,536,424,72,303,231,81,2848,121
64,248,184,72,1617,1545,63,199,136,80,872,792,72,561,489,111,463,352,80,216,136,72,4248,121
80,520,440,56,176,120,80,240,160,96,528,432,80,336,256,112,448,336,88,240,152,104,2592,121
73,247,174,68,225,157,64,216,152,64,520,456,80,352,272,103,392,289,79,256,177,89,2297,121
80,272,192,63,232,169,56,200,144,64,591,527,66,297,231,128,472,344,88,280,192,81,2425,121
72,224,152,56,184,128,56,184,128,64,464,400,72,296,224,120,400,280,81,264,183,88,2104,121
64,232,168,55,200,145,56,192,136,56,504,448,72,481,409,127,431,304,88,208,120,72,2320,121
56,208,152,71,240,169,64,208,144,72,544,472,72,448,376,136,496,360,80,320,240,80,2544,121
73,233,160,72,216,144,64,208,144,64,512,448,72,352,280,112,616,504,96,296,200,104,2537,121
72,272,200,72,216,144,80,368,288,72,480,408,80,384,304,120,416,296,80,256,176,72,2464,121
64,360,296,56,192,136,64,192,128,80,375,295,80,332,252,140,685,545,79,448,369,96,2680,121
72,240,168,80,408,328,73,328,255,88,664,576,88,608,520,120,568,448,72,232,160,64,3112,121
80,240,160,72,256,184,72,216,144,80,608,528,72,400,328,128,480,352,89,352,263,104,2656,121
63,207,144,72,208,136,64,184,120,80,456,376,88,408,320,96,400,304,56,264,208,88,2215,121
80,313,233,80,216,136,71,199,128,89,425,336,88,368,280,128,288,160,72,272,200,55,2136,121
64,248,184,64,240,176,72,248,176,80,752,672,88,376,288,112,1240,1128,80,176,96,72,3352,121
80,880,800,64,200,136,72,240,168,80,440,360,80,464,384,128,672,544,87,248,161,88,3232,121
72,256,184,72,224,152,64,224,160,72,536,464,79,352,273,144,504,360,72,272,200,88,2456,121
72,232,160,72,264,192,64,232,168,72,888,816,88,384,296,144,728,584,80,240,160,96,3064,121
63,287,224,64,232,168,64,216,152,72,584,512,80,360,280,128,536,408,96,256,160,120,2591,121
72,232,160,64,240,176,64,448,384,88,496,408,88,287,199,120,521,401,72,272,200,88,2584,121
72,241,169,72,918,846,88,209,121,96,695,599,80,273,193,120,480,360,88,248,160,80,3144,121
72,224,152,72,208,136,72,208,136,80,712,632,88,288,200,127,544,417,72,233,161,95,2512,121
64,208,144,80,191,111,73,200,127,73,561,488,71,456,385,127,408,281,80,200,120,112,2336,121
64,200,136,72,184,112,72,200,128,87,608,521,88,288,200,96,552,456,64,248,184,64,2344,121
73,312,239,104,248,144,96,192,96,96,1000,904,96,313,217,111,1111,1000,80,280,200,72,3528,121
72,208,136,73,184,111,72,192,120,72,600,528,96,376,280,136,943,807,73,281,208,80,2864,121
88,488,400,88,176,88,96,184,88,96,719,623,81,345,264,128,440,312,72,288,216,88,2728,121
80,240,160,80,200,120,87,168,81,96,544,448,95,400,305,136,640,504,80,224,144,104,2520,121
73,233,160,64,504,440,72,240,168,80,643,563,85,293,208,127,560,433,79,216,137,96,2785,121
64,224,160,64,224,160,63,488,425,72,719,647,65,265,200,136,528,392,88,200,112,111,2759,121
71,231,160,64,192,128,64,184,120,64,536,472,72,489,417,126,751,625,87,199,112,112,2694,121
64,224,160,72,563,491,61,469,408,72,1248,1176,72,288,216,128,650,522,78,174,96,112,3728,121
72,224,152,72,240,168,72,264,192,64,768,704,80,384,304,128,440,312,88,256,168,72,2648,121
64,240,176,56,201,145,71,247,176,64,656,592,80,416,336,128,544,416,96,256,160,104,2664,121
64,248,184,64,464,400,64,248,184,72,496,424,72,312,240,112,712,600,96,424,328,103,3007,121
72,215,143,81,265,184,72,232,160,80,1040,960,80,392,312,152,1840,1688,80,400,320,96,4480,121
96,240,144,80,216,136,104,208,104,88,712,624,80,337,257,111,679,568,80,208,128,40,2640,121
72,216,144,64,184,120,64,192,128,72,560,488,80,320,240,111,408,297,72,216,144,88,2184,121
72,336,264,56,624,568,80,832,752,72,560,488,88,304,216,120,407,287,81,233,152,104,3400,121
64,256,192,88,768,680,72,2200,2128,80,1608,1528,80,504,424,128,512,384,88,288,200,112,6248,121
72,848,776,72,216,144,72,264,192,73,912,839,80,400,320,128,552,424,80,216,136,104,3512,121
80,312,232,72,383,311,73,641,568,72,632,560,88,488,400,112,536,424,80,208,128,112,3312,121
72,232,160,80,655,575,105,313,208,80,1272,1192,96,296,200,128,456,328,96,192,96,96,3512,121
72,223,151,89,281,192,72,456,384,72,865,793,79,360,281,134,567,433,96,232,136,127,3111,121
72,248,176,72,359,287,64,241,177,72,834,762,87,582,495,120,512,392,96,240,144,112,3128,121
80,224,144,72,224,152,72,224,152,72,1656,1584,72,448,376,136,407,271,73,177,104,96,3456,121
72,208,136,72,216,144,64,184,120,72,904,832,80,376,296,136,392,256,80,192,112,88,2560,121
72,264,192,64,200,136,64,176,112,72,520,448,80,432,352,117,352,235,88,232,144,104,2280,121
72,240,168,72,296,224,72,335,263,81,881,800,88,408,320,120,520,400,95,255,160,113,3048,121
72,248,176,88,336,248,72,263,191,73,1089,1016,80,223,143,144,1065,921,72,288,216,96,3608,121
72,304,232,72,287,215,73,297,224,64,752,688,72,400,328,104,512,408,71,200,129,80,2832,121
72,1448,1376,64,216,152,64,1320,1256,79,744,665,80,344,264,128,1144,1016,88,248,160,111,5575,121
72,272,200,72,720,648,80,2808,2728,72,712,640,96,408,312,112,720,608,104,248,144,96,5984,121
72,240,168,63,312,249,64,392,328,80,680,600,80,520,440,129,415,286,81,241,160,112,2912,121
80,248,168,64,488,424,72,232,160,80,640,560,88,424,336,128,496,368,72,200,128,120,2848,121
71,248,177,72,448,376,72,432,360,64,727,663,89,345,256,120,640,520,80,336,256,112,3288,121
64,224,160,72,288,216,64,256,192,56,1472,1416,80,1216,1136,127,377,250,95,279,184,111,4223,121
72,232,160,64,248,184,64,408,344,56,864,808,80,448,368,128,672,544,72,200,128,112,3184,121
64,232,168,64,208,144,63,200,137,64,752,688,96,432,336,120,480,360,88,288,200,128,2720,121
80,624,544,80,192,112,96,184,88,96,688,592,80,416,336,104,400,296,104,384,280,112,3000,121
104,288,184,88,224,136,87,183,96,96,744,648,72,304,232,125,457,332,104,784,680,119,3103,121
72,432,360,88,216,128,88,184,96,88,640,552,80,352,272,128,688,560,88,344,256,96,2952,121
88,440,352,64,208,144,104,192,88,87,816,729,72,888,816,128,624,496,104,336,232,96,3600,121
73,233,160,79,640,561,88,208,120,96,544,448,80,1120,1040,112,440,328,88,248,160,80,3513,121
79,240,161,79,248,169,64,1704,1640,87,1104,1017,88,304,216,136,592,456,104,216,112,120,4528,121
64,208,144,72,208,136,72,248,176,88,760,672,88,456,368,128,1135,1007,89,256,167,80,3351,121
64,240,176,80,400,320,72,920,848,80,656,576,88,344,256,128,648,520,80,192,112,128,3528,121
79,352,273,72,1040,968,72,1080,1008,72,736,664,96,384,288,160,648,488,95,232,137,128,4600,121
88,232,144,80,192,112,105,176,71,88,568,480,88,392,304,152,583,431,89,345,256,128,2616,121
72,975,903,96,273,177,80,232,152,79,736,657,63,304,241,136,696,560,80,376,296,120,3712,121
72,279,207,65,545,480,63,224,161,80,423,343,73,289,216,151,440,289,96,216,120,111,2527,121
72,240,168,72,240,168,80,296,216,72,680,608,88,432,344,151,1856,1705,80,184,104,135,4063,121
72,232,160,72,296,224,64,473,409,70,1207,1137,64,264,200,120,448,328,96,256,160,104,3280,121
80,232,152,64,191,127,65,185,120,72,360,288,64,280,216,113,936,823,96,224,128,112,2520,121
55,216,161,64,209,145,70,199,129,72,448,376,72,272,200,128,448,320,80,240,160,104,2136,121
72,248,176,64,208,144,64,200,136,64,640,576,64,256,192,120,776,656,80,216,136,119,2663,121
63,279,216,72,1479,1407,65,224,159,65,784,719,65,297,232,136,408,272,72,256,184,96,3823,121
72,224,152,72,240,168,56,240,184,72,656,584,72,312,240,128,456,328,79,240,161,104,2472,121
72,216,144,56,192,136,64,216,152,64,1056,992,80,304,224,112,496,384,80,215,135,105,2800,121
78,281,203,63,516,453,62,4563,4501,94,2660,2566,94,3872,3778,125,1156,1031,94,437,343,79,13564,121
63,250,187,63,906,843,63,594,531,94,1016,922,93,453,360,125,1172,1047,93,296,203,79,4766,121
94,281,187,78,367,289,110,328,218,78,1735,1657,93,468,375,141,415,274,94,672,578,94,4360,121
78,328,250,78,469,391,78,437,359,79,1047,968,78,533,455,109,578,469,94,516,422,62,3970,121
62,406,344,62,312,250,63,375,312,63,938,875,62,597,535,109,638,529,78,360,282,78,3704,121
94,422,328,63,875,812,63,281,218,47,547,500,94,360,266,142,407,265,94,344,250,78,3314,121
78,328,250,62,234,172,94,703,609,79,594,515,78,484,406,110,469,359,78,281,203,94,3187,121
94,844,750,62,203,141,78,243,165,62,828,766,78,406,328,110,532,422,93,359,266,118,3533,121
63,282,219,64,236,172,62,781,719,78,552,474,78,328,250,125,531,406,78,297,219,94,3101,121
63,266,203,78,280,202,63,250,187,78,627,549,62,359,297,125,610,485,78,265,187,78,2735,121
63,313,250,62,281,219,63,281,218,63,516,453,79,376,297,109,390,281,78,282,204,78,2517,121
78,250,172,62,203,141,63,203,140,63,766,703,94,422,328,109,437,328,78,266,188,93,2640,121
78,352,274,62,508,446,62,656,594,63,1188,1125,78,487,409,110,485,375,62,250,188,109,4035,121
62,250,188,62,359,297,78,594,516,93,625,532,109,406,297,109,500,391,79,282,203,78,3094,121
62,312,250,78,266,188,78,468,390,63,735,672,93,328,235,125,562,437,94,282,188,125,3078,121
78,577,499,62,406,344,63,360,297,78,578,500,93,343,250,110,422,312,78,375,297,94,3155,121
63,314,251,63,922,859,78,235,157,62,468,406,63,390,327,94,469,375,94,462,368,107,3367,121
78,281,203,78,250,172,78,312,234,78,563,485,94,312,218,110,422,312,94,360,266,109,2609,121
79,516,437,63,344,281,62,250,188,78,468,390,79,375,296,110,375,265,63,313,250,109,2750,121
78,219,141,93,328,235,78,234,156,78,469,391,94,359,265,94,406,312,79,282,203,93,2390,121
63,250,187,78,297,219,80,252,172,62,756,694,94,391,297,93,531,438,78,297,219,78,2852,121
78,250,172,63,235,172,62,234,172,78,705,627,62,422,360,93,578,485,62,328,266,78,2830,121
78,265,187,78,235,157,78,250,172,59,575,516,78,343,265,94,422,328,78,328,250,94,2512,121
63,266,203,62,250,188,78,234,156,78,547,469,63,375,312,125,344,219,78,316,238,94,2426,121
62,250,188,78,265,187,63,204,141,78,500,422,78,359,281,109,406,297,78,250,172,94,2328,121
78,281,203,78,250,172,63,266,203,62,578,516,78,531,453,109,453,344,78,547,469,78,2984,121
78,312,234,63,266,203,62,250,188,78,1220,1142,78,438,360,109,406,297,78,297,219,93,3282,121
63,360,297,62,203,141,78,234,156,63,641,578,78,406,328,125,344,219,78,250,172,140,2578,121
78,298,220,62,265,203,63,219,156,78,781,703,94,313,219,109,468,359,94,282,188,125,2751,121
80,267,187,78,250,172,78,235,157,62,453,391,93,406,313,109,528,419,78,297,219,174,2610,121
63,281,218,63,250,187,63,219,156,78,500,422,78,375,297,109,562,453,110,329,219,140,2656,121
93,281,188,94,297,203,62,265,203,78,516,438,78,422,344,125,469,344,78,264,186,94,2608,121
71,211,140,78,235,157,62,218,156,79,751,672,78,359,281,109,328,219,78,313,235,93,2508,121
78,234,156,79,297,218,94,282,188,78,718,640,94,407,313,125,328,203,94,297,203,94,2657,121
78,313,235,62,250,188,94,250,156,78,609,531,78,328,250,78,375,297,94,360,266,109,2594,121
78,259,181,94,328,234,78,235,157,78,390,312,94,329,235,125,375,250,94,282,188,93,2291,121
79,250,171,79,391,312,47,219,172,78,500,422,78,375,297,125,313,188,93,250,157,109,2407,121
78,282,204,62,203,141,62,218,156,79,454,375,93,296,203,94,532,438,78,250,172,109,2344,121
62,218,156,78,235,157,62,218,156,63,625,562,78,344,266,125,422,297,78,281,203,110,2453,121
62,234,172,63,235,172,78,218,140,63,485,422,93,312,219,110,531,421,79,235,156,94,2344,121
78,218,140,78,235,157,62,218,156,63,454,391,78,328,250,110,906,796,94,704,610,109,3172,121
62,234,172,78,281,203,78,219,141,63,562,499,94,985,891,109,281,172,78,375,297,63,3000,121
62,484,422,62,453,391,63,234,171,63,407,344,78,422,344,93,453,360,78,343,265,79,2875,121
62,296,234,79,329,250,62,218,156,63,391,328,78,451,373,94,516,422,109,500,391,93,2794,121
62,250,188,78,234,156,63,203,140,63,363,300,78,375,297,78,688,610,93,591,498,63,2767,121
63,297,234,78,250,172,78,516,438,78,687,609,78,359,281,141,860,719,78,391,313,94,3454,121
78,234,156,79,235,156,62,234,172,47,641,594,62,672,610,93,468,375,63,313,250,78,2875,121
78,250,172,78,281,203,94,250,156,63,1047,984,94,625,531,78,500,422,94,516,422,78,3547,121
78,1089,1011,110,469,359,63,234,171,79,547,468,78,422,344,78,422,344,78,328,250,78,3589,121
78,313,235,78,562,484,63,235,172,62,406,344,78,437,359,125,360,235,93,328,235,33,2674,121
78,265,187,63,219,156,78,203,125,94,531,437,79,313,234,94,562,468,94,313,219,109,2515,121
78,266,188,68,228,160,78,235,157,78,390,312,78,491,413,110,406,296,79,250,171,125,2391,121
63,234,171,63,204,141,62,203,141,62,547,485,78,343,265,125,375,250,78,266,188,78,2250,121
78,250,172,62,203,141,63,203,140,63,491,428,78,313,235,125,500,375,93,250,157,125,2335,121
62,234,172,63,203,140,63,203,140,63,516,453,78,368,290,110,438,328,78,234,156,94,2290,121
78,234,156,62,187,125,63,204,141,62,601,539,156,1047,891,93,2617,2524,78,188,110,125,5203,121
62,234,172,78,234,156,78,219,141,78,469,391,109,437,328,94,439,345,78,344,266,63,2439,121
73,241,168,55,195,140,77,206,129,78,406,328,78,375,297,110,422,312,78,344,266,109,2298,121
78,250,172,78,203,125,62,187,125,78,422,344,78,344,266,109,375,266,78,297,219,109,2187,121
78,203,125,79,188,109,78,187,109,79,422,343,94,328,234,125,391,266,63,266,203,93,2078,121
47,657,610,62,203,141,62,187,125,63,375,312,78,297,219,125,844,719,78,314,236,78,2955,121
63,297,234,63,219,156,47,203,156,62,422,360,78,359,281,110,531,421,63,344,281,110,2485,121
62,219,157,62,187,125,63,203,140,78,813,735,78,343,265,110,375,265,63,235,172,109,2484,121
67,223,156,62,203,141,47,156,109,78,797,719,78,313,235,93,484,391,78,250,172,94,2520,121
78,235,157,62,172,110,78,203,125,62,359,297,78,422,344,125,391,266,78,421,343,63,2266,121
78,219,141,63,172,109,62,187,125,79,360,281,62,359,297,94,438,344,78,203,125,93,2031,121
63,204,141,62,187,125,47,188,141,62,625,563,78,312,234,125,453,328,78,313,235,109,2391,121
62,219,157,64,189,125,47,187,140,63,535,472,63,344,281,109,594,485,93,281,188,109,2458,121
62,203,141,78,187,109,79,188,109,62,484,422,78,360,282,93,468,375,78,266,188,94,2250,121
78,203,125,63,172,109,63,172,109,78,406,328,78,375,297,125,642,517,78,406,328,109,2485,121
62,219,157,62,171,109,63,188,125,62,469,407,78,281,203,94,578,484,78,282,204,94,2282,121
63,188,125,62,250,188,78,218,140,79,1032,953,62,406,344,110,454,344,93,250,157,78,2876,121
63,250,187,63,282,219,62,234,172,63,547,484,62,484,422,110,1078,968,80,346,266,78,3299,121
78,218,140,78,235,157,62,203,141,78,497,419,77,327,250,125,693,568,93,578,485,125,2876,121
78,219,141,62,172,110,78,187,109,63,391,328,78,359,281,110,578,468,79,579,500,109,2594,121
78,235,157,93,218,125,79,204,125,93,546,453,79,407,328,125,531,406,94,297,203,109,2547,121
78,235,157,62,187,125,63,203,140,63,719,656,62,281,219,110,406,296,79,297,218,78,2406,121
63,219,156,78,203,125,63,188,125,62,562,500,78,407,329,109,484,375,78,328,250,78,2469,121
62,219,157,78,250,172,62,218,156,63,422,359,63,346,283,109,453,344,78,250,172,93,2251,121
63,219,156,62,187,125,47,188,141,47,459,412,78,620,542,110,438,328,78,234,156,94,2439,121
62,390,328,47,172,125,78,219,141,62,437,375,78,328,250,110,469,359,63,281,218,125,2421,121
62,203,141,62,172,110,46,187,141,47,313,266,78,328,250,78,640,562,94,281,187,94,2218,121
47,422,375,63,190,127,63,188,125,62,640,578,78,360,282,109,500,391,78,281,203,109,2690,121
62,546,484,63,204,141,62,203,141,93,1075,982,78,515,437,63,641,578,78,437,359,79,3700,121
63,266,203,66,192,126,74,215,141,78,547,469,78,707,629,70,836,766,78,875,797,62,3700,121
62,234,172,62,203,141,63,188,125,78,656,578,62,500,438,78,477,399,72,430,358,78,2766,121
62,421,359,79,235,156,94,250,156,62,797,735,78,500,422,78,531,453,78,359,281,63,3156,121
63,829,766,62,187,125,78,203,125,59,295,236,65,533,468,78,500,422,94,360,266,62,2969,121
94,391,297,78,187,109,78,203,125,63,344,281,78,547,469,70,664,594,78,375,297,78,2789,121
63,203,140,79,250,171,47,188,141,94,406,312,78,344,266,109,328,219,94,266,172,109,2094,121
63,281,218,63,219,156,78,172,94,78,250,172,78,406,328,94,328,234,79,532,453,109,2297,121
62,375,313,46,187,141,78,172,94,47,359,312,63,328,265,78,375,297,78,313,235,94,2203,121
62,203,141,78,187,109,94,219,125,78,732,654,78,594,516,94,375,281,94,250,156,78,2638,121
78,235,157,62,203,141,62,187,125,78,516,438,78,453,375,109,359,250,78,328,250,79,2360,121
63,235,172,62,187,125,78,203,125,63,375,312,63,735,672,109,298,189,77,312,235,78,2423,121
78,218,140,63,172,109,63,172,109,78,797,719,94,406,312,125,328,203,78,360,282,125,2578,121
78,218,140,63,203,140,47,172,125,63,547,484,63,656,593,110,329,219,78,406,328,94,2625,121
78,266,188,62,187,125,78,203,125,63,361,298,47,500,453,110,438,328,62,640,578,78,2673,121
62,218,156,79,250,171,63,297,234,94,669,575,62,375,313,109,457,348,62,328,266,78,2672,121
63,281,218,63,188,125,62,187,125,79,360,281,78,344,266,109,531,422,78,297,219,116,2304,121
63,219,156,63,172,109,62,187,125,63,454,391,62,484,422,109,297,188,78,281,203,62,2156,121
78,219,141,62,203,141,62,172,110,62,500,438,62,330,268,109,406,297,47,265,218,110,2205,121
63,203,140,63,188,125,62,172,110,78,375,297,78,328,250,109,438,329,78,281,203,94,2079,121
78,531,453,62,375,313,78,515,437,94,579,485,78,531,453,94,718,624,79,469,390,78,3796,121
78,235,157,93,296,203,78,532,454,93,593,500,94,422,328,141,453,312,78,313,235,109,2953,121
62,453,391,78,234,156,110,469,359,94,547,453,94,297,203,125,593,468,79,329,250,93,3015,121
72,218,146,79,344,265,94,266,172,94,797,703,78,343,265,79,703,624,79,391,312,109,3171,121
63,313,250,62,234,172,63,219,156,94,578,484,63,266,203,109,1687,1578,63,344,281,125,3766,121
78,312,234,78,391,313,78,234,156,94,438,344,78,296,218,125,469,344,78,328,250,78,2546,121
78,422,344,78,796,718,79,172,93,94,563,469,78,437,359,125,391,266,78,390,312,79,3250,121
78,393,315,62,286,224,63,250,187,79,391,312,94,344,250,125,359,234,78,327,249,78,2428,121
79,375,296,63,203,140,63,204,141,62,625,563,62,296,234,141,688,547,94,406,312,110,2907,121
63,250,187,63,172,109,78,219,141,62,609,547,78,328,250,125,533,408,78,391,313,78,2580,121
79,235,156,62,486,424,78,281,203,94,750,656,94,484,390,94,438,344,78,609,531,94,3377,121
47,188,141,62,343,281,78,235,157,78,531,453,94,297,203,125,408,283,78,328,250,94,2424,121
62,219,157,93,906,813,109,250,141,62,422,360,62,609,547,94,516,422,93,422,329,62,3406,121
63,203,140,63,235,172,78,218,140,63,578,515,63,344,281,141,500,359,63,359,296,94,2531,121
62,297,235,62,187,125,63,188,125,62,625,563,78,390,312,125,299,174,62,390,328,110,2486,121
62,250,188,93,796,703,63,235,172,47,515,468,78,313,235,109,562,453,78,424,346,94,3189,121
63,219,156,78,484,406,63,219,156,63,453,390,110,360,250,125,421,296,79,424,345,109,2689,121
47,219,172,62,312,250,47,188,141,78,500,422,94,422,328,140,1454,1314,63,281,218,125,3501,121
63,235,172,47,203,156,62,219,157,62,531,469,62,406,344,109,438,329,62,375,313,93,2500,121
63,235,172,62,187,125,63,219,156,47,328,281,78,408,330,109,734,625,78,375,297,110,2596,121
63,282,219,125,265,140,63,203,140,63,407,344,78,328,250,125,468,343,79,360,281,80,2393,121
62,250,188,62,187,125,78,203,125,47,1141,1094,78,500,422,109,516,407,78,313,235,93,3203,121
62,218,156,63,203,140,94,219,125,47,485,438,93,359,266,125,531,406,78,360,282,140,2515,121
47,188,141,78,203,125,47,172,125,47,422,375,78,265,187,141,360,219,78,281,203,94,1985,121
47,187,140,63,172,109,63,172,109,47,344,297,78,328,250,125,422,297,62,312,250,78,2015,121
47,204,157,46,171,125,63,172,109,47,360,313,78,312,234,110,344,234,78,281,203,78,1922,121
62,218,156,47,188,141,62,187,125,63,360,297,62,281,219,109,406,297,78,328,250,79,2047,121
47,187,140,63,188,125,47,172,125,47,312,265,78,313,235,109,359,250,63,516,453,94,2141,121
62,190,128,78,156,78,63,156,93,78,563,485,62,250,188,109,922,813,62,343,281,110,2690,121
62,218,156,47,203,156,47,157,110,62,375,313,78,361,283,125,360,235,62,547,485,109,2330,121
47,172,125,62,172,110,47,140,93,63,391,328,62,297,235,140,469,329,62,313,251,78,2032,121
62,203,141,62,187,125,63,172,109,47,375,328,78,297,219,109,375,266,47,344,297,47,2000,121
63,203,140,47,172,125,47,156,109,63,1172,1109,78,266,188,125,658,533,78,375,297,94,3096,121
47,219,172,46,156,110,62,187,125,47,688,641,47,187,140,141,469,328,78,453,375,94,2453,121
63,203,140,47,125,78,79,204,125,46,296,250,79,282,203,140,750,610,62,312,250,94,2266,121
62,203,141,62,156,94,63,172,109,63,422,359,62,359,297,141,375,234,63,485,422,109,2281,121
78,203,125,63,156,93,78,172,94,63,547,484,78,313,235,125,1062,937,78,406,328,78,2937,121
62,250,188,62,328,266,62,219,157,62,390,328,47,797,750,109,1096,987,78,468,390,110,3658,121
63,188,125,62,172,110,62,156,94,62,484,422,62,375,313,140,484,344,78,297,219,109,2265,121
63,203,140,63,172,109,63,172,109,47,313,266,62,281,219,158,423,265,79,313,234,62,1939,121
47,187,140,78,157,79,62,187,125,63,406,343,78,282,204,140,687,547,63,297,234,94,2297,121
62,219,157,46,140,94,78,188,110,62,375,313,78,265,187,141,500,359,78,297,219,78,2062,121
62,187,125,63,157,94,62,171,109,63,438,375,62,266,204,109,468,359,63,283,220,78,2048,121
63,172,109,78,156,78,63,188,125,78,546,468,79,344,265,125,563,438,47,312,265,63,2344,121
63,219,156,62,547,485,62,218,156,63,438,375,62,312,250,143,346,203,62,250,188,94,2424,121
63,204,141,62,156,94,62,156,94,63,313,250,78,281,203,140,344,204,62,328,266,109,1891,121
47,188,141,62,187,125,63,172,109,63,594,531,62,265,203,110,438,328,78,391,313,109,2344,121
63,219,156,63,156,93,63,188,125,62,391,329,62,406,344,125,406,281,63,297,234,94,2157,121
62,218,156,63,157,94,62,187,125,63,375,312,78,359,281,125,688,563,62,406,344,78,2468,121
63,438,375,47,172,125,46,171,125,47,422,375,63,328,265,94,737,643,78,422,344,109,2799,121
47,203,156,62,172,110,47,187,140,47,906,859,63,313,250,109,406,297,63,250,187,94,2531,121
62,203,141,78,156,78,78,156,78,94,313,219,94,297,203,109,406,297,78,391,313,93,2015,121
46,203,157,62,172,110,62,171,109,63,407,344,62,359,297,125,345,220,63,375,312,110,2142,121
62,187,125,63,156,93,47,157,110,78,437,359,47,375,328,125,313,188,62,296,234,94,2015,121
63,188,125,78,172,94,62,187,125,63,453,390,63,266,203,125,486,361,62,344,282,78,2174,121
63,188,125,62,187,125,47,157,110,62,406,344,78,359,281,78,563,485,62,282,220,125,2267,121
46,187,141,63,156,93,94,188,94,78,562,484,63,500,437,125,657,532,62,281,219,109,2640,121
62,187,125,47,156,109,63,172,109,63,469,406,62,266,204,93,484,391,94,266,172,93,2093,121
63,188,125,62,156,94,78,172,94,62,406,344,62,203,141,125,562,437,79,360,281,94,2141,121
47,187,140,79,172,93,63,172,109,63,406,343,63,297,234,141,469,328,63,297,234,125,2125,121
78,281,203,78,219,141,47,156,109,78,375,297,78,328,250,94,406,312,78,360,282,93,2218,121
50,190,140,60,220,160,90,220,130,50,590,540,60,370,310,130,340,210,70,300,230,50,2280,121
70,200,130,70,160,90,80,190,110,60,350,290,70,370,300,130,470,340,70,260,190,80,2080,121
60,190,130,50,140,90,70,170,100,60,420,360,70,290,220,100,610,510,80,310,230,80,2210,121
60,200,140,60,160,100,70,200,130,51,460,409,60,330,270,120,340,220,70,310,240,90,2090,121
50,180,130,55,150,95,70,180,110,70,440,370,50,230,180,130,410,280,70,260,190,110,1960,121
60,180,120,80,170,90,70,190,120,50,605,555,55,305,250,120,470,350,60,350,290,110,2380,121
60,200,140,70,170,100,60,170,110,60,580,520,70,410,340,110,990,880,80,280,200,80,2880,121
50,180,130,60,180,120,60,180,120,50,410,360,60,390,330,90,380,290,70,330,260,80,2130,121
64,192,128,56,162,106,57,157,100,60,390,330,53,330,277,130,324,194,76,266,190,90,1911,121
50,180,130,60,170,110,60,160,100,50,310,260,60,290,230,120,550,430,70,250,180,100,2010,121
60,170,110,50,160,110,60,160,100,60,300,240,70,280,210,150,550,400,70,250,180,110,1980,121
60,180,120,60,170,110,50,140,90,60,410,350,60,260,200,140,640,500,70,280,210,90,2170,121
59,179,120,70,170,100,60,170,110,50,320,270,60,330,270,125,421,296,59,329,270,120,2039,121
50,192,142,58,188,130,40,160,120,60,370,310,60,286,226,114,644,530,60,320,260,90,2250,121
50,220,170,70,210,140,50,180,130,50,400,350,70,520,450,120,520,400,50,295,245,75,2420,121
50,180,130,60,180,120,50,170,120,50,550,500,65,350,285,130,560,430,60,270,210,90,2350,121
50,180,130,80,160,80,60,180,120,50,801,751,79,309,230,130,570,440,70,290,220,95,2585,121
65,177,112,56,144,88,64,168,104,64,576,512,64,224,160,143,408,265,72,352,280,88,2137,121
56,168,112,72,144,72,72,176,104,64,352,288,80,319,239,145,521,376,71,288,217,88,2056,121
56,168,112,72,160,88,64,176,112,56,368,312,64,312,248,96,632,536,72,224,152,64,2104,121
64,192,128,64,160,96,56,160,104,56,416,360,64,224,160,120,496,376,63,264,201,96,2008,121
57,168,111,73,169,96,72,183,111,65,376,311,72,240,168,129,633,504,48,264,216,104,2137,121
72,216,144,80,480,400,88,303,215,81,2945,2864,96,464,368,72,559,487,65,288,223,65,5320,11
72,223,151,73,241,168,56,328,272,64,400,336,64,360,296,56,912,856,48,511,463,56,3031,11
48,232,184,64,248,184,72,376,304,71,1256,1185,80,720,640,96,392,296,56,712,656,56,3992,11
56,208,152,72,360,288,72,288,216,72,600,528,64,439,375,64,1521,1457,77,376,299,56,3848,11
56,272,216,64,248,184,56,288,232,72,536,464,63,1752,1689,88,616,528,72,487,415,65,4264,11
56,264,208,63,216,153,72,352,280,72,711,639,73,409,336,79,1144,1065,73,360,287,112,3568,11
56,273,217,72,240,168,72,304,232,72,496,424,72,360,288,96,640,544,72,480,408,88,2881,11
56,256,200,80,248,168,71,311,240,64,609,545,80,1408,1328,96,480,384,72,423,351,56,3791,11
65,264,199,57,265,208,63,311,248,65,553,488,84,431,347,73,520,447,81,440,359,57,2841,11
56,271,215,57,233,176,72,455,383,76,1609,1533,64,583,519,73,489,416,64,455,391,65,4160,11
48,223,175,64,200,136,65,240,175,57,617,560,64,519,455,65,1432,1367,81,376,295,48,3655,11
57,240,183,72,224,152,57,496,439,64,521,457,55,487,432,96,480,384,57,496,439,65,3009,11
72,221,149,67,244,177,63,855,792,56,1063,1007,80,1048,968,73,393,320,73,528,455,57,4409,11
48,256,208,73,519,446,73,313,240,64,1232,1168,49,432,383,97,352,255,65,424,359,56,3584,11
65,256,191,73,264,191,73,256,183,65,448,383,73,360,287,81,369,288,72,367,295,65,2385,11
57,224,167,65,200,135,65,280,215,64,1176,1112,64,336,272,73,440,367,57,392,335,56,3104,11
57,200,143,73,296,223,73,256,183,65,536,471,64,336,272,56,744,688,72,336,264,65,2769,11
64,224,160,64,200,136,64,217,153,56,815,759,73,312,239,64,832,768,49,344,295,48,2992,11
49,224,175,72,200,128,72,240,168,57,384,327,72,321,249,71,847,776,73,280,207,56,2552,11
48,208,160,73,216,143,56,224,168,72,1584,1512,80,336,256,64,512,448,56,496,440,56,3632,11
64,224,160,72,224,152,72,248,176,57,432,375,72,368,296,73,544,471,57,496,439,64,2600,11
73,216,143,72,192,120,72,224,152,72,360,288,80,400,320,73,608,535,64,632,568,40,2672,11
56,209,153,71,223,152,64,216,152,64,511,447,73,409,336,64,400,336,64,400,336,65,2433,11
57,199,142,89,217,128,72,216,144,64,432,368,64,624,560,96,416,320,65,344,279,56,2504,11
65,248,183,81,248,167,80,248,168,64,424,360,64,369,305,71,431,360,64,336,272,40,2344,11
49,208,159,88,240,152,196,223,27,82,425,343,72,416,344,120,464,344,64,336,272,24,2336,11
72,232,160,80,240,160,64,232,168,64,472,408,64,384,320,88,416,328,64,264,200,56,2296,11
72,240,168,72,200,128,56,192,136,72,376,304,72,320,248,80,1416,1336,64,320,256,64,3128,11
64,216,152,72,203,131,76,228,152,65,449,384,64,296,232,72,384,312,64,608,544,64,2448,11
65,247,182,65,225,160,64,216,152,56,1080,1024,48,648,600,88,376,288,72,417,345,71,3280,11
64,240,176,72,248,176,72,256,184,65,408,343,64,370,306,132,422,290,48,336,288,56,2336,11
57,201,144,63,199,136,56,200,144,56,477,421,27,331,304,56,751,695,42,409,367,40,2608,11
56,224,168,72,303,231,57,233,176,74,504,430,56,360,304,56,336,280,64,360,296,48,2368,11
66,232,166,64,232,168,64,256,192,56,520,464,56,344,288,64,2664,2600,72,344,272,40,4632,11
64,216,152,80,216,136,64,224,160,72,504,432,64,400,336,48,384,336,64,288,224,48,2280,11
56,232,176,72,392,320,72,376,304,56,504,448,64,280,216,80,440,360,39,424,385,72,2720,11
57,632,575,64,360,296,80,295,215,65,625,560,72,328,256,56,1424,1368,65,464,399,64,4192,11
56,264,208,56,207,151,73,241,168,64,568,504,72,280,208,64,2384,2320,57,200,143,72,4216,11
73,296,223,72,432,360,56,215,159,65,401,336,72,264,192,72,688,616,72,384,312,64,2744,11
64,200,136,72,200,128,48,176,128,71,416,345,64,904,840,73,488,415,48,456,408,48,2888,11
48,224,176,64,192,128,56,200,144,64,416,352,56,440,384,72,688,616,64,328,264,56,2544,11
57,280,223,72,264,192,64,224,160,80,440,360,80,1016,936,40,456,416,64,407,343,57,3144,11
56,207,151,73,200,127,65,201,136,64,424,360,73,319,246,82,441,359,88,256,168,55,2103,11
57,200,143,72,200,128,56,200,144,63,440,377,56,248,192,72,488,416,47,320,273,72,2168,11
72,208,136,64,184,120,56,184,128,72,448,376,72,672,600,72,1472,1400,56,312,256,72,3552,11
65,232,167,72,224,152,71,248,177,72,1704,1632,65,336,271,104,344,240,80,296,216,80,3464,11
64,216,152,72,216,144,64,208,144,64,408,344,64,320,256,88,400,312,63,528,465,72,2368,11
57,201,144,80,200,120,72,208,136,64,368,304,64,232,168,80,424,344,72,360,288,64,2057,11
64,223,159,81,217,136,73,224,151,64,424,360,64,256,192,71,496,425,55,407,352,64,2311,11
56,208,152,72,208,136,56,213,157,75,547,472,72,592,520,64,750,686,75,442,367,56,3016,11
56,208,152,80,216,136,72,440,368,72,448,376,80,280,200,96,368,272,80,424,344,64,2448,11
56,312,256,64,408,344,64,232,168,64,392,328,71,352,281,64,456,392,56,320,264,80,2552,11
56,224,168,72,216,144,64,224,160,64,416,352,80,304,224,64,512,448,72,345,273,72,2313,11
56,223,167,73,241,168,72,256,184,72,360,288,72,240,168,88,576,488,72,784,712,80,2760,11
56,272,216,40,607,567,57,273,216,56,392,336,56,280,224,80,504,424,64,320,256,72,2720,11
64,248,184,72,376,304,64,311,247,73,521,448,64,327,263,64,361,297,72,327,255,65,2536,11
64,296,232,72,680,608,64,248,184,72,392,320,72,288,216,64,616,552,80,256,176,80,2856,11
71,254,183,89,257,168,72,248,176,72,457,385,80,320,240,88,1480,1392,64,431,367,80,3527,11
64,232,168,48,201,153,55,183,128,72,416,344,64,631,567,81,433,352,64,352,288,56,2504,11
57,201,144,79,216,137,56,176,120,72,480,408,71,704,633,72,383,311,73,353,280,56,2569,11
65,208,143,73,201,128,72,200,128,64,392,328,72,224,152,88,528,440,64,352,288,64,2169,11
64,224,160,72,231,159,65,200,135,73,401,328,72,280,208,88,728,640,80,408,328,64,2536,11
57,240,183,73,472,399,72,257,185,64,432,368,56,920,864,72,1856,1784,64,280,216,88,4545,11
64,248,184,64,208,144,56,199,143,73,385,312,80,624,544,120,744,624,64,272,208,56,2736,11
57,201,144,72,208,136,56,200,144,72,1207,1135,65,697,632,103,856,753,56,496,440,48,3913,11
56,215,159,65,217,152,23,168,145,55,440,385,56,272,216,64,415,351,57,288,231,81,2096,11
57,201,144,72,183,111,57,184,127,65,353,288,56,256,200,88,984,896,69,480,411,144,2785,11
56,216,160,56,184,128,64,191,127,65,337,272,64,280,216,72,447,375,88,361,273,96,2112,11
56,232,176,56,192,136,64,208,144,72,415,343,81,945,864,103,496,393,64,927,863,73,3488,11
57,192,135,73,200,127,65,208,143,65,336,271,65,369,304,96,2488,2392,56,288,232,80,4161,11
73,200,127,73,177,104,72,183,111,73,352,279,73,272,199,113,304,191,88,272,184,97,1857,11
64,216,152,81,208,127,64,240,176,73,4200,4127,97,328,231,89,440,351,65,272,207,73,5977,11
57,192,135,73,176,103,73,226,153,55,446,391,65,344,279,88,328,240,79,280,201,89,2081,11
56,200,144,81,224,143,57,200,143,65,376,311,73,840,767,121,1504,1383,113,224,111,113,3681,11
72,207,135,73,200,127,73,216,143,57,383,326,57,401,344,81,424,343,57,272,215,73,2176,11
57,200,143,41,160,119,65,176,111,65,352,287,65,272,207,81,1544,1463,57,160,103,88,2952,11
65,232,167,57,200,143,73,200,127,65,1944,1879,144,720,576,97,368,271,57,624,567,65,4353,11
65,208,143,65,192,127,48,169,121,64,327,263,64,376,312,112,920,808,56,256,200,65,2513,11
57,232,175,56,392,336,65,248,183,57,952,895,49,1080,1031,96,408,312,65,368,303,57,3737,11
57,224,167,73,200,127,57,192,135,57,376,319,56,424,368,105,432,327,81,248,167,88,2184,11
57,216,159,65,215,150,58,201,143,65,505,440,64,399,335,73,1992,1919,45,224,179,89,3841,11
65,241,176,55,215,160,56,216,160,65,456,391,56,336,280,104,728,624,57,336,279,57,2585,11
40,183,143,73,202,129,47,167,120,56,664,608,73,928,855,96,495,399,40,392,352,73,3104,11
56,167,111,64,393,329,56,736,680,40,1184,1144,55,584,529,72,495,423,73,297,224,95,3951,11
72,208,136,72,200,128,56,175,119,65,329,264,88,232,144,104,704,600,87,304,217,88,2240,11
64,192,128,56,168,112,55,160,105,80,440,360,56,168,112,88,495,407,64,281,217,64,1968,11
57,200,143,65,184,119,64,184,120,56,520,464,48,536,488,72,464,392,56,632,576,96,2816,11
57,200,143,64,192,128,72,370,298,4,222,218,40,408,368,88,448,360,49,328,279,40,2208,11
57,200,143,72,200,128,56,216,160,56,448,392,56,449,393,40,847,807,57,360,303,48,2768,11
65,184,119,80,232,152,56,1080,1024,72,1736,1664,64,640,576,72,392,320,64,336,272,56,4656,11
65,184,119,64,1896,1832,57,224,167,72,400,328,72,1080,1008,41,880,839,40,352,312,56,5072,11
65,184,119,64,192,128,56,184,128,64,536,472,64,400,336,64,400,336,56,304,248,56,2256,11
57,175,118,81,193,112,56,176,120,64,304,240,88,336,248,72,447,375,73,329,256,56,2016,11
73,200,127,80,208,128,56,200,144,72,2152,2080,73,968,895,96,760,664,56,648,592,80,5216,11
73,208,135,72,216,144,64,200,136,72,1192,1120,97,1096,999,81,784,703,88,512,424,72,4280,11
57,193,136,80,177,97,104,352,248,88,1088,1000,136,3336,3200,95,560,465,88,736,648,96,6538,11
40,192,152,48,184,136,40,400,360,64,400,336,56,496,440,56,1176,1120,72,264,192,63,3175,11
64,200,136,48,168,120,56,192,136,56,416,360,64,352,288,88,552,464,64,224,160,72,2176,11
64,192,128,64,184,120,56,208,152,64,456,392,72,352,280,88,504,416,64,264,200,56,2216,11
64,217,153,56,168,112,56,192,136,56,376,320,64,384,320,56,968,912,64,296,232,48,2649,11
56,185,129,72,192,120,48,192,144,64,432,368,71,384,313,56,584,528,64,496,432,72,2537,11
56,184,128,56,160,104,56,184,128,64,432,368,64,304,240,64,560,496,64,495,431,56,2375,11
48,192,144,56,168,112,56,176,120,56,368,312,72,344,272,80,760,680,56,591,535,88,2687,11
56,192,136,72,176,104,64,184,120,63,368,305,64,320,256,80,360,280,72,304,232,64,1968,11
72,209,137,56,152,96,56,176,120,64,464,400,64,304,240,80,752,672,56,264,208,72,2393,11
63,200,137,48,152,104,64,192,128,72,495,423,64,417,353,96,392,296,72,256,184,55,2159,11
48,184,136,64,160,96,64,200,136,64,360,296,64,264,200,112,432,320,56,296,240,64,1960,11
56,193,137,63,199,136,64,200,136,64,369,305,63,200,137,96,392,296,63,296,233,72,1921,11
64,224,160,64,192,128,56,216,160,56,376,320,72,224,152,96,336,240,88,256,168,96,1920,11
72,209,137,80,184,104,63,191,128,73,344,271,73,265,192,112,328,216,88,272,184,72,1865,11
64,200,136,72,176,104,64,200,136,56,304,248,80,256,176,104,296,192,64,376,312,64,1872,11
80,217,137,79,199,120,56,185,129,72,288,216,88,288,200,120,320,200,72,296,224,80,1873,11
79,223,144,80,176,96,80,217,137,63,287,224,80,297,217,112,320,208,80,344,264,111,1975,11
80,232,152,64,200,136,48,168,120,72,320,248,80,240,160,120,288,168,96,240,144,96,1784,11
79,240,161,71,208,137,48,184,136,64,344,280,88,240,152,112,360,248,80,264,184,112,1952,11
88,217,129,88,208,120,47,191,144,72,272,200,97,289,192,112,248,136,72,296,224,95,1816,11
63,200,137,80,200,120,56,176,120,72,352,280,112,528,416,144,327,183,80,320,240,104,2207,11
72,216,144,96,216,120,48,184,136,71,312,241,71,248,177,104,248,144,56,320,264,80,1824,11
72,192,120,80,176,96,56,176,120,64,256,192,64,320,256,96,240,144,64,344,280,80,1784,11
80,208,128,80,192,112,56,184,128,72,648,576,64,224,160,87,464,377,64,344,280,55,2319,11
64,192,128,71,191,120,56,225,169,56,320,264,96,232,136,136,367,231,65,233,168,88,1848,11
64,224,160,80,209,129,55,199,144,88,377,289,64,280,216,112,264,152,111,656,545,96,2305,11
63,240,177,63,207,144,32,176,144,56,329,273,80,232,152,144,296,152,63,392,329,120,1992,11
64,224,160,71,208,137,48,184,136,80,432,352,56,160,104,120,328,208,72,640,568,72,2248,11
63,215,152,64,176,112,56,193,137,56,344,288,64,232,168,128,319,191,73,241,168,88,1808,11
64,192,128,88,224,136,56,192,136,72,456,384,127,280,153,96,424,328,56,232,176,64,2064,11
56,200,144,71,216,145,56,224,168,56,376,320,64,336,272,64,791,727,40,296,256,64,2503,11
72,200,128,56,176,120,56,184,128,64,320,256,56,256,200,104,312,208,64,352,288,48,1848,11
72,215,143,72,201,129,47,176,129,71,287,216,80,208,128,113,273,160,64,264,200,72,1696,11
64,192,128,72,192,120,56,184,128,64,296,232,64,216,152,96,232,136,64,544,480,64,1920,11
64,201,137,63,192,129,55,183,128,64,313,249,64,232,168,111,288,177,64,319,255,81,1809,11
63,224,161,48,184,136,47,192,145,63,392,329,56,440,384,104,280,176,72,344,272,64,2120,11
72,192,120,80,176,96,63,192,129,64,328,264,64,304,240,96,248,152,71,280,209,64,1784,11
55,216,161,63,200,137,63,208,145,63,312,249,64,208,144,128,280,152,64,272,208,71,1767,11
57,201,144,63,216,153,71,280,209,63,424,361,55,464,409,103,400,297,56,624,568,95,2704,11
55,184,129,71,176,105,63,200,137,63,280,217,64,216,152,119,248,129,55,440,385,96,1840,11
48,185,137,71,176,105,63,184,121,63,320,257,55,5168,5113,120,288,168,72,272,200,111,6704,11
80,216,136,72,184,112,72,216,144,63,312,249,63,168,105,135,776,641,63,184,121,47,2103,11
55,176,121,71,175,104,56,200,144,72,352,280,56,313,257,103,384,281,71,287,216,56,1943,11
55,184,129,79,192,113,55,192,137,63,304,241,63,1336,1273,96,232,136,71,304,233,88,2832,11
64,193,129,79,527,448,56,201,145,80,384,304,103,471,368,169,201,32,103,256,153,95,2328,11
55,295,240,104,249,145,55,183,128,72,328,256,96,160,64,120,337,217,71,232,161,71,1855,11
55,208,153,71,368,297,55,904,849,71,831,760,56,216,160,128,281,153,71,200,129,87,3095,11
63,184,121,71,192,121,55,176,121,63,288,225,71,232,161,111,296,185,55,408,353,95,1871,11
71,192,121,71,168,97,55,160,105,63,264,201,71,232,161,119,896,777,31,184,153,63,2159,11
63,200,137,71,191,120,48,160,112,80,280,200,72,168,96,112,321,209,55,408,353,63,1791,11
63,192,129,71,176,105,55,160,105,79,288,209,79,240,161,111,1767,1656,72,321,249,71,3215,11
63,184,121,71,192,121,47,184,137,55,776,721,55,200,145,103,368,265,63,351,288,64,2319,11
63,184,121,63,167,104,56,177,121,63,336,273,63,288,225,95,448,353,39,264,225,63,1927,11
64,193,129,63,175,112,56,176,120,72,369,297,71,416,345,95,536,441,55,256,201,47,2168,11
55,199,144,72,176,104,56,185,129,63,327,264,72,297,225,79,312,233,55,376,321,95,1967,11
55,208,153,71,392,321,55,224,169,71,432,361,39,232,193,87,328,241,47,264,217,55,2135,11
71,224,153,71,264,193,63,240,177,63,400,337,55,440,385,119,472,353,79,344,265,87,2471,11
63,208,145,71,176,105,55,192,137,55,336,281,63,440,377,103,200,97,71,256,185,111,1919,11
64,192,128,72,201,129,47,191,144,64,400,336,72,496,424,96,233,137,55,352,297,87,2152,11
71,216,145,63,184,121,63,176,113,79,336,257,71,368,297,119,272,153,63,288,225,87,1927,11
79,224,145,87,224,137,47,184,137,79,336,257,63,232,169,119,304,185,55,920,865,79,2503,11
63,216,153,71,192,121,55,200,145,71,408,337,63,384,321,151,504,353,63,319,256,120,2343,11
40,209,169,39,151,112,56,192,136,56,337,281,79,648,569,79,280,201,71,304,233,63,2184,11
71,224,153,71,176,105,63,200,137,71,320,249,63,304,241,159,272,113,111,304,193,79,1879,11
79,208,129,87,200,113,55,192,137,79,336,257,71,288,217,119,744,625,55,344,289,79,2391,11
72,208,136,72,200,128,56,200,144,72,320,248,104,465,361,111,312,201,47,496,449,71,2272,11
55,199,144,64,192,128,48,184,136,56,320,264,64,224,160,120,313,193,71,376,305,71,1879,11
71,216,145,63,208,145,47,168,121,71,320,249,79,208,129,111,416,305,71,400,329,39,1975,11
63,216,153,55,200,145,55,208,153,55,344,289,63,344,281,127,448,321,63,272,209,87,2119,11
72,216,144,72,208,136,56,232,176,64,401,337,63,264,201,95,471,376,64,425,361,63,2280,11
71,192,121,79,192,113,55,184,129,55,312,257,47,168,121,119,256,137,55,232,177,71,1607,11
71,208,137,55,176,121,55,176,121,55,296,241,63,216,153,103,640,537,55,416,361,47,2175,11
47,176,129,71,1752,1681,39,208,169,63,311,248,64,280,216,128,785,657,159,312,153,151,3975,11
63,208,145,71,208,137,55,184,129,63,456,393,55,160,105,127,415,288,64,264,200,80,1975,11
64,201,137,71,184,113,71,192,121,55,560,505,71,247,176,112,401,289,63,272,209,87,2144,11
63,207,144,64,192,128,64,201,137,55,351,296,64,184,120,96,353,257,63,271,208,72,1831,11
47,207,160,64,201,137,63,216,153,55,1071,1016,40,697,657,119,1439,1320,72,281,209,63,4175,11
55,216,161,63,208,145,63,208,145,63,735,672,-944,449,1393,95,583,488,56,361,305,103,2863,11
47,832,785,87,240,153,63,2024,1961,55,440,385,63,327,264,112,353,241,103,456,353,87,4759,11
55,263,208,56,184,128,64,201,137,55,343,288,56,680,624,88,240,152,64,305,241,63,2279,11
63,248,185,63,224,161,71,240,169,63,352,289,55,424,369,55,984,929,71,216,145,55,2743,11
88,241,153,47,176,129,63,184,121,79,576,497,79,2256,2177,167,655,488,64,225,161,63,4376,11
55,240,185,47,176,129,47,192,145,63,352,289,55,527,472,80,297,217,55,296,241,55,2135,11
72,224,152,80,224,144,40,184,144,80,320,240,112,272,160,96,200,104,80,376,296,96,1896,11
72,225,153,63,199,136,56,193,137,79,328,249,63,208,145,87,320,233,71,320,249,71,1864,11
63,224,161,63,208,145,47,199,152,64,328,264,56,849,793,63,247,184,64,296,232,48,2399,11
64,225,161,55,184,129,47,183,136,56,312,256,72,249,177,55,191,136,-936,417,1353,71,1832,11
64,184,120,80,168,88,72,184,112,64,1233,1169,71,495,424,104,208,104,112,360,248,80,2912,11
87,240,153,63,191,128,56,192,136,64,368,304,80,193,113,119,287,168,72,281,209,55,1807,11
56,217,161,71,200,129,55,192,137,55,336,281,87,264,177,87,256,169,63,200,137,79,1744,11
64,201,137,87,191,104,56,192,136,72,288,216,72,201,129,87,216,129,63,256,193,63,1608,11
79,232,153,71,208,137,63,1255,1192,48,4024,3976,72,616,544,80,361,281,79,272,193,63,7031,11
72,209,137,63,167,104,64,184,120,80,360,280,80,376,296,152,240,88,80,264,184,72,1872,11
72,217,145,63,192,129,63,215,152,56,344,288,64,129,65,119,320,201,63,224,161,71,1712,11
56,216,160,80,192,112,64,201,137,71,399,328,56,368,312,104,408,304,64,232,168,88,2104,11
56,209,153,55,183,128,40,168,128,64,360,296,64,464,400,168,304,136,96,280,184,144,2112,11
80,232,152,56,200,144,25,160,135,72,304,232,72,240,168,120,192,72,72,232,160,96,1656,11
80,208,128,96,784,688,56,217,161,63,343,280,64,240,176,128,272,144,80,248,168,64,2376,11
72,240,168,72,184,112,64,208,144,80,345,265,71,143,72,144,432,288,120,264,144,120,1936,11
73,208,135,64,1169,1105,47,199,152,56,1104,1048,72,848,776,72,424,352,72,312,240,56,4320,11
103,224,121,64,184,120,64,224,160,64,680,616,112,544,432,80,439,359,73,361,288,56,2712,11
80,360,280,120,216,96,80,183,103,73,425,352,72,240,168,128,544,416,72,480,408,72,2520,11
64,185,121,80,183,103,65,177,112,80,360,280,80,240,160,96,368,272,72,256,184,72,1841,11
72,176,104,72,184,112,64,184,120,72,432,360,87,224,137,104,312,208,72,272,200,64,1848,11
64,192,128,72,175,103,48,161,113,72,384,312,63,208,145,103,256,153,72,392,320,55,1823,11
63,200,137,72,224,152,56,207,151,65,456,391,89,273,184,96,280,184,72,255,183,73,1968,11
57,185,128,64,183,119,48,176,128,73,344,271,80,192,112,97,280,183,64,296,232,56,1712,11
65,217,152,55,175,120,56,192,136,56,321,265,71,239,168,105,192,87,56,289,233,72,1697,11
63,207,144,72,192,120,57,184,127,65,312,247,73,208,135,104,216,112,64,280,216,72,1671,11
71,199,128,72,193,121,63,183,120,65,321,256,63,207,144,104,304,200,64,376,312,81,1864,11
72,192,120,81,192,111,64,184,120,72,336,264,96,201,105,79,232,153,71,303,232,73,1713,11
65,176,111,80,192,112,73,208,135,64,320,256,80,168,88,88,360,272,81,217,136,71,1712,11
55,175,120,73,176,103,48,176,128,64,320,256,72,200,128,96,224,128,56,272,216,80,1623,11
64,216,152,64,168,104,56,160,104,72,352,280,64,192,128,65,200,135,72,296,224,96,1680,11
72,208,136,72,209,137,55,183,128,64,361,297,72,191,119,80,308,228,84,308,224,89,1857,11
72,216,144,57,192,135,48,168,120,80,329,249,87,239,152,112,184,72,72,264,192,88,1680,11
63,183,120,80,184,104,56,169,113,71,383,312,96,320,224,96,200,104,72,376,304,80,1895,11
72,200,128,72,192,120,48,184,136,65,344,279,80,208,128,88,200,112,64,312,248,72,1712,11
64,192,128,72,184,112,48,184,136,64,328,264,64,216,152,120,200,80,88,224,136,88,1616,11
64,200,136,64,168,104,48,176,128,56,304,248,64,224,160,128,361,233,95,383,288,64,1880,11
64,184,120,56,168,112,40,144,104,72,296,224,80,168,88,96,192,96,72,192,120,96,1440,11
56,168,112,72,208,136,56,176,120,72,320,248,72,200,128,80,200,120,64,312,248,56,1640,11
48,192,144,64,200,136,48,352,304,56,408,352,72,1080,1008,88,392,304,64,192,128,56,2872,11
56,168,112,72,192,120,48,160,112,64,328,264,64,456,392,88,208,120,64,272,208,64,1848,11
64,208,144,72,184,112,48,176,128,64,568,504,80,504,424,95,312,217,88,248,160,48,2248,11
56,176,120,72,192,120,56,176,120,64,528,464,72,184,112,87,304,217,72,320,248,47,1927,11
56,192,136,72,192,120,48,856,808,64,408,344,72,240,168,128,335,207,73,233,160,80,2536,11
64,200,136,80,400,320,64,227,163,69,389,320,71,175,104,89,240,151,64,273,209,63,1967,11
57,185,128,80,216,136,64,184,120,64,568,504,72,248,176,103,264,161,64,248,184,64,1977,11
56,192,136,80,200,120,64,200,136,56,416,360,64,216,152,72,448,376,48,231,183,65,1968,11
64,192,128,80,208,128,64,184,120,72,480,408,88,327,239,97,288,191,81,256,175,73,2008,11
56,184,128,80,200,120,48,176,128,80,352,272,72,328,256,64,352,288,95,272,177,71,1935,11
64,192,128,72,184,112,64,200,136,64,376,312,80,216,136,72,232,160,64,271,207,48,1719,11
56,200,144,72,184,112,72,192,120,64,407,343,97,241,144,80,472,392,80,231,151,73,2000,11
64,192,128,72,192,120,56,183,127,65,385,320,64,191,127,89,361,272,56,272,216,64,1840,11
56,183,127,73,185,112,64,192,128,56,343,287,65,177,112,88,200,112,72,272,200,64,1616,11
48,184,136,72,208,136,64,184,120,72,407,335,73,457,384,71,231,160,56,256,200,56,1983,11
64,207,143,81,193,112,63,183,120,81,344,263,80,184,104,89,289,200,63,375,312,56,1831,11
55,199,144,80,200,120,72,208,136,72,432,360,72,201,129,55,263,208,64,272,208,81,1856,11
55,216,161,72,207,135,65,216,151,72,401,329,79,175,96,96,273,177,63,272,209,64,1824,11
56,240,184,72,224,152,56,185,129,71,423,352,72,153,81,112,367,255,72,232,160,73,1897,11
80,239,159,72,200,128,57,192,135,72,368,296,72,168,96,81,272,191,64,240,176,73,1752,11
55,207,152,73,193,120,64,183,119,73,384,311,73,152,79,64,232,168,72,249,177,72,1672,11
64,216,152,80,232,152,40,1144,1104,64,801,737,63,207,144,89,224,135,81,264,183,80,3168,11
64,224,160,80,224,144,64,209,145,79,408,329,80,191,111,80,224,144,73,224,151,80,1784,11
64,256,192,81,632,551,64,240,176,64,392,328,72,168,96,96,288,192,65,273,208,80,2329,11
64,240,176,72,216,144,65,193,128,63,351,288,80,192,112,80,312,232,72,281,209,47,1832,11
64,224,160,80,200,120,64,192,128,64,376,312,65,248,183,96,304,208,72,400,328,56,2000,11
60,210,150,60,190,130,60,180,120,70,380,310,80,190,110,80,270,190,70,300,230,80,1800,11
64,208,144,72,184,112,56,175,119,70,320,250,80,420,340,80,300,220,80,260,180,70,1937,11
60,193,133,77,177,100,70,170,100,70,330,260,80,250,170,40,230,190,70,370,300,50,1770,11
70,210,140,80,190,110,60,190,130,64,320,256,80,210,130,70,210,140,70,300,230,80,1710,11
70,200,130,80,200,120,60,200,140,60,370,310,85,180,95,80,250,170,80,440,360,50,1890,11
60,210,150,80,200,120,50,180,130,70,360,290,70,190,120,80,200,120,70,270,200,70,1680,11
60,190,130,80,190,110,60,180,120,70,290,220,70,190,120,90,240,150,70,400,330,60,1740,11
60,190,130,80,200,120,40,150,110,80,320,240,70,170,100,100,210,110,70,240,170,90,1570,11
60,186,126,74,200,126,54,184,130,70,330,260,70,200,130,86,200,114,70,260,190,90,1650,11
70,210,140,80,200,120,60,180,120,80,370,290,70,160,90,90,270,180,80,250,170,80,1720,11
60,190,130,70,190,120,50,200,150,50,330,280,70,210,140,80,230,150,80,240,160,80,1670,11
60,220,160,50,200,150,60,200,140,60,370,310,70,200,130,110,250,140,60,240,180,100,1780,11
64,184,120,80,216,136,56,200,144,72,328,256,80,160,80,96,272,176,72,232,160,72,1664,11
64,208,144,80,208,128,56,176,120,71,328,257,88,216,128,56,144,88,88,288,200,88,1656,11
64,200,136,80,208,128,72,200,128,72,352,280,72,200,128,72,224,152,72,272,200,104,1760,11
55,232,177,87,224,137,56,176,120,80,384,304,88,352,264,88,264,176,72,375,303,73,2080,11
64,232,168,72,200,128,56,167,111,81,377,296,80,216,136,88,200,112,72,256,184,104,1752,11
64,216,152,72,208,136,48,184,136,80,503,423,81,288,207,89,217,128,103,304,201,112,2032,11
72,216,144,88,208,120,56,191,135,73,417,344,96,224,128,104,240,136,88,328,240,88,1912,11
72,232,160,64,200,136,72,216,144,80,376,296,103,192,89,80,208,128,80,240,160,104,1768,11
80,240,160,96,248,152,56,200,144,72,368,296,80,184,104,88,504,416,136,304,168,88,2136,11
64,232,168,64,208,144,48,191,143,65,345,280,72,584,512,48,168,120,136,464,328,103,2295,11
64,200,136,72,208,136,40,191,151,65,393,328,72,192,120,95,224,129,72,208,136,95,1711,11
73,233,160,80,216,136,64,200,136,72,384,312,80,216,136,88,216,128,80,272,192,88,1825,11
64,224,160,80,207,127,49,193,144,72,392,320,119,264,145,112,232,120,80,248,168,87,1847,11
64,216,152,72,200,128,64,200,136,64,344,280,88,199,111,97,184,87,81,257,176,87,1687,11
55,200,145,88,240,152,56,191,135,73,361,288,72,160,88,120,264,144,72,240,168,71,1727,11
73,217,144,80,208,128,56,184,128,80,912,832,128,232,104,136,791,655,128,305,177,119,2968,11
71,207,136,81,737,656,64,239,175,80,489,409,119,1327,1208,88,616,528,72,208,136,80,3903,11
32,1640,1608,79,431,352,64,224,160,72,417,345,88,191,103,80,257,177,103,368,265,87,3615,11
87,248,161,88,239,151,57,217,160,72,400,328,80,176,96,79,247,168,88,280,192,104,1911,11
88,281,193,79,247,168,65,209,144,88,399,311,72,185,113,79,223,144,88,288,200,88,1920,11
80,232,152,80,216,136,64,256,192,88,448,360,104,200,96,105,257,152,87,247,160,96,1952,11
71,239,168,89,209,120,72,207,135,72,425,353,95,167,72,104,256,152,88,256,168,80,1839,11
65,208,143,89,200,111,56,168,112,72,360,288,88,240,152,104,1592,1488,80,280,200,80,3128,11
64,232,168,72,192,120,64,176,112,81,360,279,72,184,112,64,256,192,72,232,160,72,1704,11
64,216,152,88,208,120,64,176,112,81,376,295,72,320,248,40,872,832,88,720,632,96,2984,11
64,216,152,72,208,136,56,184,128,72,552,480,72,224,152,96,248,152,88,232,144,88,1952,11
80,217,137,71,191,120,72,208,136,72,376,304,88,176,88,96,224,128,80,240,160,72,1704,11
64,216,152,80,216,136,48,176,128,72,352,280,88,280,192,120,240,120,80,232,152,96,1808,11
87,487,400,96,1232,1136,72,248,176,72,384,312,88,184,96,88,256,168,104,272,168,104,3167,11
80,248,168,80,216,136,48,184,136,72,368,296,88,216,128,104,264,160,104,320,216,112,1928,11
72,240,168,80,224,144,72,232,160,64,400,336,96,344,248,96,240,144,88,352,264,88,2120,11
72,240,168,72,216,144,48,176,128,80,400,320,104,280,176,72,1736,1664,64,288,224,80,3416,11
72,216,144,79,200,121,56,176,120,72,360,288,96,224,128,104,272,168,96,328,232,80,1856,11
72,248,176,72,760,688,88,264,176,80,456,376,88,280,192,112,256,144,103,320,217,80,2664,11
72,264,192,71,215,144,57,185,128,80,632,552,96,304,208,104,264,160,104,328,224,128,2320,11
72,264,192,72,216,144,64,200,136,80,768,688,112,296,184,104,352,248,103,856,753,80,3032,11
64,232,168,88,208,120,64,200,136,64,384,320,104,696,592,120,216,96,80,328,248,88,2352,11
80,256,176,64,184,120,72,208,136,72,528,456,80,351,271,112,265,153,88,352,264,88,2232,11
72,239,167,72,209,137,48,175,127,73,425,352,96,639,543,113,1177,1064,80,328,248,88,3280,11
72,232,160,64,176,112,56,184,128,72,600,528,104,424,320,104,248,144,96,648,552,103,2615,11
73,241,168,64,200,136,55,192,137,72,384,312,88,199,111,97,417,320,96,960,864,96,2689,11
72,184,112,64,1472,1408,88,672,584,72,928,856,88,608,520,96,328,232,80,264,184,47,4503,11
128,336,208,80,184,104,63,167,104,64,336,272,80,169,89,87,336,249,80,280,200,48,1856,11
56,169,113,71,159,88,56,152,96,72,360,288,72,192,120,56,272,216,72,281,209,71,1656,11
56,184,128,64,168,104,56,161,105,72,344,272,63,176,113,79,207,128,65,265,200,56,1561,11
57,184,127,80,192,112,56,185,129,63,335,272,80,200,120,81,216,135,73,304,231,57,1673,11
63,192,129,79,191,112,48,160,112,73,369,296,79,167,88,88,249,161,79,240,161,64,1632,11
71,216,145,71,191,120,57,184,127,72,345,273,79,200,121,80,183,103,72,281,209,63,1663,11
64,192,128,72,185,113,55,176,121,63,311,248,88,184,96,64,408,344,80,280,200,65,1801,11
63,183,120,80,184,104,57,176,119,72,376,304,72,176,104,105,256,151,80,224,144,81,1656,11
80,216,136,65,2161,2096,63,216,153,63,384,321,79,175,96,105,552,447,88,272,184,104,4080,11
72,192,120,72,177,105,47,167,120,72,360,288,64,200,136,96,233,137,79,295,216,56,1680,11
103,255,152,56,840,784,80,216,136,80,368,288,81,232,151,120,288,168,80,344,264,88,2631,11
96,224,128,80,192,112,73,192,119,64,464,400,80,304,224,80,192,112,104,472,368,105,2145,11
87,215,128,80,176,96,64,176,112,64,440,376,88,576,488,128,216,88,104,464,360,80,2343,11
72,192,120,80,176,96,57,168,111,80,328,248,80,185,105,95,223,128,80,368,288,81,1721,11
65,192,127,64,176,112,56,192,136,57,312,255,88,232,144,56,192,136,64,384,320,56,1736,11
71,191,120,65,176,111,72,192,120,72,416,344,104,312,208,80,296,216,88,648,560,64,2295,11
63,191,128,64,185,121,47,167,120,73,336,263,80,240,160,72,560,488,64,272,208,56,2007,11
63,215,152,72,184,112,64,184,120,72,376,304,80,240,160,80,320,240,72,256,184,56,1831,11
72,208,136,72,192,120,56,184,128,72,368,296,80,320,240,96,232,136,88,264,176,64,1832,11
72,200,128,72,184,112,56,176,120,72,368,296,72,240,168,64,296,232,80,240,160,64,1768,11
72,208,136,72,216,144,39,168,129,64,328,264,64,192,128,80,240,160,72,352,280,48,1752,11
48,176,128,80,200,120,56,200,144,72,456,384,80,248,168,72,272,200,80,312,232,56,1920,11
64,192,128,88,216,128,56,192,136,56,344,288,72,1504,1432,80,288,208,72,320,248,56,3112,11
56,176,120,72,168,96,64,176,112,64,328,264,72,192,120,48,224,176,72,256,184,48,1568,11
64,200,136,80,192,112,48,167,119,73,353,280,80,176,96,72,224,152,80,240,160,56,1608,11
64,192,128,72,176,104,64,1183,1119,-919,-655,264,87,200,113,79,272,193,80,320,240,40,1728,11
64,200,136,72,216,144,56,176,120,72,352,280,72,192,120,64,208,144,64,336,272,48,1728,11
64,200,136,80,176,96,64,184,120,72,336,264,80,192,112,64,240,176,79,288,209,64,1680,11
64,184,120,72,176,104,56,184,128,56,336,280,64,232,168,64,192,128,72,280,208,56,1640,11
56,184,128,64,151,87,65,169,104,72,280,208,72,1168,1096,88,440,352,71,256,185,48,2696,11
72,192,120,64,168,104,56,160,104,72,336,264,72,216,144,79,248,169,64,295,231,57,1672,11
64,208,144,64,176,112,64,176,112,80,376,296,79,207,128,49,1377,1328,64,296,232,48,2864,11
56,744,688,88,688,600,63,192,129,72,352,280,72,480,408,96,383,287,73,289,216,48,3176,11
64,200,136,72,192,120,56,200,144,64,360,296,80,200,120,96,240,144,112,432,320,88,1912,11
81,225,144,72,192,120,72,200,128,80,384,304,80,183,103,105,273,168,79,239,160,64,1760,11
72,225,153,72,199,127,56,185,129,79,399,320,72,272,200,96,217,121,95,280,185,87,1864,11
79,224,145,88,215,127,64,200,136,80,384,304,89,185,96,79,231,152,80,273,193,79,1791,11
64,216,152,80,233,153,47,191,144,72,360,288,72,169,97,103,303,200,80,464,384,80,2016,11
71,207,136,73,208,135,56,177,121,79,392,313,80,167,87,97,256,159,97,240,143,96,1743,11
56,208,152,72,209,137,40,176,136,72,368,296,71,223,152,96,232,136,80,256,176,72,1744,11
72,224,152,72,192,120,57,184,127,81,352,271,88,224,136,97,553,456,88,271,183,72,2072,11
71,287,216,64,728,664,56,208,152,72,433,361,80,175,95,96,248,152,73,248,175,73,2400,11
79,223,144,72,192,120,56,1192,1136,-928,-368,560,64,393,329,79,247,168,80,304,224,57,2240,11
72,216,144,65,193,128,56,199,143,81,368,287,80,305,225,119,343,224,80,288,208,97,2009,11
56,192,136,72,193,121,48,167,119,72,360,288,80,208,128,88,192,104,80,944,864,81,2337,11
80,192,112,64,176,112,56,160,104,80,328,248,80,225,145,95,208,113,71,239,168,73,1601,11
63,191,128,81,184,103,64,168,104,80,376,296,80,208,128,81,256,175,80,256,176,104,1743,11
72,208,136,80,184,104,64,184,120,72,344,272,88,168,80,104,448,344,73,553,480,55,2144,11
64,200,136,72,184,112,56,168,112,72,376,304,72,145,73,103,407,304,72,280,208,72,1832,11
64,193,129,64,175,111,48,168,120,72,336,264,80,176,96,88,232,144,72,320,248,64,1664,11
56,208,152,64,192,128,48,168,120,64,368,304,80,216,136,88,240,152,88,256,168,56,1704,11
64,216,152,64,176,112,56,184,128,72,392,320,81,168,87,88,240,152,72,217,145,63,1656,11
56,201,145,71,191,120,56,168,112,80,376,296,80,201,121,87,1247,1160,-936,-736,200,56,1704,11
64,216,152,80,208,128,64,192,128,72,344,272,88,176,88,80,240,160,80,176,96,72,1624,11
64,200,136,72,192,120,64,200,136,80,336,256,88,216,128,72,200,128,72,288,216,64,1696,11
72,208,136,88,200,112,56,192,136,80,432,352,72,240,168,88,224,136,80,360,280,56,1912,11
72,200,128,72,200,128,64,192,128,72,344,272,73,208,135,136,408,272,112,336,224,72,1960,11
80,232,152,72,200,128,72,208,136,80,424,344,88,208,120,95,248,153,80,248,168,88,1856,11
72,224,152,72,184,112,64,184,120,72,336,264,88,192,104,87,232,145,64,232,168,80,1664,11
72,216,144,80,200,120,56,192,136,72,328,256,88,200,112,104,208,104,80,272,192,80,1696,11
64,232,168,72,192,120,64,176,112,88,360,272,96,176,80,104,272,168,72,288,216,56,1752,11
72,232,160,72,200,128,64,200,136,72,336,264,80,176,96,96,264,168,88,256,168,64,1728,11
72,216,144,80,200,120,55,192,137,80,360,280,88,192,104,104,208,104,80,248,168,80,1696,11
64,216,152,80,208,128,56,200,144,80,336,256,72,160,88,96,240,144,72,272,200,56,1688,11
64,200,136,96,232,136,64,200,136,72,360,288,88,272,184,112,192,80,104,296,192,104,1856,11
71,215,144,81,209,128,64,200,136,72,360,288,88,480,392,88,144,56,88,272,184,80,1960,11
72,208,136,72,191,119,65,185,120,79,352,273,79,232,153,80,160,80,104,608,504,95,2031,11
81,209,128,80,192,112,56,192,136,63,336,273,71,192,121,75,200,125,80,344,264,71,1736,11
64,208,144,71,216,145,48,176,128,79,351,272,80,1265,1185,104,200,96,96,1040,944,64,3520,11
72,224,152,64,192,128,48,176,128,64,328,264,80,192,112,88,223,135,72,281,209,56,1672,11
72,207,135,88,209,121,64,200,136,80,343,263,80,232,152,88,201,113,79,504,425,64,1960,11
56,192,136,80,207,127,57,184,127,73,329,256,88,216,128,79,223,144,72,368,296,64,1783,11
57,192,135,81,249,168,56,191,135,80,1737,1657,72,440,368,119,232,113,96,391,295,64,3496,11
65,216,151,64,184,120,48,168,120,80,352,272,80,184,104,88,192,104,88,240,152,72,1608,11
79,223,144,80,201,121,64,184,120,63,351,288,97,225,128,63,152,89,79,415,336,72,1823,11
57,200,143,73,208,135,64,192,128,64,328,264,80,232,152,80,209,129,79,415,336,56,1840,11
64,224,160,73,192,119,57,192,135,65,345,280,87,183,96,72,200,128,80,288,208,49,1673,11
71,215,144,80,192,112,57,176,119,80,448,368,64,192,128,88,233,145,63,463,400,65,1984,11
63,207,144,64,193,129,47,183,136,64,337,273,79,200,121,80,215,135,64,280,216,64,1679,11
63,183,120,72,192,120,57,168,111,80,640,560,64,1257,1193,112,191,79,105,1128,1023,96,3855,11
64,200,136,72,192,120,48,168,120,73,328,255,72,176,104,96,216,120,72,320,248,41,1641,11
65,209,144,63,183,120,56,168,112,96,344,248,96,168,72,104,248,144,72,256,184,64,1640,11
80,208,128,72,192,120,56,192,136,72,1056,984,80,544,464,104,128,24,96,504,408,104,2928,11
72,217,145,55,183,128,48,168,120,72,328,256,88,200,112,96,216,120,64,304,240,72,1688,11
55,215,160,72,225,153,47,175,128,80,345,265,71,167,96,105,256,151,88,336,248,80,1799,11
89,114,25,127,1063,936,128,233,105,167,1368,1201,119,416,297,135,1096,961,127,496,369,199,4985,42
103,144,41,111,248,137,135,543,408,144,385,241,119,-600,-719,1119,1424,305,127,632,505,143,2919,42
103,144,41,119,368,249,143,376,233,159,544,385,135,383,248,144,321,177,119,416,297,127,2679,42
120,152,32,128,321,193,135,696,561,135,663,528,128,296,168,144,297,153,127,272,145,127,2824,42
127,128,1,111,463,352,128,321,193,159,408,249,127,328,201,143,320,177,119,231,112,144,2343,42
135,175,40,120,296,176,152,280,128,160,393,233,135,344,209,135,807,672,136,265,129,127,2687,42
136,184,48,120,305,185,143,344,201,151,496,345,151,327,176,144,552,408,144,256,112,152,2616,42
136,192,56,144,376,232,152,265,113,159,608,449,167,352,185,151,279,128,136,240,104,152,2464,42
112,169,57,111,271,160,136,297,161,151,464,313,135,287,152,144,305,161,127,256,129,143,2192,42
136,176,40,128,584,456,152,304,152,144,457,313,135,272,137,151,327,176,136,264,128,144,2528,42
127,191,64,127,289,162,143,296,153,143,327,184,144,369,225,159,312,153,143,272,129,167,2223,42
144,200,56,120,305,185,143,336,193,143,632,489,127,328,201,151,327,176,144,248,104,-832,1544,42
127,167,40,120,289,169,127,216,89,151,575,424,168,353,185,143,327,184,152,528,376,152,2607,42
128,160,32,104,416,312,112,2856,2744,128,601,473,143,319,176,160,745,585,119,256,137,127,5480,42
127,208,81,127,303,176,128,377,249,127,560,433,143,424,281,167,272,105,151,303,152,136,2583,42
144,209,65,127,312,185,119,568,449,143,448,305,151,384,233,151,416,265,143,232,89,135,2704,42
128,176,48,136,776,640,144,625,481,167,480,313,159,287,128,152,417,265,143,192,49,167,3120,42
144,848,704,168,1353,1185,127,200,73,143,447,304,160,337,177,159,312,153,159,240,81,143,3880,42
151,224,73,127,391,264,152,248,96,160,449,289,191,368,177,183,312,129,151,215,64,160,2367,42
128,241,113,135,1087,952,120,201,81,151,431,280,160,328,168,152,321,169,-857,207,1064,144,2960,42
136,192,56,144,441,297,151,263,112,160,560,400,152,384,232,136,320,184,144,273,129,151,2584,42
127,176,49,143,592,449,135,208,73,151,448,297,151,368,217,159,208,49,143,239,96,144,2383,42
127,239,112,152,689,537,135,208,73,167,480,313,167,440,273,143,247,104,160,281,121,159,2743,42
128,208,80,152,704,552,136,201,65,175,1071,896,160,409,249,143,312,169,143,287,144,160,3352,42
127,208,81,151,351,200,144,225,81,143,424,281,143,376,233,159,264,105,159,295,136,151,2294,42
128,177,49,134,279,145,152,353,201,159,880,721,159,391,232,120,264,144,136,248,112,144,2736,42
112,216,104,144,313,169,143,272,129,159,631,472,152,368,216,160,345,185,151,311,160,168,2624,42
135,184,49,159,295,136,128,233,105,151,456,305,159,328,169,143,279,136,152,232,80,144,2151,42
128,201,73,135,344,209,127,191,64,152,601,449,159,312,153,143,288,145,135,271,136,144,2352,42
144,177,33,127,303,176,128,376,248,144,401,257,167,448,281,159,287,128,152,256,104,176,2424,42
112,169,57,119,232,113,119,199,80,144,385,241,159,336,177,159,527,368,144,304,160,160,2312,42
128,184,56,136,512,376,136,248,112,168,473,305,183,359,176,144,544,400,144,216,72,128,2664,42
136,193,57,127,328,201,143,208,65,167,560,393,175,416,241,167,256,89,143,-729,-872,1167,2399,42
128,169,41,199,376,177,127,200,73,151,399,248,144,888,744,136,569,433,151,335,184,120,3056,42
128,201,73,127,368,241,143,271,128,168,449,281,199,424,225,159,304,145,151,255,104,160,2432,42
136,184,48,128,264,136,136,249,113,151,279,128,1144,1280,136,144,616,472,144,256,112,144,3272,42
119,168,49,135,248,113,135,304,169,143,400,257,159,360,201,151,223,72,176,369,193,135,2207,42
128,209,81,135,255,120,136,240,104,184,424,240,160,352,192,144,305,161,167,248,81,159,2192,42
151,208,57,135,360,225,127,208,81,159,528,369,191,368,177,183,296,113,151,247,96,160,2375,42
136,208,72,152,313,161,143,280,137,151,399,248,168,336,168,160,305,145,159,239,80,152,2232,42
144,225,81,135,263,128,152,257,105,159,328,169,183,359,176,152,329,177,143,224,81,119,2104,42
135,200,65,127,248,121,127,287,160,144,417,273,151,400,249,151,328,177,63,471,408,143,2494,42
152,192,40,128,264,136,128,201,73,159,463,304,144,313,169,159,399,240,176,264,88,136,2232,42
136,216,80,143,384,241,128,192,64,152,409,257,175,312,137,159,272,113,159,232,73,151,2168,42
143,231,88,136,464,328,128,200,72,152,496,344,168,689,521,135,175,40,168,256,88,152,2663,42
128,176,48,128,241,113,135,272,137,175,552,377,159,392,233,183,367,184,143,304,161,144,2448,42
159,287,128,128,240,112,160,232,72,176,377,201,183,360,177,175,320,145,151,248,97,135,2199,42
143,279,136,152,360,208,136,249,113,175,376,201,167,352,185,159,360,201,159,-745,-904,1160,2391,42
127,183,56,144,328,184,160,304,144,144,344,200,176,336,160,160,265,105,159,231,72,128,2119,42
135,224,89,119,255,136,160,201,41,175,648,473,167,344,177,143,280,137,175,272,97,127,2351,42
144,225,81,127,232,105,151,304,153,151,296,145,183,575,392,128,232,104,160,240,80,128,2232,42
168,256,88,135,248,113,160,345,185,199,671,472,208,321,113,159,272,113,167,223,56,143,2479,42
120,192,72,136,280,144,136,256,120,176,568,392,208,352,144,168,296,128,184,240,56,160,2344,42
128,216,88,136,296,160,128,200,72,144,472,328,176,336,160,152,344,192,160,224,64,144,2232,42
160,225,65,150,263,113,144,232,88,168,337,169,199,328,129,151,280,129,167,232,65,143,2040,42
144,232,88,160,281,121,151,383,232,152,297,145,215,544,329,159,303,144,183,248,65,168,2456,42
136,216,80,143,376,233,144,233,89,159,431,272,168,296,128,160,305,145,167,239,72,159,2255,42
160,256,96,144,312,168,144,201,57,159,672,513,159,312,153,167,279,112,144,272,128,136,2440,42
143,279,136,128,320,192,119,224,105,168,441,273,167,928,761,151,367,216,152,217,65,143,2919,42
136,176,40,136,480,344,128,168,40,160,400,240,192,321,129,159,200,41,175,327,152,135,2207,42
144,208,64,128,288,160,152,224,72,160,545,385,191,360,169,167,312,145,159,279,120,152,2368,42
160,225,65,167,528,361,151,232,81,159,2423,2264,192,280,88,160,264,104,167,224,57,135,4311,42
119,224,105,143,336,193,144,288,144,160,416,256,184,296,112,144,240,96,151,336,185,144,2280,42
119,224,105,135,432,297,136,224,88,160,464,304,167,1056,889,128,368,240,167,352,185,127,3247,42
135,312,177,127,392,265,144,240,96,168,384,216,176,320,144,152,288,136,184,304,120,151,2391,42
144,256,112,128,512,384,136,312,176,184,504,320,160,337,177,191,311,120,176,296,120,168,2696,42
160,384,224,208,1032,824,144,360,216,144,344,200,168,304,136,152,272,120,151,272,121,136,3104,42
160,328,168,176,616,440,136,232,96,144,472,328,176,296,120,168,281,113,158,247,89,152,2624,42
136,288,152,136,353,217,143,263,120,168,417,249,183,296,113,167,271,104,152,264,112,144,2296,42
142,231,89,128,264,136,152,240,88,176,560,384,168,321,153,159,295,136,152,256,104,160,2327,42
159,303,144,152,312,160,184,288,104,200,744,544,192,600,408,151,600,449,160,328,168,151,3326,42
136,312,176,144,952,808,144,209,65,175,375,200,192,352,160,152,536,384,176,248,72,160,3144,42
136,288,152,144,376,232,176,360,184,152,649,497,167,327,160,144,480,336,168,256,88,152,2888,42
144,280,136,168,456,288,143,329,186,159,431,272,160,376,216,160,288,128,151,232,81,184,2576,42
136,264,128,144,312,168,176,296,120,208,368,160,176,329,153,167,439,272,160,216,56,136,2360,42
167,312,145,152,328,176,176,296,120,176,440,264,176,344,168,152,584,432,184,280,96,176,2760,42
120,272,152,144,264,120,168,1328,1160,151,456,305,176,320,144,160,256,96,159,216,57,184,3296,42
128,296,168,144,376,232,152,264,112,192,336,144,200,352,152,184,296,112,168,248,80,152,2320,42
176,985,809,127,287,160,176,280,104,152,377,225,167,359,192,184,344,160,152,241,89,175,3048,42
151,287,136,144,576,432,152,280,128,200,336,136,208,432,224,183,416,233,160,208,48,168,2703,42
144,240,96,144,488,344,160,296,136,200,400,200,176,352,176,184,392,208,176,296,120,160,2624,42
144,328,184,120,216,96,152,224,72,176,345,169,167,295,128,176,336,160,144,200,56,160,2104,42
128,216,88,152,296,144,168,320,152,152,320,168,184,296,112,168,384,216,152,280,128,143,2255,42
143,272,129,136,265,129,175,271,96,208,448,240,168,384,216,200,329,129,158,239,81,176,2384,42
144,280,136,144,256,112,160,289,129,167,319,152,184,409,225,191,743,552,176,256,80,160,2712,42
136,264,128,152,232,80,160,304,144,168,368,200,168,377,209,183,319,136,200,360,160,176,2400,42
152,193,41,175,359,184,184,888,704,168,304,136,160,360,200,200,384,184,192,320,128,167,2975,42
112,248,136,120,336,216,152,665,513,111,583,472,152,312,160,151,352,201,144,224,80,184,2904,42
120,216,96,152,384,232,152,176,24,152,640,488,192,392,200,151,328,177,160,240,80,152,2528,42
112,192,80,160,336,176,152,368,216,152,320,168,160,368,208,152,320,168,168,240,72,176,2320,42
120,232,112,135,248,113,152,248,96,176,736,560,168,296,128,159,264,105,176,232,56,160,2416,42
112,272,160,128,288,160,176,360,184,160,304,144,168,360,192,159,304,145,144,216,72,160,2264,42
120,224,104,152,400,248,152,248,96,200,424,224,168,320,152,159,304,145,152,216,64,152,2288,42
135,240,105,128,241,113,151,255,104,168,313,145,183,359,176,152,280,128,160,288,128,144,2120,42
151,279,128,136,344,208,160,1016,856,160,688,528,152,264,112,152,272,120,152,232,80,160,3255,42
144,520,376,152,304,152,152,312,160,136,320,184,152,264,112,152,304,152,152,272,120,128,2424,42
144,296,152,128,264,136,167,280,113,160,344,184,168,320,152,160,320,160,152,209,57,151,2184,42
136,297,161,151,271,120,192,329,137,167,320,153,175,399,224,144,696,552,168,248,80,152,2712,42
120,145,25,128,256,128,136,224,88,144,488,344,144,344,200,144,280,136,128,207,79,137,2081,42
120,208,88,136,248,112,152,216,64,160,328,168,200,720,520,136,304,168,144,184,40,128,2336,42
136,256,120,120,176,56,144,208,64,168,264,96,176,320,144,152,264,112,152,224,72,128,1840,42
128,256,128,127,192,65,152,216,64,144,216,72,184,344,160,144,336,192,144,248,104,136,1944,42
144,272,128,136,176,40,160,224,64,144,312,168,176,304,128,160,296,136,152,208,56,184,1976,42
168,320,152,135,440,305,144,192,48,144,392,248,168,240,72,144,264,120,144,200,56,128,2176,42
136,264,128,128,216,88,144,232,88,160,344,184,160,-680,-840,1144,1256,112,159,232,73,152,2016,42
152,296,144,128,184,56,160,248,88,160,280,120,176,-672,-848,1152,1224,72,144,216,72,128,1904,42
144,240,96,152,272,120,168,360,192,144,352,208,176,336,160,144,208,64,160,240,80,168,2176,42
128,264,136,144,232,88,152,208,56,160,424,264,160,232,72,144,255,111,144,184,40,128,1927,42
128,304,176,128,272,144,152,240,88,160,336,176,192,264,72,144,272,128,152,168,16,144,2000,42
152,248,96,128,232,104,160,232,72,168,296,128,160,272,112,136,264,128,136,192,56,128,1864,42
152,320,168,128,200,72,168,256,88,160,360,200,152,288,136,128,256,128,144,200,56,144,2024,42
144,288,144,112,192,80,144,216,72,168,280,112,176,312,136,160,216,56,136,208,72,144,1856,42
144,288,144,112,184,72,152,248,96,152,264,112,184,328,144,136,240,104,144,200,56,112,1864,42
128,312,184,136,248,112,160,720,560,152,248,96,160,312,152,136,224,88,135,207,72,144,2415,42
128,271,143,129,225,96,160,248,88,160,296,136,184,280,96,136,272,136,136,208,72,128,1928,42
136,320,184,112,208,96,144,240,96,160,240,80,152,336,184,144,248,104,160,248,88,144,1984,42
136,312,176,136,224,88,184,272,88,136,208,72,144,312,168,144,328,184,144,360,216,128,2144,42
104,176,72,136,240,104,144,184,40,135,231,96,176,305,129,144,208,64,144,232,88,120,1696,42
136,296,160,120,200,80,144,208,64,136,216,80,168,296,128,128,248,120,152,208,56,144,1816,42
136,280,144,128,200,72,168,240,72,152,232,80,168,264,96,136,240,104,144,184,40,168,1808,42
136,272,136,128,192,64,168,256,88,136,248,112,176,328,152,136,208,72,160,-744,-904,1136,1896,42
144,280,136,112,192,80,152,216,64,160,240,80,176,304,128,144,248,104,152,192,40,136,1808,42
144,288,144,128,184,56,160,216,56,152,288,136,152,264,112,136,248,112,143,239,96,112,1839,42
152,240,88,136,224,88,144,208,64,152,320,168,160,215,55,137,241,104,152,192,40,144,1784,42
152,256,104,144,248,104,152,192,40,168,256,88,184,280,96,160,288,128,152,200,48,136,1856,42
152,248,96,120,208,88,160,208,48,160,368,208,160,288,128,160,328,168,136,232,96,160,2040,42
152,272,120,112,184,72,168,216,48,192,320,128,176,320,144,144,232,88,152,224,72,120,1888,42
120,224,104,120,192,72,176,224,48,184,336,152,168,320,152,160,256,96,160,240,80,144,1936,42
136,248,112,112,200,88,144,200,56,176,288,112,176,288,112,136,488,352,152,200,48,144,2056,42
120,232,112,128,200,72,136,200,64,176,320,144,168,296,128,151,280,129,144,256,112,144,1928,42
136,248,112,128,192,64,168,224,56,176,264,88,168,280,112,160,264,104,144,192,48,152,1816,42
104,224,120,136,288,152,160,192,32,160,288,128,168,288,120,136,240,104,160,240,80,128,1888,42
128,176,48,136,264,128,160,296,136,176,280,104,152,352,200,144,224,80,152,232,80,152,1976,42
112,224,112,128,216,88,152,232,80,144,264,120,176,280,104,136,240,104,160,216,56,136,1808,42
128,256,128,128,240,112,160,224,64,135,264,129,192,272,80,160,256,96,168,232,64,128,1872,42
144,280,136,128,184,56,160,208,48,168,280,112,168,296,128,144,264,120,144,224,80,144,1880,42
144,272,128,144,216,72,144,224,80,168,336,168,176,288,112,144,296,152,152,184,32,136,1952,42
144,264,120,120,208,88,152,240,88,135,272,137,160,264,104,144,240,96,152,224,72,112,1824,42
160,272,112,112,200,88,144,248,104,160,304,144,152,296,144,128,280,152,152,224,72,120,1944,42
128,272,144,136,248,112,200,304,104,144,264,120,176,288,112,136,312,176,152,280,128,136,2104,42
128,272,144,136,232,96,144,232,88,168,280,112,168,304,136,144,264,120,152,224,72,144,1952,42
128,240,112,128,272,144,152,280,128,168,296,128,176,344,168,144,552,408,135,439,304,144,2567,42
128,208,80,128,208,80,144,200,56,176,320,144,160,280,120,152,240,88,144,264,120,144,1864,42
152,208,56,136,248,112,152,216,64,168,312,144,168,304,136,144,320,176,160,264,104,152,2024,42
136,224,88,128,224,96,168,280,112,168,280,112,168,272,104,152,352,200,152,168,16,136,1936,42
152,296,144,112,184,72,160,240,80,168,240,72,176,464,288,216,360,144,152,567,415,144,2495,42
120,224,104,129,209,80,152,232,80,144,256,112,184,328,144,136,408,272,144,200,56,136,1993,42
144,280,136,120,200,80,152,200,48,160,232,72,168,304,136,160,288,128,152,368,216,112,1984,42
144,264,120,128,184,56,152,224,72,176,280,104,168,400,232,-824,344,1168,136,216,80,136,2048,42
112,200,88,120,192,72,160,728,568,128,191,63,168,409,241,144,216,72,151,223,72,136,2295,42
120,224,104,128,192,64,152,232,80,136,296,160,160,287,127,128,265,137,144,248,104,112,1856,42
121,273,152,128,208,80,136,216,80,160,263,103,169,289,120,128,352,224,144,224,80,120,1945,42
128,280,152,128,200,72,144,208,64,160,264,104,184,296,112,160,256,96,160,440,280,144,2088,42
128,208,80,120,216,96,152,352,200,136,240,104,176,376,200,160,256,96,144,248,104,128,2024,42
168,296,128,128,199,71,153,209,56,168,288,120,160,368,208,144,408,264,136,248,112,120,2136,42
159,304,145,136,440,304,144,304,160,143,768,625,144,240,96,160,335,175,152,216,64,144,2751,42
144,216,72,128,216,88,160,256,96,168,304,136,160,288,128,144,240,96,152,256,104,136,1912,42
144,296,152,128,240,112,168,296,128,184,304,120,152,320,168,160,264,104,136,224,88,144,2088,42
136,248,112,128,240,112,136,216,80,184,328,144,160,312,152,135,280,145,144,200,56,136,1960,42
152,272,120,112,200,88,152,232,80,168,264,96,168,296,128,136,264,128,160,240,80,168,1936,42
144,264,120,128,240,112,152,232,80,167,295,128,160,297,137,152,296,144,144,240,96,144,2008,42
144,272,128,152,224,72,144,256,112,160,272,112,168,368,200,136,336,200,144,224,80,160,2112,42
104,208,104,128,240,112,152,264,112,144,304,160,-840,272,1112,136,480,344,144,439,295,144,2351,42
152,328,176,151,224,73,152,280,128,184,288,104,168,-649,-817,1145,1553,408,152,232,80,152,2408,42
112,264,152,128,272,144,152,264,112,160,320,160,152,272,120,144,272,128,144,231,87,112,2007,42
144,280,136,120,223,103,168,305,137,176,472,296,152,272,120,144,320,176,152,288,136,128,2288,42
160,328,168,136,208,72,176,296,120,168,488,320,168,240,72,160,368,208,144,256,112,136,2320,42
128,240,112,136,247,111,145,265,120,168,296,128,168,328,160,136,279,143,144,185,41,152,1992,42
128,233,105,136,232,96,152,256,104,152,304,152,168,280,112,160,280,120,144,255,111,161,2001,42
160,320,160,128,256,128,176,280,104,176,304,128,152,320,168,152,328,176,152,192,40,160,2160,42
160,288,128,120,200,80,144,232,88,152,248,96,192,280,88,144,256,112,176,288,112,144,1936,42
136,264,128,136,216,80,136,192,56,168,304,136,160,304,144,144,280,136,152,224,72,136,1920,42
136,232,96,144,248,104,144,400,256,160,240,80,160,344,184,151,247,96,161,233,72,-856,1088,42
160,272,112,144,256,112,152,224,72,168,280,112,184,368,184,144,272,128,160,232,72,144,2048,42
144,248,104,144,240,96,152,248,96,168,320,152,176,304,128,136,240,104,152,248,96,144,1992,42
160,288,128,128,216,88,144,272,128,160,344,184,160,248,88,144,304,160,136,200,64,136,2008,42
144,296,152,144,224,80,151,224,73,159,456,297,184,288,104,144,296,152,160,232,72,144,2160,42
112,216,104,136,216,80,136,248,112,160,288,128,168,296,128,144,232,88,151,256,105,120,1872,42
160,280,120,120,216,96,152,248,96,144,400,256,128,264,136,128,320,192,136,296,160,128,2152,42
128,216,88,120,208,88,144,280,136,152,264,112,152,344,192,128,296,168,136,352,216,168,2128,42
144,240,96,128,224,96,152,248,96,152,296,144,168,304,136,136,248,112,168,216,48,128,1904,42
128,288,160,136,224,88,160,240,80,144,248,104,184,328,144,144,216,72,168,264,96,127,1935,42
144,288,144,128,232,104,144,216,72,168,248,80,152,328,176,136,208,72,152,248,96,120,1888,42
152,288,136,128,216,88,152,248,96,144,320,176,176,304,128,144,232,88,160,288,128,120,2016,42
120,280,160,112,208,96,144,240,96,160,296,136,160,288,128,152,232,80,152,232,80,144,1920,42
136,224,88,136,232,96,144,256,112,176,320,144,136,272,136,152,208,56,144,256,112,128,1896,42
128,208,80,136,208,72,144,648,504,136,344,208,136,392,256,152,200,48,144,343,199,144,2487,42
104,191,87,121,217,96,168,296,128,152,232,80,168,456,288,136,200,64,136,248,112,144,1984,42
136,264,128,112,192,80,136,248,112,152,264,112,168,544,376,136,232,96,152,240,88,136,2120,42
128,256,128,128,200,72,144,232,88,168,264,96,160,496,336,128,224,96,144,272,128,128,2072,42
136,256,120,120,192,72,144,224,80,159,255,96,185,425,240,136,480,344,144,208,64,152,2192,42
144,256,112,152,752,600,136,824,688,160,455,295,176,864,688,137,305,168,-856,216,1072,120,3792,42
144,256,112,112,192,80,144,200,56,168,296,128,168,440,272,144,208,64,191,272,81,160,2024,42
97,10546,10449,112,208,96,112,376,264,136,864,728,168,352,184,136,216,80,144,280,136,135,12977,42
144,200,56,120,208,88,120,144,24,216,696,480,144,256,112,144,240,96,128,248,120,120,2112,42
160,736,576,112,224,112,144,280,136,168,280,112,168,296,128,143,255,112,152,208,56,144,2423,42
128,240,112,120,208,88,136,248,112,184,296,112,152,312,160,152,656,504,127,191,64,152,2303,42
112,200,88,112,384,272,120,168,48,159,264,105,168,328,160,160,351,191,136,248,112,129,2072,42
128,247,119,112,168,56,121,185,64,160,232,72,192,288,96,144,360,216,128,200,72,136,1816,42
136,280,144,111,183,72,113,185,72,136,208,72,160,344,184,128,160,32,160,232,72,144,1736,42
120,304,184,96,152,56,136,152,16,168,208,40,168,280,112,128,232,104,136,280,144,104,1712,42
112,240,128,112,176,64,144,224,80,144,192,48,168,352,184,136,192,56,152,264,112,120,1760,42
184,304,120,128,200,72,128,192,64,160,224,64,176,976,800,128,280,152,135,231,96,128,2535,42
121,281,160,111,184,73,136,200,64,152,208,56,160,304,144,143,239,96,144,200,56,120,1736,42
144,264,120,112,184,72,127,192,65,136,208,72,168,311,143,145,289,144,136,208,72,120,1776,42
136,256,120,103,168,65,120,192,72,136,200,64,152,336,184,160,216,56,136,208,72,-880,696,42
144,248,104,103,176,73,112,160,48,160,216,56,152,264,112,128,208,80,120,216,96,128,1616,42
112,176,64,96,168,72,128,184,56,160,336,176,136,224,88,120,248,128,112,184,72,128,1648,42
135,280,145,96,152,56,120,184,64,152,216,64,175,255,80,145,241,96,136,192,56,112,1632,42
136,264,128,96,168,72,120,152,32,168,256,88,176,272,96,120,216,96,-864,208,1072,127,1663,42
128,192,64,104,192,88,136,192,56,152,248,96,151,296,145,152,232,80,136,248,112,136,1736,42
104,176,72,104,176,72,128,216,88,128,200,72,144,288,144,144,256,112,112,160,48,128,1600,42
128,272,144,96,160,64,136,192,56,144,248,104,152,304,152,144,216,72,135,328,193,112,1832,42
128,264,136,95,168,73,112,200,88,136,207,71,169,281,112,128,232,104,136,208,72,128,1688,42
136,240,104,103,176,73,128,208,80,143,224,81,160,560,400,144,248,104,136,224,88,136,2016,42
128,208,80,104,192,88,120,176,56,144,272,128,152,264,112,112,272,160,128,208,80,120,1712,42
128,256,128,112,176,64,144,184,40,136,272,136,160,264,104,120,296,176,136,136,0,120,1704,42
112,184,72,103,168,65,127,176,49,120,232,112,152,272,120,112,272,160,120,272,152,112,1688,42
120,224,104,104,168,64,103,176,73,136,224,88,152,280,128,128,272,144,136,192,56,120,1656,42
120,248,128,96,184,88,128,152,24,144,232,88,152,264,112,144,264,120,128,184,56,135,1663,42
112,192,80,120,184,64,128,224,96,128,184,56,152,312,160,144,277,133,131,203,72,128,1704,42
112,192,80,104,176,72,120,168,48,144,280,136,152,256,104,128,232,104,136,200,64,136,1640,42
136,272,136,112,184,72,120,160,40,160,256,96,160,256,96,160,207,47,145,241,96,128,1704,42
136,232,96,112,176,64,136,144,8,160,471,311,144,209,65,128,312,184,128,192,64,144,1880,42
128,256,128,112,168,56,152,191,39,161,257,96,184,296,112,128,424,296,120,152,32,120,1864,42
128,256,128,104,168,64,112,168,56,136,248,112,168,280,112,144,224,80,136,232,96,128,1704,42
144,224,80,112,168,56,136,152,16,136,336,200,152,200,48,120,304,184,128,200,72,112,1696,42
112,264,152,120,168,48,120,176,56,168,224,56,151,296,145,127,264,137,128,192,64,135,1719,42
144,224,80,112,152,40,128,184,56,136,360,224,136,280,144,135,256,121,136,224,88,120,1800,42
88,184,96,104,168,64,136,184,48,120,296,176,152,264,112,136,320,184,136,216,80,120,1752,42
129,201,72,120,168,48,120,152,32,152,296,144,168,256,88,128,376,248,128,200,72,127,1776,42
104,240,136,104,152,48,120,160,40,144,224,80,167,272,105,135,360,225,136,184,48,112,1704,42
104,200,96,112,136,24,128,160,32,152,264,112,168,264,96,168,264,96,136,208,72,120,1616,42
112,224,112,112,152,40,128,168,40,144,216,72,160,296,136,144,224,80,144,224,80,128,1632,42
128,232,104,120,152,32,120,192,72,152,256,104,168,256,88,152,248,96,136,224,88,144,1704,42
135,232,97,160,176,16,128,184,56,167,224,57,152,344,192,151,296,145,136,192,56,136,1784,42
112,176,64,128,152,24,135,192,57,152,224,72,167,280,113,160,248,88,136,184,48,144,1600,42
136,232,96,128,168,40,128,184,56,144,192,48,167,304,137,136,240,104,136,192,56,120,1632,42
120,248,128,128,152,24,152,184,32,136,240,104,184,296,112,128,216,88,144,200,56,144,1680,42
111,256,145,136,168,32,160,200,40,144,232,88,144,312,168,128,232,104,136,232,96,120,1752,42
127,248,121,143,144,1,144,208,64,152,248,96,152,280,128,128,224,96,128,224,96,120,1696,42
104,192,88,112,192,80,152,208,56,135,408,273,168,240,72,120,224,104,144,216,72,120,1800,42
103,240,137,120,160,40,120,184,64,144,224,80,176,248,72,128,248,120,136,192,56,136,1632,42
111,192,81,103,152,49,136,200,64,136,224,88,160,280,120,136,216,80,135,208,73,128,1600,42
104,177,73,112,176,64,112,160,48,136,320,184,144,248,104,136,208,72,136,224,88,120,1633,42
136,232,96,136,136,0,128,184,56,160,232,72,160,272,112,144,216,72,136,216,80,160,1648,42
103,184,81,119,144,25,144,168,24,143,240,97,160,248,88,136,208,72,144,216,72,128,1536,42
103,224,121,120,152,32,120,152,32,160,240,80,168,296,128,128,232,104,144,208,64,136,1640,42
144,224,80,136,136,0,176,200,24,144,264,120,176,256,80,143,208,65,144,232,88,144,1664,42
120,200,80,144,144,0,144,168,24,144,351,207,161,233,72,136,223,87,161,225,64,152,1696,42
128,208,80,127,128,1,144,184,40,168,368,200,184,224,40,136,192,56,136,224,88,127,1655,42
129,216,87,137,137,0,159,192,33,168,240,72,176,280,104,136,200,64,144,216,72,144,1625,42
112,280,168,160,336,176,199,352,153,160,1023,863,144,529,385,120,256,136,127,175,48,105,3056,42
121,209,88,112,200,88,128,192,64,160,224,64,159,288,129,144,184,40,136,248,112,136,1681,42
120,224,104,128,160,32,144,200,56,152,200,48,184,360,176,144,-801,-945,1145,1289,144,144,1776,42
127,256,129,144,160,16,144,200,56,183,2128,1945,144,240,96,128,224,96,143,271,128,128,3607,42
112,208,96,127,168,41,127,184,57,152,224,72,168,288,120,136,192,56,144,272,128,127,1663,42
128,256,128,128,168,40,120,160,40,160,216,56,184,312,128,127,200,73,144,224,80,135,1671,42
136,280,144,128,192,64,160,192,32,160,328,168,168,352,184,128,192,64,144,272,128,128,1936,42
143,304,161,152,1312,1160,127,151,24,144,521,377,151,215,64,136,256,120,129,201,72,111,3071,42
104,232,128,112,200,88,120,184,64,160,256,96,152,280,128,136,208,72,136,208,72,128,1696,42
135,272,137,128,176,48,143,168,25,168,496,328,151,264,113,-856,280,1136,136,200,64,120,1976,42
120,208,88,120,208,88,128,184,56,152,272,120,168,296,128,152,224,72,136,264,128,144,1800,42
152,232,80,128,176,48,144,168,24,168,248,80,184,304,120,136,224,88,152,248,96,192,1792,42
153,265,112,128,256,128,144,232,88,184,415,231,177,705,528,143,767,624,128,217,89,152,3009,42
104,176,72,127,216,89,136,200,64,152,208,56,168,344,176,144,192,48,136,224,88,144,1704,42
120,248,128,112,192,80,128,200,72,168,264,96,152,328,176,144,248,104,144,216,72,136,1832,42
120,264,144,112,192,80,143,224,81,176,256,80,168,304,136,128,344,216,128,224,96,120,1928,42
112,280,168,128,216,88,136,184,48,168,320,152,159,336,177,144,336,192,136,208,72,128,2008,42
136,224,88,127,184,57,128,192,64,184,240,56,176,328,152,160,304,144,175,216,41,144,1832,42
144,256,112,136,168,32,136,192,56,168,224,56,192,384,192,159,320,161,144,240,96,160,1944,42
136,208,72,120,168,48,144,200,56,176,200,24,168,328,160,160,216,56,152,224,72,143,1687,42
144,224,80,128,192,64,144,200,56,191,288,97,168,288,120,128,240,112,168,224,56,144,1800,42
152,264,112,136,184,48,144,504,360,160,232,72,160,328,168,144,216,72,135,248,113,136,2112,42
127,232,105,112,192,80,135,480,345,167,248,81,144,312,168,144,232,88,135,247,112,152,2095,42
136,209,73,120,176,56,136,176,40,175,328,153,152,240,88,144,608,464,127,224,97,144,2105,42
136,208,72,136,192,56,144,168,24,168,224,56,184,312,128,135,216,81,144,264,120,120,1704,42
136,240,104,136,176,40,144,208,64,176,264,88,160,296,136,144,320,176,128,240,112,144,1888,42
103,192,89,112,168,56,135,208,73,168,248,80,144,312,168,160,280,120,128,264,136,120,1792,42
143,192,49,119,192,73,144,240,96,176,376,200,120,248,128,152,208,56,136,232,96,143,1831,42
135,184,49,168,880,712,168,216,48,143,304,161,152,272,120,144,232,88,128,224,96,128,2440,42
135,200,65,120,152,32,136,192,56,168,944,776,168,584,416,128,463,335,136,160,24,136,2831,42
104,160,56,103,216,113,128,176,48,152,240,88,152,312,160,144,232,88,128,200,72,136,1672,42
121,121,0,94,175,81,120,159,39,128,401,273,135,248,113,111,248,137,128,208,80,127,1687,42
103,160,57,95,184,89,112,152,40,144,280,136,128,304,176,112,240,128,96,160,64,128,1608,42
120,208,88,128,160,32,136,216,80,152,272,120,151,332,181,115,452,337,130,208,78,130,1978,42
128,240,112,111,168,57,130,216,86,135,280,145,144,320,176,122,239,117,121,225,104,113,1801,42
122,202,80,112,176,64,128,160,32,136,336,200,176,304,128,144,280,136,122,192,70,144,1794,42
104,192,88,96,160,64,136,168,32,129,248,119,144,336,192,128,240,112,112,224,112,113,1681,42
120,200,80,113,176,63,128,184,56,152,304,152,160,304,144,127,200,73,136,248,112,136,1752,42
136,240,104,113,144,31,152,224,72,151,232,81,144,360,216,130,256,126,116,216,100,128,1800,42
128,176,48,112,184,72,136,184,48,143,328,185,152,399,247,120,353,233,136,296,160,136,2056,42
120,216,96,103,144,41,130,167,37,153,353,200,143,240,97,128,240,112,136,248,112,144,1752,42
128,248,120,113,144,31,136,192,56,131,232,101,152,320,168,129,248,119,152,240,88,123,1747,42
104,168,64,104,184,80,104,128,24,136,320,184,136,312,176,120,280,160,128,200,72,114,1706,42
120,248,128,104,160,56,128,184,56,120,232,112,168,352,184,136,224,88,113,216,103,128,1744,42
112,184,72,88,144,56,128,185,57,127,215,88,152,336,184,104,208,104,113,216,103,128,1616,42
128,256,128,104,136,32,144,176,32,144,248,104,152,312,160,136,264,128,64,608,544,128,2128,42
120,200,80,88,144,56,113,152,39,136,248,112,152,400,248,112,536,424,112,224,112,136,2040,42
112,216,104,96,152,56,128,176,48,128,258,130,142,318,176,128,256,128,113,224,111,120,1720,42
136,264,128,113,128,15,152,192,40,144,272,128,144,312,168,120,264,144,120,224,104,152,1808,42
168,440,272,168,169,1,159,250,91,141,261,120,152,384,232,144,368,224,112,192,80,136,2200,42
127,232,105,127,215,88,162,264,102,152,304,152,152,329,177,151,255,104,128,240,112,128,1967,42
151,295,144,128,192,64,168,208,40,161,289,128,175,335,160,144,256,112,120,224,104,137,1936,42
135,311,176,113,168,55,168,216,48,145,272,127,144,320,176,152,272,120,136,200,64,122,1881,42
151,303,152,104,136,32,128,161,33,143,328,185,159,288,129,127,231,104,112,216,104,136,1799,42
127,207,80,113,176,63,128,186,58,150,270,120,161,393,232,151,199,48,120,248,128,128,1807,42
135,263,128,129,152,23,153,184,31,137,260,123,156,341,185,127,207,80,137,201,64,144,1752,42
127,183,56,104,185,81,136,183,47,152,257,105,151,279,128,137,296,159,129,361,232,103,1847,42
129,258,129,104,144,40,143,167,24,128,288,160,185,312,127,128,241,113,119,224,105,111,1745,42
151,272,121,127,144,17,151,192,41,127,231,104,160,297,137,127,232,105,121,208,87,127,1703,42
143,216,73,113,152,39,135,167,32,146,280,134,152,337,185,112,224,112,136,192,56,135,1703,42
152,280,128,136,136,0,176,224,48,135,264,129,144,559,415,137,265,128,129,264,135,136,2128,42
201,257,56,136,160,24,168,168,0,136,297,161,151,279,128,128,216,88,116,192,76,128,1697,42
152,256,104,120,152,32,152,152,0,160,480,320,152,224,72,128,264,136,128,200,72,129,1857,42
159,287,128,136,176,40,136,176,40,152,255,103,145,329,184,128,240,112,122,200,78,136,1799,42
121,185,64,104,168,64,152,192,40,136,264,128,152,352,200,128,200,72,120,240,120,128,1729,42
152,264,112,128,129,1,135,167,32,152,336,184,152,264,112,136,536,400,128,264,136,176,2136,42
96,144,48,104,144,40,136,144,8,152,264,112,160,328,168,112,192,80,128,208,80,128,1552,42
144,232,88,144,145,1,151,135,-16,152,288,136,152,280,128,128,191,63,137,289,152,144,1704,42
120,224,104,121,144,23,168,136,-32,144,544,400,144,288,144,136,224,88,144,256,112,128,1944,42
152,256,104,152,176,24,151,129,-22,151,312,161,175,263,88,129,240,111,144,272,128,152,1800,42
152,288,136,136,152,16,144,136,-8,136,280,144,144,280,136,128,248,120,152,232,80,121,1737,42
144,248,104,144,145,1,151,151,0,144,264,120,152,328,176,136,192,56,128,264,136,128,1720,42
160,256,96,152,153,1,144,127,-17,145,584,439,152,296,144,152,280,128,136,216,80,136,2048,42
152,288,136,136,137,1,159,191,32,152,336,184,152,344,192,152,192,40,120,368,248,131,1987,42
130,240,110,120,144,24,145,177,32,127,303,176,168,310,142,130,217,87,128,313,185,128,1832,42
135,274,139,141,141,0,154,153,-1,144,273,129,159,335,176,136,216,80,130,280,150,120,1792,42
144,256,112,136,137,1,152,151,-1,136,352,216,152,280,128,152,241,89,151,255,104,136,1808,42
129,184,55,128,152,24,161,161,0,143,335,192,160,320,160,128,233,105,120,271,151,136,1792,42
129,183,54,128,168,40,170,169,-1,143,655,512,152,257,105,135,263,128,128,264,136,120,2079,42
184,288,104,128,129,1,152,151,-1,160,272,112,176,336,160,144,200,56,129,280,151,160,1816,42
104,177,73,103,135,32,153,153,0,127,248,121,167,311,144,128,328,200,136,216,80,129,1697,42
151,256,105,127,128,1,168,168,0,135,264,129,151,327,176,119,184,65,161,256,95,120,1703,42
143,271,128,152,153,1,152,152,0,127,257,130,151,359,208,175,223,48,152,257,105,159,1831,42
134,192,58,128,153,25,169,169,0,150,335,185,151,264,113,151,255,104,123,225,102,119,1712,42
144,208,64,137,137,0,169,169,0,151,207,56,175,407,232,152,257,105,151,215,64,153,1753,42
135,216,81,129,129,0,175,175,0,136,359,223,152,305,153,135,240,105,119,271,152,121,1816,42
128,184,56,128,128,0,152,152,0,128,288,160,143,256,113,119,256,137,128,192,64,143,1599,42
152,264,112,152,152,0,167,192,25,172,272,100,160,463,303,136,241,105,128,240,112,144,1968,42
184,288,104,136,120,-16,175,191,16,168,297,129,135,640,505,113,192,79,136,248,112,128,2104,42
112,208,96,152,192,40,180,272,92,152,296,144,151,352,201,144,240,96,128,216,88,120,1896,42
136,248,112,144,144,0,151,151,0,137,305,168,152,280,128,152,256,104,104,232,128,130,1746,42
135,223,88,177,177,0,176,352,176,136,248,112,152,320,168,128,239,111,113,225,112,129,1913,42
153,233,80,123,123,0,173,181,8,152,255,103,153,328,175,137,273,136,113,288,175,144,1825,42
143,256,113,128,128,0,176,176,0,135,264,129,152,280,128,113,272,159,128,312,184,128,1816,42
145,297,152,136,136,0,136,160,24,136,368,232,143,248,105,112,240,128,122,248,126,113,1810,42
152,271,119,138,129,-9,160,208,48,127,328,201,184,264,80,128,232,104,119,224,105,128,1784,42
113,240,127,152,152,0,176,240,64,136,336,200,144,280,136,136,264,128,120,248,128,128,1888,42
136,256,120,176,200,24,176,176,0,153,280,127,152,280,128,136,272,136,128,216,88,120,1800,42
122,208,86,152,153,1,199,199,0,119,264,145,152,280,128,128,192,64,136,456,320,112,1864,42
128,216,88,136,137,1,159,199,40,153,272,119,152,344,192,128,208,80,136,256,120,136,1768,42
144,224,80,128,144,16,152,168,16,144,312,168,152,256,104,144,216,72,136,536,400,114,1970,42
136,216,80,128,104,-24,145,144,-1,184,480,296,152,312,160,128,256,128,112,248,136,128,1888,42
128,192,64,136,137,1,162,161,-1,134,278,144,160,312,152,136,216,80,131,264,133,136,1696,42
129,208,79,104,105,1,176,175,-1,144,240,96,144,328,184,136,192,56,122,248,126,128,1624,42
152,192,40,120,96,-24,160,160,0,128,232,104,152,512,360,112,168,56,136,240,104,128,1728,42
128,208,80,144,145,1,143,143,0,144,264,120,152,296,144,136,1088,952,136,264,128,114,2522,42
105,208,103,129,169,40,135,170,35,141,269,128,152,337,185,135,183,48,131,256,125,120,1712,42
120,209,89,128,128,0,152,159,7,152,257,105,151,327,176,113,201,88,135,231,96,128,1640,42
144,256,112,161,161,0,151,167,16,166,656,490,144,249,105,135,280,145,127,207,80,136,2112,42
144,225,81,159,159,0,129,327,198,129,817,688,135,240,105,127,296,169,111,215,104,130,2409,42
128,207,79,137,137,0,154,152,-2,135,287,152,152,265,113,127,208,81,135,232,97,111,1599,42
103,183,80,152,193,41,168,183,15,152,248,96,153,289,136,135,231,96,136,225,89,136,1688,42
136,224,88,96,936,840,88,512,424,104,880,776,112,424,312,104,479,375,81,680,599,89,4224,29
111,295,184,80,559,479,73,505,432,87,776,689,88,393,305,95,998,903,72,289,217,96,3911,29
136,1055,919,81,513,432,80,400,320,103,2048,1945,55,512,457,112,1000,888,88,520,432,88,6136,29
127,208,81,72,456,384,64,400,336,83,2240,2157,96,384,288,93,800,707,95,3240,3145,87,7815,29
128,256,128,88,304,216,72,304,232,120,839,719,65,496,431,88,1329,1241,96,1640,1544,110,5278,29
112,247,135,97,801,704,48,1391,1343,89,1265,1176,72,735,663,81,1017,936,104,224,120,104,5784,29
145,169,24,80,599,519,73,1400,1327,97,865,768,72,328,256,103,712,609,72,408,336,128,4609,29
112,178,66,118,430,312,96,392,296,104,952,848,72,400,328,104,504,400,72,607,535,81,3544,29
160,161,1,86,462,376,81,297,216,104,920,816,72,320,248,104,883,779,109,325,216,112,3480,29
128,168,40,88,1408,1320,88,192,104,104,1168,1064,72,264,192,104,680,576,88,512,424,104,4496,29
144,145,1,71,431,360,63,304,241,80,904,824,71,91,20,125,517,392,72,1481,1409,118,3991,29
128,200,72,87,976,889,88,280,192,128,783,655,81,361,280,104,616,512,72,360,288,80,3656,29
160,161,1,95,335,240,80,1415,1335,89,968,879,65,401,336,112,408,296,72,248,176,103,4039,29
128,200,72,72,553,481,95,166,71,97,1169,1072,88,776,688,103,640,537,71,719,648,105,4328,29
112,216,104,88,472,384,80,152,72,96,824,728,96,1136,1040,112,880,768,88,400,312,87,4167,29
142,200,58,95,496,401,96,255,159,105,1073,968,80,856,776,96,703,607,105,321,216,87,3991,29
136,175,39,81,425,344,79,192,113,128,1248,1120,72,640,568,104,456,352,80,824,744,104,4064,29
136,188,52,75,500,425,72,184,112,88,1208,1120,72,872,800,96,1272,1176,72,304,232,88,4616,29
128,271,143,97,465,368,88,128,40,96,1223,1127,80,873,793,104,648,544,88,304,216,104,4016,29
127,239,112,88,360,272,97,161,64,103,688,585,87,727,640,120,1072,952,88,520,432,89,3856,29
128,184,56,80,432,352,79,143,64,105,505,400,88,784,696,104,1000,896,72,320,248,96,3464,29
128,208,80,71,448,377,80,167,87,81,1873,1792,79,648,569,104,488,384,80,512,432,88,4432,29
128,184,56,104,496,392,104,240,136,112,663,551,97,1169,1072,128,760,632,80,496,416,88,4096,29
127,184,57,72,463,391,80,297,217,112,608,496,96,1133,1037,123,579,456,79,584,505,96,3944,29
120,185,65,111,712,601,96,152,56,111,1671,1560,65,1049,984,96,632,536,72,1239,1167,89,5729,29
159,161,2,103,2175,2072,96,199,103,97,873,776,72,631,559,104,817,713,72,512,440,88,5456,29
152,216,64,184,1431,1247,89,313,224,128,711,583,104,1177,1073,112,423,311,89,401,312,88,4760,29
136,296,160,120,408,288,96,288,192,120,1352,1232,96,760,664,104,455,351,89,312,223,113,3984,29
144,256,112,80,528,448,96,184,88,120,1000,880,80,264,184,112,655,543,97,281,184,96,3264,29
128,600,472,88,535,447,97,144,47,104,1480,1376,81,449,368,128,664,536,120,534,414,114,4520,29
120,344,224,88,464,376,80,151,71,105,1169,1064,72,1184,1112,112,775,663,113,464,351,105,4656,29
112,248,136,112,1487,1375,105,145,40,128,664,536,88,1023,935,104,800,696,73,1729,1656,80,6176,29
151,208,57,112,425,313,111,295,184,136,1487,1351,65,481,416,104,592,488,88,296,208,96,3880,29
144,215,71,105,409,304,88,160,72,112,688,576,96,663,567,97,601,504,96,416,320,80,3232,29
143,288,145,104,431,327,113,169,56,128,890,762,117,758,641,136,480,344,88,480,392,104,3600,29
151,280,129,120,375,255,97,161,64,121,1184,1063,103,776,673,112,864,752,96,688,592,96,4424,29
160,232,72,96,360,264,104,176,72,112,759,647,89,289,200,112,472,360,96,384,288,112,2784,29
159,215,56,97,416,319,112,161,49,112,735,623,89,1257,1168,152,1472,1320,112,864,752,103,5223,29
127,247,120,105,727,622,106,242,136,136,656,520,80,496,416,111,568,457,80,384,304,64,3384,29
113,480,367,105,409,304,96,200,104,111,1368,1257,80,1264,1184,119,1032,913,104,256,152,88,5097,29
145,241,96,120,328,208,96,256,160,135,559,424,81,745,664,112,984,872,88,344,256,88,3545,29
143,176,33,88,440,352,87,288,201,104,496,392,80,327,247,97,481,384,88,384,296,80,2672,29
119,232,113,88,312,224,96,144,48,112,552,440,80,296,216,103,536,433,80,240,160,88,2400,29
144,160,16,104,343,239,121,177,56,152,592,440,128,367,239,129,864,735,89,273,184,104,2880,29
120,248,128,96,496,400,111,200,89,112,448,336,111,360,249,128,759,631,96,225,129,103,2839,29
135,224,89,111,288,177,128,184,56,111,687,576,97,1417,1320,120,960,840,72,328,256,80,4168,29
136,231,95,105,593,488,104,264,160,111,951,840,81,417,336,104,511,407,105,377,272,80,3424,29
161,177,16,88,584,496,112,159,47,104,465,361,71,344,273,95,766,671,106,458,352,96,3049,29
152,384,232,96,328,232,119,319,200,97,3041,2944,72,440,368,112,576,464,96,296,200,80,5464,29
159,224,65,88,312,224,71,1767,1696,97,1217,1120,72,344,272,88,1384,1296,87,408,321,88,5744,29
128,161,33,80,328,248,80,200,120,88,568,480,72,360,288,104,520,416,95,616,521,96,2849,29
144,168,24,112,392,280,96,232,136,103,999,896,65,1073,1008,96,472,376,79,312,233,72,3720,29
128,184,56,96,311,215,96,161,65,96,640,544,79,320,241,90,616,526,95,368,273,72,2672,29
129,216,87,97,241,144,104,175,71,105,616,511,89,368,279,97,1488,1391,105,337,232,96,3537,29
136,191,55,112,273,161,79,160,81,112,599,487,65,1081,1016,95,608,513,79,308,229,92,3312,29
128,183,55,113,401,288,96,152,56,112,512,400,72,424,352,96,1776,1680,96,280,184,112,3840,29
129,265,136,104,431,327,97,153,56,111,472,361,72,423,351,105,633,528,80,432,352,68,2877,29
129,177,48,119,320,201,104,208,104,88,1096,1008,63,1288,1225,96,368,272,80,304,224,64,3825,29
120,231,111,97,824,727,105,265,160,96,1584,1488,79,511,432,97,833,736,96,439,343,105,4792,29
119,184,65,103,360,257,88,496,408,80,560,480,71,775,704,88,3041,2953,112,943,831,80,6439,29
159,224,65,112,328,216,87,144,57,112,600,488,72,592,520,111,424,313,88,1776,1688,104,4192,29
153,200,47,95,311,216,89,289,200,112,774,662,106,890,784,144,615,471,96,425,329,104,3608,29
143,191,48,97,217,120,88,168,80,104,528,424,72,328,256,104,776,672,80,272,192,95,2575,29
136,159,23,104,273,169,88,143,55,121,552,431,80,393,313,96,496,400,95,336,241,88,2440,29
152,154,2,94,406,312,80,112,32,119,1936,1817,72,880,808,120,536,416,88,328,240,88,4440,29
136,192,56,104,304,200,88,120,32,88,695,607,73,1113,1040,80,823,743,65,552,487,72,3871,29
136,184,48,95,311,216,80,105,25,104,480,376,72,1055,983,89,464,375,73,384,311,73,3056,29
143,184,41,103,392,289,71,679,608,105,1185,1080,47,784,737,128,1392,1264,128,264,136,96,4976,29
151,153,2,95,319,224,80,119,39,112,2377,2265,72,592,520,112,744,632,80,288,208,87,4679,29
136,192,56,104,512,408,72,120,48,112,511,399,72,841,769,135,1080,945,96,960,864,96,4312,29
128,184,56,79,352,273,64,480,416,96,799,703,73,497,424,95,391,296,73,353,280,80,3136,29
104,224,120,88,376,288,64,368,304,88,463,375,65,385,320,88,456,368,87,280,193,72,2624,29
111,399,288,97,769,672,79,207,128,90,553,463,80,944,864,119,551,432,89,273,184,88,3784,29
136,208,72,88,240,152,80,424,344,88,456,368,56,432,376,88,504,416,96,312,216,55,2631,29
144,152,8,104,296,192,80,308,228,100,484,384,80,256,176,96,3480,3384,79,280,201,88,5344,29
145,168,23,89,567,478,73,281,208,81,1000,919,64,361,297,96,638,542,89,305,216,80,3400,29
104,203,99,93,933,840,103,192,89,88,1183,1095,89,505,416,112,887,775,97,1225,1128,103,5231,29
133,158,25,96,256,160,88,224,136,95,544,449,72,376,304,104,1368,1264,104,240,136,80,3246,29
128,176,48,88,264,176,88,248,160,72,480,408,63,328,265,80,376,296,88,418,330,102,2392,29
112,216,104,88,448,360,79,168,89,96,616,520,72,312,240,88,496,408,96,256,160,96,2608,29
185,186,1,95,479,384,112,192,80,112,480,368,96,336,240,112,1552,1440,88,232,144,72,3529,29
144,192,48,126,456,330,119,248,129,112,584,472,87,392,305,128,2104,1976,111,288,177,95,4359,29
128,216,88,112,344,232,104,151,47,137,481,344,104,431,327,113,2193,2080,104,248,144,79,4143,29
144,224,80,104,240,136,96,167,71,105,481,376,71,1015,944,129,673,544,112,440,328,104,3344,29
152,200,48,112,304,192,96,151,55,113,897,784,80,232,152,112,448,336,104,312,208,103,2647,29
152,208,56,111,237,126,147,187,40,128,551,423,97,337,240,112,559,447,89,305,216,96,2480,29
128,177,49,96,328,232,72,95,23,113,2609,2496,72,648,576,96,703,607,88,665,577,88,5313,29
144,168,24,112,432,320,103,128,25,104,687,583,96,417,321,96,815,719,96,360,264,97,3104,29
120,192,72,80,567,487,89,177,88,103,751,648,97,1224,1127,113,409,296,96,2568,2472,112,6000,29
129,241,112,103,776,673,104,160,56,104,471,367,89,313,224,96,456,360,96,368,272,96,2881,29
112,216,104,87,280,193,88,136,48,112,704,592,95,159,64,96,657,561,96,272,176,72,2496,29
111,248,137,95,399,304,96,161,65,119,496,377,88,312,224,80,536,456,88,320,232,80,2552,29
127,208,81,87,1192,1105,112,144,32,104,1016,912,72,392,320,96,552,456,88,248,160,88,3840,29
143,207,64,104,393,289,80,135,55,120,505,385,80,360,280,112,568,456,80,1112,1032,104,3384,29
127,256,129,102,448,346,107,152,45,119,1984,1865,80,664,584,103,576,473,120,248,128,120,4448,29
128,200,72,80,313,233,79,144,65,95,567,472,72,1289,1217,119,455,336,89,265,176,80,3313,29
137,168,31,80,224,144,81,193,112,111,663,552,72,329,257,96,432,336,87,384,297,79,2472,29
120,241,121,73,239,166,88,152,64,113,497,384,80,336,256,95,416,321,103,255,152,73,2209,29
113,160,47,80,392,312,80,121,41,119,488,369,71,255,184,89,456,367,88,305,217,80,2257,29
112,183,71,72,265,193,88,104,16,111,383,272,80,352,272,89,593,504,79,400,321,87,2367,29
112,169,57,80,320,240,87,135,48,120,592,472,72,288,216,96,792,696,72,377,305,95,2768,29
105,169,64,72,320,248,72,136,64,104,496,392,73,288,215,88,441,353,79,231,152,88,2169,29
112,223,111,72,913,841,79,319,240,88,801,713,87,1576,1489,103,472,369,71,415,344,88,4807,29
111,175,64,80,449,369,88,208,120,104,800,696,87,551,464,112,600,488,72,752,680,80,3615,29
112,249,137,111,231,120,121,176,55,104,561,457,79,327,248,96,400,304,88,232,144,88,2264,29
112,224,112,88,368,280,80,152,72,88,1329,1241,71,464,393,87,656,569,87,519,432,57,3769,29
120,248,128,96,280,184,72,648,576,80,1608,1528,72,440,368,104,600,496,80,240,160,73,4137,29
112,224,112,88,240,152,89,200,111,96,456,360,72,432,360,88,449,361,87,392,305,79,2472,29
119,175,56,88,328,240,113,136,23,120,560,440,72,296,224,88,504,416,80,552,472,96,2647,29
112,191,79,80,736,656,88,161,73,112,431,319,81,368,287,80,384,304,72,344,272,88,2703,29
112,208,96,104,320,216,96,128,32,112,544,432,72,384,312,104,537,433,95,239,144,80,2440,29
120,215,95,80,360,280,89,136,47,104,887,783,81,456,375,81,633,552,96,376,280,88,3151,29
120,168,48,88,360,272,80,104,24,104,736,632,80,888,808,96,400,304,97,312,215,80,3048,29
145,200,55,128,920,792,88,136,48,112,609,497,87,287,200,96,392,296,88,249,161,71,2864,29
136,209,73,87,287,200,88,136,48,96,488,392,88,328,240,88,464,376,96,250,154,62,2224,29
104,216,112,72,345,273,87,135,48,112,440,328,88,288,200,104,400,296,104,312,208,89,2225,29
103,175,72,80,712,632,88,152,64,97,513,416,95,551,456,113,408,295,80,257,177,71,2839,29
128,256,128,80,1616,1536,104,160,56,104,840,736,104,320,216,96,607,511,81,337,256,80,4216,29
144,464,320,112,465,353,103,207,104,120,808,688,96,369,273,112,367,255,112,272,160,96,3048,29
136,216,80,111,384,273,120,160,40,128,568,440,96,336,240,120,408,288,128,256,128,80,2408,29
136,224,88,120,336,216,104,152,48,112,536,424,88,688,600,96,424,328,104,264,160,88,2712,29
152,200,48,96,344,248,104,176,72,136,672,536,96,312,216,120,392,272,95,544,449,104,2744,29
144,192,48,112,336,224,104,136,32,127,928,801,96,272,176,96,408,312,104,288,184,88,2648,29
128,160,32,104,328,224,120,136,16,112,536,424,88,304,216,105,520,415,96,384,288,120,2488,29
136,152,16,128,256,128,120,177,57,127,455,328,89,297,208,95,399,304,104,320,216,96,2152,29
136,192,56,104,280,176,112,160,48,128,576,448,88,232,144,88,1552,1464,104,465,361,87,3544,29
119,168,49,95,327,232,88,128,40,96,840,744,89,304,215,96,792,696,88,320,232,89,2968,29
128,192,64,104,304,200,96,128,32,104,457,353,88,247,159,88,424,336,96,288,192,80,2120,29
128,193,65,87,295,208,80,120,40,96,608,512,88,457,369,87,719,632,88,320,232,96,2808,29
128,224,96,88,728,640,96,152,56,104,584,480,88,336,248,96,520,424,96,288,192,72,2904,29
118,200,82,96,264,168,88,120,32,96,512,416,96,296,200,96,456,360,96,424,328,112,2384,29
128,208,80,96,505,409,87,135,48,104,904,800,80,888,808,96,392,296,96,432,336,96,3560,29
120,216,96,96,344,248,112,168,56,97,1528,1431,80,1056,976,104,384,280,104,200,96,88,3984,29
112,232,120,96,272,176,104,152,48,96,752,656,88,760,672,104,464,360,112,296,184,104,3032,29
127,199,72,104,393,289,95,143,48,104,1001,897,95,655,560,136,448,312,120,696,576,80,3615,29
200,202,2,86,4070,3984,81,128,47,96,776,680,80,328,248,96,464,368,80,408,328,88,6464,29
128,208,80,104,568,464,89,128,39,96,480,384,72,304,232,80,584,504,73,272,199,64,2608,29
128,216,88,104,320,216,98,168,70,112,488,376,96,304,208,104,360,256,112,311,199,97,2264,29
128,216,88,136,336,200,120,168,48,136,520,384,97,328,231,120,368,248,128,248,120,112,2296,29
112,112,0,120,736,616,88,152,64,96,896,800,96,328,232,96,384,288,104,248,144,80,2936,29
128,192,64,96,312,216,104,168,64,128,464,336,80,368,288,104,552,448,112,288,176,96,2440,29
152,200,48,112,344,232,104,184,80,121,417,296,87,383,296,121,832,711,88,216,128,80,2656,29
112,216,104,88,360,272,88,120,32,72,512,440,72,256,184,80,392,312,96,312,216,88,2256,29
120,208,88,88,376,288,80,144,64,120,735,615,81,281,200,96,801,705,95,167,72,80,2792,29
112,144,32,112,312,200,80,136,56,96,488,392,88,512,424,120,456,336,96,352,256,104,2504,29
128,224,96,104,304,200,96,144,48,112,480,368,96,416,320,120,448,328,112,392,280,128,2536,29
151,200,49,112,288,176,96,136,40,120,512,392,88,312,224,128,456,328,112,240,128,96,2240,29
121,208,87,96,321,225,95,191,96,128,1929,1801,71,807,736,136,593,457,103,152,49,88,4289,29
120,184,64,97,272,175,88,128,40,97,464,367,88,384,296,88,1159,1071,105,232,127,88,2911,29
121,280,159,104,361,257,95,159,64,120,456,336,96,344,248,112,416,304,120,224,104,128,2368,29
136,168,32,96,328,232,120,168,48,120,504,384,104,376,272,104,424,320,112,224,112,128,2320,29
129,184,55,112,440,328,88,616,528,121,1032,911,104,344,240,104,408,304,97,256,159,80,3360,29
136,176,40,104,280,176,104,136,32,112,496,384,80,288,208,112,599,487,89,273,184,72,2320,29
112,232,120,80,848,768,72,304,232,88,497,409,71,280,209,95,391,296,96,264,168,88,2904,29
128,192,64,88,496,408,96,152,56,120,496,376,88,296,208,136,336,200,104,425,321,103,2496,29
129,192,63,96,296,200,80,136,56,121,472,351,96,328,232,104,376,272,104,552,448,88,2440,29
136,192,56,88,616,528,80,144,64,112,1064,952,88,728,640,112,1416,1304,128,320,192,120,4600,29
128,296,168,96,368,272,96,160,64,120,520,400,120,281,161,127,479,352,128,265,137,111,2480,29
152,224,72,96,352,256,96,144,48,136,800,664,96,536,440,112,488,376,104,704,600,112,3360,29
136,224,88,88,272,184,96,144,48,96,512,416,80,368,288,104,792,688,105,200,95,88,2600,29
112,192,80,88,368,280,80,136,56,119,528,409,64,312,248,113,368,255,104,248,144,80,2232,29
112,184,72,104,336,232,80,136,56,112,552,440,88,320,232,96,408,312,112,608,496,88,2632,29
160,161,1,71,303,232,104,160,56,96,648,552,80,328,248,112,2504,2392,104,360,256,104,4568,29
96,215,119,105,361,256,104,232,128,80,472,392,80,328,248,97,456,359,112,655,543,89,2808,29
128,208,80,136,1680,1544,120,168,48,104,536,432,88,352,264,104,344,240,120,264,144,88,3640,29
120,177,57,103,639,536,112,192,80,128,552,424,104,360,256,112,392,280,112,256,144,112,2680,29
120,184,64,120,376,256,120,176,56,112,584,472,88,288,200,112,368,256,88,592,504,104,2672,29
128,192,64,120,248,128,112,144,32,112,384,272,97,232,135,88,472,384,144,208,64,96,1976,29
120,121,1,159,447,288,152,153,1,111,1863,1752,81,352,271,104,328,224,104,200,96,88,3552,29
136,192,56,96,872,776,120,608,488,128,1256,1128,64,232,168,88,632,544,104,344,240,88,4224,29
128,184,56,96,224,128,104,176,72,128,448,320,64,1103,1039,89,681,592,112,256,144,96,3168,29
120,168,48,112,248,136,104,160,56,120,432,312,88,992,904,96,704,608,121,240,119,80,3024,29
120,192,72,97,2064,1967,96,168,72,112,560,448,73,304,231,104,400,296,96,288,192,97,4073,29
120,167,47,113,313,200,120,176,56,136,424,288,88,408,320,112,488,376,112,240,128,96,2312,29
111,184,73,104,352,248,96,152,56,103,672,569,80,592,512,96,560,464,96,352,256,96,2960,29
120,200,80,96,248,152,112,176,64,112,496,384,80,336,256,96,800,704,80,824,744,80,3160,29
128,240,112,96,280,184,96,152,56,96,728,632,88,504,416,97,1728,1631,112,256,144,80,3968,29
128,223,95,137,337,200,112,168,56,112,656,544,104,632,528,96,312,216,120,392,272,96,2816,29
112,248,136,80,344,264,96,144,48,96,688,592,88,928,840,96,568,472,80,528,448,88,3536,29
136,184,48,112,1240,1128,112,232,120,104,2312,2208,88,328,240,120,360,240,104,360,256,136,5152,29
120,240,120,121,312,191,104,152,48,120,520,400,72,560,488,96,416,320,89,272,183,96,2568,29
136,208,72,104,1552,1448,112,199,87,113,545,432,80,472,392,104,448,344,80,273,193,71,3768,29
111,359,248,80,1593,1513,103,1600,1497,80,1392,1312,80,360,280,104,696,592,104,592,488,96,6688,29
113,176,63,88,408,320,64,120,56,80,1496,1416,72,344,272,80,832,752,72,312,240,88,3776,29
128,160,32,113,376,263,88,112,24,88,1064,976,80,424,344,104,472,368,72,184,112,88,2880,29
144,176,32,80,256,176,88,120,32,112,488,376,80,272,192,104,376,272,80,304,224,88,2080,29
120,176,56,88,248,160,80,122,42,102,454,352,72,312,240,96,343,247,89,225,136,88,1968,29
129,160,31,104,248,144,88,120,32,104,416,312,80,280,200,104,464,360,80,352,272,104,2144,29
113,152,39,100,248,148,104,136,32,80,448,368,96,304,208,96,368,272,96,264,168,96,2016,29
64,122,58,102,246,144,96,128,32,87,840,753,80,1088,1008,87,464,377,104,296,192,104,3288,29
103,152,49,88,233,145,86,127,41,103,528,425,80,263,183,80,744,664,89,145,56,104,2296,29
81,137,56,95,232,137,103,144,41,103,400,297,71,280,209,79,695,616,80,209,129,95,2192,29
55,120,65,103,256,153,103,143,40,97,601,504,80,312,232,103,408,305,96,272,176,87,2199,29
113,184,71,88,232,144,87,111,24,113,417,304,79,256,177,79,775,696,88,225,137,87,2287,29
127,159,32,104,249,145,103,152,49,116,527,411,64,440,376,105,448,343,80,328,248,80,2383,29
113,185,72,96,249,153,103,135,32,96,440,344,80,289,209,87,391,304,104,241,137,79,2009,29
112,143,31,96,248,152,113,136,23,112,480,368,80,264,184,96,736,640,88,312,224,80,2399,29
129,192,63,88,232,144,104,128,24,104,560,456,104,280,176,104,440,336,72,264,192,88,2184,29
104,144,40,96,256,160,96,136,40,104,448,344,80,288,208,88,392,304,80,360,280,88,2112,29
104,169,65,87,927,840,113,176,63,112,808,696,80,256,176,104,400,296,96,368,272,113,3217,29
104,160,56,88,240,152,88,128,40,128,384,256,72,288,216,48,640,592,72,472,400,88,2400,29
113,192,79,96,320,224,97,96,-1,112,344,232,88,320,232,104,376,272,80,200,120,88,1936,29
129,160,31,128,320,192,104,129,25,111,415,304,80,1360,1280,104,456,352,88,288,200,80,3208,29
128,168,40,88,328,240,104,120,16,120,512,392,72,304,232,113,864,751,120,392,272,96,2784,29
128,184,56,104,240,136,112,144,32,96,344,248,72,328,256,112,584,472,113,376,263,96,2296,29
120,176,56,96,250,154,118,118,0,104,384,280,80,328,248,104,504,400,88,312,224,96,2168,29
123,176,53,106,256,150,112,144,32,128,592,464,88,1056,968,96,512,416,111,216,105,88,3040,29
136,184,48,128,288,160,128,160,32,128,448,320,104,320,216,80,512,432,112,272,160,104,2288,29
137,177,40,128,275,147,133,149,16,123,432,309,80,304,224,104,368,264,104,240,136,96,2041,29
129,161,32,136,287,151,129,129,0,144,424,280,80,256,176,104,368,264,80,240,160,96,1961,29
112,168,56,120,248,128,104,113,9,126,375,249,95,351,256,81,377,296,80,328,248,104,2064,29
113,168,55,104,240,136,116,136,20,127,328,201,80,432,352,96,336,240,104,248,144,88,1976,29
104,160,56,111,256,145,120,136,16,119,368,249,72,320,248,88,456,368,96,224,128,104,2024,29
104,151,47,113,321,208,103,120,17,128,528,400,72,296,224,72,368,296,64,456,392,80,2320,29
129,153,24,113,248,135,136,168,32,127,352,225,87,272,185,111,656,545,104,152,48,79,2080,29
112,144,32,88,243,155,94,126,32,103,352,249,79,279,200,112,320,208,105,200,95,104,1768,29
103,199,96,104,633,529,112,168,56,104,472,368,88,240,152,103,392,289,95,272,177,79,2455,29
96,161,65,87,247,160,112,137,25,104,472,368,79,320,241,103,336,233,79,256,177,87,2016,29
113,151,38,112,249,137,112,167,55,128,376,248,88,304,216,104,376,272,88,1305,1217,112,3040,29
135,175,40,88,224,136,104,129,25,103,400,297,71,231,160,113,361,248,87,263,176,96,1879,29
112,191,79,88,240,152,96,144,48,104,392,288,64,280,216,88,368,280,88,217,129,103,1935,29
111,191,80,104,248,144,113,144,31,104,384,280,72,312,240,80,328,248,88,280,192,88,1975,29
120,152,32,114,312,198,105,104,-1,96,488,392,80,264,184,120,392,272,88,184,96,104,2000,29
123,192,69,96,280,184,113,144,31,129,448,319,80,280,200,113,313,200,87,215,128,104,1976,29
113,176,63,104,256,152,104,144,40,118,376,258,88,288,200,113,344,231,96,360,264,112,2056,29
113,176,63,103,256,153,96,128,32,120,376,256,87,264,177,113,495,382,89,417,328,104,2216,29
104,160,56,104,312,208,114,239,125,89,1569,1480,80,312,232,120,728,608,72,376,304,112,3808,29
136,200,64,112,264,152,121,152,31,131,424,293,80,304,224,96,360,264,104,216,112,128,2048,29
72,200,128,96,280,184,104,136,32,128,400,272,80,336,256,128,392,264,80,448,368,104,2296,29
128,216,88,104,256,152,104,160,56,120,880,760,88,504,416,104,376,272,88,256,168,104,2752,29
129,160,31,104,256,152,113,144,31,119,368,249,88,288,200,113,408,295,88,312,224,113,2049,29
136,168,32,104,248,144,103,135,32,122,377,255,79,256,177,136,392,256,120,279,159,137,1992,29
126,175,49,120,280,160,120,144,24,127,472,345,80,344,264,128,848,720,104,232,128,113,2608,29
136,136,0,112,288,176,104,56,-48,128,472,344,88,224,136,130,520,390,88,256,168,113,2065,29
136,176,40,80,232,152,88,122,34,126,406,280,87,264,177,104,360,256,88,200,112,96,1856,29
122,160,38,96,216,120,104,128,24,137,360,223,88,328,240,119,367,248,81,265,184,112,1936,29
112,176,64,104,240,136,97,96,-1,128,400,272,122,400,278,112,456,344,104,208,104,120,2096,29
111,192,81,104,240,136,88,120,32,138,456,318,96,304,208,120,728,608,96,248,152,96,2384,29
136,136,0,104,255,151,97,97,0,1103,4408,3305,80,640,560,103,456,353,103,184,81,96,6272,29
128,160,32,104,232,128,95,128,33,117,415,298,81,249,168,113,432,319,103,264,161,128,2008,29
111,167,56,105,241,136,79,95,16,128,424,296,81,353,272,96,367,271,105,281,176,95,2023,29
103,176,73,87,248,161,79,121,42,127,335,208,80,328,248,111,480,369,79,208,129,103,1999,29
104,184,80,79,232,153,102,125,23,107,339,232,79,344,265,111,832,721,87,167,80,112,2335,29
80,168,88,92,224,132,88,122,34,110,455,345,79,304,225,103,448,345,87,207,120,104,2032,29
57,185,128,96,248,152,88,129,41,135,407,272,88,304,216,104,689,585,103,216,113,119,2297,29
120,168,48,113,264,151,88,120,32,120,376,256,80,408,328,104,385,281,87,359,272,112,2192,29
56,216,160,80,312,232,80,160,80,92,1712,1620,72,393,321,113,695,582,80,304,224,96,3888,29
128,217,89,95,319,224,104,128,24,104,984,880,80,376,296,104,840,736,80,312,232,96,3272,29
104,160,56,88,248,160,104,128,24,128,368,240,80,352,272,104,480,376,80,344,264,112,2192,29
96,208,112,113,256,143,104,148,44,108,452,344,88,288,200,96,440,344,104,240,136,80,2112,29
80,168,88,96,273,177,89,120,31,111,407,296,96,272,176,96,416,320,104,296,192,112,2064,29
120,176,56,104,279,175,105,137,32,115,432,317,80,280,200,88,368,280,104,200,96,88,1960,29
104,168,64,104,280,176,96,136,40,128,592,464,104,256,152,80,496,416,96,248,152,88,2264,29
72,136,64,104,328,224,80,113,33,143,543,400,80,328,248,104,528,424,88,1048,960,113,3137,29
128,184,56,113,240,127,120,160,40,144,424,280,104,280,176,96,320,224,112,200,88,152,1960,29
104,168,64,104,240,136,96,136,40,128,368,240,104,272,168,104,424,320,104,264,160,104,1976,29
104,192,88,88,288,200,112,144,32,136,416,280,80,376,296,113,408,295,88,192,104,88,2104,29
120,184,64,104,256,152,80,120,40,112,408,296,72,248,176,80,384,304,88,176,88,104,1880,29
104,176,72,96,264,168,88,120,32,113,464,351,88,240,152,96,520,424,80,416,336,104,2304,29
130,176,46,104,264,160,91,144,53,111,400,289,72,272,200,104,328,224,96,232,136,104,1920,29
104,176,72,88,248,160,88,144,56,113,848,735,72,400,328,112,488,376,96,264,168,104,2672,29
103,192,89,89,224,135,87,160,73,113,344,231,64,304,240,64,440,376,87,199,112,80,1943,29
128,192,64,71,207,136,95,127,32,129,360,231,72,321,249,104,440,336,96,369,273,119,2135,29
121,161,40,112,263,151,104,136,32,88,4400,4312,88,312,224,100,344,244,104,224,120,104,5944,29
96,136,40,104,264,160,80,128,48,104,328,224,88,360,272,113,360,247,104,256,152,112,1944,29
104,160,56,88,480,392,104,136,32,72,720,648,80,304,224,80,472,392,88,264,176,88,2624,29
144,184,40,95,264,169,120,152,32,104,416,312,96,320,224,112,464,352,80,616,536,79,2495,29
111,200,89,80,328,248,80,95,15,88,1193,1105,87,408,321,103,544,441,95,296,201,96,3160,29
112,256,144,95,272,177,95,168,73,119,407,288,88,297,209,95,423,328,89,320,231,105,2248,29
128,208,80,80,337,257,87,122,35,93,685,592,81,320,239,96,392,296,80,280,200,80,2424,29
80,168,88,88,240,152,89,88,-1,104,456,352,80,257,177,79,423,344,96,240,144,105,1977,29
113,168,55,104,240,136,103,144,41,113,424,311,80,328,248,88,344,256,104,208,104,72,1928,29
127,192,65,80,224,144,80,123,43,121,445,324,104,264,160,104,424,320,96,248,152,113,2033,29
104,152,48,104,264,160,88,168,80,116,440,324,104,248,144,80,384,304,104,216,112,112,1984,29
80,184,104,113,264,151,88,144,56,104,424,320,80,216,136,104,392,288,104,216,112,96,1936,29
106,208,102,80,264,184,72,104,32,120,408,288,96,344,248,144,320,176,121,288,167,128,2064,29
56,168,112,90,240,150,104,104,0,143,424,281,80,288,208,113,368,255,104,384,280,112,2088,29
104,240,136,96,264,168,96,152,56,104,679,575,89,505,416,104,384,280,96,280,184,111,2615,29
128,216,88,103,240,137,96,136,40,120,352,232,80,264,184,96,416,320,104,224,120,96,1944,29
120,224,104,96,232,136,103,152,49,147,391,244,81,273,192,79,383,304,104,281,177,88,2024,29
127,271,144,104,264,160,89,88,-1,128,440,312,88,560,472,112,1560,1448,104,136,32,104,3423,29
112,168,56,88,248,160,88,64,-24,120,440,320,104,272,168,104,528,424,122,192,70,72,1984,29
105,161,56,96,240,144,87,128,41,104,375,271,81,265,184,104,671,567,114,289,175,104,2233,29
134,214,80,113,344,231,96,128,32,88,480,392,80,328,248,88,448,360,88,352,264,88,2382,29
112,137,25,87,215,128,80,96,16,88,392,304,80,264,184,104,440,336,88,192,104,104,1840,29
104,160,56,80,207,127,81,97,16,112,344,232,80,312,232,96,424,328,80,448,368,88,2080,29
112,128,16,88,224,136,79,104,25,104,312,208,88,288,200,88,440,352,80,256,176,104,1856,29
72,113,41,95,215,120,96,96,0,96,416,320,72,224,152,80,432,352,72,200,128,87,1783,29
96,152,56,80,224,144,64,64,0,104,376,272,80,264,184,95,352,257,96,136,40,104,1672,29
104,168,64,104,248,144,80,111,31,89,401,312,88,288,200,103,352,249,80,168,88,79,1815,29
112,176,64,79,224,145,71,96,25,104,408,304,71,296,225,96,400,304,87,239,152,80,1919,29
112,152,40,87,264,177,87,120,33,79,999,920,88,289,201,72,352,280,88,271,183,80,2527,29
104,144,40,97,225,128,79,96,17,103,375,272,80,256,176,88,369,281,95,207,112,72,1744,29
97,152,55,88,217,129,88,111,23,88,465,377,79,256,177,79,439,360,88,168,80,80,1888,29
88,144,56,80,209,129,87,119,32,80,585,505,78,215,137,88,424,336,104,184,80,80,1960,29
113,183,70,80,217,137,79,112,33,94,366,272,89,240,151,105,377,272,96,192,96,104,1791,29
104,169,65,79,223,144,72,113,41,112,407,295,48,1080,1032,80,336,256,88,200,112,96,2624,29
120,192,72,104,256,152,64,80,16,88,408,320,72,248,176,64,440,376,96,255,159,72,1951,29
88,160,72,88,232,144,72,112,40,80,329,249,79,239,160,88,504,416,88,160,72,80,1816,29
128,208,80,104,256,152,64,64,0,104,506,402,62,2462,2400,104,776,672,80,184,104,80,4536,29
129,224,95,113,264,151,104,160,56,113,384,271,96,240,144,104,544,440,128,248,120,128,2192,29
119,183,64,120,296,176,96,152,56,105,736,631,103,272,169,96,496,400,88,192,104,80,2407,29
112,192,80,88,239,151,89,128,39,105,361,256,80,256,176,96,576,480,104,432,328,104,2288,29
112,192,80,104,248,144,80,80,0,128,392,264,88,240,152,111,408,297,95,408,313,122,2090,29
105,208,103,81,241,160,87,168,81,96,1104,1008,95,319,224,104,433,329,104,232,128,95,2800,29
131,312,181,152,296,144,104,208,104,128,448,320,105,280,175,120,592,472,120,200,80,104,2440,29
120,256,136,114,272,158,114,160,46,112,408,296,96,232,136,104,538,434,102,206,104,88,2160,29
103,199,96,114,288,174,72,120,48,112,384,272,88,272,184,112,360,248,113,200,87,96,1919,29
120,216,96,104,256,152,88,144,56,128,408,280,104,280,176,113,392,279,112,192,80,128,2016,29
128,184,56,104,272,168,104,152,48,128,384,256,104,312,208,144,352,208,152,200,48,128,1984,29
113,216,103,104,280,176,96,152,56,128,456,328,88,288,200,96,368,272,104,200,96,130,2090,29
128,224,96,96,256,160,104,176,72,104,384,280,96,296,200,104,368,264,113,216,103,120,2040,29
113,192,79,104,272,168,80,168,88,120,392,272,88,344,256,104,616,512,104,280,176,104,2368,29
128,200,72,80,232,152,80,123,43,101,405,304,80,216,136,88,384,296,96,152,56,96,1808,29
128,224,96,80,232,152,80,144,64,88,488,400,80,176,96,112,608,496,104,352,248,104,2328,29
112,192,80,80,232,152,72,120,48,112,392,280,80,216,136,104,544,440,80,136,56,104,1936,29
152,216,64,88,224,136,80,113,33,111,407,296,80,200,120,104,1267,1163,101,165,64,112,2704,29
143,208,65,87,215,128,88,121,33,112,416,304,79,184,105,103,856,753,96,191,95,121,2312,29
120,184,64,88,224,136,79,135,56,105,385,280,88,239,151,105,761,656,96,208,112,113,2249,29
120,198,78,77,209,132,80,121,41,112,399,287,81,233,152,120,536,416,95,160,65,104,1960,29
144,192,48,103,232,129,79,122,43,102,326,224,88,264,176,79,360,281,79,168,89,104,1768,29
111,224,113,80,216,136,71,151,80,88,361,273,63,240,177,79,424,345,87,272,185,95,1983,29
128,231,103,88,289,201,63,103,40,129,353,224,87,247,160,112,545,433,95,223,128,80,2071,29
112,223,111,89,240,151,80,114,34,102,430,328,80,241,161,103,415,312,104,177,73,122,1962,29
113,216,103,80,209,129,79,119,40,114,376,262,80,241,161,127,511,384,96,160,64,120,1952,29
128,256,128,80,232,152,80,120,40,114,424,310,88,265,177,135,335,200,96,224,128,128,1984,29
128,210,82,94,254,160,80,128,48,104,424,320,80,800,720,112,720,608,80,264,184,112,2912,29
126,213,87,80,232,152,88,168,80,129,528,399,104,248,144,104,408,304,80,184,104,96,2077,29
128,192,64,72,224,152,64,122,58,102,406,304,80,312,232,104,504,400,80,208,128,104,2072,29
136,296,160,112,248,136,80,152,72,104,408,304,80,280,200,96,767,671,97,193,96,104,2448,29
125,205,80,88,216,128,80,160,80,129,656,527,88,400,312,104,488,384,88,192,104,104,2421,29
120,176,56,80,200,120,80,129,49,111,345,234,78,294,216,104,400,296,88,168,80,88,1800,29
128,168,40,88,208,120,80,136,56,112,360,248,72,264,192,112,416,304,96,224,128,113,1889,29
128,192,64,80,208,128,88,168,80,104,384,280,80,272,192,111,480,369,88,312,224,128,2144,29
120,168,48,88,208,120,80,160,80,128,384,256,80,256,176,104,440,336,104,208,104,120,1944,29
128,168,40,88,200,112,88,128,40,151,408,257,80,256,176,128,496,368,87,192,105,122,1970,29
135,176,41,88,216,128,71,103,32,136,401,265,80,200,120,128,367,239,104,216,112,145,1824,29
120,175,55,89,216,127,81,122,41,135,431,296,79,224,145,103,383,280,96,257,161,127,1935,29
127,207,80,97,223,126,97,138,41,143,367,224,88,256,168,114,368,254,96,320,224,129,2008,29
119,199,80,96,224,128,88,168,80,144,368,224,72,260,188,100,372,272,88,416,328,104,2111,29
112,151,39,113,248,135,72,40,-32,136,440,304,72,344,272,104,840,736,80,256,176,96,2415,29
112,216,104,104,288,184,88,168,80,104,376,272,80,264,184,104,384,280,104,280,176,96,2072,29
96,184,88,97,272,175,80,160,80,120,416,296,88,240,152,104,392,288,87,432,345,104,2200,29
104,168,64,105,233,128,105,104,-1,136,360,224,64,256,192,104,416,312,88,216,128,113,1866,29
121,201,80,88,216,128,72,113,41,135,335,200,80,256,176,104,424,320,72,224,152,104,1873,29
130,192,62,88,224,136,64,152,88,145,440,295,88,191,103,121,489,368,88,200,112,104,1992,29
88,335,247,64,240,176,88,160,72,128,376,248,80,240,160,96,424,328,80,592,512,122,2489,29
111,216,105,80,264,184,104,152,48,113,432,319,80,256,176,88,376,288,80,256,176,112,2064,29
152,249,97,128,352,224,104,136,32,136,456,320,104,280,176,136,407,271,96,344,248,128,2352,29
104,208,104,103,240,137,80,80,0,112,368,256,87,240,153,95,368,273,103,360,257,113,1977,29
129,209,80,95,224,129,88,135,47,114,344,230,104,241,137,127,359,232,112,313,201,103,1928,29
104,248,144,88,240,152,88,123,35,121,358,237,87,318,231,97,681,584,104,240,136,80,2288,29
88,256,168,72,224,152,104,202,98,94,390,296,64,216,152,80,400,320,104,240,136,90,2018,29
104,216,112,80,216,136,79,176,97,96,360,264,64,216,152,72,368,296,96,184,88,80,1816,29
105,185,80,87,216,129,80,113,33,113,359,246,80,232,152,64,456,392,88,192,104,80,1833,29
112,176,64,96,224,128,72,128,56,88,416,328,80,232,152,72,384,312,80,168,88,80,1808,29
96,216,120,80,288,208,48,188,140,84,1324,1240,80,944,864,113,408,295,88,200,112,80,3648,29
113,216,103,80,224,144,88,184,96,96,392,296,80,280,200,80,664,584,88,240,152,72,2272,29
80,216,136,72,224,152,80,184,104,80,352,272,72,296,224,96,352,256,80,192,112,96,1912,29
121,225,104,64,216,152,72,152,80,105,368,263,80,232,152,85,368,283,88,392,304,120,2073,29
119,207,88,89,241,152,87,168,81,104,528,424,72,224,152,96,528,432,80,224,144,88,2208,29
113,192,79,88,216,128,88,160,72,120,368,248,88,264,176,64,479,415,88,202,114,55,1936,29
111,216,105,72,208,136,95,176,81,129,352,223,80,247,167,88,361,273,87,176,89,104,1840,29
136,248,112,88,224,136,87,168,81,113,384,271,63,248,185,95,368,273,87,240,153,88,1968,29
103,232,129,87,232,145,80,159,79,128,561,433,79,231,152,105,377,272,87,167,80,88,2047,29
119,215,96,88,241,153,95,176,81,137,343,206,81,273,192,127,503,376,89,216,127,89,2056,29
95,208,113,80,224,144,79,160,81,111,360,249,79,264,185,87,528,441,79,192,113,87,2023,29
112,201,89,79,232,153,79,112,33,119,428,309,75,275,200,114,345,231,87,199,112,104,1896,29
131,265,134,80,256,176,88,160,72,113,384,271,80,544,464,96,400,304,104,200,96,112,2321,29
128,232,104,80,208,128,88,168,80,120,392,272,80,288,208,112,504,392,80,224,144,104,2120,29
136,193,57,103,231,128,104,160,56,160,384,224,80,248,168,144,376,232,88,216,128,121,1929,29
128,224,96,88,216,128,104,216,112,144,280,136,88,312,224,128,368,240,104,264,160,128,2008,29
137,241,104,110,238,128,104,192,88,160,480,320,88,280,192,120,328,208,88,272,184,96,2127,29
80,224,144,80,1472,1392,80,256,176,113,416,303,80,208,128,104,376,272,72,216,144,104,3272,29
112,200,88,104,232,128,104,210,106,126,598,472,88,256,168,112,360,248,104,248,144,88,2192,29
160,216,56,103,216,113,104,176,72,136,392,256,104,224,120,136,823,687,114,257,143,112,2416,29
136,192,56,88,216,128,104,160,56,152,368,216,79,280,201,104,408,304,88,296,208,103,2023,29
177,177,0,95,216,121,103,113,10,126,407,281,87,263,176,114,369,255,95,224,129,87,1856,29
144,184,40,88,216,128,88,168,80,136,409,273,79,288,209,112,318,206,88,256,168,104,1943,29
136,193,57,87,216,129,96,152,56,144,335,191,80,281,201,127,368,241,95,256,161,112,1913,29
142,200,58,79,216,137,79,151,72,145,376,231,80,320,240,129,400,271,113,240,127,104,2007,29
136,160,24,96,225,129,87,159,72,136,416,280,104,280,176,128,425,297,103,255,152,128,2048,29
151,183,32,104,208,104,104,152,48,160,360,200,88,296,208,120,600,480,104,184,80,104,2087,29
152,184,32,96,231,135,81,145,64,152,424,272,96,200,104,136,384,248,96,232,136,113,1913,29
159,151,-8,160,160,0,128,984,856,104,208,104,113,320,207,136,976,840,96,544,448,112,3455,41
80,160,80,88,216,128,104,624,520,120,328,208,96,280,184,152,920,768,72,200,128,113,2841,41
119,95,-24,80,192,112,80,2289,2209,103,240,137,103,247,144,152,441,289,87,479,392,152,4135,41
114,104,-10,80,208,128,104,320,216,136,328,192,104,168,64,152,456,304,80,288,208,128,2000,41
96,88,-8,112,216,104,96,256,160,104,448,344,87,136,49,112,1272,1160,80,641,561,143,3200,41
124,112,-12,80,232,152,113,224,111,128,433,305,87,167,80,112,513,401,103,528,425,103,2312,41
80,113,33,95,223,128,64,161,97,113,368,255,103,183,80,136,345,209,88,456,368,128,1977,41
95,151,56,89,361,272,97,544,447,95,1464,1369,87,215,128,114,353,239,88,264,176,80,3432,41
111,128,17,80,288,208,96,176,80,104,472,368,127,192,65,136,480,344,80,288,208,104,2128,41
79,159,80,81,176,95,72,241,169,104,440,336,135,184,49,95,224,129,95,424,329,128,1976,41
96,128,32,80,216,136,104,368,264,104,208,104,96,208,112,152,384,232,72,264,192,104,1880,41
96,120,24,64,384,320,64,200,136,104,760,656,72,240,168,112,576,464,72,336,264,136,2752,41
80,112,32,72,177,105,80,543,463,88,264,176,88,208,120,113,176,63,88,256,168,72,1808,41
80,144,64,72,224,152,88,128,40,72,568,496,80,448,368,96,920,824,71,256,185,104,2792,41
96,177,81,63,368,305,79,223,144,48,296,248,88,192,104,152,416,264,72,224,152,104,2000,41
88,168,80,72,184,112,72,296,224,96,208,112,88,200,112,64,472,408,80,161,81,119,1808,41
57,128,71,56,192,136,104,145,41,63,239,176,113,201,88,111,167,56,96,344,248,112,1528,41
96,161,65,79,216,137,71,112,41,80,639,559,64,145,81,104,376,272,79,296,217,87,2032,41
104,608,504,95,248,153,79,192,113,87,184,97,95,280,185,104,856,752,96,240,144,104,2712,41
72,120,48,64,200,136,80,152,72,79,296,217,80,168,88,104,1024,920,88,288,200,88,2336,41
64,119,55,57,250,193,79,119,40,96,280,184,80,192,112,128,240,112,88,264,176,104,1568,41
71,135,64,55,217,162,71,143,72,80,816,736,96,512,416,96,280,184,104,192,88,88,2383,41
104,168,64,72,616,544,48,155,107,69,637,568,80,176,96,96,184,88,72,216,144,80,2232,41
64,152,88,88,264,176,63,127,64,97,313,216,104,280,176,114,431,317,81,313,232,112,1992,41
57,153,96,80,216,136,65,104,39,80,680,600,55,560,505,88,120,32,80,656,576,80,2569,41
72,137,65,55,487,432,72,128,56,80,696,616,56,144,88,80,288,208,64,352,288,104,2336,41
48,247,199,114,369,255,56,168,112,88,929,841,79,191,112,128,168,40,88,168,80,104,2344,41
97,152,55,56,184,128,56,136,80,72,936,864,88,200,112,104,264,160,104,232,128,88,2192,41
56,112,56,72,192,120,64,120,56,105,736,631,64,176,112,104,185,81,95,176,81,79,1776,41
87,152,65,55,743,688,56,122,66,86,398,312,112,224,112,113,729,616,80,296,216,63,2727,41
113,449,336,72,736,664,96,159,63,72,314,242,71,175,104,130,176,46,79,256,177,119,2384,41
64,128,64,63,192,129,47,128,81,71,632,561,104,168,64,64,360,296,80,184,104,87,1879,41
40,247,207,65,281,216,19,288,269,80,576,496,56,129,73,87,175,88,80,160,80,80,1936,41
80,208,128,47,552,505,32,320,288,104,512,408,72,160,88,104,232,128,104,160,56,104,2248,41
81,170,89,70,352,282,62,128,66,94,366,272,81,169,88,88,319,231,56,208,152,105,1817,41
64,168,104,64,247,183,56,225,169,104,320,216,112,192,80,95,159,64,88,169,81,135,1615,41
78,182,104,62,192,130,58,137,79,80,720,640,88,168,80,80,192,112,96,152,56,56,1799,41
81,177,96,72,304,232,32,136,104,72,272,200,113,192,79,96,368,272,80,184,104,112,1745,41
104,152,48,56,281,225,40,129,89,70,286,216,96,264,168,80,976,896,80,208,128,88,2384,41
120,184,64,80,208,128,56,137,81,63,471,408,80,184,104,80,1248,1168,80,464,384,80,2976,41
96,128,32,64,192,128,56,114,58,94,902,808,80,601,521,87,415,328,48,864,816,104,3320,41
124,181,57,64,1144,1080,56,112,56,96,616,520,80,144,64,96,928,832,56,112,56,72,3309,41
88,216,128,71,337,266,88,183,95,80,720,640,80,328,248,55,240,185,96,232,136,71,2327,41
64,144,80,56,200,144,56,304,248,80,288,208,80,240,160,80,416,336,72,240,168,80,1912,41
65,148,83,60,228,168,80,216,136,80,344,264,72,768,696,56,232,176,80,168,88,80,2184,41
32,88,56,72,208,136,40,192,152,63,336,273,88,208,120,88,344,256,80,208,128,72,1656,41
64,144,80,56,224,168,8,192,184,72,1248,1176,56,232,176,96,760,664,80,608,528,80,3488,41
80,152,72,56,496,440,64,592,528,80,112,32,64,584,520,113,488,375,64,328,264,80,2832,41
72,138,66,74,190,116,56,216,160,80,312,232,55,296,241,120,225,105,71,231,160,88,1696,41
64,144,80,64,199,135,41,185,144,96,303,207,57,169,112,113,184,71,63,352,289,88,1624,41
55,113,58,78,206,128,32,160,128,64,272,208,72,176,104,88,441,353,71,279,208,88,1735,41
80,176,96,48,176,128,48,160,112,72,249,177,79,159,80,113,240,127,72,296,224,105,1561,41
47,135,88,80,216,136,40,353,313,79,159,80,72,273,201,103,787,684,68,188,120,80,2191,41
56,152,96,40,193,153,7,162,155,86,334,248,79,135,56,128,257,129,87,191,104,80,1504,41
71,135,64,65,192,127,40,385,345,81,248,167,63,376,313,103,239,136,88,897,809,87,2559,41
56,119,63,65,201,136,39,384,345,71,351,280,56,153,97,87,248,161,87,179,92,92,1727,41
81,145,64,66,240,174,72,344,272,63,248,185,71,176,105,95,344,249,72,168,96,96,1761,41
81,145,64,56,185,129,56,279,223,72,328,256,56,160,104,88,336,248,72,128,56,80,1641,41
79,127,48,56,1200,1144,64,1432,1368,64,272,208,72,151,79,81,297,216,64,248,184,104,3831,41
56,152,96,80,384,304,31,208,177,80,256,176,63,168,105,96,320,224,56,144,88,88,1720,41
64,144,80,56,184,128,40,168,128,56,600,544,72,128,56,88,224,136,80,376,296,104,1928,41
80,160,80,72,225,153,46,311,265,64,296,232,64,215,151,81,377,296,88,488,400,96,2168,41
62,142,80,80,272,192,56,376,320,96,680,584,72,144,72,80,224,144,80,176,96,104,2118,41
64,208,144,57,168,111,56,136,80,72,384,312,80,232,152,80,336,256,72,152,80,64,1680,41
88,160,72,80,944,864,40,144,104,47,632,585,48,168,120,104,440,336,64,128,64,64,2680,41
64,192,128,72,176,104,64,136,72,72,1112,1040,88,400,312,80,208,128,80,248,168,80,2552,41
63,175,112,56,176,120,49,113,64,88,264,176,113,144,31,144,384,240,64,128,64,96,1480,41
96,176,80,40,904,864,48,128,80,88,384,296,64,120,56,104,448,344,64,144,80,80,2384,41
40,144,104,72,256,184,56,129,73,79,359,280,80,216,136,114,641,527,79,119,40,80,1944,41
56,232,176,64,200,136,32,368,336,88,544,456,56,136,80,80,280,200,72,184,112,104,2048,41
88,184,96,64,192,128,32,137,105,87,616,529,71,175,104,104,192,88,88,193,105,88,1777,41
38,117,79,68,180,112,31,144,113,80,208,128,79,961,882,63,192,129,55,175,120,80,2057,41
56,168,112,63,264,201,47,135,88,81,233,152,79,175,96,89,697,608,79,122,43,76,1870,41
64,128,64,55,176,121,39,135,96,80,256,176,104,160,56,104,248,144,89,152,63,88,1343,41
47,104,57,55,191,136,40,216,176,81,865,784,96,144,48,103,216,113,87,176,89,96,2008,41
55,128,73,56,177,121,31,111,80,72,256,184,80,160,80,87,199,112,97,145,48,80,1256,41
80,112,32,88,207,119,41,1105,1064,40,234,194,53,158,105,103,184,81,88,144,56,88,2232,41
40,208,168,72,424,352,64,192,128,48,232,184,56,184,128,80,240,160,104,160,56,80,1720,41
40,176,136,72,472,400,32,192,160,64,304,240,64,304,240,80,1080,1000,80,128,48,72,2728,41
72,136,64,56,160,104,48,192,144,64,1072,1008,32,280,248,56,256,200,64,192,128,88,2376,41
56,120,64,64,768,704,64,200,136,80,1400,1320,72,288,216,88,968,880,56,152,96,80,3976,41
64,120,56,72,168,96,56,208,152,88,192,104,88,648,560,128,1416,1288,56,552,496,80,3384,41
64,152,88,64,472,408,40,120,80,88,296,208,80,783,703,65,721,656,80,192,112,72,2808,41
58,145,87,56,224,168,56,280,224,104,328,224,87,183,96,80,257,177,72,152,80,96,1665,41
48,168,120,56,205,149,51,116,65,87,247,160,88,152,64,97,665,568,71,143,72,72,1768,41
56,136,80,64,200,136,40,164,124,76,1764,1688,71,272,201,88,200,112,80,288,208,104,3128,41
80,936,856,71,1087,1016,71,103,32,105,538,433,79,104,25,55,207,152,80,201,121,88,3264,41
80,168,88,65,201,136,23,424,401,80,336,256,95,176,81,63,264,201,63,144,81,113,1826,41
79,800,721,63,680,617,64,120,56,80,864,784,56,128,72,111,648,537,80,200,120,104,3544,41
55,504,449,56,392,336,64,160,96,64,312,248,96,120,24,104,312,208,88,168,80,88,2056,41
64,631,567,65,337,272,40,129,89,79,279,200,64,96,32,47,352,305,64,352,288,104,2280,41
81,297,216,48,216,168,56,144,88,80,408,328,72,112,40,128,2192,2064,80,128,48,88,3585,41
88,168,80,56,176,120,32,134,102,59,146,87,104,152,48,112,2208,2096,56,208,152,80,3272,41
56,432,376,48,160,112,40,936,896,80,232,152,80,136,56,104,944,840,40,144,104,72,3056,41
56,168,112,64,176,112,48,96,48,88,872,784,80,160,80,96,1104,1008,64,120,56,104,2800,41
88,201,113,55,671,616,48,176,128,96,688,592,80,168,88,104,928,824,80,241,161,112,3185,41
80,192,112,96,233,137,47,959,912,72,352,280,88,144,56,136,480,344,64,176,112,112,2648,41
88,167,79,56,201,145,64,135,71,80,256,176,80,137,57,79,375,296,64,209,145,79,1559,41
79,200,121,71,200,129,63,152,89,88,328,240,79,176,97,79,607,528,64,192,128,80,1935,41
72,176,104,63,208,145,63,120,57,79,264,185,111,144,33,96,320,224,64,144,80,104,1480,41
80,160,80,72,184,112,40,111,71,97,273,176,80,119,39,104,313,209,80,208,128,104,1472,41
57,175,118,57,257,200,40,128,88,96,232,136,87,144,57,113,1759,1646,73,385,312,79,3159,41
55,135,80,33,161,128,40,400,360,64,1320,1256,80,656,576,87,432,345,79,272,193,112,3488,41
103,63,-40,72,192,120,88,104,16,104,936,832,56,431,375,106,233,127,104,448,344,120,2527,41
96,103,7,57,161,104,56,112,56,80,336,256,64,152,88,128,335,207,81,177,96,88,1464,41
72,320,248,96,224,128,55,168,113,64,168,104,88,216,128,123,280,157,80,200,120,96,1672,41
40,96,56,80,208,128,48,104,56,80,208,128,88,176,88,136,360,224,80,208,128,80,1440,41
56,120,64,64,192,128,56,136,80,56,344,288,63,168,105,104,313,209,79,159,80,88,1520,41
56,119,63,73,177,104,56,113,57,95,279,184,80,128,48,112,368,256,72,168,96,95,1447,41
63,144,81,47,176,129,40,113,73,87,231,144,80,152,72,119,208,89,80,160,80,88,1272,41
71,111,40,57,185,128,56,121,65,79,215,136,65,136,71,123,305,182,63,382,319,105,1560,41
80,128,48,72,192,120,40,113,73,79,303,224,80,162,82,78,238,160,79,209,130,87,1432,41
81,137,56,72,183,111,48,114,66,70,1119,1049,39,480,441,80,744,664,71,224,153,64,3065,41
80,136,56,56,208,152,56,113,57,79,183,104,80,161,81,104,184,80,79,208,129,79,1272,41
63,135,72,56,168,112,41,113,72,79,304,225,55,122,67,85,374,289,55,192,137,87,1495,41
55,113,58,62,167,105,55,88,33,87,336,249,79,136,57,87,240,153,87,160,73,103,1343,41
64,127,63,88,193,105,55,96,41,87,384,297,80,200,120,112,304,192,72,272,200,87,1663,41
79,152,73,55,168,113,56,113,57,78,194,116,76,172,96,72,241,169,79,168,89,87,1295,41
80,136,56,80,184,104,40,119,79,64,329,265,56,152,96,112,288,176,72,344,272,72,1624,41
63,136,73,63,320,257,63,344,281,64,184,120,64,304,240,112,400,288,72,224,152,96,2008,41
47,128,81,64,192,128,56,224,168,64,632,568,64,136,72,88,192,104,72,200,128,79,1783,41
80,121,41,79,215,136,40,104,64,80,672,592,64,144,80,128,608,480,80,232,152,64,2160,41
64,128,64,31,144,113,32,120,88,56,160,104,80,144,64,112,208,96,80,176,96,80,1160,41
71,118,47,57,177,120,40,136,96,80,168,88,56,770,714,110,270,160,63,232,169,80,1951,41
72,96,24,72,184,112,32,96,64,56,480,424,74,144,70,64,224,160,56,176,120,45,1445,41
64,120,56,56,160,104,40,104,64,72,560,488,80,120,40,88,272,184,64,656,592,64,2056,41
64,104,40,80,184,104,40,104,64,72,191,119,80,152,72,81,803,722,62,198,136,96,1832,41
80,104,24,88,200,112,40,152,112,64,176,112,80,184,104,90,1232,1142,64,336,272,56,2440,41
80,111,31,81,209,128,31,72,41,72,224,152,64,120,56,64,200,136,79,175,96,57,1168,41
80,936,856,72,200,128,80,168,88,100,552,452,72,136,64,80,160,80,88,216,128,120,2488,41
41,112,71,56,184,128,32,88,56,88,624,536,73,160,87,104,248,144,80,168,88,80,1664,41
88,128,40,80,192,112,56,128,72,72,544,472,80,151,71,89,281,192,40,592,552,88,2104,41
80,136,56,64,440,376,72,153,81,55,520,465,63,143,80,88,192,104,88,217,129,79,1880,41
80,136,56,73,200,127,40,113,73,63,543,480,64,136,72,129,208,79,80,296,216,80,1712,41
87,150,63,57,177,120,40,160,120,80,313,233,64,128,64,95,577,482,71,303,232,87,1895,41
71,137,66,63,183,120,40,128,88,88,144,56,80,257,177,79,392,313,63,215,152,88,1544,41
87,135,48,64,184,120,56,105,49,80,487,407,72,144,72,81,249,168,87,312,225,71,1687,41
81,153,72,48,168,120,56,112,56,96,200,104,72,184,112,87,527,440,80,264,184,72,1680,41
72,112,40,65,176,111,40,137,97,88,513,425,78,134,56,65,233,168,64,240,176,72,1617,41
64,120,56,72,200,128,58,121,63,87,551,464,64,168,104,80,168,88,72,192,120,80,1600,41
56,168,112,72,176,104,48,104,56,80,552,472,64,136,72,104,240,136,88,280,192,64,1720,41
80,129,49,71,175,104,48,104,56,88,216,128,81,153,72,103,343,240,80,208,128,72,1400,41
88,240,152,64,200,136,23,216,193,64,464,400,64,152,88,80,169,89,79,191,112,72,1704,41
70,134,64,56,160,104,56,152,96,80,144,64,88,400,312,72,336,264,64,368,304,64,1758,41
63,104,41,48,168,120,55,160,105,72,348,276,76,132,56,80,240,160,96,152,56,88,1392,41
88,137,49,79,191,112,32,232,200,72,529,457,87,287,200,72,136,64,80,161,81,87,1760,41
80,184,104,64,193,129,23,95,72,88,464,376,88,160,72,80,248,168,80,176,96,72,1592,41
87,144,57,63,424,361,39,152,113,55,183,128,80,1096,1016,104,680,576,80,136,56,80,2895,41
80,114,34,70,191,121,55,119,64,88,585,497,63,176,113,80,304,224,72,127,55,88,1704,41
80,136,56,63,176,113,40,96,56,79,537,458,79,191,112,80,272,192,80,328,248,96,1832,41
96,304,208,56,1120,1064,64,128,64,104,256,152,64,152,88,72,248,176,79,192,113,80,2480,41
96,160,64,72,184,112,57,112,55,88,240,152,80,168,88,80,240,160,80,176,96,88,1368,41
88,144,56,64,560,496,48,128,80,104,280,176,56,120,64,96,264,168,80,160,80,80,1736,41
87,127,40,72,192,120,40,113,73,103,574,471,81,241,160,80,256,176,80,176,96,104,1783,41
88,136,48,72,200,128,32,112,80,104,216,112,80,172,92,76,428,352,80,144,64,72,1480,41
104,160,56,72,560,488,64,216,152,88,200,112,80,192,112,80,192,112,72,152,80,96,1768,41
80,184,104,56,176,120,40,160,120,80,192,112,88,186,98,62,1334,1272,64,360,296,96,2688,41
64,128,64,64,168,104,48,129,81,79,288,209,63,150,87,105,289,184,80,176,96,80,1408,41
88,152,64,72,616,544,48,153,105,104,224,120,71,367,296,121,673,552,88,215,127,105,2505,41
87,143,56,80,352,272,56,145,89,87,288,201,73,119,46,113,209,96,71,168,97,87,1511,41
64,154,90,78,214,136,56,136,80,104,232,128,80,122,42,109,229,120,89,233,144,88,1408,41
80,136,56,80,192,112,48,112,64,113,312,199,64,137,73,130,455,325,80,832,752,80,2256,41
95,135,40,65,185,120,56,104,48,88,912,824,64,712,648,96,296,200,80,224,144,80,2648,41
72,128,56,72,184,112,40,120,80,113,192,79,80,160,80,97,376,279,88,144,56,80,1384,41
104,144,40,72,488,416,64,144,80,80,272,192,80,112,32,136,304,168,80,152,72,104,1720,41
80,200,120,64,176,112,56,103,47,105,281,176,64,130,66,94,422,328,64,168,104,88,1568,41
88,144,56,64,184,120,40,152,112,88,824,736,72,160,88,80,408,328,72,136,64,80,2088,41
96,160,64,64,399,335,57,169,112,64,223,159,73,145,72,80,536,456,80,144,64,80,1856,41
88,112,24,88,536,448,56,160,104,72,248,176,80,120,40,104,208,104,88,161,73,113,1658,41
96,152,56,64,496,432,64,130,66,85,262,177,64,128,64,88,200,112,56,240,184,120,1728,41
62,120,58,63,184,121,47,119,72,72,249,177,57,935,878,88,281,193,79,167,88,97,2152,41
55,128,73,63,176,113,55,115,60,85,605,520,64,152,88,88,191,103,81,169,88,87,1623,41
55,128,73,56,184,128,47,104,57,96,583,487,73,161,88,72,176,104,87,167,80,97,1600,41
80,160,80,55,184,129,56,130,74,93,718,625,63,1976,1913,80,160,80,80,448,368,104,3880,41
88,120,32,72,184,112,56,120,64,104,592,488,71,136,65,96,216,120,96,152,56,104,1624,41
80,240,160,56,168,112,56,128,72,81,160,79,80,160,80,104,768,664,72,136,64,88,1848,41
80,113,33,71,175,104,48,120,72,104,152,48,96,192,96,104,1000,896,80,248,168,88,2088,41
80,113,33,71,183,112,40,104,64,104,184,80,64,648,584,120,944,824,72,96,24,88,2360,41
88,128,40,64,168,104,56,88,32,104,696,592,64,192,128,136,256,120,88,120,32,96,1744,41
80,152,72,64,192,128,40,184,144,80,1120,1040,88,168,80,63,240,177,95,249,154,95,2400,41
80,152,72,65,210,145,55,160,105,88,271,183,80,144,64,112,304,192,80,144,64,88,1473,41
113,135,22,65,313,248,56,128,72,96,281,185,66,119,53,96,1020,924,68,180,112,80,2256,41
89,120,31,72,185,113,56,103,47,96,561,465,87,167,80,104,768,664,89,128,39,88,2120,41
79,136,57,72,296,224,56,128,72,104,840,736,79,192,113,136,295,159,81,153,72,87,2127,41
86,143,57,47,648,601,64,119,55,72,265,193,80,120,40,95,264,169,80,151,71,104,1814,41
86,118,32,72,504,432,48,120,72,88,904,816,80,208,128,80,320,240,80,128,48,64,2366,41
96,128,32,64,480,416,55,144,89,88,186,98,102,149,47,88,605,517,76,132,56,80,1904,41
80,136,56,64,184,120,40,96,56,88,824,736,80,272,192,96,280,184,80,120,40,80,1992,41
81,137,56,48,168,120,32,96,64,104,456,352,73,152,79,112,192,80,80,168,88,72,1441,41
80,136,56,64,169,105,55,103,48,88,176,88,88,584,496,144,688,544,88,128,40,104,2088,41
89,145,56,64,192,128,56,631,575,81,313,232,80,144,64,88,241,153,70,175,105,88,1929,41
88,128,40,64,192,128,32,312,280,80,536,456,80,160,80,121,200,79,80,176,96,104,1808,41
96,144,48,72,488,416,48,129,81,63,192,129,79,135,56,104,784,680,64,144,80,96,2112,41
79,136,57,56,520,464,56,187,131,69,277,208,80,120,40,144,224,80,80,136,56,104,1704,41
79,129,50,71,351,280,72,129,57,102,503,401,63,144,81,96,224,128,88,127,39,81,1688,41
95,152,57,47,616,569,56,184,128,64,160,96,104,160,56,119,664,545,88,143,55,88,2167,41
96,168,72,64,515,451,36,117,81,80,280,200,80,136,56,127,231,104,89,97,8,104,1648,41
96,208,112,56,160,104,56,128,72,80,584,504,88,112,24,87,568,481,80,128,48,80,1968,41
96,160,64,56,624,568,40,193,153,71,255,184,88,120,32,88,224,136,80,113,33,63,1752,41
80,160,80,72,192,120,48,176,128,88,408,320,80,136,56,80,216,136,64,136,72,112,1536,41
86,126,40,48,690,642,62,149,87,57,233,176,80,152,72,104,224,120,55,120,65,88,1782,41
88,152,64,64,192,128,56,128,72,80,968,888,72,152,80,128,176,48,88,136,48,88,1992,41
88,160,72,48,536,488,48,352,304,80,648,568,88,336,248,80,136,56,88,144,56,96,2408,41
96,144,48,56,471,415,57,161,104,81,224,143,88,152,64,112,728,616,72,145,73,87,2112,41
56,240,184,88,552,464,72,128,56,88,272,184,80,128,48,104,784,680,72,128,56,64,2296,41
124,137,13,80,184,104,72,88,16,104,640,536,96,208,112,104,432,328,88,272,184,56,2017,41
89,88,-1,80,176,96,80,168,88,113,473,360,79,231,152,32,361,329,71,247,176,87,1831,41
80,96,16,56,168,112,25,97,72,79,288,209,71,159,88,96,288,192,72,160,88,96,1352,41
104,119,15,80,385,305,63,150,87,73,297,224,95,169,74,103,288,185,64,158,94,89,1655,41
72,113,41,55,159,104,48,87,39,105,225,120,88,216,128,96,561,465,79,168,89,94,1623,41
103,113,10,78,431,353,63,128,65,72,623,551,89,185,96,104,191,87,64,185,121,116,1972,41
96,120,24,56,176,120,55,288,233,103,607,504,65,145,80,71,296,225,72,122,50,102,1856,41
57,113,56,56,175,119,48,57,9,103,624,521,72,144,72,79,184,105,80,144,64,111,1552,41
104,120,16,64,480,416,55,121,66,79,243,164,60,115,55,73,577,504,80,119,39,105,1880,41
96,103,7,56,169,113,56,87,31,105,193,88,79,143,64,121,320,199,81,120,39,81,1216,41
79,113,34,54,191,137,56,536,480,96,320,224,87,136,49,79,168,89,64,135,71,88,1687,41
65,145,80,48,151,103,41,97,56,80,184,104,88,120,32,120,832,712,55,159,104,89,1777,41
104,112,8,48,144,96,56,88,32,103,168,65,56,135,79,130,457,327,71,160,89,88,1352,41
88,120,32,48,152,104,56,96,40,88,561,473,63,127,64,88,752,664,64,96,32,88,1992,41
88,113,25,63,175,112,40,56,16,88,912,824,88,144,56,96,816,720,80,113,33,79,2408,41
80,88,8,64,200,136,16,48,32,104,720,616,72,112,40,88,344,256,64,176,112,104,1792,41
88,105,17,55,535,480,40,104,64,89,208,119,80,112,32,40,656,616,64,136,72,88,1944,41
81,88,7,55,184,129,48,80,32,96,610,514,78,119,41,87,247,160,56,184,128,80,1592,41
80,160,80,56,185,129,39,95,56,80,152,72,96,161,65,135,615,480,80,136,56,88,1592,41
88,97,9,71,208,137,62,111,49,128,596,468,76,164,88,136,832,696,48,152,104,64,2224,41
80,112,32,40,153,113,55,95,40,105,152,47,64,416,352,72,353,281,71,192,121,103,1576,41
65,88,23,72,592,520,64,129,65,80,200,120,79,128,49,151,232,81,63,111,48,80,1560,41
89,114,25,70,183,113,80,336,256,87,536,449,72,104,32,87,632,545,71,111,40,73,2089,41
64,96,32,63,176,113,48,64,16,87,600,513,71,151,80,97,489,392,80,113,33,87,1776,41
87,120,33,64,560,496,48,136,88,68,208,140,80,144,64,128,264,136,64,128,64,80,1640,41
80,112,32,56,184,128,56,535,479,80,265,185,88,104,16,96,248,152,72,128,56,64,1640,41
96,122,26,62,510,448,64,160,96,81,171,90,77,357,280,128,456,328,56,144,88,80,2000,41
88,127,39,81,209,128,64,560,496,65,240,175,64,104,40,64,264,200,72,144,72,80,1728,41
88,128,40,48,184,136,56,560,504,65,232,167,80,104,24,128,216,88,80,120,40,88,1632,41
88,130,42,54,470,416,40,192,152,74,90,16,102,182,80,104,672,568,80,129,49,79,1944,41
80,114,34,30,158,128,64,120,56,96,562,466,70,126,56,104,184,80,71,136,65,80,1480,41
96,128,32,56,216,160,32,352,320,88,202,114,79,119,40,95,591,496,64,120,56,72,1800,41
80,129,49,31,159,128,48,143,95,81,450,369,63,151,88,104,184,80,56,104,48,80,1400,41
81,80,-1,40,176,136,64,208,144,104,552,448,72,136,64,104,1175,1071,57,121,64,80,2528,41
56,112,56,47,160,113,48,129,81,71,415,344,72,249,177,103,551,448,56,123,67,69,1808,41
71,152,81,56,471,415,49,145,96,72,176,104,88,105,17,135,599,464,72,160,88,56,1864,41
72,616,544,56,162,106,55,118,63,80,160,80,96,145,49,128,303,175,80,120,40,80,1704,41
105,144,39,57,160,103,56,123,67,61,157,96,88,521,433,128,239,111,73,224,151,88,1656,41
87,87,0,56,175,119,56,448,392,72,905,833,78,384,306,103,192,89,63,119,56,80,2390,41
56,119,63,41,169,128,56,696,640,47,280,233,87,121,34,111,239,128,72,128,56,88,1840,41
80,104,24,63,176,113,56,104,48,88,671,583,81,161,80,120,488,368,72,128,56,88,1920,41
64,104,40,64,184,120,56,88,32,104,552,448,64,128,64,64,488,424,80,168,88,64,1776,41
80,120,40,41,152,111,57,281,224,80,408,328,72,113,41,87,654,567,72,137,65,79,1944,41
56,96,40,64,192,128,48,113,65,87,895,808,80,160,80,72,304,232,72,152,80,88,2000,41
88,104,16,56,184,128,56,104,48,88,536,448,88,232,144,88,1304,1216,72,232,160,88,2784,41
64,114,50,62,198,136,56,114,58,96,622,526,72,136,64,72,784,712,72,192,120,88,2248,41
72,488,416,104,224,120,72,113,41,104,575,471,88,168,80,88,248,160,80,160,80,88,2064,41
72,104,32,64,1024,960,56,200,144,80,184,104,94,168,74,96,401,305,71,111,40,88,2280,41
79,95,16,64,184,120,72,368,296,72,129,57,71,599,528,80,209,129,63,167,104,80,1831,41
72,1009,937,63,231,168,72,129,57,79,544,465,79,120,41,103,200,97,79,135,56,73,2441,41
47,71,24,56,184,128,56,137,81,80,407,327,73,264,191,113,409,296,63,151,88,82,1705,41
84,164,80,63,176,113,55,192,137,104,576,472,79,136,57,64,176,112,71,152,81,47,1619,41
72,128,56,56,184,128,48,104,56,88,152,64,87,191,104,129,617,488,80,160,80,104,1640,41
88,104,16,72,200,128,48,184,136,95,592,497,64,104,40,88,448,360,80,136,56,80,1848,41
72,133,61,59,171,112,56,120,64,96,176,80,72,168,96,104,1064,960,64,616,552,80,2528,41
64,112,48,72,184,112,56,128,72,104,231,127,81,113,32,87,288,201,80,128,48,80,1264,41
63,104,41,71,471,400,48,144,96,64,127,63,105,193,88,56,648,592,64,144,80,72,1903,41
64,112,48,56,184,128,56,120,64,96,320,224,80,128,48,104,248,144,56,160,104,88,1360,41
70,104,34,70,582,512,48,132,84,76,404,328,80,160,80,120,248,128,80,129,49,111,1870,41
72,130,58,54,190,136,24,104,80,73,128,55,88,192,104,104,1472,1368,56,88,32,80,2384,41
72,121,49,55,167,112,56,96,40,96,224,128,80,137,57,79,775,696,64,176,112,88,1784,41
81,115,34,61,190,129,47,136,89,87,319,232,65,145,80,96,224,128,80,135,55,97,1361,41
95,135,40,56,312,256,56,744,688,80,590,510,51,162,111,89,168,79,80,136,56,80,2327,41
72,112,40,56,504,448,40,179,139,101,158,57,71,464,393,103,311,208,72,128,56,81,1937,41
104,160,56,56,185,129,47,160,113,79,623,544,80,137,57,111,200,89,79,144,65,104,1713,41
103,152,49,55,256,201,47,128,81,92,256,164,80,112,32,88,280,192,79,176,97,113,1473,41
79,112,33,63,192,129,56,111,55,97,649,552,88,176,88,88,288,200,80,144,64,88,1760,41
104,144,40,56,544,488,56,136,80,113,248,135,88,136,48,104,304,200,80,304,224,95,1911,41
64,144,80,48,440,392,56,136,80,72,648,576,88,184,96,56,224,168,80,112,32,80,1968,41
64,144,80,56,184,128,40,96,56,80,608,528,40,128,88,56,624,568,80,112,32,88,1984,41
88,120,32,48,176,128,56,128,72,103,552,449,80,128,48,79,288,209,72,840,768,103,2335,41
88,120,32,64,184,120,56,136,80,96,136,40,104,208,104,103,784,681,56,360,304,80,2008,41
80,112,32,56,176,120,56,136,80,104,224,120,96,154,58,94,414,320,96,136,40,88,1440,41
64,528,464,64,568,504,64,136,72,88,216,128,96,129,33,95,511,416,72,385,313,79,2552,41
56,241,185,82,231,149,65,137,72,88,512,424,80,120,40,80,281,201,79,216,137,112,1850,41
96,136,40,80,200,120,64,123,59,93,693,600,80,137,57,111,248,137,79,247,168,96,1880,41
31,288,257,55,233,178,62,135,73,87,520,433,79,135,56,88,192,104,80,168,88,100,1771,41
103,128,25,79,184,105,55,113,58,103,206,103,40,905,865,111,368,257,79,280,201,87,2271,41
72,104,32,80,184,104,56,112,56,96,176,80,80,807,727,105,592,487,81,136,55,81,2192,41
88,111,23,81,176,95,56,89,33,112,1168,1056,80,375,295,105,153,48,80,248,168,120,2440,41
105,145,40,64,192,128,64,136,72,113,304,191,80,256,176,80,304,224,80,136,56,80,1553,41
40,114,74,70,190,120,56,152,96,104,264,160,80,184,104,104,232,128,72,160,88,80,1376,41
88,152,64,80,176,96,56,144,88,104,208,104,72,226,154,94,414,320,88,152,64,80,1552,41
72,136,64,80,216,136,56,120,64,98,160,62,88,488,400,80,312,232,88,152,64,113,1697,41
96,113,17,63,183,120,56,113,57,95,735,640,64,192,128,56,448,392,96,960,864,88,2832,41
88,114,26,62,182,120,56,576,520,82,672,590,72,144,72,112,200,88,80,160,80,112,2160,41
64,113,49,79,191,112,56,116,60,109,180,71,104,696,592,48,192,144,64,128,64,88,1704,41
72,135,63,40,168,128,64,120,56,81,744,663,72,225,153,103,143,40,56,720,664,88,2343,41
80,137,57,64,192,128,47,104,57,104,464,360,80,167,87,97,321,224,79,176,97,87,1648,41
79,136,57,55,176,121,64,128,64,80,184,104,79,159,80,81,1097,1016,80,168,88,79,2127,41
72,130,58,62,174,112,63,128,65,95,400,305,88,128,40,128,352,224,64,176,112,113,1601,41
88,105,17,55,175,120,56,120,64,104,672,568,72,128,56,80,408,328,72,168,96,104,1880,41
72,114,42,61,198,137,56,808,752,80,264,184,96,152,56,96,992,896,64,104,40,80,2712,41
88,120,32,56,184,128,48,104,56,87,632,545,80,122,42,78,686,608,80,208,128,72,2128,41
62,103,41,79,599,520,48,152,104,72,240,168,96,216,120,64,704,640,72,160,88,80,2254,41
40,104,64,64,176,112,56,496,440,80,424,344,80,208,128,56,536,480,72,192,120,88,2224,41
80,120,40,56,184,128,40,976,936,88,440,352,80,121,41,103,328,225,87,143,56,80,2392,41
63,183,120,33,1272,1239,56,123,67,101,181,80,72,161,89,112,344,232,71,152,81,72,2488,41
71,87,16,72,193,121,63,144,81,71,1952,1881,79,152,73,40,288,248,64,152,88,95,3063,41
72,96,24,64,192,128,56,113,57,86,518,432,96,153,57,103,280,177,80,128,48,96,1576,41
64,119,55,57,193,136,64,160,96,88,256,168,80,136,56,79,504,425,72,159,87,97,1624,41
104,160,56,72,200,128,56,136,80,79,264,185,80,368,288,139,520,381,80,168,88,80,1896,41
119,94,-25,79,184,105,95,136,41,96,752,656,88,200,112,127,208,81,80,255,175,81,1910,41
114,88,-26,72,176,104,64,128,64,48,824,776,79,136,57,104,200,96,64,175,111,89,1816,41
79,135,56,72,176,104,64,96,32,80,696,616,79,184,105,112,344,232,80,136,56,88,1855,41
95,104,9,56,152,96,56,64,8,104,736,632,64,96,32,88,192,104,64,152,88,80,1576,41
88,104,16,72,168,96,56,136,80,96,176,80,80,184,104,128,272,144,80,152,72,88,1280,41
82,144,62,64,320,256,64,136,72,96,568,472,88,136,48,128,184,56,88,176,88,88,1752,41
80,104,24,72,176,104,48,72,24,104,232,128,96,144,48,128,336,208,72,132,60,108,1304,41
96,129,33,63,167,104,56,184,128,120,617,497,87,103,16,79,576,497,96,192,96,104,2072,41
88,104,16,72,176,104,48,96,48,112,616,504,72,136,64,104,504,400,72,224,152,113,1969,41
88,96,8,64,168,104,48,152,104,96,176,80,88,216,128,104,216,112,80,384,304,88,1496,41
88,128,40,80,192,112,56,176,120,88,248,160,80,136,56,136,200,64,72,152,80,96,1328,41
104,144,40,64,1016,952,64,120,56,104,232,128,80,128,48,136,216,80,64,160,96,88,2104,41
88,160,72,56,240,184,64,120,56,80,304,224,81,136,55,112,224,112,80,136,56,104,1424,41
104,113,9,79,183,104,56,112,56,104,337,233,87,152,65,103,191,88,80,409,329,135,1632,41
87,129,42,62,168,106,55,104,49,111,215,104,89,120,31,136,320,184,88,280,192,105,1441,41
96,136,40,79,177,98,55,111,56,112,169,57,71,167,96,121,186,65,78,183,105,103,1232,41
104,135,31,65,480,415,48,152,104,98,209,111,79,128,49,111,232,121,64,152,88,113,1601,41
105,137,32,47,160,113,39,96,57,103,199,96,80,137,57,119,255,136,73,177,104,103,1264,41
80,96,16,72,184,112,56,113,57,95,199,104,88,144,56,120,488,368,64,168,104,104,1496,41
88,135,47,56,169,113,47,128,81,80,112,32,87,416,329,80,311,231,57,281,224,79,1631,41
88,104,16,72,176,104,48,96,48,104,159,55,89,161,72,104,248,144,72,200,128,80,1224,41
80,112,32,63,184,121,40,128,88,104,232,128,88,168,80,116,216,100,80,256,176,112,1408,41
80,120,40,64,200,136,48,137,89,111,199,88,80,130,50,102,222,120,64,208,144,80,1296,41
113,152,39,64,520,456,56,112,56,105,288,183,64,96,32,104,256,152,56,168,112,88,1680,41
112,440,328,64,216,152,64,136,72,115,240,125,71,159,88,153,209,56,72,175,103,81,1656,41
104,129,25,80,192,112,56,123,67,101,164,63,81,153,72,104,328,224,88,216,128,88,1393,41
80,152,72,64,176,112,56,113,57,95,623,528,80,152,72,95,328,233,88,248,160,88,1880,41
88,144,56,40,184,144,32,136,104,104,568,464,80,128,48,104,304,200,72,152,80,88,1704,41
80,129,49,55,175,120,64,104,40,111,287,176,89,153,64,80,208,128,72,152,80,72,1280,41
96,130,34,54,182,128,48,104,56,104,505,401,79,103,24,96,272,176,80,232,152,96,1624,41
81,123,42,62,190,128,48,114,66,86,149,63,81,201,120,40,1072,1032,64,320,256,80,2249,41
80,96,16,64,192,128,40,130,90,94,159,65,79,720,641,79,113,34,78,174,96,80,1664,41
95,130,35,61,605,544,40,121,81,112,248,136,79,151,72,105,208,103,80,257,177,87,1807,41
63,272,209,71,352,281,48,104,56,103,232,129,56,184,128,96,520,424,64,111,47,81,1856,41
79,119,40,81,209,128,56,104,48,136,584,448,80,544,464,104,256,152,48,160,112,111,2087,41
63,95,32,55,184,129,56,128,72,96,256,160,80,144,64,113,280,167,80,152,72,80,1319,41
87,122,35,53,166,113,55,72,17,112,584,472,88,144,56,96,576,480,72,256,184,114,2034,41
72,152,80,39,168,129,56,120,64,103,336,233,56,128,72,88,200,112,56,152,96,80,1336,41
87,127,40,56,185,129,56,112,56,112,312,200,72,161,89,103,455,352,72,160,88,79,1591,41
72,103,31,49,545,496,113,152,39,96,248,152,80,152,72,48,296,248,88,176,88,80,1752,41
80,136,56,72,200,128,40,240,200,112,976,864,48,704,656,104,144,40,64,168,104,96,2664,41
72,135,63,73,185,112,56,104,48,96,345,249,79,143,64,121,233,112,80,158,78,80,1383,41
87,143,56,56,185,129,30,102,72,105,291,186,86,127,41,102,246,144,81,192,111,88,1374,41
104,153,49,63,199,136,40,128,88,95,295,200,81,858,777,112,248,136,23,311,288,64,2256,41
64,135,71,57,194,137,56,103,47,113,297,184,79,96,17,95,256,161,79,168,89,103,1352,41
88,96,8,63,191,128,48,114,66,102,303,201,79,152,73,112,223,111,57,169,112,95,1343,41
88,129,41,79,200,121,31,127,96,104,273,169,79,176,97,113,200,87,72,160,88,87,1352,41
80,128,48,48,168,120,55,119,64,105,353,248,80,144,64,87,216,129,72,144,72,81,1353,41
80,112,32,80,192,112,55,136,81,96,376,280,80,480,400,96,520,424,80,159,79,81,2056,41
72,104,32,71,192,121,40,216,176,87,792,705,64,223,159,81,513,432,72,607,535,73,2720,41
80,104,24,79,184,105,56,128,72,104,232,128,80,136,56,104,240,136,80,144,64,104,1272,41
72,136,64,64,191,127,49,113,64,120,480,360,80,560,480,87,824,737,80,129,49,79,2512,41
64,104,40,71,208,137,56,119,63,105,369,264,87,161,74,112,199,87,88,176,88,88,1424,41
88,120,32,55,184,129,56,95,39,121,345,224,88,147,59,101,246,145,87,182,95,105,1424,41
72,120,48,64,192,128,56,128,72,112,416,304,80,176,96,88,224,136,88,184,96,81,1521,41
72,130,58,61,190,129,56,114,58,102,238,136,80,160,80,104,472,368,80,152,72,88,1544,41
72,131,59,61,189,128,64,123,59,93,229,136,81,136,55,116,232,116,80,313,233,80,1433,41
64,121,57,55,184,129,39,95,56,104,169,65,104,679,575,80,153,73,55,160,105,95,1656,41
96,113,17,64,184,120,55,95,40,112,657,545,71,104,33,95,344,249,63,200,137,95,1792,41
88,120,32,55,472,417,55,120,65,129,209,80,95,151,56,103,328,225,79,136,57,96,1632,41
102,110,8,72,184,112,64,130,66,109,318,209,97,135,38,129,225,96,88,144,56,96,1342,41
104,113,9,79,191,112,56,103,47,113,601,488,87,130,43,85,734,649,64,144,80,80,2096,41
88,104,16,80,192,112,56,104,48,119,256,137,88,144,56,96,360,264,80,184,104,80,1424,41
88,119,31,73,201,128,56,649,593,95,231,136,39,584,545,80,160,80,79,136,57,88,2168,41
112,136,24,72,184,112,56,112,56,104,232,128,96,217,121,111,295,184,88,144,56,88,1408,41
113,168,55,72,248,176,40,984,944,104,807,703,81,129,48,119,328,209,88,192,104,88,2944,41
88,103,15,81,193,112,56,123,67,109,149,40,71,448,377,80,1496,1416,80,120,40,80,2712,41
80,136,56,72,464,392,64,152,88,113,336,223,80,129,49,55,680,625,79,119,40,96,2112,41
104,120,16,56,184,128,48,96,48,128,840,712,80,112,32,80,160,80,80,130,50,102,1744,41
96,113,17,79,175,96,48,113,65,95,199,104,96,136,40,88,704,616,80,136,56,104,1680,41
87,143,56,80,208,128,56,776,720,104,288,184,80,136,56,80,176,96,80,160,80,114,2001,41
95,127,32,80,192,112,64,224,160,104,521,417,87,119,32,114,184,70,80,144,64,88,1599,41
104,113,9,63,183,120,64,121,57,103,624,521,55,129,74,78,934,856,72,97,25,79,2280,41
87,120,33,63,175,112,57,121,64,103,183,80,80,649,569,96,248,152,63,128,65,95,1719,41
87,136,49,55,176,121,64,161,97,113,584,471,55,88,33,119,208,89,72,128,56,96,1577,41
95,208,113,64,456,392,56,120,64,113,471,358,81,153,72,87,408,321,80,152,72,104,2072,41
81,96,15,80,192,112,57,113,56,119,544,425,80,131,51,85,821,736,48,159,111,88,2144,41
89,113,24,71,176,105,56,113,57,127,560,433,79,126,47,89,521,432,80,168,88,120,1897,41
97,105,8,80,648,568,56,161,105,103,374,271,72,193,121,96,384,288,80,176,96,104,2145,41
72,136,64,64,184,120,56,176,120,89,488,399,72,104,32,128,216,88,72,352,280,104,1760,41
80,168,88,64,488,424,56,145,89,96,151,55,80,488,408,48,264,216,80,136,56,113,1953,41
96,113,17,79,183,104,56,122,66,102,934,832,88,160,72,104,312,208,80,144,64,88,2056,41
80,113,33,55,199,144,56,200,144,104,544,440,72,120,48,88,216,128,72,104,32,104,1600,41
107,174,67,134,1646,1512,184,1705,1521,159,920,761,174,852,678,187,625,438,153,1367,1214,91,7380,116
121,105,-16,138,713,575,153,1501,1348,156,544,388,139,346,207,158,557,399,118,337,219,151,4254,116
3,74,71,50,155,105,126,670,544,104,592,488,120,208,88,152,1055,903,177,185,8,104,3043,116
78,150,72,104,403,299,93,868,775,89,1097,1008,112,312,200,136,728,592,120,400,280,127,4085,116
64,112,48,112,312,200,104,504,400,104,703,599,113,338,225,119,1174,1055,128,440,312,105,3688,116
72,160,88,72,416,344,103,560,457,112,680,568,128,224,96,136,665,529,119,327,208,144,3176,116
80,151,71,89,512,423,81,368,287,97,2281,2184,128,209,81,103,406,303,121,417,296,161,4505,116
121,153,32,119,303,184,80,1081,1001,167,928,761,95,439,344,120,217,97,135,424,289,119,3664,116
88,169,81,103,295,192,72,593,521,96,1423,1327,128,529,401,135,232,97,207,463,256,97,3801,116
72,136,64,72,216,144,81,416,335,88,680,592,95,520,425,153,407,254,137,385,248,145,2905,116
89,152,63,96,480,384,88,408,320,112,473,361,88,248,160,103,1222,1119,122,377,255,120,3480,116
81,145,64,88,295,207,88,376,288,89,945,856,127,231,104,127,1776,1649,129,505,376,120,4393,116
95,168,73,80,273,193,79,639,560,88,1577,1489,95,255,160,128,1320,1192,97,409,312,95,4736,116
96,176,80,96,258,162,86,382,296,97,536,439,96,209,113,112,440,328,136,296,160,119,2416,116
95,152,57,88,255,167,80,281,201,128,512,384,87,224,137,119,472,353,104,352,248,135,2383,116
72,176,104,95,263,168,97,256,159,97,545,448,111,319,208,104,601,497,135,559,424,73,2792,116
87,168,81,103,367,264,89,352,263,96,593,497,87,288,201,87,1015,928,137,449,312,135,3367,116
56,143,87,80,297,217,88,319,231,89,552,463,96,425,329,88,479,391,80,344,264,64,2623,116
63,128,65,87,367,280,104,321,217,87,720,633,71,184,113,111,679,568,105,321,216,103,2823,116
80,176,96,71,248,177,79,392,313,103,447,344,88,241,153,119,943,824,104,304,200,136,2887,116
82,185,103,89,353,264,79,488,409,111,784,673,87,256,169,87,360,273,104,336,232,88,2850,116
88,209,121,87,232,145,87,479,392,81,705,624,127,519,392,136,241,105,96,343,247,112,2840,116
71,120,49,95,247,152,97,297,200,103,672,569,128,344,216,95,776,681,144,608,464,103,3167,116
88,137,49,95,248,153,95,448,353,112,415,303,112,465,353,135,488,353,87,248,161,87,2536,116
79,127,48,105,305,200,79,391,312,96,489,393,95,248,153,128,1064,936,103,311,208,96,3031,116
89,177,88,96,336,240,72,344,272,95,559,464,89,217,128,127,808,681,88,336,248,95,2872,116
79,144,65,79,215,136,88,601,513,95,688,593,87,240,153,144,903,759,104,529,425,111,3431,116
72,129,57,87,255,168,88,441,353,128,527,399,80,161,81,111,768,657,103,255,152,121,2657,116
79,184,105,103,2767,2664,96,433,337,127,2263,2136,104,329,225,127,767,640,136,417,281,88,7248,116
71,135,64,97,256,159,88,225,137,119,560,441,95,263,168,161,345,184,120,375,255,128,2287,116
65,120,55,80,2177,2097,80,263,183,112,1312,1200,97,416,319,137,1305,1168,88,288,200,96,5977,116
89,177,88,103,320,217,64,287,223,120,553,433,120,352,232,135,992,857,151,360,209,120,3161,116
71,135,64,104,249,145,111,296,185,143,575,432,137,393,256,119,880,761,168,352,184,103,2983,116
79,152,73,119,296,177,95,271,176,129,577,448,111,320,209,128,672,544,95,336,241,144,2768,116
72,153,81,127,967,840,80,185,105,127,464,337,88,376,288,104,704,600,152,296,144,167,3312,116
89,186,97,112,960,848,96,192,96,119,495,376,112,273,161,112,1232,1120,136,184,48,96,3618,116
87,176,89,88,288,200,88,328,240,95,432,337,87,328,241,87,1000,913,136,368,232,135,3055,116
72,168,96,96,399,303,88,224,136,105,512,407,88,320,232,113,424,311,120,384,264,97,2528,116
71,184,113,103,350,247,90,274,184,104,487,383,113,313,200,103,648,545,95,263,168,105,2624,116
65,145,80,79,238,159,81,265,184,105,592,487,105,273,168,120,735,615,88,320,232,104,2672,116
95,167,72,95,431,336,97,266,169,96,535,439,72,224,152,95,2769,2674,120,911,791,120,5423,116
64,129,65,72,271,199,72,608,536,72,521,449,72,248,176,87,888,801,120,311,191,80,3056,116
74,128,54,81,280,199,72,392,320,73,464,391,80,217,137,96,1087,991,97,297,200,79,2944,116
80,215,135,81,425,344,80,712,632,63,1976,1913,71,512,441,120,264,144,103,303,200,120,4527,116
81,136,55,88,329,241,63,344,281,72,543,471,65,209,144,104,591,487,88,224,136,113,2489,116
63,144,81,80,231,151,72,456,384,96,1561,1465,72,440,368,104,736,632,79,440,361,104,4112,116
56,111,55,72,193,121,64,368,304,87,639,552,73,313,240,104,416,312,63,335,272,97,2472,116
87,215,128,81,241,160,63,288,225,80,1848,1768,95,792,697,95,232,137,88,376,288,104,4096,116
65,145,80,64,184,120,64,344,280,88,719,631,73,282,209,71,711,640,120,1184,1064,72,3641,116
63,128,65,79,623,544,64,857,793,72,488,416,64,504,440,79,224,145,72,320,248,71,3215,116
65,145,80,64,199,135,65,464,399,97,409,312,71,239,168,80,601,521,64,296,232,64,2417,116
40,137,97,72,207,135,73,249,176,103,463,360,72,393,321,119,664,545,88,1400,1312,88,3601,116
65,121,56,72,223,151,73,192,119,81,752,671,80,769,689,72,552,480,63,288,225,72,2969,116
81,183,102,72,336,264,80,272,192,80,600,520,64,2585,2521,88,192,104,55,359,304,113,4640,116
73,154,81,71,199,128,65,265,200,104,911,807,72,368,296,121,249,128,78,392,314,119,2657,116
64,151,87,64,200,136,73,432,359,177,1825,1648,80,839,759,113,280,167,88,272,184,112,4111,116
63,136,73,63,175,112,72,184,112,89,656,567,73,273,200,135,352,217,87,343,256,89,2208,116
56,143,87,64,209,145,64,263,199,105,673,568,80,264,184,87,744,657,87,272,185,55,2623,116
47,112,65,64,224,160,72,200,128,80,544,464,64,264,200,103,648,545,79,311,232,80,2383,116
55,127,72,55,408,353,47,296,249,56,624,568,63,280,217,103,536,433,64,239,175,80,2590,116
72,160,88,63,207,144,80,360,280,89,936,847,56,273,217,111,976,865,63,415,352,96,3423,116
88,168,80,71,552,481,64,272,208,80,680,600,71,271,200,104,593,489,55,271,216,145,2952,116
71,160,89,63,215,152,56,552,496,97,1137,1040,63,536,473,96,400,304,64,423,359,80,3503,116
64,112,48,65,208,143,65,344,279,72,441,369,79,448,369,94,847,753,64,161,97,64,2625,116
80,167,87,64,640,576,104,248,144,72,881,809,80,383,303,64,497,433,55,272,217,128,3216,116
71,152,81,64,184,120,64,215,151,65,489,424,55,559,504,105,313,208,72,256,184,95,2263,116
56,145,89,63,215,152,57,169,112,72,704,632,72,384,312,87,1472,1385,80,384,304,103,3576,116
96,199,103,56,721,665,55,1464,1409,96,2208,2112,72,576,504,104,199,95,81,456,375,121,5944,116
88,144,56,79,207,128,81,161,80,104,592,488,80,432,352,144,256,112,80,448,368,104,2344,116
71,184,113,63,216,153,63,296,233,55,1375,1320,81,249,168,103,280,177,64,335,271,105,3040,116
64,168,104,56,289,233,55,392,337,127,935,808,56,233,177,88,768,680,87,248,161,120,3153,116
80,160,80,56,192,136,55,703,648,73,593,520,64,200,136,104,623,519,65,249,184,119,2839,116
72,145,73,55,536,481,56,848,792,64,744,680,64,360,296,103,544,441,63,528,465,72,3777,116
64,144,80,55,295,240,49,2984,2935,113,592,479,65,249,184,111,464,353,88,664,576,103,5495,116
64,127,63,64,193,129,55,304,249,72,424,352,104,280,176,112,616,504,119,296,177,119,2359,116
65,128,63,72,224,152,64,729,665,103,503,400,81,216,135,145,784,639,80,448,368,136,3168,116
56,144,88,73,208,135,65,319,254,129,433,304,81,209,128,143,696,553,63,352,289,96,2457,116
65,144,79,72,241,169,71,263,192,97,873,776,88,520,432,143,400,257,112,415,303,113,2969,116
95,159,64,65,216,151,65,585,520,120,599,479,89,441,352,112,512,400,64,335,271,112,2959,116
72,144,72,71,215,144,73,403,330,102,446,344,79,352,273,120,1359,1239,105,145,40,112,3176,116
63,144,81,80,240,160,71,352,281,88,407,319,80,409,329,104,592,488,64,632,568,80,2856,116
136,208,72,79,343,264,80,216,136,96,656,560,89,313,224,135,440,305,63,214,151,145,2535,116
103,175,72,79,256,177,64,248,184,97,577,480,80,287,207,120,873,753,96,288,192,120,2824,116
81,145,64,88,479,391,73,185,112,112,448,336,88,295,207,121,577,456,71,424,353,72,2625,116
56,136,80,71,208,137,63,256,193,95,455,360,97,272,175,129,617,488,80,344,264,87,2375,116
65,128,63,65,217,152,48,295,247,73,465,392,88,319,231,113,937,824,64,336,272,87,2784,116
71,144,73,63,240,177,56,264,208,79,424,345,64,247,183,136,585,449,88,296,208,96,2296,116
87,127,40,73,200,127,89,336,247,105,921,816,79,456,377,112,4656,4544,135,271,136,145,7112,116
63,110,47,73,194,121,80,200,120,86,719,633,81,232,151,120,361,241,87,424,337,87,2327,116
87,127,40,64,200,136,56,257,201,96,928,832,80,568,488,127,1287,1160,97,408,311,121,3896,116
79,135,56,65,201,136,55,167,112,113,633,520,80,287,207,121,265,144,88,328,240,111,2127,116
73,176,103,57,208,151,57,177,120,95,584,489,64,247,183,136,617,481,63,264,201,88,2361,116
64,167,103,56,200,144,56,209,153,71,672,601,72,224,152,120,649,529,86,391,305,127,2639,116
104,169,65,72,216,144,64,263,199,81,545,464,63,176,113,128,752,624,55,295,240,113,2529,116
96,152,56,103,248,145,136,360,224,128,896,768,128,440,312,136,304,168,135,320,185,119,2839,116
72,151,79,72,193,121,80,151,71,120,489,369,112,263,151,177,441,264,135,311,176,128,2127,116
87,144,57,80,200,120,88,200,112,136,504,368,119,368,249,151,640,489,120,215,95,137,2408,116
88,152,64,72,192,120,87,160,73,135,552,417,120,304,184,144,712,568,152,384,232,119,2575,116
88,160,72,72,184,112,80,135,55,137,561,424,103,344,241,128,832,704,144,199,55,120,2535,116
120,168,48,80,200,120,80,176,96,152,823,671,121,249,128,152,759,607,120,304,184,160,2839,116
112,143,31,80,209,129,72,224,152,176,536,360,88,208,120,160,672,512,127,288,161,144,2424,116
119,152,33,80,224,144,79,439,360,136,545,409,88,464,376,136,367,231,129,313,184,136,2640,116
104,160,56,71,208,137,67,320,253,143,472,329,88,415,327,136,481,345,96,208,112,119,2383,116
72,152,80,64,192,128,72,216,144,144,624,480,111,456,345,136,360,224,112,248,136,160,2408,116
96,143,47,80,1401,1321,79,128,49,120,384,264,96,279,183,137,769,632,120,168,48,128,3400,116
88,120,32,80,200,120,80,103,23,129,561,432,95,431,336,161,521,360,95,192,97,144,2272,116
168,199,31,80,241,161,88,223,135,145,593,448,88,1143,1055,136,457,321,80,192,112,135,3183,116
80,136,56,72,208,136,64,95,31,144,497,353,88,272,184,136,591,455,112,225,113,128,2152,116
95,128,33,80,232,152,104,216,112,152,552,400,80,320,240,152,311,159,105,193,88,143,2095,116
88,160,72,80,216,136,104,192,88,168,472,304,96,288,192,167,528,361,120,231,111,145,2232,116
119,151,32,80,224,144,105,177,72,160,448,288,104,360,256,160,944,784,153,464,311,144,2912,116
104,160,56,80,192,112,80,223,143,145,433,288,103,608,505,205,255,50,104,305,201,136,2312,116
128,185,57,71,200,129,64,192,128,152,520,368,96,311,215,121,672,551,121,313,192,136,2529,116
128,153,25,72,223,151,72,240,168,160,1961,1801,88,328,240,128,512,384,96,248,152,128,3793,116
97,151,54,81,208,127,81,153,72,143,440,297,80,480,400,127,408,281,104,238,134,122,2200,116
104,143,39,80,209,129,88,184,96,159,1303,1144,89,352,263,121,257,136,80,279,199,129,2856,116
120,151,31,72,201,129,71,232,161,152,487,335,89,384,295,137,1024,887,105,345,240,136,2960,116
104,177,73,80,208,128,88,224,136,136,400,264,79,296,217,128,336,208,88,368,280,120,2129,116
93,169,76,72,200,128,80,216,136,151,680,529,88,719,631,120,273,153,103,288,185,136,2681,116
64,120,56,63,208,145,72,200,128,152,440,288,88,271,183,137,329,192,87,248,161,136,1952,116
119,160,41,72,192,120,71,175,104,129,472,343,89,233,144,136,495,359,121,312,191,137,2176,116
87,143,56,81,729,648,87,248,161,168,584,416,88,232,144,120,576,456,95,159,64,120,2791,116
135,159,24,97,233,136,96,258,162,158,1662,1504,96,360,264,128,344,216,104,360,256,119,3495,116
96,127,31,81,225,144,71,280,209,135,584,449,87,224,137,144,256,112,88,240,152,120,2056,116
112,143,31,97,225,128,80,144,64,159,720,561,88,352,264,120,200,80,96,280,184,135,2199,116
105,145,40,88,207,119,80,177,97,159,728,569,87,227,140,116,284,168,97,193,96,159,2120,116
104,152,48,89,241,152,71,255,184,145,553,408,80,215,135,129,416,287,113,225,112,128,2185,116
113,161,48,96,224,128,72,160,88,144,608,464,96,200,104,136,616,480,128,215,87,129,2313,116
120,168,48,81,209,128,112,200,88,144,640,496,128,383,255,121,201,80,136,280,144,112,2193,116
88,112,24,88,248,160,80,232,152,144,544,400,95,536,441,120,328,208,71,336,265,112,2448,116
88,160,72,80,216,136,71,232,161,128,480,352,72,912,840,121,760,639,120,312,192,80,3152,116
121,184,63,129,856,727,97,201,104,128,408,280,72,280,208,119,470,351,80,305,225,89,2793,116
103,175,72,72,232,160,81,241,160,144,375,231,65,288,223,121,225,104,120,247,127,129,1912,116
103,160,57,95,215,120,105,241,136,136,392,256,104,240,136,144,976,832,120,552,432,104,2880,116
80,127,47,113,489,376,47,976,929,128,752,624,64,232,168,144,368,224,120,232,112,112,3288,116
96,97,1,103,294,191,72,169,97,104,856,752,96,192,96,104,503,399,121,264,143,113,2488,116
120,152,32,103,208,105,120,191,71,128,361,233,112,295,183,120,521,401,136,296,160,103,2127,116
111,151,40,105,249,144,80,224,144,143,448,305,120,272,152,104,479,375,129,265,136,112,2200,116
104,144,40,96,232,136,96,184,88,144,320,176,56,288,232,120,648,528,120,288,168,120,2224,116
96,112,16,112,256,144,104,176,72,129,385,256,144,312,168,112,224,112,120,224,104,120,1809,116
104,96,-8,96,215,119,113,177,64,111,416,305,72,264,192,111,175,64,129,281,152,104,1728,116
104,128,24,103,240,137,120,184,64,112,720,608,112,296,184,112,1184,1072,160,184,24,96,3032,116
112,160,48,96,239,143,89,193,104,127,944,817,112,343,231,136,505,369,120,768,648,104,3256,116
48,96,48,80,208,128,103,168,65,128,368,240,96,296,200,127,256,129,135,224,89,104,1720,116
104,136,32,72,208,136,95,159,64,121,1089,968,112,256,144,120,480,360,64,216,152,120,2664,116
88,128,40,80,208,128,111,208,97,128,424,296,56,248,192,111,247,136,129,273,144,96,1832,116
87,144,57,96,216,120,112,200,88,136,376,240,128,280,152,184,360,176,135,712,577,119,2407,116
96,128,32,88,239,151,89,184,95,121,545,424,120,240,120,120,464,344,120,280,160,104,2184,116
80,104,24,72,207,135,112,192,80,113,521,408,119,224,105,128,664,536,120,295,175,129,2336,116
88,144,56,96,200,104,103,152,49,111,416,305,119,216,97,136,544,408,128,568,440,104,2344,116
96,120,24,103,232,129,88,152,64,120,408,288,112,296,184,96,456,360,119,256,137,111,2031,116
111,144,33,95,215,120,113,169,56,135,416,281,96,456,360,120,312,192,72,1735,1663,104,3551,116
72,128,56,71,206,135,89,129,40,121,328,207,65,321,256,144,480,336,104,288,184,127,2007,116
96,128,32,95,223,128,89,161,72,119,352,233,119,288,169,128,400,272,128,399,271,89,2040,116
104,120,16,80,216,136,104,159,55,144,457,313,95,808,713,128,2032,1904,80,176,96,111,4079,116
129,184,55,113,225,112,120,144,24,119,312,193,136,360,224,112,424,312,79,311,232,113,2073,116
113,129,16,71,224,153,72,240,168,104,1232,1128,144,232,88,112,728,616,88,200,112,96,3081,116
112,136,24,80,1616,1536,112,279,167,113,657,544,128,192,64,128,975,847,120,241,121,127,4223,116
96,152,56,56,200,144,64,160,96,104,592,488,64,336,272,120,432,312,111,256,145,120,2248,116
80,128,48,80,224,144,56,207,151,144,785,641,120,200,80,112,616,504,120,408,288,104,2672,116
80,135,55,65,209,144,56,160,104,120,431,311,57,417,360,104,656,552,104,287,183,97,2392,116
96,119,23,57,209,152,56,232,176,112,416,304,48,272,224,104,448,344,80,368,288,87,2151,116
104,151,47,73,217,144,104,264,160,104,472,368,104,208,104,95,559,464,121,233,112,119,2223,116
111,128,17,88,376,288,120,912,792,152,432,280,111,208,97,160,408,248,119,271,152,113,2848,116
72,120,48,64,224,160,87,160,73,143,408,265,104,272,168,72,1072,1000,136,727,591,113,3096,116
104,144,40,87,232,145,64,231,167,169,1352,1183,105,489,384,120,224,104,104,352,248,87,3111,116
88,136,48,64,216,152,95,207,112,104,432,328,113,280,167,97,448,351,97,241,144,96,2056,116
120,122,2,70,246,176,103,199,96,121,415,294,57,226,169,103,616,513,88,264,176,111,2199,116
112,168,56,64,200,136,79,456,377,112,256,144,111,360,249,112,495,383,97,217,120,119,2271,116
80,120,40,80,232,152,79,208,129,151,360,209,56,327,271,121,432,311,65,233,168,88,2000,116
80,135,55,73,289,216,88,264,176,88,864,776,64,272,208,112,288,176,72,279,207,104,2495,116
128,199,71,81,209,128,111,216,105,128,344,216,64,335,271,113,208,95,74,249,175,120,1880,116
97,145,48,56,184,128,56,224,168,104,392,288,56,271,215,49,504,455,64,305,241,95,2120,116
111,134,23,73,240,167,57,241,184,120,344,224,64,264,200,104,511,407,113,273,160,104,2111,116
121,153,32,112,231,119,65,369,304,119,376,257,104,367,263,136,857,721,112,321,209,95,2769,116
88,168,80,39,160,121,64,168,104,112,443,331,101,188,87,113,360,247,113,313,200,104,1904,116
96,121,25,55,240,185,48,232,184,104,400,296,104,288,184,120,752,632,112,264,152,112,2409,116
88,136,48,48,200,152,112,168,56,120,384,264,95,816,721,144,424,280,104,247,143,105,2480,116
104,144,40,80,224,144,64,239,175,120,337,217,64,336,272,152,616,464,80,264,184,128,2288,116
73,121,48,64,216,152,96,168,72,120,296,176,88,376,288,88,320,232,111,264,153,103,1864,116
80,184,104,56,2080,2024,104,456,352,96,592,496,95,256,161,112,399,287,80,160,80,113,4240,116
113,248,135,113,889,776,64,1031,967,80,537,457,104,200,96,32,1512,1480,120,384,264,96,4897,116
97,129,32,72,208,136,104,319,215,97,377,280,64,256,192,120,352,232,96,232,136,128,2001,116
96,152,56,80,225,145,103,232,129,103,600,497,112,343,231,105,600,495,81,257,176,112,2521,116
80,136,56,56,192,136,48,184,136,95,360,265,112,280,168,127,728,601,128,288,160,95,2263,116
97,121,24,104,248,144,56,184,128,104,448,344,128,264,136,104,464,360,112,176,64,120,2025,116
96,120,24,64,200,136,119,208,89,119,320,201,104,280,176,152,544,392,96,240,144,112,2024,116
88,136,48,64,216,152,104,159,55,105,353,248,96,296,200,112,479,367,113,201,88,96,1936,116
96,159,63,89,249,160,39,1879,1840,89,665,576,120,192,72,96,472,376,64,256,192,120,3992,116
96,104,8,80,200,120,72,128,56,120,472,352,112,312,200,136,624,488,72,328,256,104,2272,116
80,96,16,96,272,176,112,199,87,121,545,424,112,272,160,120,280,160,136,272,136,152,2088,116
65,128,63,65,193,128,72,144,72,112,400,288,104,200,96,168,480,312,112,263,151,121,1929,116
73,193,120,64,207,143,65,233,168,112,528,416,96,247,151,113,457,344,120,256,136,120,2241,116
72,185,113,63,207,144,72,248,176,128,376,248,112,240,128,144,320,176,88,264,176,136,1976,116
72,160,88,72,233,161,112,215,103,137,505,368,80,184,104,136,384,248,80,232,152,112,2025,116
97,152,55,81,217,136,72,224,152,136,480,344,80,383,303,121,1385,1264,89,327,238,112,3280,116
80,153,73,72,192,120,104,200,96,127,432,305,111,223,112,121,505,384,87,384,297,80,2169,116
87,151,64,64,209,145,56,184,128,120,464,344,88,184,96,111,536,425,88,384,296,104,2216,116
72,152,80,72,192,120,64,112,48,127,440,313,88,168,80,119,696,577,64,280,216,72,2112,116
80,160,80,80,256,176,72,207,135,145,449,304,72,175,103,129,1808,1679,73,249,176,104,3408,116
136,160,24,72,216,144,56,120,64,112,687,575,105,761,656,128,487,359,73,281,208,136,2848,116
80,144,64,80,256,176,112,264,152,136,656,520,72,169,97,111,519,408,103,319,216,105,2432,116
89,97,8,120,664,544,64,216,152,104,528,424,120,336,216,104,200,96,96,224,128,112,2377,116
112,160,48,79,295,216,97,233,136,128,536,408,96,176,80,128,280,152,88,215,127,112,2007,116
104,136,32,80,208,128,79,152,73,143,503,360,81,209,128,120,296,176,88,272,184,112,1888,116
80,144,64,64,200,136,64,160,96,144,520,376,80,208,128,112,272,160,88,200,112,112,1816,116
112,160,48,72,215,143,65,281,216,136,464,328,104,216,112,120,567,447,89,256,167,129,2288,116
95,126,31,72,201,129,80,168,88,128,447,319,81,185,104,120,240,120,104,256,152,160,1783,116
105,137,32,72,200,128,71,200,129,120,456,336,80,248,168,119,824,705,88,304,216,119,2488,116
104,136,32,80,272,192,80,232,152,136,407,271,65,249,184,136,232,96,88,216,128,127,1871,116
88,136,48,72,192,120,79,168,89,168,391,223,113,265,152,144,279,135,89,233,144,128,1792,116
104,160,56,88,232,144,72,296,224,136,1216,1080,96,407,311,105,161,56,88,399,311,113,2984,116
240,264,24,79,216,137,72,216,144,143,552,409,72,280,208,120,232,112,72,216,144,128,2104,116
72,96,24,72,200,128,64,143,79,137,345,208,88,248,160,136,632,496,80,224,144,120,2008,116
127,191,64,79,248,169,104,184,80,144,464,320,88,264,176,128,368,240,80,232,152,120,2071,116
96,136,40,72,200,128,80,160,80,160,424,264,112,264,152,130,248,118,96,208,112,192,1832,116
121,145,24,71,200,129,80,192,112,128,497,369,71,190,119,153,264,111,96,233,137,128,1849,116
136,138,2,69,182,113,88,207,119,113,425,312,87,240,153,128,215,87,72,217,145,128,1752,116
104,152,48,72,208,136,72,216,144,151,440,289,72,264,192,144,408,264,96,270,174,129,2087,116
104,128,24,72,232,160,64,560,496,111,352,241,72,224,152,128,216,88,112,216,104,144,2072,116
111,120,9,73,208,135,72,168,96,128,344,216,87,304,217,144,272,128,88,256,168,120,1792,116
104,128,24,72,232,160,64,648,584,136,319,183,89,449,360,136,288,152,64,248,184,112,2424,116
103,136,33,64,200,136,64,160,96,144,296,152,80,264,184,176,287,111,137,297,160,136,1776,116
103,176,73,72,207,135,89,233,144,152,271,119,145,329,184,128,511,383,97,209,112,128,2064,116
104,201,97,80,232,152,64,224,160,96,984,888,80,168,88,135,320,185,112,216,104,112,2457,116
112,144,32,72,200,128,80,184,104,152,712,560,80,624,544,128,232,104,96,384,288,111,2591,116
136,152,16,72,216,144,63,216,153,136,328,192,96,264,168,128,528,400,104,287,183,137,2128,116
104,144,40,72,200,128,80,208,128,144,352,208,96,344,248,152,264,112,80,272,192,112,1896,116
96,144,48,64,216,152,48,1040,992,128,607,479,88,329,241,136,272,136,129,224,95,48,2880,116
72,104,32,64,200,136,64,167,103,145,545,400,112,279,167,120,617,497,96,256,160,119,2287,116
96,152,56,64,201,137,71,175,104,136,368,232,96,272,176,152,376,224,80,256,176,144,1944,116
111,160,49,56,216,160,64,295,231,129,393,264,80,304,224,120,488,368,72,256,184,152,2264,116
97,168,71,64,209,145,64,192,128,160,400,240,72,304,232,152,336,184,72,288,216,136,2033,116
104,168,64,56,201,145,55,199,144,112,392,280,88,416,328,127,408,281,80,232,152,120,2136,116
64,144,80,48,199,151,57,161,104,143,520,377,112,418,306,133,567,434,87,191,104,136,2336,116
104,152,48,64,200,136,79,184,105,144,272,128,87,280,193,127,232,105,79,232,153,152,1704,116
111,159,48,71,208,137,64,256,192,120,568,448,80,224,144,168,408,240,96,216,120,136,2175,116
96,135,39,73,233,160,56,224,168,136,520,384,73,248,175,136,400,264,119,208,89,136,2104,116
121,161,40,80,528,448,49,280,231,104,200,96,72,304,232,120,344,224,112,160,48,119,2096,116
111,192,81,88,256,168,79,231,152,129,377,248,120,295,175,144,505,361,122,232,110,119,2207,116
89,145,56,64,208,144,64,280,216,112,416,304,79,239,160,128,241,113,63,248,185,136,1913,116
104,176,72,72,223,151,73,240,167,137,521,384,80,256,176,144,496,352,112,256,144,95,2263,116
71,152,81,64,224,160,48,216,168,80,264,184,97,392,295,111,328,217,104,840,736,96,2512,116
63,120,57,64,224,160,56,288,232,88,1136,1048,56,656,600,104,160,56,87,376,289,128,3088,116
88,128,40,72,224,152,71,296,225,128,512,384,80,192,112,119,344,225,80,232,152,128,2056,116
104,144,40,72,216,144,56,248,192,80,536,456,104,240,136,136,344,208,73,200,127,120,2048,116
74,152,78,63,208,145,56,304,248,96,312,216,63,264,201,88,215,127,81,241,160,144,1840,116
104,160,56,72,224,152,56,296,240,112,352,240,63,248,185,120,224,104,95,216,121,136,1856,116
96,168,72,55,192,137,89,240,151,112,448,336,127,216,89,144,263,119,105,257,152,112,1896,116
72,144,72,56,192,136,48,408,360,89,239,150,73,577,504,136,304,168,96,215,119,133,2212,116
64,152,88,65,368,303,80,281,201,104,544,440,96,215,119,121,241,120,120,208,88,120,2129,116
80,152,72,72,200,128,63,482,419,86,262,176,88,296,208,104,576,472,72,303,231,89,2360,116
64,160,96,57,232,175,64,344,280,88,320,232,64,248,184,120,264,144,80,232,152,144,1944,116
56,96,40,47,176,129,56,168,112,136,400,264,71,320,249,120,351,231,73,209,136,104,1824,116
104,184,80,56,1040,984,48,135,87,129,385,256,72,224,152,104,376,272,80,184,104,120,2648,116
56,384,328,80,248,168,72,232,160,112,400,288,80,240,160,128,280,152,72,240,168,112,2136,116
73,168,95,56,240,184,40,224,184,104,1000,896,72,384,312,112,447,335,105,201,96,120,2784,116
97,145,48,56,215,159,65,248,183,129,385,256,104,280,176,120,270,150,90,177,87,120,1840,116
97,168,71,59,217,158,56,191,135,121,537,416,79,328,249,120,655,535,97,209,112,135,2440,116
72,360,288,63,192,129,56,279,223,113,1008,895,73,257,184,112,279,167,81,240,159,121,2736,116
82,137,55,56,224,168,40,264,224,128,408,280,72,344,272,111,712,601,75,200,125,120,2409,116
80,208,128,55,248,193,47,393,346,87,447,360,63,208,145,112,264,152,89,200,111,104,2072,116
105,121,16,56,194,138,62,182,120,104,345,241,87,223,136,128,256,128,88,264,176,136,1721,116
80,136,56,80,264,184,71,232,161,128,320,192,80,248,168,128,336,208,112,191,79,129,1856,116
89,121,32,48,192,144,56,176,120,120,536,416,120,208,88,151,584,433,88,224,136,136,2177,116
112,144,32,72,192,120,87,192,105,120,287,167,97,256,159,129,249,120,96,304,208,120,1744,116
111,136,25,64,192,128,80,216,136,160,336,176,72,272,200,120,224,104,64,936,872,113,2425,116
105,177,72,64,192,128,71,200,129,120,432,312,120,352,232,120,496,376,80,128,48,104,2081,116
63,128,65,55,192,137,72,200,128,128,424,296,64,200,136,120,256,136,72,240,168,112,1752,116
88,120,32,80,240,160,71,216,145,112,424,312,79,464,385,112,880,768,72,352,280,104,2800,116
80,152,72,63,216,153,56,175,119,129,889,760,80,208,128,111,537,426,87,183,96,120,2480,116
96,120,24,64,215,151,65,281,216,104,760,656,105,287,182,113,657,544,88,224,136,119,2663,116
72,151,79,56,240,184,96,192,96,152,368,216,79,264,185,136,256,120,72,232,160,152,1855,116
112,120,8,64,208,144,71,136,65,160,304,144,87,312,225,144,272,128,104,216,112,120,1688,116
97,130,33,47,184,137,63,191,128,144,368,224,80,296,216,128,432,304,136,400,264,104,2105,116
80,120,40,48,240,192,64,176,112,120,448,328,64,248,184,112,200,88,88,199,111,177,1808,116
111,128,17,58,184,126,95,167,72,130,329,199,112,464,352,119,184,65,113,1015,902,112,2583,116
104,136,32,64,183,119,112,176,64,112,1577,1465,136,616,480,104,727,623,65,121,56,79,3615,116
80,161,81,47,159,112,72,160,88,120,496,376,72,223,151,137,329,192,96,280,184,111,1919,116
71,121,50,47,183,136,56,127,71,113,401,288,80,256,176,112,264,152,80,248,168,112,1712,116
65,112,47,64,192,128,72,175,103,121,345,224,63,280,217,112,368,256,80,192,112,103,1767,116
96,112,16,56,168,112,72,160,88,104,304,200,72,256,184,104,224,120,96,240,144,136,1600,116
120,136,16,64,192,128,80,152,72,128,336,208,112,345,233,135,263,128,80,151,71,121,1696,116
96,152,56,72,256,184,104,216,112,128,272,144,128,312,184,120,448,328,87,207,120,129,1992,116
81,112,31,48,184,136,47,120,73,104,464,360,88,232,144,135,424,289,88,296,208,112,1944,116
95,175,80,49,353,304,63,648,585,96,512,416,104,208,104,111,440,329,72,184,112,112,2632,116
104,152,48,72,208,136,104,208,104,104,847,743,128,648,520,120,224,104,152,280,128,97,2664,116
79,128,49,96,280,184,95,253,158,115,395,280,112,288,176,120,296,176,112,239,127,105,1984,116
95,127,32,88,192,104,96,152,56,128,344,216,144,232,88,144,455,311,128,225,97,120,1847,116
88,144,56,80,207,127,89,185,96,136,359,223,96,192,96,160,336,176,113,209,96,111,1743,116
79,151,72,128,257,129,95,168,73,111,407,296,112,257,145,128,343,215,105,241,136,104,1928,116
72,152,80,64,200,136,64,152,88,88,296,208,112,215,103,121,232,111,97,209,112,96,1552,116
95,168,73,88,241,153,87,215,128,120,376,256,120,199,79,129,297,168,88,272,184,96,1864,116
88,320,232,88,231,143,81,289,208,80,424,344,80,175,95,128,297,169,112,255,143,81,2072,116
56,112,56,56,191,135,57,145,88,120,360,240,112,216,104,111,329,218,103,281,178,86,1720,116
72,152,80,72,208,136,64,152,88,112,384,272,97,216,119,111,248,137,104,240,136,104,1704,116
72,120,48,80,216,136,80,160,80,96,417,321,103,191,88,112,256,144,64,216,152,80,1656,116
82,144,62,64,224,160,56,176,120,112,608,496,104,168,64,112,312,200,80,215,135,105,1952,116
72,120,48,73,200,127,56,144,88,87,264,177,104,224,120,112,417,305,127,311,184,88,1768,116
33,112,79,64,208,144,48,120,72,79,447,368,81,153,72,128,328,200,96,216,120,105,1689,116
71,103,32,80,200,120,56,192,136,104,424,320,104,168,64,112,320,208,64,240,176,72,1719,116
48,144,96,56,208,152,64,137,73,95,327,232,136,184,48,112,352,240,80,256,176,87,1695,116
67,96,29,65,192,127,56,160,104,79,512,433,72,168,96,120,416,296,112,296,184,80,1920,116
72,128,56,64,192,128,64,127,63,73,409,336,88,176,88,112,335,223,89,193,104,96,1656,116
64,144,80,56,192,136,55,120,65,79,336,257,79,184,105,96,336,240,72,264,192,88,1664,116
71,168,97,56,192,136,48,152,104,88,417,329,103,247,144,128,864,736,80,272,192,88,2400,116
56,112,56,64,208,144,56,128,72,88,303,215,73,201,128,89,224,135,81,305,224,79,1560,116
64,128,64,71,200,129,63,112,49,96,456,360,72,175,103,113,481,368,56,248,192,72,1872,116
64,120,56,64,192,128,64,144,80,80,368,288,120,183,63,129,353,224,104,256,152,72,1688,116
65,129,64,56,177,121,55,120,65,103,278,175,104,217,113,120,856,736,80,215,135,81,2073,116
64,136,72,56,176,120,49,128,79,80,512,432,32,1440,1408,112,400,288,95,224,129,88,3104,116
63,128,65,55,176,121,56,96,40,79,495,416,65,185,120,112,600,488,104,328,224,64,2072,116
78,118,40,63,184,121,63,112,49,89,400,311,80,169,89,103,503,400,80,256,176,72,1814,116
57,153,96,48,184,136,48,144,96,88,376,288,64,168,104,113,272,159,72,208,136,80,1585,116
56,160,104,64,200,136,48,192,144,88,400,312,112,168,56,120,720,600,72,816,744,96,2752,116
56,120,64,56,160,104,56,112,56,88,624,536,80,176,96,120,512,392,88,328,240,72,2104,116
46,111,65,56,192,136,48,169,121,111,511,400,64,232,168,144,360,216,104,344,240,79,1998,116
80,175,95,57,200,143,49,169,120,120,424,304,128,304,176,64,632,568,120,352,232,88,2344,116
97,144,47,56,176,120,48,168,120,120,328,208,80,232,152,144,248,104,88,296,208,80,1672,116
55,152,97,63,191,128,64,144,80,136,344,208,112,240,128,112,272,160,96,216,120,96,1655,116
72,144,72,56,184,128,72,168,96,112,408,296,88,240,152,121,256,135,88,264,176,81,1745,116
64,128,64,56,200,144,56,152,96,88,272,184,112,232,120,113,192,79,80,272,192,128,1576,116
57,121,64,64,224,160,56,216,160,145,336,191,81,256,175,128,224,96,88,288,200,80,1745,116
32,128,96,40,160,120,56,113,57,79,447,368,128,280,152,128,544,416,111,272,161,88,2032,116
64,137,73,55,174,119,56,169,113,120,376,256,128,216,88,128,472,344,72,224,152,80,1848,116
63,143,80,64,3600,3536,64,112,48,112,480,368,72,128,56,176,353,177,95,439,344,104,5359,116
97,137,40,56,167,111,65,121,56,104,400,296,63,192,129,128,1040,912,104,344,240,104,2505,116
72,112,40,55,168,113,56,152,96,104,443,339,61,197,136,120,272,152,111,272,161,120,1736,116
64,152,88,64,184,120,80,184,104,144,320,176,104,248,144,119,248,129,88,248,160,128,1712,116
88,128,40,48,160,112,56,135,79,121,473,352,87,1504,1417,104,432,328,64,232,168,120,3184,116
111,160,49,48,184,136,48,128,80,120,359,239,121,257,136,128,712,584,128,352,224,128,2280,116
55,120,65,57,184,127,64,136,72,128,311,183,113,297,184,120,232,112,71,272,201,112,1664,116
80,144,64,56,184,128,80,152,72,112,311,199,73,241,168,136,280,144,72,232,160,112,1656,116
104,136,32,64,184,120,64,144,80,104,280,176,88,239,151,121,505,384,88,192,104,127,1807,116
89,129,40,56,176,120,104,160,56,120,295,175,113,265,152,128,264,136,64,200,136,136,1625,116
81,128,47,72,256,184,56,135,79,105,1129,1024,113,648,535,120,400,280,64,320,256,216,3232,116
104,136,32,64,200,136,56,152,96,112,287,175,96,529,433,128,1241,1113,104,295,191,104,2944,116
96,144,48,56,169,113,55,127,72,104,232,128,112,288,176,144,512,368,112,376,264,112,1960,116
120,152,32,56,168,112,64,152,88,128,312,184,103,280,177,400,352,-48,80,400,320,120,1936,116
120,152,32,56,192,136,56,144,88,136,264,128,72,320,248,144,192,48,64,216,152,127,1607,116
105,129,24,64,200,136,73,175,102,129,233,104,120,336,216,120,416,296,96,1352,1256,88,2929,116
80,96,16,64,176,112,63,96,33,104,448,344,120,241,121,135,279,144,87,216,129,112,1664,116
96,128,32,56,200,144,47,121,74,127,1063,936,120,320,200,128,248,120,88,191,103,113,2384,116
104,152,48,48,176,128,47,104,57,120,399,279,113,259,146,134,190,56,80,240,160,128,1648,116
81,113,32,55,183,128,64,152,88,113,200,87,73,337,264,105,184,79,63,304,241,137,1610,116
113,129,16,64,200,136,80,168,88,119,312,193,80,233,153,111,191,80,88,232,144,136,1601,116
88,136,48,56,184,128,72,168,96,120,456,336,136,224,88,160,455,295,129,169,40,112,1904,116
88,120,32,56,185,129,71,159,88,120,840,720,72,208,136,152,264,112,96,216,120,111,2103,116
79,136,57,48,168,120,64,144,80,95,472,377,88,192,104,128,272,144,81,176,95,128,1688,116
96,128,32,48,176,128,72,160,88,127,288,161,151,279,128,153,241,88,104,208,104,128,1608,116
96,136,40,56,216,160,72,135,63,128,257,129,96,248,152,128,192,64,97,216,119,120,1520,116
112,144,32,64,200,136,80,152,72,136,264,128,63,248,185,128,592,464,64,2065,2001,71,3736,116
112,136,24,40,168,128,56,112,56,104,920,816,121,264,143,120,232,112,88,175,87,120,2127,116
96,120,24,56,184,128,47,119,72,105,313,208,64,248,184,121,576,455,112,200,88,112,1872,116
80,136,56,56,176,120,56,136,80,112,312,200,72,288,216,144,184,40,104,224,120,104,1560,116
80,128,48,48,184,136,64,192,128,112,352,240,96,192,96,120,512,392,80,296,216,96,1952,116
152,192,40,80,192,112,112,184,72,128,265,137,88,279,191,120,208,88,72,208,136,112,1640,116
72,96,24,56,208,152,64,144,80,128,416,288,88,200,112,128,216,88,96,200,104,127,1607,116
88,120,32,56,184,128,55,144,89,120,362,242,62,222,160,128,224,96,112,240,128,88,1584,116
96,136,40,56,184,128,82,184,102,135,240,105,104,295,191,113,249,136,136,264,128,120,1672,116
112,159,47,64,216,152,73,178,105,135,343,208,120,296,176,97,184,87,104,192,88,127,1695,116
56,80,24,72,224,152,72,119,47,105,329,224,112,200,88,112,256,144,112,192,80,96,1496,116
80,143,63,65,241,176,89,160,71,120,264,144,128,264,136,144,368,224,104,216,112,128,1784,116
87,144,57,56,184,128,72,152,80,104,264,160,144,360,216,104,168,64,88,279,191,145,1696,116
72,104,32,56,200,144,55,160,105,128,336,208,120,416,296,112,160,48,88,216,128,128,1720,116
95,127,32,56,200,144,64,176,112,128,496,368,128,256,128,112,192,80,104,216,112,184,1847,116
95,152,57,64,200,136,96,160,64,128,392,264,120,256,136,128,440,312,95,200,105,128,1928,116
80,144,64,48,199,151,57,193,136,97,216,119,144,496,352,120,680,560,72,160,88,136,2224,116
79,191,112,104,192,88,112,160,48,120,264,144,120,328,208,96,192,96,80,288,208,96,1711,116
80,96,16,56,208,152,56,96,40,120,464,344,56,328,272,120,400,280,112,339,227,101,2032,116
88,120,32,47,176,129,56,120,64,112,360,248,112,224,112,96,296,200,96,296,200,112,1704,116
89,137,48,56,200,144,55,176,121,111,216,105,97,336,239,122,240,118,71,408,337,95,1808,116
79,136,57,56,184,128,95,168,73,112,337,225,111,255,144,112,304,192,72,280,208,128,1792,116
97,168,71,56,176,120,56,144,88,96,272,176,72,376,304,96,552,456,96,240,144,105,2033,116
63,127,64,49,273,224,49,168,119,104,752,648,72,376,304,112,192,80,64,192,128,104,2184,116
72,113,41,64,183,119,72,136,64,104,368,264,64,632,568,112,128,16,72,824,752,112,2496,116
89,105,16,56,200,144,56,112,56,120,336,216,104,273,169,127,216,89,95,191,96,104,1537,116
112,159,47,41,193,152,88,184,96,120,408,288,96,288,192,112,176,64,88,264,176,121,1793,116
79,271,192,40,512,472,72,176,104,104,536,432,64,384,320,104,367,263,89,169,80,112,2527,116
104,168,64,48,184,136,48,200,152,88,208,120,96,329,233,79,487,408,72,208,136,120,1904,116
48,50,2,46,230,184,56,160,104,120,2424,2304,64,264,200,120,200,80,96,512,416,128,3968,116
80,88,8,64,184,120,64,120,56,104,256,152,72,217,145,119,327,208,88,168,80,128,1488,116
96,144,48,64,480,416,88,208,120,112,545,433,71,184,113,103,438,335,89,169,80,144,2312,116
113,137,24,64,208,144,56,1224,1168,112,561,449,119,151,32,136,432,296,88,169,81,128,3010,116
135,136,1,200,119,-81,152,640,488,120,416,296,144,369,225,127,487,360,143,296,153,152,2615,119
104,152,48,120,88,-32,96,552,456,104,1856,1752,152,1208,1056,123,424,301,128,184,56,136,4600,119
112,120,8,152,631,479,145,200,55,105,561,456,88,416,328,103,400,297,96,264,168,128,2720,119
136,139,3,181,125,-56,144,176,32,112,296,184,128,264,136,88,440,352,72,184,112,120,1744,119
104,144,40,131,104,-27,160,168,8,112,584,472,88,192,104,136,632,496,112,240,128,120,2184,119
104,105,1,167,135,-32,160,240,80,104,256,152,104,328,224,104,416,312,128,312,184,184,1976,119
104,144,40,168,128,-40,184,264,80,128,536,408,80,144,64,160,280,120,120,264,144,120,1880,119
88,168,80,144,112,-32,152,216,64,120,415,295,113,721,608,88,311,223,113,210,97,135,2288,119
96,184,88,160,184,24,160,208,48,128,320,192,128,280,152,144,320,176,128,203,75,117,1816,119
96,152,56,184,136,-48,175,256,81,112,304,192,112,632,520,112,248,136,127,200,73,120,2048,119
80,136,56,208,176,-32,168,192,24,128,288,160,144,384,240,48,304,256,112,208,96,120,1808,119
96,136,40,176,144,-32,144,176,32,80,192,112,119,264,145,136,872,736,96,312,216,88,2184,119
104,88,-16,168,96,-72,120,121,1,111,367,256,88,192,104,88,504,416,96,464,368,120,1952,119
104,208,104,136,80,-56,176,264,88,72,287,215,129,225,96,128,528,400,96,144,48,111,1847,119
104,136,32,152,103,-49,144,185,41,112,336,224,129,208,79,136,568,432,119,168,49,114,1818,119
104,112,8,160,167,7,185,521,336,96,448,352,128,208,80,144,488,344,120,216,96,104,2264,119
111,103,-8,120,80,-40,144,159,15,81,225,144,145,217,72,104,544,440,55,160,105,80,1568,119
80,128,48,136,104,-32,153,128,-25,96,976,880,96,160,64,120,328,208,112,328,216,104,2256,119
96,127,31,153,97,-56,128,120,-8,120,439,319,144,289,145,71,559,488,121,145,24,128,1904,119
96,160,64,175,136,-39,119,112,-7,120,288,168,128,216,88,128,951,823,120,209,89,104,2176,119
104,232,128,192,152,-40,96,80,-16,128,512,384,128,320,192,168,376,208,112,176,64,104,1952,119
103,96,-7,160,128,-32,124,152,28,103,320,217,120,136,16,136,576,440,120,136,16,136,1680,119
96,120,24,168,128,-40,118,136,18,104,375,271,57,256,199,121,369,248,120,200,80,120,1704,119
112,168,56,183,152,-31,152,224,72,112,208,96,120,288,168,104,328,224,112,168,56,119,1655,119
88,215,127,153,97,-56,128,632,504,120,252,132,131,244,113,119,432,313,136,520,384,128,2520,119
112,120,8,143,120,-23,192,320,128,104,264,160,120,184,64,128,336,208,112,160,48,112,1616,119
96,120,24,176,131,-45,124,133,9,112,208,96,127,240,113,152,584,432,120,216,96,71,1703,119
96,144,48,144,136,-8,160,215,55,105,289,184,128,184,56,144,544,400,112,184,72,104,1800,119
119,168,49,176,136,-40,120,136,16,96,248,152,176,240,64,128,663,535,113,200,87,113,1904,119
96,168,72,160,112,-48,152,160,8,104,240,136,136,248,112,112,304,192,135,544,409,103,1879,119
104,160,56,184,159,-25,137,145,8,111,239,128,121,337,216,104,192,88,128,352,224,135,1719,119
96,152,56,168,143,-25,97,145,48,80,176,96,120,736,616,104,256,152,104,528,424,104,2240,119
105,112,7,161,136,-25,161,185,24,79,944,865,112,216,104,111,632,521,96,416,320,112,2753,119
96,183,87,136,89,-47,128,160,32,104,224,120,128,720,592,112,312,200,96,207,111,57,1952,119
88,136,48,136,152,16,143,192,49,79,224,145,104,312,208,128,432,304,96,208,112,48,1704,119
112,160,48,167,128,-39,96,64,-32,79,528,449,128,208,80,127,464,337,96,191,95,97,1840,119
88,81,-7,160,112,-48,151,319,168,104,265,161,143,503,360,121,473,352,104,400,296,120,2273,119
80,135,55,192,144,-48,136,177,41,79,391,312,128,240,112,104,352,248,104,169,65,104,1712,119
137,217,80,232,168,-64,152,175,23,137,641,504,104,256,152,128,312,184,80,152,72,111,2032,119
128,144,16,176,119,-57,137,145,8,112,280,168,112,175,63,144,384,240,129,161,32,120,1528,119
87,136,49,192,135,-57,136,145,9,127,616,489,144,216,72,144,296,152,112,191,79,113,1848,119
81,168,87,185,120,-65,161,169,8,120,368,248,120,232,112,136,360,224,128,168,40,112,1697,119
96,161,65,304,264,-40,167,240,73,144,288,144,152,216,64,144,920,776,128,375,247,113,2577,119
104,135,31,232,185,-47,144,160,16,95,264,169,152,232,80,144,400,256,112,304,192,88,1768,119
137,185,48,224,576,352,120,160,40,128,400,272,112,312,200,167,328,161,95,256,161,111,2328,119
129,168,39,161,121,-40,120,128,8,95,424,329,120,215,95,137,417,280,111,215,104,104,1792,119
112,200,88,184,144,-40,152,184,32,96,312,216,104,216,112,136,224,88,103,184,81,104,1568,119
88,136,48,120,103,-17,97,120,23,88,241,153,136,632,496,112,440,328,104,344,240,119,2135,119
88,120,32,144,104,-40,114,159,45,57,225,168,119,328,209,136,272,136,127,144,17,136,1488,119
89,169,80,136,112,-24,135,127,-8,89,521,432,96,152,56,136,488,352,104,176,72,119,1864,119
88,108,20,148,132,-16,145,217,72,104,312,208,103,168,65,144,376,232,87,230,143,130,1673,119
97,145,48,136,104,-32,112,96,-16,96,383,287,129,193,64,120,504,384,104,175,71,105,1705,119
88,159,71,128,89,-39,144,145,1,119,287,168,112,280,168,112,192,80,104,144,40,87,1383,119
96,153,57,144,120,-24,136,168,32,63,751,688,105,137,32,144,343,199,112,137,25,119,1928,119
88,169,81,144,96,-48,152,136,-16,111,399,288,120,225,105,152,760,608,104,127,23,105,2017,119
80,104,24,128,103,-25,113,297,184,80,176,96,96,247,151,121,433,312,95,143,48,96,1599,119
104,120,16,136,104,-32,143,136,-7,87,304,217,112,200,88,160,400,240,104,120,16,119,1503,119
80,144,64,128,88,-40,136,112,-24,95,240,145,104,192,88,120,215,95,97,121,24,127,1239,119
80,104,24,152,128,-24,103,56,-47,104,672,568,112,240,128,136,264,128,103,176,73,80,1720,119
95,143,48,168,120,-48,145,80,-65,169,361,192,144,296,152,120,359,239,105,121,16,112,1592,119
113,200,87,153,113,-40,136,576,440,104,223,119,121,281,160,55,240,185,120,136,16,128,1897,119
111,127,16,145,105,-40,126,118,-8,97,250,153,120,247,127,105,1273,1168,63,520,457,160,2800,119
120,201,81,168,136,-32,136,152,16,103,327,224,120,224,104,153,360,207,121,640,519,112,2152,119
104,168,64,159,127,-32,136,929,793,64,343,279,105,257,152,143,312,169,96,199,103,73,2408,119
56,1520,1464,168,127,-41,160,217,57,112,416,304,95,183,88,116,329,213,128,167,39,120,3079,119
88,175,87,161,121,-40,128,112,-16,104,248,144,112,207,95,129,273,144,135,199,64,121,1456,119
96,231,135,152,136,-16,168,680,512,83,319,236,120,201,81,128,288,160,111,344,233,96,2295,119
89,225,136,160,120,-40,144,168,24,96,296,200,112,240,128,83,216,133,120,168,48,104,1537,119
128,164,36,164,124,-40,176,178,2,142,317,175,128,256,128,121,905,784,128,431,303,105,2480,119
120,128,8,152,120,-32,152,202,50,118,262,144,160,216,56,136,312,176,88,272,184,120,1632,119
119,176,57,136,112,-24,176,178,2,117,302,185,127,196,69,140,532,392,120,280,160,80,1856,119
89,120,31,168,128,-40,153,353,200,88,391,303,153,193,40,144,296,152,144,200,56,72,1753,119
88,144,56,160,120,-40,176,240,64,80,376,296,112,184,72,136,408,272,168,824,656,120,2416,119
136,160,24,184,136,-48,136,176,40,144,296,152,160,288,128,128,704,576,96,168,72,112,2040,119
104,160,56,152,144,-8,145,169,24,96,424,328,111,327,216,104,551,447,112,169,57,56,2000,119
103,111,8,184,160,-24,192,272,80,97,272,175,136,280,144,120,304,184,96,144,48,104,1647,119
103,128,25,224,142,-82,204,235,31,110,285,175,114,330,216,176,280,104,160,240,80,128,1768,119
87,143,56,176,128,-48,168,176,8,80,303,223,113,242,129,143,415,272,104,417,313,95,1919,119
135,248,113,199,175,-24,176,192,16,104,248,144,88,240,152,128,264,136,136,138,2,110,1615,119
120,137,17,184,159,-25,160,193,33,111,287,176,104,248,144,104,545,441,128,175,47,152,1896,119
104,120,16,161,113,-48,159,175,16,96,272,176,121,224,103,112,425,313,103,151,48,113,1593,119
111,176,65,192,143,-49,160,224,64,129,256,127,112,224,112,80,520,440,136,320,184,128,1991,119
104,152,48,152,104,-48,152,352,200,128,241,113,112,272,160,143,327,184,113,472,359,112,2032,119
96,208,112,144,104,-40,136,153,17,87,248,161,104,319,215,184,240,56,104,560,456,120,1952,119
95,127,32,144,120,-24,88,89,1,79,367,288,112,239,127,97,449,352,88,161,73,103,1655,119
111,199,88,152,113,-39,143,136,-7,111,495,384,176,664,488,175,168,-7,104,288,184,112,2175,119
96,72,-24,160,161,1,119,615,496,104,305,201,119,591,472,128,368,240,87,168,81,112,2392,119
103,133,30,136,99,-37,160,144,-16,96,345,249,129,376,247,136,624,488,112,208,96,120,2049,119
112,128,16,160,144,-16,160,416,256,129,440,311,120,320,200,120,360,240,104,120,16,112,2040,119
88,120,32,144,136,-8,168,264,96,88,440,352,136,392,256,112,784,672,104,161,57,167,2464,119
88,160,72,144,96,-48,160,168,8,96,312,216,144,216,72,120,609,489,143,519,376,96,2176,119
96,200,104,152,104,-48,136,168,32,96,216,120,136,544,408,152,224,72,136,304,168,120,1880,119
112,152,40,152,112,-40,144,448,304,112,161,49,128,319,191,120,584,464,112,185,73,95,2056,119
112,160,48,208,184,-24,128,168,40,96,240,144,112,496,384,96,352,256,96,208,112,112,1920,119
64,136,72,136,97,-39,127,318,191,113,305,192,104,296,192,144,240,96,112,200,88,96,1688,119
128,176,48,208,176,-32,168,520,352,113,408,295,144,312,168,129,440,311,113,120,7,160,2312,119
104,192,88,160,112,-48,144,169,25,87,343,256,88,208,120,128,456,328,104,408,304,144,2032,119
120,112,-8,160,80,-80,144,960,816,56,360,304,120,177,57,143,223,80,104,177,73,104,2193,119
95,248,153,152,144,-8,168,176,8,88,304,216,112,208,96,144,328,184,120,200,80,96,1704,119
112,136,24,112,64,-48,152,176,24,80,224,144,144,248,104,128,1224,1096,104,177,73,111,2360,119
111,120,9,144,80,-64,145,168,23,80,312,232,112,184,72,120,208,88,96,152,56,96,1320,119
112,128,16,144,120,-24,105,464,359,80,248,168,112,392,280,120,135,15,129,218,89,95,1800,119
104,160,56,112,88,-24,112,96,-16,96,207,111,129,201,72,119,272,153,104,144,40,128,1296,119
95,152,57,136,104,-32,128,112,-16,112,232,120,128,208,80,160,280,120,96,144,48,112,1344,119
72,112,40,136,104,-32,104,105,1,79,167,88,120,200,80,168,376,208,56,200,144,88,1352,119
88,127,39,177,129,-48,152,153,1,87,183,96,103,194,91,133,189,56,104,155,51,84,1214,119
96,112,16,112,72,-40,112,136,24,88,200,112,120,344,224,128,216,88,88,184,96,112,1376,119
88,208,120,176,169,-7,167,1759,1592,80,456,376,80,120,40,144,240,96,88,168,80,104,3224,119
97,169,72,144,120,-24,144,1008,864,104,184,80,136,352,216,96,160,64,88,143,55,129,2265,119
64,153,89,111,71,-40,144,608,464,111,472,361,88,136,48,136,216,80,96,128,32,104,1888,119
64,120,56,112,64,-48,144,145,1,79,279,200,112,192,80,136,312,176,120,159,39,113,1384,119
104,128,24,96,64,-32,128,104,-24,112,320,208,104,808,704,104,136,32,104,512,408,112,2184,119
96,160,64,136,88,-48,136,112,-24,112,240,128,104,184,80,113,680,567,135,360,225,128,1952,119
88,160,72,136,88,-48,136,376,240,112,296,184,120,232,112,119,320,201,120,224,104,112,1808,119
121,161,40,168,112,-56,144,145,1,111,191,80,144,304,160,136,648,512,96,152,56,112,1825,119
111,175,64,177,144,-33,161,225,64,128,551,423,113,185,72,120,232,112,112,151,39,105,1768,119
112,136,24,144,120,-24,120,136,16,80,248,168,144,416,272,80,120,40,112,304,192,112,1592,119
104,168,64,168,144,-24,168,264,96,96,400,304,120,168,48,120,240,120,96,184,88,88,1656,119
96,160,64,128,512,384,104,152,48,104,320,216,168,264,96,127,440,313,80,360,280,107,2315,119
104,106,2,142,134,-8,159,183,24,80,209,129,87,216,129,143,232,89,80,168,88,104,1352,119
96,160,64,128,96,-32,143,192,49,96,288,192,112,184,72,136,248,112,96,127,31,121,1416,119
88,192,104,152,528,376,96,120,24,88,216,128,104,168,64,144,328,184,72,120,48,128,1800,119
89,145,56,166,464,298,104,136,32,103,280,177,128,288,160,200,304,104,136,272,136,96,1985,119
104,232,128,168,200,32,200,216,16,88,447,359,105,152,47,185,329,144,104,640,536,120,2336,119
89,289,200,135,152,17,168,192,24,104,312,208,120,1200,1080,111,144,33,111,312,201,136,2737,119
96,120,24,135,88,-47,175,184,9,72,296,224,112,352,240,184,504,320,112,424,312,80,2048,119
120,168,48,135,96,-39,136,137,1,78,254,176,73,305,232,184,504,320,119,200,81,88,1752,119
72,143,71,153,105,-48,184,224,40,64,247,183,113,313,200,40,983,943,112,212,100,116,2343,119
88,127,39,145,97,-48,144,160,16,72,343,271,73,825,752,111,440,329,104,288,184,104,2384,119
71,128,57,104,64,-40,127,136,9,72,296,224,104,184,80,119,440,321,112,208,96,72,1528,119
112,120,8,119,80,-39,128,136,8,80,224,144,104,664,560,167,304,137,127,232,105,104,1864,119
104,168,64,128,88,-40,144,160,16,72,216,144,112,168,56,136,368,232,120,152,32,104,1424,119
88,216,128,128,96,-32,144,168,24,80,224,144,64,311,247,105,369,264,112,160,48,88,1632,119
113,129,16,88,40,-48,152,144,-8,104,296,192,112,367,255,169,297,128,104,495,391,136,1904,119
97,136,39,97,48,-49,137,138,1,95,239,144,136,256,120,143,256,113,144,200,56,96,1369,119
104,136,32,176,144,-32,120,192,72,96,159,63,129,265,136,160,256,96,87,376,289,152,1680,119
112,128,16,120,72,-48,144,184,40,112,192,80,119,312,193,128,400,272,119,128,9,128,1544,119
112,128,16,152,104,-48,144,264,120,96,536,440,144,224,80,160,472,312,112,168,56,104,2000,119
128,192,64,120,80,-40,152,160,8,72,296,224,111,336,225,128,264,136,135,216,81,104,1648,119
120,128,8,96,40,-56,168,200,32,88,280,192,136,288,152,153,616,463,120,200,80,112,1864,119
96,167,71,137,81,-56,168,144,-24,80,312,232,120,208,88,112,415,303,120,321,201,124,1772,119
88,120,32,120,80,-40,152,200,48,64,248,184,127,232,105,127,272,145,112,592,480,104,1848,119
76,136,60,141,112,-29,136,120,-16,88,296,208,152,232,80,135,896,761,104,248,144,152,2192,119
112,175,63,121,89,-32,144,145,1,86,247,161,128,208,80,144,688,544,111,464,353,104,2120,119
119,123,4,157,109,-48,152,208,56,96,343,247,137,305,168,104,1448,1344,128,288,160,111,2935,119
64,152,88,128,88,-40,128,144,16,80,264,184,160,232,72,128,1072,944,111,384,273,136,2472,119
88,192,104,128,88,-40,160,176,16,80,672,592,112,352,240,120,336,216,112,128,16,488,2432,119
96,120,24,151,112,-39,160,184,24,90,424,334,104,903,799,105,865,760,104,105,1,119,2832,119
72,176,104,144,119,-25,144,136,-8,97,345,248,112,160,48,152,327,175,113,121,8,104,1488,119
120,175,55,129,105,-24,136,152,16,128,240,112,104,224,120,143,248,105,95,144,49,96,1384,119
120,176,56,152,112,-40,143,112,-31,112,280,168,128,192,64,152,335,183,112,385,273,104,1696,119
104,159,55,144,105,-39,160,152,-8,128,336,208,96,192,96,168,344,176,111,392,281,136,1816,119
112,191,79,137,105,-32,143,136,-7,104,219,115,140,207,67,165,250,85,117,123,6,129,1360,119
111,184,73,160,127,-33,145,161,16,104,552,448,128,200,72,112,312,200,136,272,136,119,1927,119
104,168,64,143,112,-31,151,136,-15,120,312,192,144,216,72,168,320,152,135,159,24,145,1568,119
104,168,64,136,103,-33,145,169,24,84,224,140,152,242,90,149,245,96,105,144,39,121,1416,119
128,131,3,149,93,-56,160,135,-25,105,617,512,112,376,264,104,280,176,104,111,7,137,1880,119
80,136,56,127,88,-39,168,152,-16,88,448,360,120,128,8,160,351,191,121,113,-8,112,1528,119
112,192,80,160,136,-24,143,184,41,95,344,249,120,176,56,79,312,233,112,288,176,128,1760,119
80,152,72,144,105,-39,151,135,-16,121,225,104,127,200,73,143,272,129,110,160,50,120,1369,119
104,192,88,152,120,-32,157,192,35,104,272,168,128,975,847,113,177,64,119,159,40,128,2215,119
104,160,56,168,103,-65,168,161,-7,103,520,417,144,232,88,87,599,512,97,137,40,127,2039,119
104,192,88,96,56,-40,167,160,-7,96,336,240,144,248,104,104,408,304,103,151,48,128,1679,119
88,143,55,169,121,-48,136,104,-32,96,560,464,120,176,56,152,351,199,112,136,24,121,1712,119
63,112,49,136,96,-40,128,192,64,63,176,113,120,256,136,176,336,160,120,128,8,103,1399,119
88,184,96,111,72,-39,127,130,3,70,206,136,95,192,97,119,216,97,120,174,54,130,1304,119
135,136,1,136,232,96,56,680,624,111,240,129,136,184,48,168,840,672,96,407,311,136,2855,119
39,152,113,176,136,-40,144,128,-16,88,240,152,119,199,80,137,529,392,95,120,25,112,1616,119
89,216,127,169,112,-57,161,169,8,96,375,279,137,177,40,127,400,273,112,128,16,135,1712,119
72,144,72,112,63,-49,153,177,24,63,344,281,127,164,37,132,612,480,112,328,216,160,1992,119
97,105,8,184,152,-32,191,879,688,129,273,144,128,200,72,120,224,104,128,136,8,111,2080,119
120,128,8,128,87,-41,152,209,57,111,528,417,111,192,81,152,728,576,112,168,56,152,2192,119
105,184,79,113,73,-40,136,137,1,103,295,192,80,160,80,128,256,128,119,192,73,16,1313,119
128,168,40,128,87,-41,152,153,1,95,288,193,96,240,144,135,248,113,119,111,-8,137,1432,119
111,128,17,191,136,-55,160,161,1,95,231,136,136,215,79,137,225,88,112,128,16,120,1344,119
113,137,24,152,184,32,160,184,24,96,272,176,128,368,240,168,176,8,119,176,57,144,1641,119
112,160,48,128,80,-48,136,112,-24,120,303,183,145,209,64,152,464,312,136,336,200,168,1832,119
87,168,81,128,72,-56,192,272,80,111,336,225,144,199,55,153,298,145,111,127,16,128,1600,119
117,197,80,168,96,-72,152,128,-24,112,424,312,135,200,65,128,528,400,128,144,16,256,1973,119
104,159,55,137,105,-32,127,104,-23,64,408,344,152,232,80,72,720,648,120,720,600,144,2592,119
119,112,-7,135,80,-55,136,120,-16,96,360,264,120,200,80,135,480,345,127,192,65,143,1687,119
103,105,2,167,103,-64,168,440,272,112,248,136,113,264,151,136,408,272,112,161,49,127,1856,119
72,112,40,224,184,-40,177,161,-16,88,288,200,143,240,97,128,328,200,109,136,27,128,1577,119
120,136,16,145,89,-56,144,160,16,112,327,215,137,328,191,161,353,192,112,167,55,129,1689,119
128,192,64,168,112,-56,152,144,-8,120,248,128,113,248,135,128,392,264,88,128,40,136,1600,119
136,176,40,161,96,-65,145,128,-17,113,577,464,119,511,392,113,233,120,119,168,49,128,2017,119
87,63,-24,192,168,-24,153,2153,2000,80,240,160,104,184,80,136,448,312,128,152,24,104,3512,119
112,136,24,136,64,-72,152,168,16,96,257,161,136,655,519,121,1001,880,135,576,441,88,2945,119
112,160,48,136,95,-41,145,169,24,96,744,648,112,200,88,128,456,328,112,183,71,137,2144,119
112,207,95,128,81,-47,168,151,-17,80,297,217,128,199,71,121,456,335,144,153,9,111,1655,119
73,160,87,120,89,-31,159,128,-31,96,255,159,144,176,32,121,352,231,120,545,425,136,1841,119
80,216,136,159,119,-40,185,297,112,112,927,815,129,521,392,111,248,137,128,207,79,48,2583,119
96,127,31,121,64,-57,169,217,48,104,272,168,120,215,95,112,281,169,104,127,23,104,1407,119
89,169,80,136,80,-56,143,127,-16,88,217,129,112,239,127,128,449,321,128,167,39,105,1553,119
97,216,119,153,128,-25,177,209,32,112,311,199,129,153,24,144,352,208,119,192,73,118,1679,119
105,129,24,111,72,-39,160,504,344,104,176,72,144,280,136,112,488,376,136,192,56,127,1968,119
104,152,48,104,55,-49,152,128,-24,105,224,119,136,241,105,151,186,35,134,157,23,112,1255,119
119,127,8,168,96,-72,136,104,-32,112,241,129,160,223,63,144,256,112,104,128,24,120,1295,119
112,224,112,136,80,-56,216,424,208,112,720,608,128,521,393,95,439,344,104,128,24,120,2656,119
119,127,8,128,96,-32,160,136,-24,105,256,151,128,184,56,160,337,177,128,135,7,120,1391,119
120,151,31,112,64,-48,160,152,-8,113,289,176,143,503,360,361,2361,2000,103,327,224,105,3952,119
96,192,96,140,119,-21,185,753,568,88,441,353,111,679,568,96,248,152,96,136,40,80,2648,119
88,143,55,120,88,-32,137,138,1,70,254,184,112,176,64,136,545,409,95,176,81,111,1631,119
112,160,48,161,88,-73,136,120,-16,88,336,248,120,304,184,129,224,95,96,176,80,104,1512,119
104,153,49,127,87,-40,136,128,-8,72,201,129,103,208,105,135,175,40,104,168,64,88,1208,119
88,144,56,128,96,-32,120,88,-32,80,232,152,128,152,24,136,280,144,104,184,80,104,1280,119
96,128,32,136,88,-48,120,97,-23,87,215,128,128,184,56,128,240,112,104,312,208,72,1336,119
95,136,41,152,112,-40,112,79,-33,89,241,152,104,144,40,135,184,49,96,160,64,104,1160,119
96,112,16,144,88,-56,129,104,-25,96,216,120,104,145,41,143,184,41,95,111,16,121,1081,119
112,152,40,160,113,-47,127,111,-16,112,224,112,96,128,32,152,215,63,113,145,32,120,1208,119
104,128,24,128,96,-32,120,121,1,95,199,104,112,160,48,128,176,48,105,128,23,104,1112,119
95,127,32,145,113,-32,112,88,-24,80,224,144,104,184,80,136,352,216,88,120,32,113,1321,119
95,143,48,144,96,-48,136,120,-16,96,200,104,112,192,80,120,176,56,120,149,29,107,1183,119
96,153,57,143,95,-48,128,104,-24,104,488,384,160,248,88,144,256,112,112,176,64,112,1632,119
104,128,24,144,80,-64,136,128,-8,104,544,440,120,200,80,136,225,89,103,111,8,120,1536,119
119,121,2,143,87,-56,128,112,-16,96,240,144,112,168,56,144,192,48,111,113,2,127,1160,119
56,168,112,136,96,-40,136,112,-24,112,256,144,104,192,88,136,312,176,128,144,16,104,1384,119
72,160,88,128,96,-32,128,129,1,119,231,112,96,968,872,112,248,136,104,152,48,120,2104,119
96,144,48,136,80,-56,136,93,-43,100,243,143,112,728,616,96,144,48,144,264,120,41,1737,119
104,144,40,136,89,-47,135,95,-40,104,232,128,112,192,80,147,480,333,97,128,31,120,1480,119
104,168,64,144,96,-48,136,128,-8,104,224,120,112,192,80,128,192,64,129,160,31,105,1265,119
120,160,40,112,64,-48,159,152,-7,88,264,176,120,232,112,145,288,143,112,192,80,112,1464,119
111,136,25,112,64,-48,144,145,1,95,239,144,128,208,80,112,192,80,120,408,288,88,1480,119
80,448,368,200,202,2,150,310,160,104,472,368,112,135,23,145,265,120,97,112,15,104,2048,119
96,192,96,112,72,-40,136,104,-32,112,240,128,112,640,528,120,160,40,136,224,88,112,1744,119
96,88,-8,96,48,-48,136,144,8,88,264,176,120,232,112,105,264,159,96,168,72,72,1280,119
104,168,64,104,64,-40,136,143,7,89,201,112,120,184,64,168,328,160,112,136,24,104,1328,119
72,128,56,112,96,-16,120,104,-16,88,288,200,128,136,8,144,473,329,135,191,56,120,1536,119
80,160,80,116,80,-36,136,120,-16,84,273,189,152,256,104,128,168,40,120,192,72,96,1345,119
80,392,312,128,88,-40,160,248,88,128,312,184,96,496,400,88,120,32,120,184,64,96,1936,119
112,128,16,128,96,-32,168,192,24,104,232,128,112,176,64,144,224,80,104,408,304,88,1544,119
88,144,56,208,160,-48,168,176,8,96,512,416,144,135,-9,145,345,200,160,224,64,120,1816,119
152,208,56,120,80,-40,136,120,-16,104,224,120,112,160,48,168,304,136,112,488,376,97,1681,119
104,184,80,104,64,-40,152,128,-24,104,408,304,144,511,367,33,281,248,144,192,48,128,1896,119
104,136,32,120,80,-40,151,168,17,72,432,360,80,128,48,160,224,64,120,144,24,105,1417,119
73,145,72,152,112,-40,152,136,-16,88,280,192,112,439,327,136,186,50,151,407,256,104,1809,119
72,152,80,144,88,-56,160,152,-8,96,232,136,120,208,88,136,232,96,112,136,24,112,1312,119
112,168,56,152,96,-56,160,136,-24,96,216,120,120,184,64,151,312,161,192,384,192,152,1648,119
96,176,80,144,96,-48,135,128,-7,112,280,168,136,184,48,160,312,152,112,128,16,112,1416,119
80,176,96,136,88,-48,144,112,-32,128,240,112,144,336,192,176,840,664,104,136,32,112,2040,119
80,152,72,160,95,-65,145,121,-24,88,560,472,144,200,56,128,320,192,104,128,24,80,1656,119
88,232,144,112,80,-32,135,128,-7,88,240,152,136,200,64,136,992,856,192,232,40,104,2208,119
103,167,64,121,81,-40,144,104,-40,96,311,215,145,193,48,112,488,376,112,128,16,127,1599,119
64,216,152,143,104,-39,184,216,32,120,608,488,128,472,344,128,240,112,96,312,216,112,2280,119
73,153,80,136,88,-48,144,120,-24,88,240,152,136,176,40,135,368,233,111,135,24,113,1393,119
104,168,64,112,64,-48,152,120,-32,105,232,127,120,152,32,160,568,408,120,416,296,104,1824,119
119,143,24,216,160,-56,160,176,16,96,264,168,112,168,56,160,264,104,128,136,8,112,1423,119
87,176,89,128,80,-48,168,144,-24,88,264,176,104,106,2,150,294,144,119,128,9,168,1360,119
112,176,64,144,103,-41,153,121,-32,96,328,232,152,168,16,136,368,232,96,160,64,48,1472,119
104,160,56,152,120,-32,135,96,-39,112,272,160,144,208,64,232,616,384,136,208,72,120,1800,119
104,176,72,120,72,-48,152,128,-24,104,384,280,120,183,63,129,281,152,128,129,1,118,1471,119
104,160,56,111,80,-31,143,136,-7,96,224,128,128,288,160,96,432,336,104,256,152,111,1687,119
120,192,72,168,120,-48,176,184,8,96,296,200,128,216,88,144,360,216,128,151,23,105,1624,119
120,184,64,120,72,-48,160,144,-16,88,256,168,128,176,48,168,280,112,112,136,24,104,1352,119
88,192,104,160,112,-48,168,176,8,72,384,312,104,536,432,88,200,112,112,216,104,128,1944,119
104,144,40,128,88,-40,160,152,-8,88,352,264,136,184,48,136,608,472,128,489,361,127,2144,119
97,176,79,113,72,-41,152,145,-7,80,216,136,127,264,137,96,192,96,176,192,16,112,1369,119
72,168,96,128,80,-48,143,120,-23,80,200,120,136,200,64,143,244,101,122,195,73,152,1359,119
96,160,64,136,96,-40,160,152,-8,96,200,104,120,152,32,176,272,96,127,160,33,120,1312,119
104,168,64,120,72,-48,168,144,-24,96,832,736,136,193,57,143,439,296,112,408,296,144,2400,119
96,160,64,96,88,-8,144,176,32,88,496,408,128,160,32,168,557,389,146,138,-8,117,1892,119
144,168,24,176,120,-56,136,64,-72,120,480,360,144,192,48,119,576,457,96,144,48,168,1912,119
120,168,48,144,96,-48,151,144,-7,104,224,120,120,168,48,160,440,280,120,144,24,128,1512,119
112,192,80,184,128,-56,160,112,-48,120,264,144,152,168,16,160,416,256,122,288,166,71,1639,119
136,159,23,161,112,-49,177,193,16,136,264,128,136,856,720,120,136,16,184,224,40,136,2080,119
120,128,8,120,72,-48,104,120,16,128,216,88,136,344,208,119,399,280,97,201,104,168,1648,119
96,112,16,112,80,-32,144,184,40,72,192,120,112,168,56,144,216,72,103,96,-7,128,1176,119
112,168,56,120,71,-49,145,129,-16,80,200,120,128,160,32,152,488,336,103,96,-7,151,1463,119
112,144,32,144,104,-40,160,128,-32,127,296,169,120,144,24,152,320,168,112,168,56,128,1432,119
112,168,56,168,128,-40,159,136,-23,104,504,400,136,200,64,127,416,289,96,152,56,120,1824,119
97,80,-17,153,105,-48,144,128,-16,88,248,160,128,168,40,151,296,145,96,119,23,105,1249,119
55,104,49,184,135,-49,177,297,120,144,320,176,128,256,128,120,328,208,96,120,24,120,1680,119
120,184,64,160,104,-56,192,368,176,128,448,320,104,120,16,144,319,175,112,105,-7,120,1768,119
104,152,48,136,104,-32,152,120,-32,136,816,680,111,392,281,127,160,33,96,168,72,115,2027,119
88,408,320,160,112,-48,168,160,-8,88,304,216,128,152,24,128,288,160,119,121,2,135,1680,119
135,127,-8,169,121,-48,128,88,-40,96,288,192,127,120,-7,128,263,135,105,106,1,119,1232,119
104,153,49,103,71,-32,130,152,22,73,585,512,120,151,31,129,272,143,128,112,-16,112,1608,119
104,160,56,144,120,-24,159,143,-16,72,273,201,120,121,1,134,846,712,113,144,31,128,1935,119
89,160,71,176,120,-56,153,144,-9,89,241,152,136,216,80,160,480,320,104,256,152,183,1800,119
161,169,8,167,127,-40,145,112,-33,144,345,201,152,184,32,136,344,208,112,136,24,128,1545,119
128,176,48,160,104,-56,168,136,-32,112,232,120,135,184,49,127,240,113,128,104,-24,120,1296,119
137,185,48,168,112,-56,192,256,64,120,632,512,152,264,112,104,400,296,88,864,776,168,2881,119
144,152,8,128,80,-48,168,216,48,80,304,224,95,135,40,161,241,80,96,112,16,112,1352,119
120,128,8,120,87,-33,137,113,-24,96,272,176,119,176,57,111,424,313,136,160,24,120,1480,119
127,224,97,168,112,-56,160,144,-16,119,264,145,152,224,72,137,408,271,120,139,19,133,1648,119
112,160,48,128,96,-32,112,113,1,87,215,128,120,184,64,129,295,166,130,153,23,144,1360,119
112,167,55,145,97,-48,152,120,-32,87,440,353,120,136,16,152,1232,1080,128,472,344,96,2760,119
87,184,97,152,120,-32,128,88,-40,87,263,176,145,201,56,104,424,320,127,160,33,96,1536,119
111,151,40,145,97,-48,160,143,-17,105,233,128,136,248,112,112,591,479,137,121,-16,168,1752,119
120,240,120,224,192,-32,120,128,8,96,176,80,136,208,72,128,208,80,104,120,16,128,1400,119
105,130,25,159,119,-40,144,128,-16,80,224,144,120,160,40,128,504,376,104,152,48,56,1473,119
111,104,-7,160,112,-48,143,136,-7,95,416,321,104,1176,1072,88,576,488,88,89,1,78,2687,119
88,112,24,136,104,-32,136,768,632,96,384,288,104,1560,1456,168,1840,1672,88,111,23,121,5000,119
105,177,72,160,72,-88,176,192,16,104,248,144,128,191,63,161,297,136,96,143,47,57,1377,119
56,144,88,112,80,-32,120,96,-24,72,231,159,113,153,40,127,256,129,103,80,-23,111,1151,119
95,192,97,112,64,-48,135,128,-7,64,256,192,159,216,57,112,2048,1936,88,376,288,103,3383,119
96,128,32,120,72,-48,127,120,-7,96,272,176,112,144,32,135,288,153,104,105,1,103,1232,119
95,144,49,119,96,-23,120,71,-49,81,241,160,136,152,16,136,1000,864,135,328,193,128,2160,119
104,272,168,168,128,-40,152,192,40,80,255,175,120,216,96,128,272,144,105,129,24,104,1568,119
88,160,72,104,72,-32,127,120,-7,88,272,184,112,168,56,119,232,113,119,112,-7,120,1256,119
40,147,107,141,109,-32,128,105,-23,95,343,248,152,189,37,140,284,144,111,191,80,137,1505,119
104,151,47,129,81,-48,160,161,1,70,287,217,112,167,55,144,281,137,104,127,23,144,1399,119
88,152,64,120,88,-32,160,184,24,88,296,208,104,159,55,136,257,121,111,120,9,127,1383,119
120,136,16,144,80,-64,168,176,8,87,248,161,112,496,384,119,167,48,145,233,88,119,1655,119
113,153,40,175,128,-47,159,151,-8,104,1041,937,87,496,409,168,520,352,104,136,32,119,2744,119
120,167,47,169,105,-64,175,168,-7,112,216,104,128,216,88,127,240,113,120,121,1,127,1360,119
120,168,48,143,104,-39,176,159,-17,105,433,328,119,128,9,160,576,416,96,184,88,104,1856,119
111,176,65,135,96,-39,135,128,-7,88,256,168,112,160,48,199,327,128,136,241,105,127,1511,119
104,133,29,155,107,-48,144,160,16,104,216,112,96,176,80,128,208,80,104,136,32,136,1272,119
142,350,208,103,240,137,80,240,160,56,416,360,104,360,256,152,248,96,112,424,312,120,2398,119
136,136,0,136,64,-72,152,144,-8,104,336,232,127,392,265,143,272,129,40,288,248,88,1720,119
120,152,32,136,80,-56,112,88,-24,80,184,104,144,208,64,160,192,32,105,160,55,104,1168,119
120,152,32,136,104,-32,95,71,-24,88,208,120,104,161,57,151,223,72,89,168,79,88,1175,119
132,120,-12,152,97,-55,103,95,-8,96,288,192,104,160,56,144,352,208,88,128,40,113,1353,119
104,176,72,120,89,-31,111,167,56,104,144,40,113,264,151,144,185,41,128,183,55,104,1312,119
127,191,64,152,88,-64,128,145,17,87,585,498,126,175,49,152,200,48,112,168,56,79,1631,119
112,145,33,160,113,-47,150,119,-31,127,496,369,128,184,56,128,256,128,119,152,33,103,1568,119
104,153,49,134,87,-47,121,112,-9,104,289,185,131,184,53,160,256,96,104,127,23,121,1329,119
135,232,97,143,104,-39,120,128,8,96,232,136,104,248,144,160,200,40,104,184,80,112,1440,119
103,176,73,160,80,-80,128,120,-8,96,256,160,96,176,80,168,328,160,80,352,272,144,1632,119
86,190,104,168,112,-56,122,113,-9,110,231,121,120,178,58,134,326,192,104,130,26,109,1389,119
128,160,32,136,80,-56,136,144,8,104,216,112,136,266,130,54,326,272,128,248,120,128,1568,119
92,188,96,152,96,-56,112,88,-24,113,232,119,113,192,79,152,184,32,112,130,18,102,1212,119
152,161,9,152,72,-80,128,160,32,104,192,88,104,184,80,152,407,255,132,177,45,120,1473,119
113,135,22,169,114,-55,112,119,7,104,256,152,121,103,-18,185,265,80,104,112,8,136,1240,119
88,144,56,143,104,-39,112,104,-8,88,248,160,113,160,47,129,336,207,120,160,40,104,1360,119
104,104,0,144,88,-56,104,128,24,72,176,104,113,832,719,136,209,73,119,142,23,129,1808,119
105,160,55,120,56,-64,96,112,16,80,208,128,72,216,144,123,127,4,105,138,33,87,1104,119
86,135,49,136,128,-8,112,144,32,104,184,80,104,200,96,152,184,32,104,128,24,88,1191,119
80,192,112,144,80,-64,144,176,32,88,224,136,88,168,80,144,176,32,96,129,33,87,1232,119
113,152,39,136,89,-47,119,111,-8,72,216,144,88,144,56,120,184,64,104,249,145,111,1256,119
104,143,39,128,96,-32,112,120,8,88,216,128,121,201,80,120,208,88,96,129,33,79,1192,119
127,192,65,159,104,-55,120,120,0,79,191,112,112,193,81,144,198,54,89,124,35,77,1199,119
103,112,9,128,96,-32,104,112,8,79,208,129,55,185,130,150,239,89,136,191,55,105,1248,119
87,168,81,120,55,-65,137,137,0,88,207,119,104,185,81,136,176,40,87,144,57,88,1160,119
86,175,89,135,80,-55,135,144,9,79,208,129,88,200,112,176,216,40,104,231,127,153,1407,119
119,160,41,135,72,-63,135,120,-15,95,215,120,129,185,56,207,336,129,87,176,89,135,1399,119
103,167,64,167,64,-103,159,152,-7,112,240,128,104,152,48,154,208,54,104,120,16,96,1199,119
163,145,-18,127,72,-55,119,168,49,88,176,88,104,352,248,152,264,112,104,456,352,113,1746,119
120,152,32,185,112,-73,153,185,32,113,216,103,113,352,239,176,184,8,128,192,64,152,1545,119
120,168,48,168,96,-72,143,136,-7,96,248,152,112,136,24,176,240,64,128,136,8,113,1273,119
130,159,29,155,113,-42,111,111,0,97,264,167,85,138,53,129,175,46,112,130,18,94,1184,119
88,144,56,168,104,-64,104,96,-8,96,232,136,115,191,76,137,193,56,104,144,40,136,1240,119
104,216,112,152,104,-48,113,96,-17,96,256,160,88,169,81,135,167,32,113,120,7,88,1216,119
104,168,64,192,120,-72,144,96,-48,128,224,96,128,232,104,105,160,55,136,208,72,120,1328,119
153,169,16,192,128,-64,144,152,8,120,209,89,120,215,95,120,176,56,121,120,-1,128,1297,119
110,159,49,176,112,-64,130,184,54,96,176,80,113,244,131,140,132,-8,161,160,-1,104,1271,119
113,168,55,176,96,-80,128,104,-24,113,248,135,112,177,65,167,175,8,113,128,15,104,1200,119
128,184,56,152,88,-64,128,136,8,96,192,96,113,216,103,160,192,32,104,168,64,104,1280,119
151,151,0,137,81,-56,112,144,32,96,208,112,80,304,224,208,240,32,88,130,42,121,1379,119
79,135,56,168,104,-64,112,80,-32,88,248,160,96,160,64,129,329,200,103,135,32,113,1304,119
88,144,56,168,114,-54,118,111,-7,79,215,136,104,176,72,138,216,78,104,144,40,136,1256,119
80,153,73,143,103,-40,120,272,152,176,256,80,129,272,143,168,184,16,104,144,40,112,1496,119
114,152,38,145,105,-40,111,104,-7,87,287,200,104,144,40,153,265,112,111,119,8,104,1280,119
191,199,8,144,80,-64,144,153,9,103,239,136,120,153,33,160,215,55,96,104,8,112,1255,119
79,112,33,231,120,-111,183,144,-39,112,288,176,103,143,40,176,209,33,95,128,33,87,1231,119
152,193,41,152,95,-57,128,113,-15,87,256,169,132,151,19,160,225,65,105,104,-1,111,1248,119
94,168,74,152,95,-57,120,97,-23,103,264,161,87,144,57,128,240,112,105,104,-1,111,1223,119
80,144,64,138,104,-34,95,64,-31,96,256,160,104,136,32,152,208,56,80,104,24,104,1120,119
88,120,32,151,113,-38,129,167,38,104,432,328,113,160,47,113,152,39,122,127,5,97,1368,119
128,144,16,184,96,-88,143,136,-7,111,240,129,96,168,72,128,160,32,127,136,9,96,1176,119
104,160,56,176,104,-72,144,128,-16,113,216,103,113,168,55,130,168,38,104,113,9,110,1167,119
104,120,16,192,96,-96,152,136,-16,120,248,128,112,208,96,176,208,32,117,152,35,121,1289,119
112,136,24,184,112,-72,136,104,-32,104,232,128,128,168,40,144,200,56,112,104,-8,120,1176,119
152,184,32,120,80,-40,128,144,16,104,216,112,128,183,55,169,249,80,112,120,8,128,1304,119
120,176,56,168,113,-55,111,79,-32,112,248,136,96,168,72,136,224,88,112,104,-8,112,1224,119
104,129,25,167,103,-64,144,128,-16,96,208,112,104,176,72,153,176,23,112,88,-24,112,1120,119
104,152,48,168,104,-64,136,96,-40,96,248,152,120,113,-7,179,327,148,136,320,184,184,1544,119
103,135,32,153,113,-40,104,160,56,80,160,80,104,235,131,109,149,40,113,136,23,88,1176,119
80,208,128,176,124,-52,132,164,32,80,280,200,160,201,41,151,279,128,130,160,30,104,1520,119
104,96,-8,184,120,-64,184,176,-8,56,288,232,127,113,-14,191,423,232,144,176,32,112,1504,119
88,128,40,176,113,-63,135,103,-32,88,240,152,128,192,64,152,184,32,120,136,16,135,1231,119
126,175,49,144,104,-40,128,121,-7,63,215,152,104,232,128,88,560,472,128,512,384,137,2056,119
128,104,-24,144,96,-48,128,136,8,80,192,112,112,168,56,151,160,9,113,144,31,104,1104,119
114,208,94,160,104,-56,137,136,-1,136,240,104,104,376,272,144,208,64,153,153,0,128,1553,119
112,152,40,176,128,-48,152,104,-48,128,288,160,113,80,-33,146,480,334,129,128,-1,131,1491,119
127,103,-24,136,80,-56,128,145,17,103,191,88,104,232,128,120,152,32,112,131,19,110,1144,119
112,135,23,145,90,-55,151,111,-40,96,224,128,120,137,17,167,543,376,136,104,-32,224,1568,119
72,185,113,159,127,-32,88,41,-47,103,295,192,104,217,113,103,448,345,87,127,40,104,1544,119
103,175,72,144,96,-48,89,113,24,63,231,168,88,227,139,110,166,56,128,184,56,79,1271,119
104,184,80,167,86,-81,129,194,65,63,199,136,105,244,139,124,925,801,111,496,385,128,2456,119
104,160,56,136,104,-32,104,128,24,80,192,112,104,216,112,135,240,105,88,168,80,104,1312,119
80,152,72,176,127,-49,113,105,-8,120,536,416,144,248,104,104,360,256,128,160,32,113,1801,119
112,240,128,200,123,-77,141,117,-24,104,272,168,104,192,88,128,160,32,104,176,72,135,1415,119
113,177,64,144,88,-56,136,192,56,104,840,736,128,224,96,136,192,56,129,128,-1,104,1945,119
112,128,16,176,113,-63,135,119,-16,120,256,136,121,208,87,128,488,360,136,176,40,160,1648,119
144,176,32,184,128,-56,184,1040,856,104,114,10,142,254,112,128,256,128,105,104,-1,136,2208,119
128,144,16,120,72,-48,136,104,-32,113,216,103,104,264,160,128,160,32,72,623,551,145,1728,119
122,153,31,160,104,-56,112,80,-32,112,280,168,56,520,464,144,288,144,144,168,24,152,1745,119
144,176,32,192,112,-80,128,88,-40,120,256,136,112,202,90,121,174,53,152,200,48,136,1344,119
104,168,64,176,135,-41,121,129,8,120,256,136,120,168,48,152,216,64,128,160,32,128,1360,119
96,112,16,184,112,-72,130,248,118,104,152,48,113,217,104,131,167,36,128,152,24,128,1288,119
113,168,55,128,312,184,128,200,72,128,328,200,160,376,216,160,408,248,128,329,201,128,2249,114
136,273,137,103,223,120,128,312,184,136,352,216,112,336,224,136,592,456,144,336,192,152,2576,114
96,208,112,80,200,120,96,200,104,96,344,248,96,312,216,121,496,375,104,233,129,95,2088,114
112,208,96,72,192,120,88,192,104,104,416,312,105,320,215,112,584,472,81,528,447,128,2568,114
112,184,72,72,217,145,79,223,144,88,432,344,88,344,256,121,560,439,105,489,384,96,2545,114
120,224,104,80,224,144,65,225,160,95,447,352,88,336,248,96,1024,928,56,529,473,103,3112,114
80,168,88,72,192,120,72,200,128,87,440,353,96,336,240,120,601,481,71,447,376,96,2480,114
89,136,47,64,177,113,63,247,184,80,384,304,72,360,288,96,401,305,79,471,392,72,2248,114
96,160,64,65,192,127,56,160,104,80,552,472,80,352,272,97,320,223,72,305,233,103,2144,114
89,176,87,65,192,127,56,312,256,72,480,408,72,352,280,96,608,512,78,448,370,88,2656,114
121,201,80,55,175,120,64,160,96,80,497,417,63,551,488,128,288,160,73,504,431,72,2448,114
79,159,80,64,168,104,80,304,224,80,472,392,72,417,345,95,608,513,79,479,400,88,2695,114
80,152,72,64,192,128,65,393,328,103,511,408,97,424,327,120,521,401,80,488,408,80,2761,114
104,191,87,64,192,128,73,168,95,73,497,424,63,352,289,120,535,415,81,313,232,79,2327,114
96,185,89,71,191,120,81,240,159,80,561,481,79,543,464,105,624,519,72,384,312,73,2801,114
88,152,64,56,185,129,63,167,104,73,489,416,71,375,304,105,632,527,64,656,592,72,2728,114
95,167,72,72,176,104,80,160,80,73,673,600,72,288,216,95,584,489,64,479,415,88,2615,114
87,168,81,72,184,112,63,136,73,72,600,528,72,400,328,111,488,377,71,272,201,71,2319,114
79,143,64,65,176,111,65,337,272,80,759,679,72,289,217,104,639,535,56,424,368,88,2855,114
105,201,96,56,192,136,64,383,319,81,497,416,80,288,208,95,527,432,65,345,280,103,2536,114
104,416,312,89,264,175,72,800,728,80,448,368,73,352,279,113,608,495,64,448,384,81,3417,114
88,137,49,71,184,113,80,143,63,72,440,368,64,368,304,104,433,329,64,495,431,89,2289,114
97,184,87,65,177,112,64,183,119,104,553,449,88,344,256,120,575,455,72,648,576,104,2768,114
79,175,96,57,280,223,72,528,456,57,1616,1559,65,281,216,111,415,304,73,440,367,88,3823,114
88,128,40,65,176,111,72,144,72,88,448,360,80,544,464,128,632,504,73,512,439,104,2688,114
112,169,57,63,183,120,64,216,152,105,592,487,40,416,376,145,561,416,63,399,336,104,2640,114
96,136,40,72,184,112,65,360,295,72,704,632,81,264,183,120,600,480,73,232,159,97,2577,114
88,153,65,71,215,144,40,321,281,104,383,279,80,304,224,113,481,368,72,519,447,104,2480,114
104,168,64,73,232,159,56,353,297,112,720,608,111,559,448,136,296,160,96,378,282,94,2800,114
113,233,120,103,240,137,71,231,160,113,496,383,153,496,343,121,288,167,112,432,320,96,2512,114
128,217,89,80,215,135,105,288,183,88,376,288,120,545,425,111,351,240,105,392,287,96,2480,114
87,168,81,63,192,129,71,184,113,71,583,512,97,449,352,111,511,400,72,720,648,96,2903,114
88,135,47,64,224,160,40,184,144,97,697,600,88,408,320,87,400,313,79,623,544,81,2752,114
112,153,41,79,207,128,89,153,64,87,503,416,96,368,272,105,288,183,88,496,408,105,2273,114
97,145,48,71,176,105,71,168,97,88,424,336,88,319,231,97,480,383,89,281,192,80,2073,114
79,143,64,73,200,127,65,408,343,89,433,344,95,360,265,96,504,408,63,527,464,72,2647,114
88,152,64,57,185,128,64,392,328,79,423,344,65,880,815,89,424,335,57,456,399,96,3008,114
105,176,71,64,192,128,56,224,168,73,537,464,72,304,232,128,512,384,111,471,360,97,2513,114
96,168,72,73,192,119,72,200,128,80,632,552,80,425,345,104,455,351,56,425,369,95,2592,114
71,167,96,89,209,120,111,407,296,89,648,559,72,304,232,96,440,344,72,617,545,87,2879,114
80,271,191,73,185,112,71,183,112,80,544,464,73,760,687,120,328,208,64,625,561,96,2992,114
80,217,137,71,207,136,57,208,151,80,520,440,65,584,519,80,489,409,71,535,464,72,2832,114
97,152,55,64,184,120,65,385,320,64,1048,984,55,312,257,103,375,272,73,401,328,87,2944,114
112,161,49,71,191,120,73,152,79,97,425,328,71,295,224,112,609,497,72,912,840,112,2857,114
120,168,48,80,192,112,72,199,127,64,784,720,81,489,408,111,616,505,72,376,304,104,2928,114
69,142,73,72,183,111,56,145,89,56,544,488,71,288,217,103,711,608,65,392,327,89,2494,114
104,159,55,64,176,112,64,137,73,64,632,568,64,255,191,136,737,601,71,520,449,112,2728,114
95,144,49,64,183,119,73,657,584,104,687,583,73,296,223,105,432,327,64,625,561,71,3095,114
127,191,64,81,473,392,127,312,185,112,592,480,56,879,823,113,352,239,81,408,327,80,3287,114
88,152,64,72,183,111,56,168,112,72,561,489,72,1391,1319,104,848,744,64,432,368,97,3832,114
80,113,33,71,191,120,80,200,120,72,545,473,71,383,312,113,553,440,88,423,335,96,2504,114
73,120,47,88,201,113,72,375,303,89,2313,2224,71,319,248,96,305,209,71,600,529,103,4336,114
81,177,96,71,199,128,81,241,160,79,472,393,64,263,199,105,592,487,49,513,464,112,2569,114
88,168,80,64,192,128,56,200,144,71,703,632,64,409,345,95,399,304,65,344,279,64,2479,114
79,96,17,71,183,112,73,145,72,79,440,361,111,368,257,119,768,649,96,208,112,80,2288,114
105,145,40,79,200,121,96,175,79,88,489,401,104,463,359,128,584,456,72,457,385,95,2608,114
72,136,64,73,200,127,73,328,255,81,384,303,72,456,384,112,713,601,64,400,336,79,2696,114
113,160,47,72,169,97,87,311,224,81,601,520,63,383,320,121,561,440,72,536,464,71,2792,114
79,144,65,56,183,127,65,265,200,55,464,409,80,528,448,127,263,136,32,568,536,97,2512,114
111,136,25,63,167,104,81,217,136,71,519,448,72,841,769,104,416,312,103,359,256,88,2743,114
105,200,95,80,208,128,64,521,457,72,527,455,73,345,272,95,400,305,63,431,368,72,2704,114
80,177,97,64,416,352,64,280,216,71,424,353,64,375,311,80,337,257,71,431,360,80,2520,114
79,184,105,64,183,119,65,168,103,65,561,496,71,711,640,104,304,200,73,560,487,81,2752,114
97,152,55,56,513,457,63,302,239,65,416,351,73,345,272,95,504,409,71,319,248,89,2640,114
97,137,40,72,200,128,55,127,72,88,400,312,64,440,376,112,400,288,57,313,256,88,2105,114
104,176,72,56,175,119,65,137,72,80,496,416,72,383,311,104,569,465,71,359,288,88,2383,114
120,560,440,65,160,95,72,168,96,65,496,431,72,265,193,111,519,408,57,665,608,111,2944,114
97,168,71,64,184,120,73,256,183,88,449,361,71,519,448,113,729,616,56,503,447,81,2889,114
88,168,80,72,192,120,72,400,328,95,400,305,80,336,256,231,936,705,111,919,808,120,3471,114
88,136,48,72,177,105,56,208,152,71,1032,961,83,207,124,89,1345,1256,55,543,488,88,3736,114
96,240,144,57,161,104,71,223,152,80,473,393,72,239,167,105,568,463,72,536,464,88,2528,114
103,152,49,71,167,96,73,145,72,72,512,440,71,312,241,111,520,409,56,631,575,80,2519,114
63,152,89,56,183,127,48,145,97,71,1135,1064,105,481,376,112,447,335,105,472,367,145,3160,114
112,160,48,72,168,96,71,135,64,81,409,328,63,271,208,121,328,207,56,416,360,120,2007,114
128,159,31,73,168,95,72,144,72,88,449,361,103,431,328,128,624,496,64,817,753,71,2863,114
105,152,47,64,169,105,64,136,72,71,479,408,96,344,248,145,425,280,64,375,311,105,2185,114
88,128,40,72,225,153,64,416,352,64,527,463,73,448,375,120,433,313,111,399,288,96,2672,114
96,407,311,64,185,121,63,151,88,89,680,591,73,257,184,96,399,303,56,616,560,96,2791,114
72,104,32,95,216,121,80,192,112,120,608,488,120,343,223,120,481,361,88,352,264,96,2392,114
88,919,831,89,249,160,64,168,104,103,400,297,79,456,377,104,536,432,64,399,335,97,3224,114
112,152,40,73,208,135,64,169,105,71,472,401,71,288,217,95,631,536,64,433,369,72,2425,114
80,152,72,73,184,111,73,144,71,89,584,495,81,336,255,120,416,296,56,432,376,97,2345,114
96,185,89,79,175,96,72,168,96,73,585,512,79,304,225,103,656,553,56,416,360,103,2592,114
80,161,81,63,175,112,65,144,79,73,496,423,65,896,831,104,520,416,64,960,896,105,3457,114
88,144,56,72,168,96,71,2055,1984,73,1049,976,71,343,272,81,545,464,63,528,465,87,4919,114
136,383,247,129,353,224,71,215,144,65,513,448,79,279,200,112,617,505,96,392,296,128,2880,114
96,145,49,71,496,425,72,248,176,64,511,447,80,281,201,112,895,783,73,433,360,88,3097,114
80,159,79,80,184,104,97,209,112,63,400,337,127,399,272,120,360,240,88,513,425,63,2287,114
119,199,80,56,160,104,65,153,88,56,648,592,72,352,280,95,464,369,64,568,504,88,2632,114
80,145,65,63,295,232,65,145,80,64,503,439,73,241,168,103,376,273,55,448,393,95,2248,114
88,168,80,56,168,112,63,127,64,57,521,464,71,239,168,113,432,319,65,1657,1592,111,3423,114
88,160,72,56,359,303,65,129,64,56,415,359,76,377,301,104,991,887,72,473,401,87,2991,114
80,136,56,56,256,200,64,168,104,72,608,536,71,416,345,72,487,415,56,352,296,88,2511,114
72,144,72,64,288,224,63,264,201,71,400,329,56,624,568,103,615,512,56,720,664,72,3127,114
111,151,40,65,385,320,56,272,216,64,511,447,88,296,208,88,336,248,56,577,521,64,2592,114
95,271,176,65,184,119,56,145,89,56,592,536,55,631,576,105,937,832,71,439,368,88,3287,114
81,137,56,72,184,112,48,368,320,87,864,777,56,339,283,84,1421,1337,56,480,424,64,3857,114
88,159,71,57,193,136,55,343,288,57,681,624,71,960,889,55,560,505,80,871,791,96,3863,114
143,144,1,96,200,104,119,168,49,136,383,247,128,240,112,161,248,87,153,329,176,128,1840,114
137,138,1,86,190,104,96,129,33,111,320,209,143,320,177,151,335,184,144,264,120,112,1808,114
104,129,25,96,183,87,105,144,39,113,408,295,153,320,167,145,385,240,95,296,201,136,2001,114
119,121,2,79,174,95,81,137,56,79,351,272,120,321,201,288,607,319,96,256,160,89,2056,114
95,112,17,79,168,89,96,120,24,95,319,224,153,361,208,136,359,223,104,232,128,97,1768,114
104,127,23,73,169,96,72,111,39,89,305,216,144,296,152,120,359,239,113,345,232,103,1815,114
80,111,31,81,177,96,79,120,41,87,383,296,89,256,167,104,409,305,71,239,168,88,1783,114
104,136,32,71,192,121,72,104,32,71,343,272,80,337,257,127,576,449,63,272,209,96,2056,114
79,103,24,64,168,104,97,136,39,104,385,281,79,279,200,121,297,176,71,224,153,103,1695,114
96,127,31,73,169,96,72,96,24,72,439,367,81,257,176,112,647,535,81,257,176,96,2088,114
81,137,56,72,167,95,81,105,24,72,455,383,72,353,281,95,391,296,56,417,361,88,2113,114
72,111,39,64,161,97,72,128,56,72,664,592,80,279,199,105,393,288,71,288,217,72,2096,114
81,136,55,65,161,96,72,128,56,55,1288,1233,64,271,207,104,281,177,64,320,256,80,2665,114
104,135,31,81,193,112,56,95,39,72,417,345,88,463,375,113,249,136,72,255,183,73,1880,114
71,127,56,73,169,96,71,120,49,72,487,415,72,273,201,79,327,248,72,273,201,71,1847,114
65,129,64,72,184,112,55,95,40,57,497,440,63,304,241,112,360,248,72,343,271,73,1985,114
79,136,57,72,208,136,56,120,64,72,463,391,72,280,208,81,368,287,73,449,376,96,2120,114
81,137,56,64,159,95,80,129,49,63,408,345,72,248,176,120,320,200,63,263,200,88,1752,114
81,153,72,64,159,95,73,112,39,64,497,433,71,240,169,103,376,273,64,256,192,72,1865,114
104,136,32,56,168,112,64,121,57,72,424,352,71,319,248,105,265,160,64,248,184,79,1760,114
87,184,97,56,167,111,56,104,48,64,1137,1073,136,727,591,89,345,256,64,247,183,81,2992,114
80,105,25,72,175,103,73,112,39,64,617,553,71,264,193,103,440,337,72,368,296,79,2160,114
80,136,56,73,184,111,73,121,48,80,623,543,105,305,200,112,295,183,72,512,440,89,2265,114
81,120,39,72,169,97,72,119,47,81,401,320,111,416,305,120,368,248,64,295,231,97,1985,114
103,152,49,64,151,87,81,120,39,96,456,360,81,329,248,87,352,265,63,296,233,87,1943,114
80,119,39,72,161,89,72,104,32,80,456,376,87,295,208,121,473,352,72,311,239,89,2008,114
80,136,56,64,159,95,64,112,48,65,368,303,89,265,176,119,432,313,64,568,504,96,2136,114
79,144,65,71,160,89,72,112,40,80,503,423,73,296,223,104,393,289,64,336,272,95,2039,114
80,128,48,64,167,103,64,105,41,64,408,344,72,312,240,111,295,184,80,288,208,89,1792,114
80,136,56,64,168,104,63,127,64,72,328,256,73,353,280,112,296,184,72,215,143,89,1712,114
81,145,64,64,176,112,71,183,112,73,545,472,63,392,329,80,496,416,71,344,273,71,2352,114
96,97,1,80,176,96,72,215,143,96,376,280,72,296,224,105,345,240,88,336,248,95,1936,114
79,112,33,56,168,112,64,111,47,89,337,248,71,304,233,88,375,287,72,345,273,111,1863,114
87,135,48,64,169,105,64,143,79,81,400,319,80,376,296,97,616,519,72,296,224,81,2216,114
79,136,57,64,167,103,56,105,49,71,424,353,56,968,912,95,424,329,71,472,401,72,2768,114
96,143,47,64,169,105,64,113,49,79,359,280,95,248,153,112,392,280,63,231,168,112,1767,114
121,161,40,64,160,96,72,111,39,97,496,399,73,288,215,73,504,431,65,369,304,96,2185,114
81,147,66,46,158,112,64,96,32,72,295,223,64,369,305,111,319,208,56,296,240,89,1769,114
87,128,41,80,184,104,64,144,80,72,360,288,64,279,215,57,488,431,57,313,256,80,1976,114
72,129,57,72,176,104,64,120,56,71,407,336,73,376,303,105,617,512,64,463,399,104,2392,114
104,160,56,65,160,95,73,137,64,79,536,457,72,296,224,112,719,607,64,537,473,112,2657,114
87,159,72,64,176,112,65,569,504,55,391,336,65,312,247,89,281,192,56,328,272,104,2320,114
89,161,72,71,183,112,64,137,73,71,1911,1840,56,480,424,112,249,137,79,319,240,96,3536,114
96,143,47,65,169,104,64,135,71,81,489,408,55,280,225,112,296,184,72,863,791,81,2456,114
56,143,87,56,192,136,64,144,80,65,952,887,81,344,263,97,217,120,64,351,287,89,2432,114
95,128,33,64,168,104,64,95,31,97,393,296,87,303,216,96,313,217,72,296,224,72,1768,114
88,152,64,64,177,113,64,112,48,87,368,281,72,279,207,112,616,504,57,345,288,72,2121,114
104,160,56,56,168,112,48,103,55,80,409,329,71,272,201,95,327,232,64,224,160,73,1736,114
66,153,87,56,159,103,73,137,64,71,471,400,97,385,288,95,776,681,64,423,359,88,2592,114
104,160,56,56,152,96,71,143,72,81,401,320,72,487,415,104,328,224,56,217,161,64,1952,114
103,104,1,80,240,160,48,136,88,72,2727,2655,65,545,480,88,296,208,57,344,287,103,4495,114
96,143,47,64,176,112,65,129,64,72,432,360,72,343,271,73,281,208,72,256,184,88,1848,114
80,136,56,63,168,105,64,96,32,72,432,360,72,255,183,81,593,512,64,296,232,72,2048,114
72,136,64,56,160,104,56,104,48,65,512,447,80,368,288,112,296,184,55,423,368,88,2087,114
80,135,55,65,153,88,64,128,64,64,416,352,88,304,216,104,504,400,64,248,184,64,1952,114
97,121,24,65,184,119,64,120,56,72,512,440,80,304,224,96,304,208,79,616,537,96,2257,114
80,120,40,71,184,113,32,280,248,88,480,392,72,664,592,104,320,216,72,448,376,112,2608,114
96,168,72,64,160,96,72,160,88,64,440,376,64,375,311,105,360,255,72,400,328,97,2160,114
113,153,40,56,151,95,73,129,56,80,584,504,64,456,392,80,408,328,64,640,576,112,2633,114
96,136,40,72,160,88,72,128,56,72,432,360,71,359,288,41,545,504,64,696,632,88,2544,114
96,184,88,55,167,112,65,377,312,71,568,497,63,335,272,105,593,488,63,408,345,88,2720,114
120,192,72,57,169,112,72,136,64,64,448,384,64,344,280,119,280,161,56,440,384,88,2097,114
80,104,24,64,168,104,56,112,56,72,392,320,56,360,304,96,304,208,64,304,240,88,1832,114
80,137,57,56,168,112,64,111,47,81,377,296,64,312,248,95,344,249,56,240,184,80,1769,114
95,137,42,63,159,96,71,136,65,88,393,305,63,463,400,111,856,745,72,272,200,87,2503,114
113,161,48,64,232,168,24,368,344,88,472,384,80,312,232,119,431,312,73,593,520,96,2665,114
96,159,63,65,168,103,56,161,105,80,441,361,63,247,184,112,360,248,64,296,232,80,1912,114
88,128,40,72,168,96,64,88,24,80,456,376,72,376,304,104,728,624,56,456,400,96,2496,114
112,168,56,58,200,142,56,392,336,95,808,713,64,359,295,113,257,144,64,368,304,87,2639,114
112,184,72,63,160,97,56,128,72,104,520,416,64,352,288,112,296,184,56,416,360,80,2136,114
80,400,320,72,240,168,56,168,112,80,519,439,65,353,288,95,351,256,57,360,303,113,2504,114
104,160,56,64,176,112,56,152,96,79,584,505,56,376,320,96,408,312,72,312,240,96,2264,114
80,137,57,72,168,96,64,128,64,80,1600,1520,56,216,160,95,312,217,55,424,369,104,3089,114
103,160,57,64,320,256,63,216,153,79,416,337,64,384,320,95,593,498,63,375,312,96,2560,114
104,184,80,56,216,160,56,144,88,88,496,408,64,240,176,87,360,273,64,1128,1064,95,2863,114
80,136,56,63,160,97,72,151,79,64,361,297,80,392,312,104,488,384,72,384,312,96,2168,114
96,167,71,73,169,96,72,128,56,72,416,344,65,448,383,119,504,385,112,304,192,104,2240,114
104,184,80,65,168,103,72,136,64,72,576,504,72,399,327,89,441,352,72,392,320,48,2344,114
96,136,40,63,152,89,64,112,48,96,480,384,64,304,240,112,408,296,64,344,280,104,2040,114
96,160,64,64,167,103,65,137,72,88,472,384,72,288,216,103,303,200,65,369,304,96,1992,114
80,128,48,64,192,128,64,143,79,64,417,353,80,280,200,88,352,264,64,728,664,112,2352,114
80,128,48,88,192,104,72,144,72,96,480,384,72,824,752,104,408,304,64,399,335,81,2656,114
103,152,49,64,168,104,56,128,72,72,328,256,64,288,224,103,383,280,57,329,272,96,1872,114
96,176,80,56,176,120,72,152,80,72,536,464,72,440,368,89,400,311,87,648,561,112,2640,114
72,352,280,72,752,680,56,120,64,80,544,464,64,376,312,104,264,160,56,360,304,79,2847,114
104,176,72,56,159,103,73,217,144,72,576,504,72,304,232,136,576,440,72,392,320,112,2512,114
88,144,56,79,192,113,55,104,49,81,440,359,88,304,216,104,264,160,72,392,320,152,1992,114
79,120,41,64,160,96,56,88,32,80,344,264,64,304,240,112,480,368,72,312,240,88,1896,114
112,152,40,56,176,120,56,136,80,87,464,377,80,335,255,97,257,160,64,256,192,96,1872,114
120,160,40,88,200,112,79,151,72,81,465,384,136,465,329,143,398,255,73,513,440,112,2464,114
136,170,34,62,158,96,73,127,54,97,352,255,81,305,224,112,1120,1008,72,400,328,96,2728,114
72,168,96,72,168,96,63,167,104,73,265,192,64,440,376,96,607,511,65,353,288,136,2304,114
136,137,1,79,175,96,104,152,48,113,271,158,97,425,328,128,520,392,104,640,536,144,2464,114
96,160,64,72,168,96,64,120,56,80,383,303,88,273,185,128,400,272,80,448,368,112,2064,114
112,168,56,72,176,104,72,495,423,81,721,640,80,327,247,113,360,247,73,521,448,128,2896,114
104,168,64,56,168,112,64,144,80,64,464,400,64,464,400,104,320,216,56,408,352,119,2255,114
112,184,72,64,192,128,64,192,128,88,1688,1600,56,272,216,104,967,863,57,321,264,80,3896,114
96,168,72,64,160,96,56,152,96,88,440,352,55,272,217,112,440,328,55,376,321,88,2096,114
88,128,40,73,184,111,64,136,72,64,488,424,64,512,448,96,416,320,80,440,360,72,2376,114
81,152,71,65,161,96,56,95,39,72,505,433,64,455,391,120,361,241,71,664,593,71,2464,114
88,160,72,64,216,152,23,248,225,88,1200,1112,64,328,264,96,456,360,64,576,512,80,3264,114
96,120,24,63,151,88,56,121,65,72,424,352,72,296,224,80,888,808,56,928,872,56,2984,114
136,168,32,119,224,105,104,144,40,112,376,264,128,264,136,152,256,104,120,329,209,111,1872,114
112,113,1,71,167,96,96,152,56,112,224,112,120,280,160,144,336,192,104,272,168,128,1672,114
104,136,32,80,185,105,79,127,48,120,304,184,120,312,192,152,287,135,97,193,96,112,1656,114
136,137,1,80,175,95,80,128,48,96,248,152,104,280,176,120,240,120,88,232,144,104,1544,114
112,112,0,80,168,88,88,128,40,120,288,168,112,312,200,128,272,144,88,240,152,105,1625,114
120,121,1,71,167,96,104,168,64,104,296,192,80,2784,2704,112,208,96,96,216,120,104,4064,114
96,120,24,80,176,96,72,73,1,111,351,240,104,729,625,87,391,304,80,304,224,88,2232,114
80,104,24,72,184,112,65,136,71,104,336,232,80,296,216,104,280,176,80,240,160,80,1656,114
120,152,32,64,152,88,72,120,48,80,224,144,96,256,160,96,384,288,72,432,360,96,1816,114
95,127,32,72,169,97,63,119,56,88,392,304,64,288,224,96,400,304,88,280,192,104,1879,114
96,160,64,64,168,104,64,128,64,72,392,320,64,280,216,96,312,216,64,336,272,88,1864,114
96,152,56,64,184,120,56,104,48,88,312,224,72,272,200,96,376,280,80,513,433,80,1993,114
72,176,104,64,160,96,64,112,48,80,336,256,80,336,256,96,336,240,80,304,224,105,1865,114
87,143,56,74,169,95,63,120,57,72,424,352,72,256,184,104,272,168,136,600,464,80,2064,114
88,136,48,64,176,112,56,96,40,55,432,377,56,336,280,80,264,184,72,312,240,88,1840,114
80,128,48,56,160,104,64,112,48,63,328,265,72,304,232,88,424,336,64,424,360,104,1984,114
71,128,57,64,176,112,64,88,24,72,408,336,72,304,232,112,288,176,72,272,200,80,1744,114
80,127,47,73,178,105,79,119,40,88,384,296,80,248,168,104,328,224,72,384,312,80,1848,114
88,136,48,64,168,104,73,96,23,88,368,280,64,288,224,112,312,200,72,512,440,25,1905,114
88,104,16,72,168,96,72,127,55,81,209,128,81,312,231,96,352,256,72,416,344,72,1760,114
79,120,41,64,152,88,72,152,80,72,512,440,64,280,216,88,320,232,56,264,208,72,1872,114
80,120,40,72,192,120,56,143,87,73,361,288,55,264,209,96,328,232,72,344,272,104,1856,114
80,127,47,73,169,96,56,112,56,88,328,240,72,200,128,96,312,216,80,400,320,80,1728,114
78,118,40,72,168,96,64,120,56,88,376,288,64,296,232,112,272,160,80,512,432,80,1942,114
72,120,48,72,168,96,72,152,80,80,488,408,72,624,552,96,368,272,72,472,400,88,2480,114
80,120,40,72,176,104,56,144,88,73,328,255,56,360,304,96,344,248,72,312,240,89,1873,114
64,112,48,64,160,96,72,136,64,88,312,224,88,360,272,104,344,240,96,345,249,87,1856,114
120,121,1,63,167,104,56,128,72,72,368,296,72,272,200,112,248,136,80,304,224,80,1688,114
88,168,80,72,168,96,64,128,64,72,432,360,72,344,272,96,280,184,56,248,192,80,1848,114
80,119,39,73,193,120,56,128,72,80,360,280,72,376,304,104,665,561,71,311,240,96,2248,114
104,144,40,64,168,104,64,127,63,81,377,296,64,456,392,80,225,145,63,311,248,96,1904,114
88,136,48,72,176,104,64,160,96,88,1248,1160,64,256,192,96,288,192,64,408,344,72,2744,114
80,136,56,73,175,102,66,137,71,56,392,336,72,336,264,96,304,208,72,280,208,80,1840,114
72,159,87,73,169,96,56,112,56,64,456,392,88,304,216,104,719,615,81,321,240,80,2320,114
88,144,56,64,184,120,64,128,64,96,432,336,96,232,136,104,256,152,64,193,129,87,1656,114
73,136,63,64,160,96,72,120,48,81,360,279,72,216,144,112,392,280,72,352,280,24,1760,114
112,128,16,72,168,96,88,144,56,88,856,768,80,208,128,121,280,159,72,440,368,88,2312,114
96,136,40,80,168,88,72,144,72,72,712,640,55,328,273,96,272,176,72,304,232,80,2144,114
88,128,40,72,152,80,72,112,40,96,224,128,80,312,232,120,600,480,80,456,376,80,2064,114
80,152,72,72,184,112,64,136,72,72,409,337,87,319,232,112,552,440,64,208,144,104,2064,114
96,136,40,72,176,104,80,168,88,72,472,400,88,352,264,96,383,287,73,385,312,119,2191,114
88,144,56,72,160,88,80,136,56,80,297,217,87,447,360,96,416,320,88,360,272,96,2056,114
88,112,24,80,184,104,56,424,368,96,552,456,80,424,344,104,184,80,72,520,448,104,2504,114
72,136,64,64,160,96,64,136,72,64,376,312,73,296,223,87,344,257,64,408,344,88,1944,114
64,104,40,72,160,88,72,160,88,88,392,304,56,312,256,96,400,304,64,280,216,72,1880,114
32,104,72,64,201,137,56,151,95,80,416,336,88,384,296,80,280,200,72,488,416,80,2104,114
96,144,48,80,184,104,72,120,48,88,256,168,88,376,288,104,840,736,80,408,328,80,2408,114
88,128,40,64,160,96,73,112,39,80,248,168,80,368,288,120,320,200,72,448,376,88,1872,114
97,128,31,72,176,104,72,112,40,96,432,336,112,264,152,112,368,256,72,568,496,80,2128,114
87,111,24,66,176,110,72,176,104,72,632,560,72,352,280,104,328,224,64,544,480,80,2399,114
72,136,64,73,168,95,64,120,56,72,424,352,72,424,352,104,240,136,57,296,239,104,1912,114
88,144,56,64,160,96,72,144,72,64,424,360,64,272,208,96,288,192,56,328,272,104,1864,114
103,143,40,64,160,96,64,208,144,73,648,575,48,528,480,72,336,264,71,256,185,80,2359,114
72,120,48,64,160,96,64,104,40,72,368,296,80,352,272,105,345,240,63,527,464,88,2064,114
80,136,56,72,168,96,73,160,87,72,472,400,72,280,208,56,264,208,80,312,232,80,1872,114
88,128,40,72,176,104,72,144,72,72,464,392,80,248,168,88,336,248,64,249,185,87,1832,114
96,144,48,56,160,104,56,112,56,72,384,312,104,265,161,71,423,352,80,320,240,113,1921,114
96,144,48,64,152,88,72,136,64,72,424,352,72,264,192,88,536,448,64,360,296,80,2096,114
104,160,56,64,144,80,64,112,48,80,424,344,64,320,256,104,496,392,80,376,296,88,2120,114
64,120,56,56,168,112,47,168,121,72,513,441,64,295,231,96,377,281,55,359,304,72,2072,114
80,152,72,72,192,120,56,144,88,80,384,304,80,288,208,112,312,200,64,288,224,72,1832,114
96,152,56,64,151,87,57,113,56,64,672,608,56,424,368,72,312,240,64,320,256,103,2247,114
88,144,56,63,168,105,56,128,72,72,448,376,56,280,224,112,327,215,65,337,272,72,1904,114
88,144,56,72,167,95,56,137,81,64,320,256,64,424,360,96,360,264,48,1183,1135,73,2808,114
79,152,73,80,184,104,72,136,64,63,376,313,64,344,280,103,239,136,57,409,352,71,1911,114
80,128,48,64,168,104,64,136,72,80,712,632,72,568,496,88,264,176,80,464,384,80,2520,114
80,135,55,65,153,88,72,143,71,81,569,488,71,400,329,88,336,248,72,360,288,88,2184,114
80,119,39,65,161,96,56,120,64,80,440,360,80,632,552,96,392,296,72,392,320,64,2320,114
112,192,80,56,152,96,55,143,88,65,513,448,72,487,415,73,633,560,64,407,343,97,2624,114
72,127,55,56,153,97,63,120,57,79,464,385,72,336,264,88,344,256,72,592,520,88,2224,114
80,128,48,64,152,88,64,160,96,64,520,456,64,304,240,104,280,176,64,304,240,88,1936,114
88,120,32,72,184,112,56,128,72,64,408,344,89,344,255,112,328,216,72,432,360,80,2024,114
72,128,56,63,208,145,55,200,145,112,448,336,104,272,168,104,288,184,72,352,280,88,1984,114
89,112,23,65,144,79,72,160,88,81,352,271,64,288,224,112,288,176,73,265,192,79,1688,114
88,128,40,64,168,104,72,144,72,96,384,288,72,257,185,119,263,144,72,248,176,96,1688,114
128,152,24,64,168,104,72,192,120,104,432,328,80,320,240,112,368,256,72,904,832,72,2608,114
80,136,56,72,160,88,72,136,64,88,312,224,80,368,288,120,424,304,96,409,313,87,2032,114
88,128,40,72,169,97,63,119,56,96,448,352,72,288,216,80,288,208,64,416,352,96,1952,114
97,160,63,56,176,120,56,160,104,72,544,472,72,312,240,112,320,208,56,432,376,88,2192,114
96,176,80,56,152,96,64,168,104,88,632,544,72,465,393,103,663,560,56,497,441,103,2856,114
96,144,48,64,168,104,64,120,56,64,432,368,64,304,240,128,264,136,72,320,248,72,1824,114
80,120,40,64,184,120,88,193,105,71,375,304,81,248,167,104,1120,1016,65,392,327,104,2736,114
96,152,56,104,208,104,80,120,40,88,304,216,112,400,288,144,528,384,88,544,456,96,2352,114
88,120,32,64,160,96,72,120,48,88,400,312,112,368,256,112,352,240,56,376,320,98,1994,114
80,128,48,64,160,96,64,128,64,72,464,392,72,344,272,96,368,272,64,424,360,88,2104,114
88,128,40,80,192,112,72,128,56,89,472,383,73,704,631,89,920,831,64,376,312,80,3000,114
80,120,40,57,152,95,56,112,56,80,352,272,80,224,144,104,384,280,64,448,384,112,1904,114
88,136,48,56,152,96,64,112,48,80,448,368,80,280,200,88,464,376,65,280,215,80,1952,114
81,128,47,56,168,112,80,240,160,80,408,328,72,232,160,96,248,152,91,264,173,96,1784,114
88,144,56,56,152,96,56,136,80,72,1032,960,56,288,232,111,303,192,65,408,343,113,2576,114
88,120,32,64,152,88,64,120,56,88,400,312,88,312,224,129,384,255,64,408,344,96,1992,114
128,152,24,64,169,105,55,135,80,96,688,592,72,328,256,89,288,199,64,376,312,112,2248,114
96,136,40,64,160,96,56,144,88,88,584,496,72,256,184,97,352,255,80,464,384,104,2200,114
88,160,72,64,160,96,56,136,80,88,505,417,71,343,272,104,416,312,80,384,304,88,2192,114
95,143,48,56,153,97,71,183,112,88,504,416,72,296,224,104,360,256,80,592,512,112,2343,114
88,120,32,56,152,96,64,176,112,72,1816,1744,80,288,208,96,272,176,64,504,440,88,3416,114
80,136,56,64,168,104,56,120,64,56,488,432,56,296,240,104,344,240,71,295,224,73,1920,114
80,136,56,64,208,144,72,152,80,72,1048,976,48,176,128,96,696,600,72,320,248,64,2800,114
80,136,56,56,152,96,64,136,72,64,760,696,72,656,584,104,592,488,88,544,456,71,3047,114
80,135,55,57,169,112,64,152,88,56,456,400,72,360,288,120,344,224,56,472,416,72,2160,114
97,145,48,55,160,105,64,127,63,73,1713,1640,80,408,328,72,656,584,72,328,256,72,3609,114
152,232,80,136,240,104,104,105,1,111,695,584,96,1705,1609,127,375,248,104,185,81,96,3633,114
96,137,41,72,160,88,72,111,39,113,312,199,96,249,153,103,192,89,95,239,144,96,1496,114
104,104,0,63,143,80,88,113,25,111,215,104,96,232,136,120,384,264,80,233,153,104,1528,114
119,135,16,81,152,71,96,144,48,105,248,143,112,248,136,128,257,129,95,247,152,104,1535,114
104,120,16,96,184,88,96,128,32,112,208,96,112,280,168,128,304,176,96,209,113,112,1545,114
104,106,2,78,166,88,88,120,32,104,240,136,96,264,168,120,312,192,96,209,113,79,1496,114
88,119,31,72,153,81,88,144,56,103,231,128,136,304,168,121,248,127,73,192,119,105,1496,114
112,113,1,72,167,95,89,120,31,97,312,215,89,264,175,120,288,168,80,248,168,105,1617,114
80,104,24,72,152,80,80,128,48,80,360,280,88,273,185,79,856,777,88,272,184,87,2232,114
101,133,32,72,159,87,80,176,96,89,376,287,96,249,153,119,295,176,72,256,184,88,1732,114
88,113,25,87,167,80,80,128,48,81,232,151,80,448,368,88,416,328,88,513,425,95,2112,114
96,112,16,73,152,79,80,112,32,88,296,208,96,600,504,89,297,208,72,255,183,64,1888,114
96,119,23,72,160,88,72,113,41,80,360,280,79,288,209,127,271,144,81,248,167,80,1639,114
88,135,47,64,160,96,64,88,24,73,360,287,81,352,271,128,257,129,63,232,169,79,1663,114
88,128,40,72,176,104,72,129,57,80,359,279,80,249,169,119,232,113,79,351,272,105,1729,114
80,175,95,72,176,104,64,112,48,81,288,207,81,265,184,119,296,177,88,231,143,91,1634,114
112,136,24,79,167,88,80,120,40,80,248,168,73,321,248,112,623,511,96,256,160,104,1975,114
80,120,40,73,169,96,80,135,55,88,505,417,72,1015,943,105,689,584,71,199,128,89,2921,114
87,119,32,81,176,95,72,120,48,97,297,200,87,296,209,87,344,257,87,255,168,96,1703,114
96,121,25,72,168,96,79,152,73,64,303,239,81,264,183,113,280,167,88,216,128,89,1593,114
80,120,40,79,168,89,71,103,32,96,352,256,80,264,184,121,328,207,80,208,128,72,1615,114
81,136,55,73,176,103,73,137,64,80,360,280,79,271,192,129,248,119,88,248,160,72,1648,114
96,120,24,63,167,104,73,144,71,64,377,313,87,295,208,104,304,200,72,192,120,88,1687,114
72,144,72,72,201,129,95,159,64,88,400,312,96,208,112,112,280,168,88,209,121,103,1704,114
88,105,17,87,168,81,79,127,48,97,257,160,64,455,391,96,224,128,72,496,424,112,1944,114
73,145,72,64,167,103,56,136,80,81,393,312,79,215,136,128,329,201,72,343,271,104,1832,114
87,135,48,56,169,113,64,143,79,73,233,160,72,295,223,144,320,176,80,240,160,88,1623,114
80,112,32,64,160,96,64,113,49,71,376,305,79,311,232,112,400,288,72,272,200,89,1833,114
79,128,49,63,167,104,64,120,56,64,264,200,104,344,240,89,696,607,72,304,232,88,2111,114
87,127,40,72,185,113,63,112,49,80,439,359,88,489,401,104,312,208,95,344,249,79,2087,114
80,97,17,80,176,96,64,119,55,72,393,321,79,247,168,112,296,184,73,288,215,112,1728,114
96,121,25,63,168,105,64,119,55,89,369,280,111,263,152,113,264,151,88,233,145,103,1640,114
88,128,40,72,177,105,63,120,57,87,775,688,80,208,128,120,248,128,88,232,144,96,1984,114
104,144,40,72,168,96,88,152,64,113,416,303,96,265,169,136,247,111,96,368,272,97,1857,114
89,136,47,72,160,88,88,137,49,79,369,290,102,310,208,128,297,169,95,312,217,88,1809,114
88,128,40,73,169,96,64,103,39,88,456,368,88,344,256,121,297,176,95,247,152,113,1857,114
88,136,48,64,192,128,65,96,31,104,616,512,96,304,208,112,296,184,80,424,344,96,2160,114
80,113,33,79,167,88,80,144,64,64,489,425,71,360,289,95,344,249,71,567,496,88,2272,114
95,135,40,72,160,88,64,128,64,89,489,400,79,375,296,112,265,153,87,295,208,96,1943,114
73,177,104,64,183,119,57,104,47,72,680,608,73,432,359,72,465,393,79,368,289,103,2512,114
88,144,56,56,144,88,72,136,64,97,368,271,88,281,193,111,279,168,72,392,320,80,1824,114
89,121,32,71,151,80,72,104,32,88,432,344,81,456,375,112,272,160,64,272,208,104,1912,114
112,137,25,63,160,97,72,143,71,96,417,321,71,336,265,104,223,119,64,368,304,72,1856,114
63,112,49,55,159,104,64,112,48,88,321,233,71,255,184,126,536,410,80,505,425,95,2095,114
89,185,96,55,159,104,73,144,71,64,561,497,79,1311,1232,64,112,48,64,272,208,80,2824,114
71,112,41,72,168,96,63,256,193,71,367,296,72,304,232,97,224,127,72,360,288,72,1863,114
79,80,1,79,192,113,63,127,64,89,440,351,72,240,168,88,289,201,71,456,385,79,1903,114
81,129,48,64,167,103,64,137,73,63,376,313,71,343,272,80,232,152,65,280,215,56,1720,114
56,105,49,63,152,89,80,143,63,80,329,249,71,407,336,96,256,160,72,249,177,79,1720,114
80,120,40,55,159,104,64,136,72,72,376,304,80,256,176,72,344,272,65,457,392,79,1927,114
87,143,56,72,176,104,56,128,72,80,376,296,64,264,200,89,289,200,71,303,232,72,1751,114
89,176,87,65,161,96,63,135,72,73,384,311,72,304,232,104,288,184,80,224,144,88,1760,114
63,151,88,57,161,104,56,288,232,79,664,585,63,352,289,88,223,135,48,361,313,87,2287,114
105,145,40,63,176,113,72,168,96,79,399,320,64,472,408,72,304,232,73,273,200,72,2009,114
89,145,56,64,160,96,63,127,64,80,377,297,73,311,238,96,368,272,64,328,264,96,1912,114
96,169,73,55,167,112,56,129,73,87,391,304,80,240,160,104,280,176,81,328,247,113,1817,114
96,151,55,64,152,88,72,153,81,79,383,304,88,344,256,120,392,272,72,337,265,95,2007,114
105,152,47,72,144,72,72,152,80,72,393,321,71,279,208,344,649,305,79,352,273,111,2232,114
80,120,40,58,160,102,64,120,56,96,281,185,72,255,183,152,313,161,103,295,192,120,1664,114
79,135,56,64,160,96,56,128,72,89,752,663,64,209,145,95,351,256,65,336,271,73,2144,114
88,128,40,57,152,95,72,137,65,79,351,272,64,321,257,120,335,215,72,312,240,89,1825,114
88,175,87,64,184,120,56,144,88,64,641,577,72,303,231,81,272,191,56,305,249,87,2111,114
81,129,48,55,175,120,64,136,72,72,409,337,79,232,153,111,263,152,73,280,207,89,1713,114
88,136,48,64,161,97,63,119,56,97,456,359,64,280,216,112,297,185,63,295,232,96,1840,114
104,137,33,63,199,136,64,184,120,80,512,432,72,256,184,120,216,96,65,392,327,88,1984,114
87,143,56,65,200,135,64,185,121,71,504,433,71,217,146,103,302,199,64,416,352,96,2063,114
80,135,55,72,177,105,55,111,56,65,481,416,64,247,183,88,280,192,72,384,312,96,1911,114
104,144,40,64,161,97,71,128,57,79,408,329,71,264,193,112,263,151,96,432,336,89,1889,114
105,137,32,64,160,96,63,127,64,73,433,360,56,408,352,112,415,303,72,312,240,57,2049,114
128,129,1,71,151,80,89,208,119,96,617,521,71,191,120,112,672,560,73,305,232,95,2368,114
72,128,56,65,160,95,72,120,48,88,337,249,63,663,600,136,512,376,64,257,193,88,2265,114
79,151,72,57,200,143,64,144,80,96,392,296,64,368,304,96,440,344,88,377,289,95,2167,114
87,144,57,71,175,104,65,161,96,95,487,392,88,489,401,103,207,104,65,368,303,72,2103,114
89,137,48,72,184,112,63,120,57,95,584,489,111,240,129,120,416,296,64,544,480,87,2312,114
104,159,55,64,153,89,80,167,87,73,400,327,88,321,233,111,271,160,80,265,185,119,1855,114
89,160,71,56,152,96,57,121,64,71,463,392,73,328,255,120,337,217,71,495,424,88,2144,114
71,144,73,71,176,105,48,240,192,95,367,272,88,929,841,127,303,176,72,432,360,104,2695,114
104,137,33,71,161,90,71,135,64,81,352,271,88,272,184,103,303,200,81,258,177,95,1713,114
113,114,1,87,183,96,95,128,33,111,351,240,96,321,225,135,296,161,79,399,320,96,1888,114
80,120,40,73,152,79,88,144,56,80,312,232,80,232,152,88,456,368,97,328,231,121,1865,114
96,135,39,81,168,87,96,168,72,88,336,248,96,400,304,120,520,400,73,297,224,79,2103,114
88,135,47,65,168,103,64,128,64,73,352,279,80,240,160,112,384,272,72,201,129,88,1696,114
80,160,80,80,136,56,88,423,335,65,297,232,112,232,120,64,240,176,88,424,336,71,1983,30
96,640,544,72,136,64,80,768,688,80,232,152,113,832,719,80,344,264,104,328,224,64,3344,30
128,176,48,80,264,184,80,512,432,80,320,240,113,296,183,72,352,280,113,344,231,48,2312,30
72,128,56,88,144,56,80,552,472,72,256,184,114,272,158,80,320,240,128,224,96,56,1952,30
80,168,88,72,160,88,80,264,184,81,208,127,137,416,279,64,336,272,112,248,136,64,1864,30
96,296,200,80,104,24,64,639,575,72,329,257,131,184,53,80,272,192,104,272,168,56,2152,30
80,144,64,72,120,48,88,200,112,72,392,320,128,152,24,72,400,328,128,872,744,75,2355,30
73,417,344,56,200,144,120,967,847,80,289,209,111,167,56,72,529,457,96,3528,3432,56,6153,30
104,168,64,96,144,48,96,1056,960,72,224,152,112,376,264,64,320,256,160,232,72,72,2592,30
88,144,56,64,120,56,88,248,160,96,256,160,112,352,240,64,320,256,80,280,200,72,1792,30
88,152,64,88,128,40,88,720,632,88,400,312,104,168,64,56,264,208,88,272,184,64,2168,30
88,129,41,79,135,56,80,207,127,65,1025,960,131,288,157,96,368,272,130,272,142,80,2504,30
88,152,64,88,136,48,104,264,160,89,336,247,120,208,88,72,288,216,88,288,200,72,1744,30
112,264,152,64,216,152,98,296,198,80,560,480,120,248,128,96,376,280,136,280,144,80,2320,30
80,288,208,96,208,112,104,552,448,88,689,601,135,263,128,80,289,209,95,271,176,88,2648,30
79,167,88,72,136,64,80,841,761,71,239,168,128,272,144,72,296,224,96,513,417,63,2527,30
80,216,136,72,131,59,78,333,255,65,305,240,113,215,102,65,320,255,97,729,632,64,2313,30
72,256,184,87,432,345,80,288,208,80,360,280,113,216,103,71,1008,937,103,224,121,55,2839,30
81,449,368,63,120,57,79,1776,1697,80,336,256,120,672,552,56,264,208,88,896,808,79,4592,30
86,158,72,80,144,64,88,240,152,87,263,176,137,265,128,79,311,232,121,233,112,88,1702,30
113,152,39,113,544,431,88,376,288,88,184,96,128,272,144,80,280,200,104,840,736,71,2719,30
87,272,185,56,2232,2176,80,280,200,80,344,264,114,136,22,80,200,120,104,472,368,80,4016,30
80,360,280,48,272,224,104,224,120,88,296,208,128,184,56,80,239,159,130,857,727,64,2496,30
80,200,120,80,152,72,104,346,242,78,286,208,144,416,272,80,224,144,112,240,128,88,1952,30
88,160,72,80,144,64,96,200,104,80,409,329,135,215,80,80,328,248,128,200,72,88,1744,30
87,206,119,80,120,40,80,232,152,80,424,344,120,208,88,80,360,280,104,168,64,80,1798,30
80,160,80,80,152,72,152,200,48,72,440,368,152,256,104,96,232,136,111,175,64,105,1720,30
88,136,48,88,122,34,70,230,160,96,248,152,123,488,365,104,376,272,72,152,80,104,1856,30
89,143,54,72,625,553,103,1039,936,80,208,128,114,312,198,80,449,369,127,335,208,40,3151,30
79,151,72,80,136,56,88,192,104,80,288,208,104,105,1,71,479,408,105,137,32,55,1543,30
79,201,122,67,190,123,88,185,97,71,256,185,112,240,128,71,320,249,119,192,73,79,1663,30
88,248,160,71,151,80,88,241,153,55,368,313,130,312,182,64,336,272,63,960,897,56,2672,30
88,168,80,79,128,49,79,199,120,72,337,265,130,200,70,80,392,312,127,175,48,73,1672,30
104,168,64,64,136,72,95,184,89,95,352,257,128,312,184,80,312,232,112,336,224,72,1872,30
82,165,83,51,229,178,55,255,200,80,280,200,144,192,48,72,336,264,136,184,48,64,1705,30
78,166,88,56,144,88,80,352,272,72,248,176,112,264,152,64,272,208,104,208,104,72,1726,30
87,167,80,64,130,66,70,343,273,79,311,232,128,320,192,72,312,240,104,1056,952,72,2711,30
72,151,79,81,125,44,75,539,464,80,657,577,80,680,600,80,288,208,87,192,105,80,2712,30
70,182,112,72,176,104,79,1344,1265,80,184,104,104,248,144,64,313,249,71,199,128,104,2750,30
95,183,88,80,136,56,72,344,272,88,192,104,96,336,240,72,311,239,105,241,136,104,1847,30
81,313,232,80,152,72,72,184,112,72,328,256,104,561,457,79,360,281,167,223,56,112,2233,30
88,152,64,80,184,104,88,1256,1168,104,200,96,152,360,208,80,303,223,97,201,104,114,2770,30
120,504,384,64,152,88,105,632,527,89,136,47,128,360,232,72,249,177,88,175,87,104,2312,30
87,152,65,80,112,32,79,240,161,80,184,104,159,248,89,87,280,193,79,168,89,103,1487,30
1,159,158,80,137,57,80,160,80,80,472,392,122,184,62,87,200,113,103,184,81,103,1599,30
103,183,80,72,368,296,128,1496,1368,88,224,136,104,280,176,95,448,353,128,144,16,79,3222,30
105,177,72,88,135,47,81,193,112,80,312,232,120,480,360,96,344,248,111,216,105,64,1921,30
128,214,86,74,106,32,80,256,176,88,240,152,113,288,175,88,240,152,96,96,0,7,1447,30
104,152,48,88,152,64,80,256,176,80,304,224,131,200,69,80,280,200,48,152,104,88,1584,30
88,137,49,96,126,30,81,337,256,88,232,144,128,256,128,72,248,176,87,128,41,111,1575,30
88,153,65,88,144,56,96,715,619,77,197,120,120,256,136,88,200,112,151,192,41,120,1977,30
86,126,40,88,147,59,53,173,120,80,272,192,152,216,64,80,224,144,136,176,40,88,1422,30
88,152,64,81,145,64,80,208,128,64,216,152,168,232,64,64,208,144,136,160,24,112,1433,30
72,136,64,80,122,42,86,206,120,80,176,96,152,584,432,88,344,256,96,128,32,104,1800,30
88,160,72,73,96,23,80,184,104,72,240,168,144,320,176,80,288,208,120,160,40,104,1552,30
176,296,120,96,184,88,114,608,494,72,152,80,128,504,376,72,168,96,96,368,272,104,2384,30
72,168,96,72,112,40,80,256,176,80,295,215,113,193,80,80,280,200,88,160,72,104,1568,30
103,135,32,89,122,33,86,215,129,88,312,224,104,232,128,72,271,199,89,201,112,72,1560,30
105,161,56,63,127,64,80,185,105,71,287,216,128,336,208,64,367,303,80,145,65,120,1728,30
97,186,89,71,135,64,88,185,97,83,239,156,120,273,153,79,287,208,105,169,64,88,1562,30
95,152,57,80,120,40,80,320,240,81,199,118,137,280,143,73,249,176,95,136,41,95,1551,30
80,136,56,72,112,40,80,176,96,72,280,208,112,144,32,80,280,200,96,168,72,104,1400,30
80,136,56,72,104,32,96,344,248,72,280,208,176,216,40,80,208,128,104,192,88,104,1584,30
96,160,64,64,96,32,72,232,160,80,320,240,144,176,32,80,856,776,113,1576,1463,40,3456,30
89,145,56,80,120,40,88,224,136,80,280,200,152,168,16,80,208,128,103,136,33,88,1369,30
80,136,56,80,114,34,86,214,128,88,312,224,121,160,39,88,192,104,104,136,32,113,1377,30
88,136,48,73,128,55,104,416,312,80,208,128,119,248,129,72,177,105,103,239,136,64,1616,30
102,150,48,73,103,30,89,690,601,63,471,408,128,248,120,80,184,104,88,200,112,112,2158,30
88,164,76,60,108,48,88,185,97,88,248,160,128,352,224,80,120,40,104,191,87,129,1497,30
80,184,104,72,89,17,87,343,256,96,320,224,114,264,150,72,264,192,96,120,24,128,1712,30
78,151,73,73,152,79,96,200,104,56,289,233,159,239,80,72,232,160,120,184,64,88,1535,30
72,169,97,63,119,56,81,192,111,80,305,225,151,263,112,88,289,201,121,151,30,88,1576,30
88,151,63,97,137,40,88,464,376,72,224,152,111,400,289,80,416,336,96,568,472,72,2432,30
80,168,88,56,88,32,80,296,216,80,320,240,136,240,104,64,280,216,96,128,32,72,1592,30
80,168,88,64,128,64,87,352,265,72,576,504,120,368,248,80,248,168,96,264,168,56,2160,30
80,153,73,74,111,37,104,232,128,72,328,256,96,304,208,80,272,192,96,136,40,104,1640,30
72,176,104,64,136,72,91,200,109,64,408,344,120,360,240,80,200,120,113,392,279,72,1944,30
70,150,80,64,120,56,88,248,160,64,272,208,120,232,112,72,256,184,96,160,64,120,1558,30
80,160,80,72,152,80,88,296,208,81,376,295,160,184,24,88,432,344,104,112,8,104,1816,30
88,152,64,89,136,47,88,216,128,80,360,280,144,201,57,79,167,88,80,160,80,104,1496,30
72,160,88,64,96,32,88,432,344,80,176,96,168,336,168,72,544,472,160,328,168,88,2160,30
72,184,112,72,616,544,88,928,840,72,296,224,129,208,79,56,680,624,96,160,64,88,3160,30
73,159,86,80,131,51,61,205,144,64,376,312,120,200,80,72,280,208,96,184,88,104,1639,30
80,160,80,72,152,80,88,152,64,72,432,360,136,560,424,80,240,160,104,223,119,120,2039,30
79,160,81,78,143,65,63,151,88,81,336,255,120,200,80,72,353,281,79,167,88,80,1590,30
87,175,88,96,640,544,112,232,120,88,552,464,128,521,393,79,272,193,119,247,128,96,2735,30
80,153,73,72,136,64,55,176,121,96,296,200,128,288,160,88,615,527,128,176,48,96,1936,30
88,160,72,80,144,64,104,200,96,104,367,263,64,193,129,56,184,128,128,280,152,71,1599,30
88,168,80,80,128,48,64,224,160,80,320,240,117,200,83,72,376,304,104,392,288,112,1920,30
104,168,64,80,176,96,80,160,80,72,416,344,113,144,31,80,616,536,104,800,696,80,2560,30
96,176,80,113,169,56,94,1687,1593,80,656,576,104,288,184,71,344,273,112,144,32,88,3552,30
88,168,80,64,80,16,96,736,640,72,168,96,104,1064,960,80,232,152,104,248,144,80,2776,30
96,160,64,80,120,40,72,801,729,79,239,160,120,376,256,80,384,304,160,161,1,95,2336,30
72,127,55,81,114,33,80,207,127,80,280,200,104,216,112,80,280,200,115,115,0,109,1448,30
88,152,64,80,144,64,88,240,152,72,440,368,160,512,352,80,440,360,80,217,137,87,2232,30
4,141,137,72,104,32,88,376,288,80,528,448,128,328,200,80,240,160,80,600,520,88,2405,30
80,144,64,80,131,51,69,181,112,64,352,288,136,224,88,48,336,288,88,297,209,79,1744,30
129,160,31,80,152,72,88,176,88,80,305,225,128,248,120,63,304,241,79,175,96,80,1600,30
112,168,56,80,136,56,96,400,304,79,304,225,136,192,56,64,272,208,136,247,111,105,1824,30
88,128,40,88,168,80,112,176,64,88,367,279,137,169,32,72,232,160,111,216,105,80,1536,30
88,120,32,71,131,60,77,165,88,80,1160,1080,152,256,104,64,328,264,79,160,81,88,2408,30
96,128,32,72,113,41,94,711,617,80,272,192,136,192,56,63,192,129,144,224,80,80,1912,30
104,144,40,64,120,56,80,168,88,72,268,196,140,196,56,56,184,128,88,168,80,88,1336,30
80,136,56,72,104,32,104,184,80,72,281,209,135,295,160,64,472,408,136,208,72,80,1760,30
88,120,32,88,96,8,95,720,625,80,240,160,128,320,192,72,280,208,112,168,56,96,2040,30
136,144,8,80,200,120,80,1376,1296,104,920,816,144,144,0,16,344,328,122,832,710,89,4049,30
109,110,1,119,176,57,63,184,121,88,440,352,120,160,40,80,296,216,88,136,48,88,1590,30
88,136,48,81,144,63,72,208,136,96,313,217,135,215,80,64,240,176,112,1544,1432,32,2832,30
79,143,64,80,129,49,71,159,88,88,360,272,104,105,1,71,231,160,104,136,32,72,1335,30
104,136,32,88,144,56,56,184,128,72,296,224,120,130,10,70,198,128,88,201,113,63,1352,30
88,152,64,80,152,72,56,152,96,72,282,210,142,198,56,56,272,216,72,128,56,88,1424,30
96,136,40,80,146,66,54,207,153,79,327,248,114,129,15,63,223,160,96,152,56,104,1424,30
89,144,55,80,128,48,64,240,176,80,408,328,128,280,152,72,425,353,87,111,24,80,1816,30
88,120,32,80,128,48,64,224,160,96,209,113,151,192,41,79,240,161,87,135,48,96,1344,30
96,129,33,87,135,48,72,193,121,104,224,120,112,440,328,56,264,208,63,119,56,105,1609,30
102,110,8,88,137,49,63,249,186,95,343,248,128,128,0,9,176,167,104,151,47,104,1398,30
79,113,34,87,127,40,64,192,128,80,239,159,152,192,40,81,257,176,111,176,65,104,1400,30
87,136,49,128,168,40,71,183,112,96,250,154,134,455,321,80,248,168,103,160,57,104,1704,30
113,144,31,112,152,40,72,176,104,96,248,152,136,224,88,80,296,216,96,112,16,95,1447,30
104,128,24,104,124,20,75,180,105,80,264,184,160,200,40,72,295,223,80,80,0,25,1296,30
9,152,143,71,128,57,64,192,128,80,248,168,128,192,64,80,336,256,80,120,40,96,1464,30
104,112,8,89,168,79,88,176,88,96,264,168,120,176,56,64,264,200,104,184,80,80,1424,30
113,120,7,104,160,56,80,280,200,80,336,256,116,272,156,80,272,192,72,184,112,144,1768,30
135,191,56,72,144,72,88,168,80,88,336,248,104,152,48,80,232,152,64,128,64,104,1455,30
112,120,8,96,121,25,103,167,64,88,296,208,120,120,0,9,272,263,152,328,176,88,1512,30
104,120,16,96,138,42,54,166,112,88,304,216,113,120,7,72,216,144,96,128,32,96,1288,30
96,136,40,88,120,32,80,176,96,104,281,177,127,255,128,80,384,304,104,120,16,104,1576,30
96,129,33,135,191,56,58,136,78,96,232,136,160,200,40,64,176,112,112,136,24,112,1312,30
112,120,8,129,152,23,80,176,96,80,208,128,184,240,56,80,240,160,104,128,24,88,1352,30
96,104,8,104,136,32,96,672,576,96,296,200,80,655,575,113,265,152,79,199,120,88,2415,30
137,137,0,7,175,168,88,216,128,90,232,142,136,193,57,79,248,169,103,127,24,88,1416,30
135,135,0,11,170,159,71,174,103,80,289,209,119,160,41,71,296,225,87,144,57,79,1447,30
80,120,40,79,160,81,64,248,184,87,255,168,113,161,48,72,208,136,87,119,32,72,1343,30
96,145,49,78,87,9,80,256,176,79,264,185,111,336,225,104,136,32,128,240,112,103,1567,30
105,153,48,113,144,31,87,176,89,80,250,170,94,358,264,80,152,72,79,168,89,104,1505,30
113,151,38,88,121,33,57,184,127,72,256,184,112,168,56,88,200,112,111,207,96,57,1344,30
72,136,64,64,136,72,79,168,89,72,296,224,113,136,23,64,216,152,96,136,40,104,1328,30
90,137,47,95,176,81,64,192,128,72,279,207,113,145,32,64,392,328,120,184,64,79,1584,30
87,144,57,103,159,56,89,200,111,81,489,408,120,192,72,80,224,144,96,143,47,114,1665,30
80,144,64,104,167,63,80,162,82,78,270,192,160,184,24,80,217,137,88,119,31,137,1400,30
112,152,40,120,144,24,88,512,424,63,328,265,122,392,270,80,257,177,103,151,48,119,2055,30
136,136,0,104,123,19,85,196,111,97,209,112,152,359,207,81,1369,1288,120,215,95,105,2712,30
104,128,24,88,145,57,103,231,128,65,847,782,129,553,424,72,296,224,80,128,48,80,2408,30
112,160,48,82,152,70,96,184,88,96,368,272,128,160,32,80,232,152,114,145,31,87,1488,30
128,168,40,80,168,88,64,161,97,79,312,233,119,183,64,88,313,225,79,127,48,104,1536,30
112,217,105,112,295,183,107,289,182,87,272,185,135,264,129,63,256,193,95,159,64,96,1848,30
88,169,81,87,151,64,103,455,352,72,193,121,104,391,287,81,289,208,103,184,81,103,1935,30
103,183,80,104,208,104,105,160,55,91,264,173,131,136,5,80,312,232,113,169,56,79,1511,30
88,88,0,25,136,111,80,207,127,104,176,72,136,289,153,80,248,168,113,184,71,112,1440,30
112,112,0,16,144,128,80,192,112,88,266,178,149,190,41,64,200,136,131,168,37,104,1376,30
112,153,41,111,121,10,94,222,128,96,160,64,184,232,48,88,264,176,104,175,71,105,1432,30
144,152,8,104,113,9,103,255,152,80,272,192,135,192,57,96,272,176,104,136,32,104,1496,30
144,152,8,88,120,32,88,176,88,88,288,200,56,552,496,80,272,192,80,136,56,88,1784,30
104,152,48,64,160,96,80,200,120,103,208,105,128,296,168,79,288,209,136,176,40,128,1608,30
129,176,47,64,168,104,88,248,160,80,192,112,152,288,136,64,256,192,96,192,96,96,1616,30
128,136,8,88,192,104,104,6208,6104,80,440,360,113,168,55,64,192,128,80,168,88,88,7592,30
80,129,49,103,143,40,56,192,136,72,313,241,143,159,16,80,272,192,80,123,43,120,1451,30
111,127,16,80,135,55,49,209,160,80,336,256,113,216,103,72,224,152,80,160,80,88,1495,30
102,158,56,49,83,34,61,189,128,80,888,808,113,176,63,72,256,184,88,121,33,127,1998,30
96,127,31,88,121,33,79,175,96,104,304,200,104,136,32,64,192,128,88,785,697,79,1919,30
79,135,56,96,136,40,64,257,193,112,263,151,104,552,448,80,400,320,104,152,48,88,1983,30
87,143,56,73,121,48,87,224,137,79,351,272,184,233,49,95,240,145,79,160,81,103,1575,30
104,119,15,73,120,47,88,233,145,72,384,312,103,167,64,57,545,488,104,160,56,88,1816,30
77,134,57,56,96,40,72,192,120,80,440,360,120,120,0,7,239,232,80,161,81,96,1478,30
120,136,16,104,192,88,104,184,80,80,536,456,130,178,48,78,230,152,128,248,120,88,1792,30
122,160,38,128,192,64,121,832,711,88,176,88,112,240,128,72,168,96,104,192,88,112,2072,30
97,136,39,81,120,39,80,184,104,72,344,272,167,208,41,72,384,312,88,168,80,88,1632,30
113,168,55,80,128,48,88,176,88,80,344,264,129,129,0,63,383,320,104,152,48,88,1568,30
61,117,56,64,136,72,58,184,126,88,1288,1200,128,616,488,48,280,232,88,456,368,40,3117,30
96,184,88,79,4320,4241,135,776,641,96,320,224,113,144,31,63,224,161,104,321,217,95,6384,30
80,144,64,72,160,88,129,200,71,64,280,216,104,184,80,81,184,103,88,129,41,95,1376,30
104,144,40,88,97,9,87,192,105,71,248,177,127,151,24,81,208,127,88,145,57,71,1256,30
104,127,23,73,113,40,79,375,296,120,289,169,128,192,64,56,288,232,87,136,49,87,1607,30
88,151,63,97,177,80,80,200,120,79,1016,937,103,144,41,80,280,200,88,536,448,119,2623,30
128,160,32,97,128,31,80,208,128,104,328,224,128,129,1,63,239,176,113,127,14,112,1431,30
80,136,56,90,193,103,103,303,200,56,353,297,119,383,264,80,224,144,72,152,80,104,1848,30
96,176,80,64,72,8,96,200,104,104,272,168,120,304,184,80,200,120,80,160,80,120,1504,30
128,136,8,80,112,32,89,171,82,77,245,168,112,352,240,64,2272,2208,96,376,280,64,3728,30
129,129,0,103,143,40,72,672,600,88,136,48,113,304,191,96,192,96,114,114,0,5,1695,30
106,145,39,87,129,42,86,301,215,81,369,288,120,184,64,88,240,152,111,127,16,128,1623,30
80,167,87,65,122,57,71,207,136,80,248,168,113,216,103,80,272,192,114,128,14,120,1480,30
136,192,56,114,176,62,104,296,192,72,200,128,128,456,328,88,216,128,96,177,81,103,1816,30
82,152,70,88,145,57,79,183,104,104,432,328,136,176,40,72,208,136,104,160,56,112,1568,30
88,160,72,88,176,88,80,177,97,79,319,240,160,176,16,80,232,152,120,152,32,112,1504,30
112,136,24,104,272,168,80,322,242,78,198,120,104,264,160,80,136,56,120,184,64,104,1616,30
111,559,448,40,144,104,88,312,224,80,264,184,114,336,222,88,248,160,80,128,48,56,2047,30
138,168,30,81,176,95,105,145,40,64,464,400,113,144,31,80,184,104,112,192,80,88,1561,30
88,154,66,71,126,55,63,217,154,79,303,224,132,305,173,63,311,248,96,114,18,86,1616,30
116,135,19,105,225,120,127,240,113,127,358,231,106,161,55,64,145,81,127,231,104,113,1608,30
88,144,56,80,80,0,17,376,359,79,144,65,119,304,185,80,240,160,96,184,88,103,1575,30
80,1415,1335,57,185,128,64,272,208,80,280,200,129,256,127,88,416,328,90,224,134,64,3112,30
93,133,40,80,144,64,56,304,248,80,360,280,120,152,32,80,224,144,88,264,176,39,1620,30
96,128,32,72,160,88,103,184,81,80,320,240,160,176,16,80,360,280,136,240,104,72,1640,30
80,136,56,80,160,80,64,192,128,80,288,208,112,176,64,72,175,103,89,249,160,104,1480,30
96,129,33,71,135,64,80,184,104,72,256,184,113,160,47,72,224,152,96,216,120,72,1376,30
88,112,24,56,114,58,110,758,648,80,208,128,104,224,120,56,216,160,80,240,160,96,1968,30
104,120,16,80,120,40,96,208,112,72,320,248,113,169,56,63,247,184,88,272,184,72,1528,30
72,114,42,78,136,58,101,214,113,72,336,264,128,200,72,72,131,59,110,213,103,121,1465,30
90,137,47,71,296,225,96,344,248,79,192,113,152,288,136,72,256,184,88,272,184,88,1873,30
128,144,16,96,153,57,79,223,144,72,313,241,112,311,199,104,248,144,112,272,160,64,1728,30
113,119,6,81,161,80,112,384,272,64,200,136,131,272,141,64,201,137,103,256,153,79,1672,30
96,152,56,72,128,56,80,192,112,88,321,233,128,136,8,87,200,113,79,152,73,103,1384,30
87,104,17,95,184,89,143,200,57,80,336,256,128,319,191,64,233,169,103,151,48,72,1599,30
111,167,56,64,168,104,65,513,448,80,288,208,87,880,793,79,288,209,63,248,185,119,2671,30
120,136,16,80,128,48,87,680,593,72,368,296,104,304,200,80,248,168,113,152,39,96,2112,30
104,113,9,103,135,32,90,280,190,80,256,176,113,200,87,80,368,288,104,144,40,112,1608,30
136,168,32,96,208,112,116,712,596,80,208,128,129,256,127,104,232,128,136,176,40,113,2073,30
80,120,40,80,136,56,68,240,172,80,272,192,125,136,11,80,223,143,88,169,81,120,1416,30
104,136,32,104,136,32,56,456,400,80,216,136,113,184,71,64,224,160,104,168,64,88,1608,30
112,161,49,80,88,8,96,248,152,72,296,224,123,224,101,56,160,104,72,336,264,88,1601,30
113,136,23,104,184,80,56,3240,3184,88,832,744,96,601,505,71,183,112,96,1336,1240,56,6568,30
104,120,16,96,137,41,80,184,104,96,248,152,128,144,16,80,297,217,95,159,64,104,1393,30
103,110,7,80,114,34,70,214,144,88,216,128,112,137,25,63,167,104,104,153,49,103,1214,30
104,105,1,87,143,56,80,192,112,64,193,129,119,160,41,79,175,96,104,152,48,112,1232,30
103,143,40,88,120,32,89,321,232,87,115,28,135,197,62,71,280,209,183,264,81,103,1543,30
103,136,33,103,113,10,78,255,177,79,183,104,105,136,31,80,208,128,112,144,32,88,1263,30
104,112,8,81,114,33,78,191,113,63,256,193,119,129,10,86,342,256,88,153,65,122,1419,30
88,120,32,81,95,14,81,194,113,80,256,176,104,168,64,71,184,113,128,136,8,104,1257,30
89,89,0,24,183,159,81,233,152,80,168,88,123,240,117,80,192,112,104,152,48,167,1424,30
56,56,0,8,112,104,87,224,137,80,160,80,160,224,64,64,248,184,104,120,16,72,1216,30
136,136,0,7,96,89,104,200,96,80,224,144,113,208,95,80,216,136,128,160,32,104,1344,30
104,113,9,87,119,32,80,208,128,104,281,177,112,167,55,79,280,201,128,168,40,104,1440,30
144,176,32,80,208,128,184,324,140,84,405,321,135,439,304,80,480,400,104,255,151,81,2368,30
112,120,8,80,128,48,64,184,120,80,232,152,152,208,56,88,296,208,104,136,32,80,1384,30
103,103,0,17,121,104,79,207,128,79,191,112,128,329,201,87,280,193,96,184,88,96,1511,30
126,126,0,8,104,96,80,368,288,72,136,64,144,456,312,56,152,96,128,168,40,104,1614,30
152,152,0,32,123,91,77,205,128,80,200,120,120,256,136,96,304,208,96,121,25,111,1472,30
114,144,30,88,104,16,64,208,144,80,213,133,115,123,8,72,200,128,104,144,40,128,1264,30
120,183,63,97,122,25,79,296,217,79,143,64,144,305,161,127,231,104,80,1528,1448,48,2856,30
78,187,109,93,172,79,80,192,112,88,304,216,114,176,62,80,216,136,56,113,57,111,1471,30
96,104,8,104,136,32,80,192,112,88,305,217,103,191,88,88,248,160,64,120,56,112,1408,30
122,128,6,56,104,48,56,169,113,88,264,176,113,184,71,80,280,200,80,113,33,79,1321,30
105,120,15,106,129,23,56,160,104,88,256,168,104,168,64,72,280,208,80,112,32,88,1313,30
169,169,0,31,167,136,64,168,104,97,249,152,103,327,224,96,361,265,87,127,40,96,1664,30
138,145,7,103,128,25,96,183,87,80,256,176,120,212,92,85,196,111,96,128,32,112,1360,30
105,106,1,101,118,17,104,241,137,95,192,97,143,448,305,71,207,136,97,833,736,54,2199,30
105,105,0,16,143,127,80,185,105,79,264,185,143,352,209,80,192,112,103,144,41,104,1489,30
112,120,8,95,128,33,72,176,104,71,184,113,146,240,94,79,288,209,72,152,80,56,1344,30
104,105,1,94,135,41,72,312,240,96,416,320,88,168,80,79,167,88,80,129,49,119,1551,30
64,64,0,16,177,161,72,184,112,72,463,391,97,137,40,72,200,128,88,120,32,121,1466,30
80,136,56,72,88,16,72,232,160,88,160,72,128,256,128,88,304,216,160,168,8,120,1464,30
104,120,16,96,104,8,80,216,136,80,504,424,120,592,472,80,184,104,104,144,40,128,1992,30
88,88,0,19,160,141,104,176,72,80,264,184,129,200,71,80,224,144,104,105,1,127,1344,30
104,113,9,103,120,17,63,190,127,88,249,161,135,208,73,88,248,160,88,1312,1224,136,2576,30
106,112,6,104,104,0,9,712,703,104,185,81,128,184,56,95,200,105,79,79,0,112,1688,30
120,153,33,102,131,29,84,164,80,80,208,128,143,192,49,72,216,144,103,136,33,96,1296,30
144,144,0,18,104,86,96,184,88,88,344,256,179,179,0,30,216,186,109,137,28,124,1432,30
88,128,40,131,159,28,81,185,104,168,600,432,80,944,864,104,232,128,131,192,61,88,2528,30
112,112,0,17,200,183,130,3360,3230,88,224,136,56,208,152,72,280,208,65,128,63,104,4616,30
113,128,15,96,160,64,88,175,87,81,233,152,104,176,72,81,168,87,104,144,40,104,1288,30
96,96,0,8,112,104,105,593,488,71,159,88,104,488,384,127,151,24,105,258,153,104,1961,30
120,121,1,102,110,8,96,201,105,86,258,172,158,269,111,88,176,88,131,160,29,112,1407,30
105,130,25,95,137,42,87,183,96,71,288,217,111,144,33,64,176,112,80,135,55,96,1289,30
103,113,10,94,102,8,104,241,137,80,352,272,136,168,32,88,224,136,152,152,0,128,1480,30
120,120,0,31,121,90,87,191,104,80,200,120,153,200,47,80,144,64,103,191,88,114,1281,30
88,120,32,160,175,15,104,257,153,88,176,88,151,296,145,96,432,336,128,192,64,96,1744,30
115,115,0,5,102,97,95,336,241,136,136,0,1,224,223,80,264,184,104,776,672,63,2016,30
104,104,0,38,192,154,104,216,112,103,256,153,130,279,149,81,209,128,64,135,71,88,1479,30
96,97,1,95,103,8,83,231,148,81,273,192,129,207,78,121,177,56,159,192,33,120,1400,30
114,128,14,88,104,16,89,217,128,88,1080,992,120,256,136,104,360,256,96,192,96,72,2409,30
113,122,9,71,71,0,9,255,246,80,143,63,129,193,64,88,216,128,96,113,17,87,1200,30
104,104,0,10,160,150,113,287,174,97,201,104,136,312,176,80,192,112,72,256,184,96,1608,30
96,96,0,25,104,79,90,248,158,99,448,349,128,129,1,87,199,112,96,744,648,80,2048,30
119,119,0,9,136,127,88,176,88,80,264,184,128,1015,887,73,152,79,88,185,97,113,2160,30
113,113,0,7,134,127,88,177,89,80,286,206,106,194,88,88,216,128,116,120,4,121,1361,30
113,113,0,15,273,258,128,183,55,72,297,225,128,271,143,72,176,104,104,160,56,104,1577,30
136,136,0,32,144,112,112,208,96,96,251,155,126,237,111,80,1216,1136,96,152,56,88,2432,30
168,224,56,81,192,111,112,185,73,87,480,393,120,1104,984,79,264,185,127,192,65,96,2737,30
105,106,1,162,166,4,89,200,111,81,185,104,111,184,73,114,192,78,103,232,129,103,1368,30
112,112,0,7,136,129,88,184,96,80,263,183,74,104,30,81,233,152,128,184,56,129,1345,30
127,136,9,104,136,32,80,184,104,87,200,113,136,240,104,80,256,176,113,130,17,141,1423,30
128,129,1,95,129,34,78,214,136,80,400,320,144,152,8,88,240,152,88,160,72,104,1528,30
96,96,0,23,144,121,88,200,112,80,1120,1040,104,328,224,96,216,120,88,168,80,103,2375,30
104,104,0,16,104,88,89,224,135,80,216,136,128,264,136,96,152,56,161,161,0,120,1345,30
95,104,9,112,120,8,72,200,128,79,223,144,105,138,33,70,207,137,135,200,65,104,1296,30
144,144,0,9,88,79,103,576,473,103,256,153,192,416,224,63,136,73,88,295,207,89,2000,30
112,136,24,88,136,48,88,176,88,72,258,186,102,254,152,55,256,201,96,136,40,104,1456,30
114,114,0,16,134,118,65,200,135,72,208,136,144,272,128,96,216,120,120,144,24,96,1384,30
124,164,40,84,244,160,88,272,184,96,192,96,128,320,192,80,232,152,112,112,0,11,1547,30
144,144,0,10,159,149,73,259,186,85,183,98,127,255,128,79,167,88,88,145,57,103,1415,30
104,135,31,63,1048,985,64,800,736,80,88,8,88,416,328,80,209,129,71,120,49,103,2919,30
81,81,0,16,208,192,79,160,81,63,240,177,95,255,160,72,160,88,80,168,88,72,1344,30
104,144,40,88,128,40,88,216,128,80,208,128,104,216,112,80,192,112,96,113,17,94,1311,30
104,138,34,54,79,25,95,248,153,71,175,104,104,601,497,88,239,151,80,145,65,55,1680,30
112,176,64,144,216,72,104,160,56,112,472,360,104,704,600,115,280,165,80,280,200,104,2392,30
73,127,54,88,135,47,106,202,96,104,256,152,96,952,856,136,176,40,72,216,144,72,2136,30
71,176,105,88,136,48,64,104,40,80,208,128,80,415,335,121,169,48,72,255,183,89,1552,30
88,184,96,80,120,40,88,136,48,112,568,456,88,216,128,128,303,175,89,281,192,104,1912,30
81,169,88,88,127,39,89,121,32,79,208,129,80,343,263,144,377,233,72,264,192,96,1705,30
80,224,144,96,144,48,104,184,80,104,648,544,103,304,201,184,280,96,96,184,88,176,2144,30
120,248,128,112,328,216,128,152,24,95,280,185,104,492,388,107,180,73,72,400,328,96,2176,30
96,232,136,112,544,432,88,160,72,80,384,304,96,240,144,144,216,72,88,304,216,135,2215,30
144,256,112,128,168,40,96,192,96,104,264,160,88,264,176,160,352,192,80,368,288,120,1984,30
104,216,112,105,121,16,112,168,56,88,232,144,96,208,112,168,208,40,80,256,176,112,1521,30
112,168,56,112,167,55,97,113,16,103,248,145,96,239,143,145,537,392,96,200,104,104,1776,30
80,192,112,143,145,2,127,142,15,105,225,120,104,248,144,160,208,48,95,256,161,111,1527,30
104,184,80,136,120,-16,128,144,16,88,336,248,135,203,68,189,252,63,89,305,216,119,1663,30
128,216,88,112,88,-24,144,146,2,93,206,113,112,200,88,168,296,128,104,271,167,113,1536,30
111,160,49,200,185,-15,151,152,1,111,207,96,127,328,201,136,139,3,93,277,184,95,1543,30
136,231,95,177,273,96,96,160,64,112,984,872,104,152,48,135,352,217,80,200,120,135,2487,30
113,217,104,87,89,2,95,127,32,80,199,119,89,129,40,192,312,120,80,248,168,80,1401,30
87,208,121,71,111,40,89,144,55,97,201,104,96,319,223,161,185,24,80,1048,968,104,2320,30
96,192,96,112,113,1,127,128,1,79,255,176,120,363,243,157,158,1,103,327,224,136,1672,30
96,168,72,136,160,24,136,137,1,71,223,152,128,224,96,168,391,223,89,265,176,96,1664,30
80,224,144,143,112,-31,144,167,23,65,201,136,120,744,624,143,232,89,95,384,289,112,2176,30
154,193,39,112,96,-16,111,112,1,96,248,152,120,272,152,176,177,1,95,311,216,112,1521,30
129,201,72,184,127,-57,145,147,2,102,293,191,137,241,104,144,200,56,96,304,208,112,1625,30
152,824,672,129,288,159,103,183,80,105,265,160,95,224,129,168,352,184,88,224,136,159,2519,30
144,208,64,136,96,-40,135,137,2,103,247,144,128,271,143,161,257,96,127,207,80,129,1552,30
159,232,73,120,143,23,121,124,3,69,189,120,129,256,127,144,183,39,105,185,80,135,1447,30
135,200,65,144,119,-25,121,97,-24,104,256,152,121,464,343,202,288,86,144,320,176,184,1928,30
153,177,24,168,144,-24,111,135,24,89,185,96,168,351,183,161,165,4,99,300,201,120,1577,30
97,193,96,144,112,-32,112,167,55,217,312,95,145,385,240,168,256,88,96,303,207,129,1857,30
142,191,49,112,128,16,119,121,2,111,279,168,104,592,488,175,312,137,112,223,111,145,1991,30
104,240,136,119,96,-23,136,152,16,103,232,129,128,256,128,175,178,3,78,296,218,149,1599,30
117,152,35,120,96,-24,128,129,1,87,206,119,104,304,200,161,193,32,72,206,134,138,1424,30
105,184,79,65,56,-9,137,192,55,105,216,111,120,281,161,152,207,55,89,240,151,121,1497,30
136,176,40,120,95,-25,120,122,2,95,319,224,112,232,120,151,288,137,112,216,104,104,1552,30
129,168,39,208,160,-48,113,136,23,81,233,152,136,224,88,159,239,80,104,209,105,96,1465,30
121,232,111,184,160,-24,128,129,1,118,199,81,143,272,129,144,145,1,103,183,80,152,1472,30
80,144,64,240,176,-64,168,240,72,96,183,87,168,217,49,176,264,88,104,167,63,129,1520,30
105,209,104,152,120,-32,136,176,40,96,192,96,152,319,167,305,417,112,80,216,136,136,1785,30
144,200,56,144,127,-17,129,130,1,87,199,112,144,232,88,152,153,1,95,903,808,112,2056,30
129,249,120,151,136,-15,152,128,-24,112,280,168,104,256,152,152,155,3,85,229,144,144,1577,30
144,168,24,184,160,-24,112,113,1,111,631,520,104,199,95,185,200,15,89,185,96,184,1840,30
128,249,121,144,145,1,119,143,24,87,200,113,112,223,111,217,233,16,88,208,120,120,1521,30
183,224,41,104,144,40,120,168,48,96,200,104,104,232,128,152,168,16,88,216,128,128,1480,30
137,160,23,137,169,32,96,136,40,88,215,127,97,249,152,144,335,191,104,329,225,104,1697,30
199,312,113,112,168,56,120,192,72,104,200,96,112,375,263,137,139,2,94,198,104,104,1688,30
104,168,64,145,129,-16,119,152,33,96,200,104,96,336,240,128,168,40,96,184,88,112,1449,30
120,184,64,127,192,65,128,167,39,96,161,65,96,407,311,209,337,128,112,296,184,96,1840,30
119,168,49,168,170,2,102,126,24,88,208,120,128,272,144,167,191,24,105,217,112,152,1504,30
120,200,80,136,183,47,129,144,15,120,232,112,121,289,168,168,343,175,113,256,143,97,1744,30
112,224,112,144,145,1,110,127,17,112,256,144,128,176,48,200,201,1,94,366,272,216,1711,30
97,209,112,200,351,151,73,105,32,104,304,200,88,1328,1240,112,114,2,94,198,104,103,2712,30
120,184,64,96,208,112,80,128,48,80,199,119,89,272,183,185,186,1,71,167,96,136,1480,30
152,200,48,96,239,143,57,176,119,97,241,144,80,215,135,161,450,289,111,263,152,103,1887,30
103,208,105,96,175,79,97,145,48,80,264,184,96,424,328,151,168,17,88,199,111,105,1688,30
136,199,63,89,193,104,96,128,32,96,223,127,97,305,208,175,177,2,87,215,128,120,1560,30
55,142,87,97,289,192,112,115,3,124,1069,945,80,184,104,144,264,120,103,311,208,89,2463,30
128,224,96,120,164,44,109,141,32,97,215,118,145,305,160,223,224,1,120,304,184,112,1689,30
136,184,48,161,163,2,70,134,64,128,528,400,128,584,456,176,544,368,96,143,47,137,2417,30
113,116,3,148,150,2,94,96,2,94,198,104,105,272,167,193,195,2,86,229,143,145,1401,30
112,152,40,144,120,-24,120,121,1,135,190,55,121,248,127,233,416,183,128,199,71,146,1592,30
129,176,47,177,145,-32,144,146,2,78,221,143,97,632,535,184,224,40,137,312,175,104,1960,30
136,264,128,144,224,80,121,224,103,97,808,711,153,184,31,161,200,39,89,264,175,137,2305,30
88,136,48,169,120,-49,153,155,2,78,197,119,153,472,319,121,122,1,111,270,159,98,1570,30
22,206,184,137,141,4,131,187,56,113,192,79,137,232,95,177,178,1,78,230,152,129,1495,30
161,162,1,143,145,2,101,103,2,111,182,71,128,305,177,184,167,-17,104,200,96,161,1425,30
129,176,47,193,152,-41,136,138,2,102,222,120,119,224,105,144,145,1,94,479,385,144,1680,30
136,193,57,200,264,64,135,120,-15,119,263,144,129,241,112,168,232,64,80,232,152,48,1593,30
120,122,2,182,157,-25,105,105,0,88,280,192,120,255,135,137,193,56,96,272,176,192,1576,30
103,168,65,144,168,24,104,106,2,86,262,176,120,200,80,167,255,88,97,233,136,128,1520,30
106,184,78,144,120,-24,128,160,32,176,264,88,136,240,104,176,264,88,88,120,32,152,1504,30
136,176,40,136,137,1,95,96,1,86,279,193,96,176,80,216,280,64,104,160,56,136,1440,30
136,176,40,128,149,21,124,124,0,95,214,119,113,169,56,184,185,1,78,207,129,144,1368,30
192,256,64,176,152,-24,136,137,1,175,228,53,163,364,201,215,217,2,110,398,288,160,1912,30
128,145,17,119,143,24,136,137,1,87,191,104,120,231,111,145,193,48,95,200,105,136,1376,30
103,176,73,80,56,-24,136,137,1,103,351,248,128,248,120,143,208,65,104,264,160,112,1552,30
96,192,96,104,48,-56,119,143,24,113,177,64,152,295,143,153,185,32,96,184,88,152,1376,30
95,224,129,112,128,16,88,89,1,111,199,88,112,232,120,145,216,71,96,137,41,175,1400,30
113,200,87,128,131,3,118,119,1,94,206,112,128,320,192,193,194,1,79,206,127,153,1529,30
153,192,39,113,115,2,86,117,31,144,248,104,113,240,127,177,200,23,113,240,127,169,1521,30
145,168,23,137,139,2,110,111,1,110,278,168,136,1224,1088,201,560,359,89,144,55,73,2697,30
104,161,57,150,153,3,94,96,2,95,214,119,121,280,159,145,146,1,87,214,127,161,1425,30
129,152,23,153,154,1,111,112,1,111,198,87,128,288,160,185,186,1,78,206,128,121,1417,30
112,152,40,128,104,-24,137,138,1,94,190,96,128,248,120,160,168,8,105,224,119,113,1337,30
120,168,48,121,122,1,119,120,1,103,318,215,113,184,71,144,224,80,87,239,152,112,1487,30
137,184,47,145,147,2,158,85,-73,89,304,215,105,240,135,129,768,639,97,224,127,104,2056,30
92,136,44,135,127,-8,111,113,2,72,191,119,113,264,151,128,192,64,105,256,151,97,1376,30
96,176,80,136,112,-24,105,128,23,95,200,105,136,297,161,184,351,167,160,232,72,120,1616,30
96,168,72,96,72,-24,144,145,1,95,223,128,128,616,488,153,2520,2367,113,115,2,109,3968,30
87,160,73,152,153,1,104,105,1,94,198,104,104,224,120,145,168,23,89,240,151,128,1376,30
131,160,29,232,272,40,112,114,2,95,190,95,129,392,263,152,155,3,77,237,160,114,1634,30
129,144,15,104,152,48,80,128,48,96,216,120,96,176,80,184,256,72,112,264,152,88,1424,30
120,160,40,136,138,2,118,134,16,112,232,120,104,200,96,176,248,72,105,224,119,104,1440,30
122,168,46,192,176,-16,121,122,1,111,190,79,120,232,112,160,232,72,96,144,48,144,1408,30
160,216,56,97,48,-49,136,138,2,103,198,95,112,176,64,184,256,72,104,208,104,120,1360,30
97,128,31,121,161,40,87,95,8,96,216,120,112,336,224,176,178,2,102,286,184,105,1505,30
105,184,79,73,184,111,73,96,23,104,224,120,81,272,191,136,137,1,63,167,104,136,1400,30
96,168,72,96,192,96,64,112,48,96,208,112,104,272,168,128,216,88,88,288,200,48,1504,30
97,136,39,120,159,39,113,185,72,104,200,96,97,224,127,144,200,56,96,176,80,96,1376,30
121,152,31,88,552,464,88,112,24,96,1104,1008,104,160,56,120,248,128,72,160,88,96,2584,30
89,160,71,113,168,55,89,96,7,88,216,128,112,272,160,144,149,5,67,211,144,88,1360,30
78,143,65,104,128,24,103,105,2,95,183,88,88,256,168,152,176,24,80,208,128,112,1311,30
128,160,32,112,152,40,128,129,1,95,207,112,104,560,456,152,272,120,96,168,72,128,1776,30
112,128,16,73,216,143,72,160,88,80,376,296,64,249,185,79,648,569,63,287,224,56,2120,19
103,135,32,80,248,168,64,296,232,80,392,312,80,240,160,72,976,904,80,265,185,55,2607,19
128,145,17,71,288,217,79,263,184,64,440,376,80,249,169,55,680,625,71,143,72,72,2280,19
129,152,23,64,616,552,64,408,344,88,1008,920,56,280,224,88,521,433,79,208,129,63,3256,19
96,128,32,56,216,160,57,169,112,63,590,527,73,250,177,55,367,312,64,232,168,64,2016,19
103,120,17,79,239,160,64,160,96,72,921,849,79,191,112,56,704,648,64,216,152,57,2608,19
135,151,16,72,239,167,81,225,144,80,449,369,79,279,200,72,528,456,56,353,297,63,2287,19
176,208,32,81,248,167,80,257,177,55,543,488,80,520,440,56,297,241,63,438,375,73,2584,19
6568,6593,25,79,351,272,80,216,136,80,416,336,88,416,328,104,496,392,72,136,64,81,8705,19
3176,3184,8,72,272,200,80,185,105,64,535,471,72,289,217,71,519,448,80,704,624,64,5752,19
7938,7960,22,56,464,408,89,360,271,72,464,392,72,448,376,80,336,256,80,192,112,64,10288,19
7736,7766,30,72,264,192,74,224,150,64,616,552,72,1088,1016,88,569,481,79,231,152,64,10822,19
8240,8279,39,88,368,280,64,296,232,96,1184,1088,87,200,113,88,384,296,104,208,104,56,10975,19
8088,8128,40,71,231,160,88,184,96,64,496,432,80,344,264,72,808,736,72,184,112,56,10431,19
7264,7288,24,80,292,212,68,380,312,72,600,528,80,280,200,72,504,432,88,152,64,72,9568,19
7392,7424,32,80,272,192,80,240,160,64,513,449,71,391,320,56,720,664,88,200,112,71,9831,19
7864,7895,31,72,305,233,79,343,264,64,424,360,80,288,208,88,552,464,80,160,80,64,10031,19
7912,7945,33,63,351,288,80,288,208,64,456,392,80,1016,936,96,480,384,88,304,216,72,10912,19
7928,7961,33,79,263,184,88,176,88,66,287,221,81,433,352,88,296,208,72,328,256,64,9808,19
6987,7027,40,73,272,199,72,201,129,63,567,504,80,504,424,80,225,145,111,295,184,64,9155,19
6905,6937,32,103,263,160,80,936,856,104,312,208,88,992,904,56,592,536,88,192,104,73,10297,19
5905,5920,15,113,472,359,80,304,224,80,754,674,86,462,376,56,344,288,73,224,151,64,8544,19
6984,7016,32,72,321,249,71,519,448,56,416,360,80,400,320,80,568,488,88,160,72,80,9480,19
8336,8373,37,76,211,135,88,225,137,63,447,384,72,352,280,64,377,313,79,190,111,73,10248,19
7015,7047,32,81,258,177,79,200,121,55,471,416,88,288,200,72,392,320,64,224,160,64,8944,19
6361,6368,7,96,400,304,56,264,208,56,496,440,80,496,416,80,192,112,80,313,233,71,8600,19
7136,7164,28,100,260,160,72,248,176,64,416,352,104,256,152,72,448,376,64,240,176,64,9096,19
6544,6576,32,80,216,136,88,184,96,64,264,200,80,313,233,79,247,168,64,273,209,71,8144,19
5269,5285,16,88,272,184,104,204,100,76,708,632,88,376,288,80,600,520,80,152,72,64,7661,19
6016,6064,48,81,248,167,80,497,417,86,343,257,80,240,160,73,280,207,40,272,232,56,8000,19
13279,13294,15,80,256,176,80,256,176,80,480,400,80,304,224,72,416,344,80,184,104,64,15254,19
12536,12561,25,88,263,175,79,247,168,64,401,337,96,688,592,72,288,216,80,232,152,80,14760,19
6122,6147,25,85,310,225,71,159,88,66,392,326,80,288,208,80,328,248,89,216,127,64,7904,19
6624,6648,24,112,544,432,72,272,200,56,288,232,88,440,352,96,1056,960,72,168,96,80,9496,19
13072,13105,33,87,271,184,72,184,112,65,376,311,80,848,768,64,169,105,71,520,449,86,15559,19
6728,6760,32,96,376,280,72,272,200,64,352,288,80,336,256,48,200,152,80,296,216,72,8664,19
6985,7008,23,104,353,249,87,264,177,71,448,377,79,663,584,74,208,134,80,320,240,80,9344,19
6808,6848,40,104,354,250,62,198,136,64,625,561,87,271,184,80,360,280,72,424,352,72,9152,19
6920,6952,32,80,411,331,61,181,120,80,600,520,80,320,240,64,400,336,72,472,400,88,9424,19
6952,7000,48,80,232,152,88,352,264,72,344,272,88,536,448,80,720,640,64,200,136,80,9464,19
7512,7561,49,79,335,256,80,297,217,63,519,456,88,472,384,88,664,576,56,168,112,80,10096,19
7664,7712,48,80,456,376,72,232,160,80,440,360,80,328,248,80,664,584,64,248,184,80,10160,19
7112,7152,40,88,344,256,80,137,57,81,271,190,72,432,360,88,1433,1345,71,151,80,56,9976,19
7608,7649,41,79,279,200,80,248,168,72,503,431,81,313,232,72,464,392,80,184,104,80,9720,19
7520,7553,33,95,287,192,88,185,97,80,431,351,88,256,168,87,440,353,80,208,128,64,9424,19
6440,6488,48,80,400,320,80,336,256,72,520,448,80,360,280,96,536,440,88,168,80,64,8872,19
8824,8865,41,87,319,232,64,120,56,64,568,504,80,344,264,80,416,336,72,192,120,72,10896,19
6905,6950,45,107,403,296,56,353,297,71,479,408,80,600,520,64,224,160,80,200,120,64,9273,19
7040,7073,33,79,479,400,104,248,144,72,1328,1256,80,240,160,64,361,297,79,319,240,80,10128,19
8062,8086,24,104,372,268,76,276,200,80,408,328,64,216,152,80,432,352,80,280,200,80,10150,19
7592,7623,31,97,274,177,63,143,80,72,560,488,80,264,184,80,320,240,64,216,152,80,9480,19
7872,7904,32,120,448,328,72,208,136,64,624,560,64,288,224,88,424,336,64,272,208,56,10224,19
8408,8426,18,118,318,200,80,176,96,80,384,304,72,560,488,72,296,224,88,216,128,80,10456,19
7296,7329,33,95,271,176,72,152,80,88,487,399,64,273,209,72,432,360,48,296,248,80,9320,19
6736,6760,24,120,368,248,71,248,177,64,856,792,80,376,296,56,648,592,56,130,74,70,9456,19
7872,7899,27,101,318,217,63,143,80,72,512,440,56,336,280,72,424,352,56,160,104,80,9872,19
8078,8117,39,104,280,176,64,136,72,71,528,457,72,224,152,48,376,328,72,200,128,72,9933,19
6504,6544,40,88,344,256,95,295,200,65,440,375,58,232,174,64,1552,1488,80,168,88,58,9633,19
8112,8136,24,89,272,183,56,432,376,56,416,360,48,184,136,72,529,457,71,287,216,80,10336,19
8562,8592,30,97,296,199,80,576,496,88,432,344,72,208,136,64,375,311,81,289,208,72,10840,19
7537,7568,31,96,312,216,80,188,108,68,524,456,88,600,512,72,584,512,64,272,208,72,10120,19
6952,6984,32,112,288,176,80,160,80,72,352,280,80,248,168,72,984,912,80,408,328,64,9488,19
9232,9256,24,104,320,216,88,192,104,64,488,424,64,280,216,80,400,320,48,360,312,96,11392,19
8384,8408,24,120,304,184,80,168,88,80,336,256,64,368,304,80,944,864,88,160,72,56,10744,19
6408,6432,24,112,296,184,80,186,106,56,374,318,80,200,120,64,400,336,80,352,272,80,8320,19
6448,6466,18,105,502,397,56,256,200,64,992,928,56,488,432,40,176,136,64,320,256,80,9280,19
6744,6752,8,88,256,168,80,167,87,64,345,281,96,296,200,80,224,144,80,480,400,56,8576,19
6631,6671,40,80,352,272,81,616,535,64,256,192,80,408,328,32,1496,1464,72,168,96,56,10023,19
7681,7705,24,88,280,192,56,136,80,64,424,360,96,272,176,72,320,248,64,296,232,72,9505,19
7816,7824,8,96,351,255,72,208,136,73,705,632,104,216,112,80,408,328,64,264,200,80,10056,19
6456,6464,8,106,280,174,80,216,136,80,336,256,88,272,184,64,352,288,64,200,136,80,8200,19
6376,6401,25,95,274,179,62,245,183,80,328,248,64,232,168,80,328,248,64,232,168,64,8104,19
5472,5503,31,96,296,200,80,208,128,66,319,253,56,1105,1049,88,672,584,104,208,104,80,8391,19
7128,7168,40,80,896,816,64,160,96,80,1328,1248,64,944,880,56,720,664,64,160,96,64,11440,19
8824,8864,40,72,248,176,77,176,99,80,448,368,72,352,280,72,270,198,50,218,168,80,10656,19
8432,8464,32,88,232,144,64,168,104,84,440,356,72,408,336,56,864,808,64,128,64,80,10784,19
13768,13776,8,80,272,192,64,256,192,64,1008,944,88,248,160,80,880,800,80,168,88,72,16680,19
26017,26035,18,100,260,160,74,273,199,72,664,592,128,256,128,32,288,256,80,272,192,72,28120,19
22257,22269,12,100,347,247,72,160,88,64,1232,1168,72,328,256,48,352,304,65,272,207,72,25032,19
22727,22728,1,103,295,192,72,160,88,65,537,472,72,424,352,56,488,432,80,248,168,64,24944,19
150,130,-20,68,396,328,80,136,56,80,392,312,72,264,192,80,4400,4320,71,392,321,80,6190,19
80,56,-24,88,320,232,88,128,40,80,480,400,80,400,320,64,295,231,81,273,192,64,2016,19
119,113,-6,119,271,152,80,144,64,64,416,352,80,415,335,89,329,240,80,312,232,56,2056,19
97,72,-25,96,280,184,72,104,32,73,520,447,72,472,400,64,272,208,80,231,151,73,2024,19
128,104,-24,113,296,183,80,136,56,72,448,376,64,328,264,64,416,352,56,224,168,71,2023,19
137,121,-16,87,262,175,65,121,56,72,408,336,72,383,311,64,265,201,80,280,200,72,1912,19
128,120,-8,112,288,176,63,159,96,64,585,521,56,264,208,56,312,256,64,224,160,64,2016,19
146,120,-26,113,264,151,64,152,88,80,448,368,64,264,200,56,408,352,80,208,128,72,1936,19
152,132,-20,110,260,150,64,153,89,87,399,312,72,424,352,72,328,256,72,216,144,80,1992,19
123,92,-31,112,264,152,64,129,65,71,671,600,80,200,120,56,544,488,72,136,64,80,2116,19
152,128,-24,112,232,120,88,144,56,80,344,264,80,248,168,80,328,248,64,224,160,80,1728,19
144,113,-31,111,311,200,80,160,80,64,416,352,72,695,623,65,169,104,80,256,176,80,2200,19
128,104,-24,112,264,152,64,176,112,72,8705,8633,63,703,640,72,296,224,64,240,176,56,10544,19
119,85,-34,88,272,184,80,113,33,71,431,360,72,456,384,64,784,720,80,208,128,72,2421,19
153,152,-1,96,208,112,64,121,57,71,927,856,56,161,105,63,376,313,71,199,128,72,2216,19
128,104,-24,104,249,145,71,128,57,71,1543,1472,88,609,521,71,327,256,80,233,153,64,3257,19
142,123,-19,108,220,112,73,129,56,79,456,377,79,255,176,80,288,208,80,208,128,64,1743,19
160,128,-32,103,223,120,80,153,73,79,640,561,79,216,137,80,328,248,71,648,577,80,2416,19
159,128,-31,111,1512,1401,56,208,152,64,376,312,63,344,281,56,312,256,88,176,88,103,3159,19
143,120,-23,112,257,145,56,152,96,64,371,307,76,261,185,87,360,273,71,232,161,71,1824,19
144,104,-40,128,312,184,79,176,97,80,368,288,72,696,624,80,208,128,64,344,280,72,2280,19
169,160,-9,96,1304,1208,64,368,304,56,544,488,64,400,336,64,784,720,80,192,112,64,3816,19
143,127,-16,104,280,176,64,144,80,64,328,264,72,440,368,80,208,128,72,208,136,56,1791,19
160,129,-31,112,287,175,56,128,72,80,728,648,80,704,624,56,232,176,64,360,296,80,2648,19
151,120,-31,111,272,161,64,183,119,72,534,462,50,395,345,64,488,424,64,280,216,64,2336,19
161,128,-33,104,304,200,72,151,79,65,513,448,72,152,80,96,384,288,80,200,120,80,1912,19
161,128,-33,113,273,160,56,168,112,64,680,616,80,896,816,48,944,896,56,144,88,88,3321,19
162,136,-26,112,248,136,56,144,88,80,288,208,64,808,744,72,304,232,80,264,184,80,2272,19
176,152,-24,104,264,160,56,210,154,74,1662,1588,72,312,240,72,544,472,64,144,80,64,3352,19
145,120,-25,104,232,128,64,136,72,72,480,408,64,240,176,64,336,272,64,224,160,72,1840,19
139,121,-18,104,383,279,64,152,88,80,488,408,80,288,208,56,328,272,64,216,152,72,2048,19
128,96,-32,120,281,161,87,176,89,79,1382,1303,72,184,112,65,898,833,71,271,200,56,3344,19
144,105,-39,111,240,129,63,167,104,64,416,352,80,495,415,81,193,112,72,257,185,71,1944,19
151,120,-31,119,240,121,71,168,97,71,1055,984,64,585,521,71,184,113,79,216,137,63,2631,19
152,152,0,119,648,529,71,168,97,79,464,385,63,272,209,72,432,360,63,304,241,80,2520,19
176,137,-39,122,279,157,65,152,87,92,913,821,80,223,143,81,264,183,72,328,256,73,2369,19
136,95,-41,136,290,154,54,231,177,72,560,488,56,192,136,104,360,256,64,200,136,80,2008,19
144,112,-32,119,305,186,55,118,63,81,480,399,64,321,257,71,360,289,72,256,184,64,2016,19
169,132,-37,110,253,143,64,144,80,63,600,537,96,200,104,80,400,320,72,256,184,88,2073,19
143,128,-15,112,256,144,63,136,73,88,424,336,80,176,96,80,336,256,72,264,192,72,1792,19
167,144,-23,113,240,127,80,177,97,55,503,448,56,168,112,80,472,392,48,224,176,80,2008,19
144,120,-24,128,281,153,55,351,296,64,1480,1416,56,128,72,64,496,432,64,224,160,64,3144,19
128,112,-16,104,256,152,56,152,96,64,536,472,64,256,192,64,248,184,32,264,232,64,1888,19
128,104,-24,96,250,154,78,158,80,56,376,320,56,184,128,96,272,176,72,216,144,64,1624,19
112,104,-8,120,216,96,64,152,88,79,480,401,64,208,144,80,393,313,71,199,128,112,1864,19
146,113,-33,127,311,184,72,176,104,64,839,775,56,216,160,89,393,304,80,192,112,80,2320,19
112,104,-8,112,248,136,56,144,88,72,376,304,56,208,152,88,344,256,64,216,152,56,1696,19
129,128,-1,104,273,169,55,223,168,64,544,480,64,176,112,88,264,176,72,200,128,72,1880,19
168,136,-32,104,240,136,72,152,80,80,304,224,80,216,136,104,409,305,79,231,152,72,1760,19
137,120,-17,96,256,160,80,152,72,80,328,248,56,208,152,114,288,174,64,288,224,88,1728,19
128,113,-15,103,272,169,71,143,72,64,416,352,56,232,176,80,344,264,56,208,152,64,1792,19
127,112,-15,120,409,289,71,167,96,80,672,592,64,201,137,79,351,272,56,216,160,105,2233,19
128,96,-32,104,216,112,80,208,128,56,544,488,64,216,152,72,249,177,55,295,240,104,1928,19
131,136,5,104,248,144,73,176,103,56,464,408,56,280,224,72,185,113,55,407,352,90,1986,19
153,135,-18,114,249,135,55,168,113,72,359,287,64,273,209,72,263,191,80,417,337,63,1927,19
114,81,-33,135,311,176,72,161,89,71,936,865,55,1168,1113,87,375,288,65,217,152,79,3328,19
131,112,-19,127,232,105,71,151,80,80,401,321,63,200,137,80,279,199,56,304,248,80,1759,19
143,120,-23,111,216,105,55,152,97,56,256,200,64,304,240,79,216,137,64,320,256,64,1648,19
151,120,-31,120,216,96,80,152,72,64,352,288,87,304,217,103,360,257,55,200,145,80,1784,19
145,119,-26,136,266,130,54,407,353,72,632,560,72,1320,1248,72,1584,1512,64,176,112,64,4568,19
120,128,8,112,344,232,56,176,120,71,520,449,88,240,152,64,487,423,57,201,144,64,2160,19
152,128,-24,104,352,248,80,176,96,88,416,328,56,520,464,72,360,288,80,304,224,88,2344,19
153,136,-17,96,280,184,80,176,96,81,216,135,56,264,208,8,488,480,80,160,80,88,1808,19
144,120,-24,128,328,200,56,208,152,64,432,368,72,192,120,72,424,352,80,184,104,80,1968,19
145,130,-15,150,278,128,73,232,159,88,320,232,64,192,128,96,352,256,80,208,128,56,1768,19
136,104,-32,121,248,127,56,136,80,72,480,408,64,160,96,88,248,160,56,176,120,88,1640,19
134,100,-34,128,232,104,64,120,56,72,312,240,80,480,400,80,144,64,96,280,184,88,1756,19
144,112,-32,119,279,160,56,185,129,80,384,304,64,240,176,72,209,137,63,215,152,89,1713,19
136,104,-32,128,304,176,72,249,177,79,359,280,64,264,200,104,320,216,56,288,232,88,1976,19
153,132,-21,93,221,128,64,105,41,79,567,488,80,408,328,64,249,185,71,159,88,80,1921,19
159,119,-40,121,265,144,55,151,96,88,504,416,56,176,120,96,424,328,80,176,96,80,1895,19
167,136,-31,135,264,129,79,191,112,128,305,177,63,200,137,103,320,217,71,208,137,79,1703,19
135,104,-31,119,272,153,79,672,593,95,368,273,79,192,113,95,352,257,64,208,144,80,2248,19
135,88,-47,127,280,153,72,688,616,88,272,184,80,280,200,104,360,256,80,223,143,96,2287,19
152,104,-48,120,288,168,64,240,176,88,504,416,71,432,361,64,200,136,71,280,209,56,2104,19
145,113,-32,96,224,128,48,151,103,73,553,480,72,208,136,88,400,312,64,320,256,80,2049,19
147,120,-27,104,240,136,64,124,60,71,436,365,56,168,112,115,352,237,64,160,96,96,1696,19
128,80,-48,111,272,161,64,167,103,64,433,369,56,152,96,88,544,456,72,184,112,80,1912,19
128,96,-32,112,225,113,65,135,70,72,392,320,56,128,72,88,440,352,40,232,192,80,1728,19
128,103,-25,104,250,146,62,174,112,72,695,623,72,200,128,72,377,305,64,224,160,96,2119,19
113,80,-33,96,264,168,72,144,72,72,304,232,64,176,112,104,328,224,80,208,128,80,1584,19
119,104,-15,120,248,128,72,176,104,80,392,312,120,272,152,88,352,264,80,208,128,64,1816,19
136,104,-32,144,232,88,91,184,93,72,376,304,64,167,103,89,305,216,72,200,128,87,1655,19
152,112,-40,130,252,122,76,163,87,80,328,248,64,184,120,81,481,400,80,168,88,80,1768,19
135,104,-31,104,256,152,96,208,112,64,216,152,72,200,128,72,360,288,64,176,112,96,1616,19
144,104,-40,129,264,135,80,168,88,80,280,200,56,880,824,88,576,488,56,224,168,80,2576,19
155,128,-27,112,272,160,56,144,88,80,520,440,72,152,80,80,1040,960,88,288,200,72,2616,19
201,184,-17,72,248,176,48,179,131,53,629,576,56,616,560,56,1184,1128,64,224,160,80,3344,19
120,96,-24,104,291,187,57,165,108,80,312,232,72,385,313,79,223,144,56,168,112,80,1720,19
128,112,-16,119,272,153,63,127,64,80,624,544,80,200,120,64,304,240,72,200,128,56,1895,19
168,136,-32,127,240,113,55,183,128,97,850,753,78,1575,1497,95,538,443,61,486,425,79,4087,19
135,112,-23,128,288,160,64,136,72,79,344,265,71,303,232,96,265,169,63,192,129,80,1720,19
153,112,-41,144,297,153,72,160,88,80,408,328,80,184,104,104,360,256,63,192,129,88,1801,19
168,136,-32,136,256,120,64,152,88,88,384,296,80,223,143,90,873,783,80,160,80,88,2272,19
184,152,-32,112,264,152,80,176,96,80,432,352,80,240,160,104,344,240,64,232,168,80,1920,19
89,128,39,105,393,288,64,122,58,78,439,361,79,895,816,72,161,89,64,287,223,80,2505,19
128,154,26,88,222,134,64,144,80,72,224,152,88,393,305,64,144,80,71,287,216,88,1656,19
113,143,30,72,233,161,71,128,57,88,319,231,88,193,105,79,224,145,63,439,376,81,1760,19
87,123,36,92,244,152,72,113,41,71,239,168,87,216,129,95,232,137,55,224,169,71,1462,19
135,167,32,56,176,120,80,145,65,80,440,360,72,200,128,111,280,169,64,248,184,87,1743,19
137,152,15,89,217,128,80,128,48,87,272,185,80,152,72,88,326,238,59,171,112,70,1488,19
112,145,33,71,207,136,72,128,56,64,209,145,64,151,87,89,241,152,72,200,128,88,1369,19
120,152,32,80,176,96,65,130,65,71,238,167,81,177,96,88,256,168,64,360,296,104,1593,19
106,138,32,120,239,119,71,113,42,71,255,184,56,136,80,104,408,304,56,176,120,88,1553,19
128,160,32,73,232,159,63,131,68,77,285,208,72,152,80,104,248,144,64,256,192,72,1536,19
80,113,33,103,263,160,80,184,104,64,184,120,80,208,128,88,248,160,64,208,144,87,1495,19
128,152,24,88,240,152,56,144,88,64,208,144,92,200,108,88,200,112,72,256,184,80,1480,19
112,151,39,83,257,174,72,168,96,88,512,424,80,871,791,80,945,865,56,264,208,80,3248,19
129,151,22,89,193,104,81,137,56,79,527,448,80,200,120,104,224,120,72,280,208,80,1792,19
102,125,23,97,233,136,64,136,72,72,320,248,80,216,136,96,200,104,72,759,687,89,2078,19
104,136,32,88,192,104,64,144,80,72,304,232,63,159,96,88,481,393,72,152,80,72,1640,19
128,160,32,72,216,144,88,168,80,67,320,253,64,184,120,88,272,184,72,200,128,72,1592,19
136,152,16,106,200,94,64,168,104,72,225,153,65,167,102,72,272,200,48,208,160,64,1456,19
136,168,32,80,176,96,80,160,80,80,232,152,64,168,104,96,248,152,64,224,160,72,1448,19
104,136,32,104,472,368,64,120,56,72,1008,936,72,240,168,64,712,648,96,200,104,112,3000,19
128,144,16,104,264,160,32,168,136,72,232,160,65,192,127,80,224,144,39,200,161,64,1488,19
155,177,22,96,728,632,55,536,481,79,727,648,64,168,104,64,192,128,64,304,240,80,2912,19
111,128,17,103,239,136,58,160,102,80,344,264,56,177,121,87,487,400,64,192,128,89,1816,19
129,155,26,86,198,112,56,135,79,72,225,153,80,192,112,87,319,232,32,216,184,72,1512,19
121,152,31,105,233,128,64,161,97,79,272,193,79,184,105,88,703,615,72,161,89,79,1945,19
136,153,17,104,208,104,63,144,81,71,217,146,62,183,121,87,184,97,72,192,120,71,1352,19
131,146,15,94,175,81,72,176,104,71,224,153,88,192,104,87,215,128,80,209,129,56,1393,19
128,151,23,104,265,161,95,319,224,88,273,185,80,208,128,96,792,696,71,144,73,80,2232,19
111,144,33,95,256,161,87,171,84,76,381,305,95,216,121,104,200,96,63,184,121,80,1632,19
111,126,15,105,768,663,57,201,144,80,472,392,56,184,128,88,192,104,64,224,160,80,2247,19
136,151,15,89,218,129,80,151,71,80,272,192,56,175,119,89,297,208,80,240,160,72,1576,19
88,128,40,96,464,368,104,224,120,62,808,746,56,160,104,72,872,800,40,192,152,64,2912,19
128,135,7,113,249,136,80,152,72,72,400,328,64,200,136,104,280,176,72,208,136,80,1704,19
112,151,39,89,241,152,80,136,56,72,496,424,72,192,120,104,200,96,64,192,128,72,1680,19
152,192,40,89,192,103,64,144,80,72,296,224,40,184,144,104,224,120,72,200,128,72,1504,19
114,161,47,80,184,104,64,160,96,80,304,224,64,152,88,112,312,200,88,256,168,72,1601,19
114,144,30,81,208,127,65,168,103,80,264,184,80,208,128,107,248,141,80,216,136,88,1544,19
88,128,40,64,176,112,80,152,72,71,304,233,88,176,88,88,288,200,40,184,144,72,1480,19
104,144,40,80,185,105,80,136,56,72,336,264,80,216,136,88,680,592,56,561,505,118,2376,19
120,129,9,110,287,177,32,240,208,104,336,232,64,176,112,80,248,168,64,152,88,72,1640,19
80,136,56,80,168,88,72,208,136,72,256,184,56,152,96,104,256,152,64,160,96,64,1400,19
88,113,25,127,199,72,72,184,112,64,192,128,72,201,129,79,295,216,56,417,361,55,1656,19
88,129,41,103,183,80,72,161,89,79,280,201,71,175,104,104,233,129,79,207,128,104,1472,19
104,160,56,96,225,129,79,200,121,63,759,696,88,200,112,80,480,400,72,200,128,64,2288,19
103,143,40,112,177,65,79,192,113,68,511,443,88,248,160,96,256,160,104,216,112,64,1807,19
87,143,56,104,225,121,71,135,64,80,336,256,64,200,136,89,225,136,79,351,272,64,1679,19
88,143,55,88,161,73,71,171,100,76,245,169,79,200,121,87,264,177,56,184,128,71,1439,19
96,136,40,96,152,56,88,167,79,81,313,232,80,176,96,79,344,265,87,208,121,80,1576,19
129,153,24,88,192,104,64,168,104,72,232,160,79,200,121,104,256,152,56,184,128,72,1457,19
104,127,23,97,160,63,73,185,112,80,208,128,64,168,104,80,240,160,72,176,104,79,1343,19
87,119,32,96,177,81,72,152,80,80,1024,944,64,151,87,57,265,208,87,232,145,64,2184,19
87,144,57,104,168,64,64,192,128,72,207,135,72,216,144,56,505,449,56,152,96,64,1648,19
81,137,56,104,184,80,64,161,97,79,207,128,79,168,89,79,743,664,72,153,81,72,1825,19
112,151,39,89,321,232,80,456,376,72,592,520,64,392,328,56,224,168,80,722,642,54,2912,19
132,144,12,112,216,104,56,152,96,72,208,136,64,192,128,72,344,272,56,183,127,65,1504,19
104,136,32,96,192,96,72,152,80,80,432,352,80,208,128,72,272,200,64,151,87,81,1624,19
129,160,31,91,176,85,80,152,72,72,328,256,80,368,288,112,240,128,64,240,176,64,1728,19
96,127,31,105,233,128,56,136,80,80,304,224,64,208,144,64,570,506,46,718,672,72,2368,19
104,160,56,88,192,104,56,152,96,72,640,568,72,192,120,80,232,152,64,168,104,72,1808,19
104,145,41,95,199,104,56,153,97,79,535,456,72,136,64,88,400,312,56,160,104,88,1816,19
130,137,7,95,182,87,64,161,97,80,304,224,80,184,104,104,280,176,48,160,112,80,1488,19
112,160,48,96,192,96,64,176,112,80,672,592,96,232,136,88,688,600,48,160,112,64,2344,19
112,160,48,96,176,80,80,168,88,96,274,178,70,182,112,104,240,136,88,168,80,64,1432,19
104,140,36,100,220,120,80,176,96,56,320,264,56,240,184,88,208,120,96,176,80,72,1552,19
104,136,32,88,153,65,87,223,136,80,248,168,64,176,112,88,592,504,88,152,64,64,1744,19
136,176,40,81,136,55,80,183,103,73,209,136,88,192,104,96,392,296,64,168,104,72,1528,19
96,136,40,88,120,32,90,185,95,71,199,128,80,208,128,88,248,160,80,624,544,64,1784,19
120,151,31,81,136,55,88,192,104,72,176,104,80,217,137,95,231,136,80,200,120,89,1392,19
113,145,32,79,135,56,73,176,103,80,160,80,72,248,176,96,272,176,88,216,128,64,1416,19
119,136,17,96,304,208,79,160,81,55,543,488,80,240,160,65,401,336,63,192,129,79,2055,19
145,168,23,90,209,119,47,176,129,79,215,136,72,209,137,63,744,681,79,576,497,55,2352,19
80,127,47,81,176,95,73,185,112,80,336,256,88,200,112,79,256,177,87,167,80,65,1512,19
120,151,31,81,129,48,104,200,96,72,704,632,80,176,96,80,216,136,88,175,87,81,1832,19
102,157,55,81,1401,1320,72,224,152,56,1119,1063,81,209,128,64,464,400,72,208,136,71,3853,19
111,137,26,85,214,129,56,136,80,64,368,304,80,199,119,89,385,296,64,176,112,64,1679,19
136,176,40,80,456,376,64,192,128,56,624,568,72,711,639,105,177,72,80,720,640,72,3128,19
120,160,40,81,176,95,80,393,313,79,327,248,80,215,135,88,201,113,88,192,104,72,1736,19
88,137,49,79,303,224,80,240,160,88,216,128,80,312,232,96,192,96,80,200,120,72,1672,19
120,160,40,88,176,88,96,200,104,80,264,184,80,224,144,120,280,160,80,752,672,64,2120,19
128,192,64,80,208,128,80,312,232,80,384,304,80,216,136,88,256,168,104,168,64,80,1816,19
113,176,63,88,192,104,112,256,144,72,264,192,80,216,136,96,304,208,104,176,72,56,1640,19
88,144,56,80,168,88,103,184,81,56,176,120,88,200,112,88,248,160,88,176,88,72,1368,19
128,160,32,88,152,64,123,184,61,72,152,80,96,216,120,96,225,129,104,176,72,64,1329,19
104,161,57,71,175,104,104,177,73,64,296,232,104,472,368,80,209,129,95,264,169,72,1826,19
136,168,32,89,170,81,86,175,89,56,256,200,104,200,96,112,240,128,104,176,72,81,1466,19
104,160,56,88,192,104,104,184,80,64,224,160,88,208,120,96,256,160,97,176,79,72,1472,19
104,160,56,72,152,80,104,201,97,63,174,111,105,216,111,72,266,194,88,191,103,65,1425,19
111,144,33,91,152,61,104,208,104,63,297,234,103,208,105,95,240,145,104,184,80,80,1513,19
120,168,48,56,136,80,89,184,95,80,216,136,96,201,105,95,255,160,105,169,64,64,1393,19
120,176,56,64,120,56,104,208,104,72,186,114,94,222,128,104,256,152,104,240,136,64,1472,19
137,153,16,72,176,104,80,192,112,56,312,256,96,184,88,88,408,320,96,152,56,72,1649,19
136,176,40,64,153,89,79,176,97,71,296,225,87,512,425,80,448,368,80,144,64,56,1961,19
112,148,36,85,212,127,72,225,153,71,470,399,81,153,72,104,289,185,96,232,136,56,1785,19
124,136,12,88,144,56,72,210,138,78,302,224,80,240,160,80,248,168,88,224,136,80,1584,19
131,152,21,57,145,88,83,184,101,88,1392,1304,80,185,105,39,295,256,65,192,127,56,2601,19
136,161,25,79,191,112,89,155,66,85,269,184,80,192,112,88,328,240,80,128,48,64,1488,19
78,110,32,80,360,280,72,144,72,80,384,304,88,296,208,80,232,152,64,232,168,80,1838,19
88,120,32,81,312,231,80,129,49,87,512,425,63,191,128,80,192,112,88,256,168,80,1792,19
88,128,40,80,208,128,96,160,64,80,208,128,56,232,176,80,217,137,79,231,152,72,1456,19
136,168,32,88,145,57,87,336,249,79,183,104,80,336,256,88,192,104,64,185,121,79,1624,19
103,127,24,80,217,137,63,119,56,64,208,144,65,160,95,64,224,160,65,193,128,71,1319,19
105,136,31,81,192,111,80,137,57,79,207,128,72,208,136,88,217,129,63,183,120,81,1361,19
88,119,31,88,195,107,61,134,73,63,216,153,72,465,393,88,175,87,80,425,345,56,1785,19
152,184,32,64,145,81,79,160,81,63,344,281,79,144,65,95,272,177,55,159,104,80,1488,19
96,135,39,64,184,120,81,121,40,79,208,129,55,144,89,103,224,121,64,176,112,80,1272,19
72,120,48,88,167,79,72,145,73,63,144,81,72,191,119,104,225,121,71,151,80,65,1208,19
104,128,24,56,527,471,89,185,96,72,152,80,88,256,168,88,248,160,80,160,80,72,1728,19
80,128,48,72,152,80,88,160,72,64,184,120,96,192,96,64,216,152,64,184,120,80,1296,19
95,136,41,72,152,80,72,128,56,80,944,864,65,168,103,88,408,320,56,184,128,80,2200,19
80,111,31,73,201,128,88,160,72,56,160,104,72,248,176,72,184,112,72,136,64,71,1271,19
96,127,31,97,177,80,64,120,56,88,608,520,72,208,136,80,248,168,65,152,87,72,1712,19
104,131,27,93,181,88,63,169,106,71,199,128,48,392,344,80,192,112,56,152,96,55,1471,19
63,112,49,88,216,128,80,128,48,72,223,151,73,153,80,88,216,128,64,184,120,64,1296,19
71,112,41,80,199,119,73,137,64,80,240,160,80,216,136,80,192,112,64,160,96,56,1312,19
104,160,56,72,184,112,56,136,80,80,264,184,113,208,95,88,208,120,49,176,127,64,1400,19
80,112,32,96,896,800,56,312,256,80,328,248,80,704,624,80,192,112,64,216,152,64,2824,19
63,104,41,88,184,96,80,160,80,88,184,96,72,520,448,88,200,112,64,168,104,56,1576,19
114,119,5,113,273,160,80,144,64,72,408,336,56,216,160,88,296,208,80,184,104,56,1696,19
80,112,32,88,240,152,64,144,80,72,234,162,80,382,302,81,200,119,56,152,96,80,1544,19
80,120,40,104,248,144,72,160,88,64,176,112,64,224,160,88,191,103,57,161,104,64,1344,19
101,134,33,55,200,145,79,136,57,63,463,400,80,192,112,33,424,391,56,124,68,60,1733,19
72,128,56,64,248,184,72,136,64,79,199,120,80,185,105,88,208,120,56,168,112,48,1320,19
78,118,40,81,209,128,80,124,44,76,188,112,64,192,128,80,328,248,64,192,128,72,1423,19
80,120,40,80,257,177,71,130,59,53,182,129,80,487,407,56,281,225,95,176,81,63,1696,19
91,112,21,79,232,153,80,128,48,88,207,119,89,161,72,87,199,112,64,153,89,79,1271,19
79,112,33,88,288,200,63,143,80,81,529,448,88,176,88,88,200,112,72,152,80,71,1671,19
79,112,33,95,248,153,39,146,107,78,174,96,75,208,133,87,168,81,80,168,88,72,1296,19
80,119,39,81,193,112,55,160,105,72,200,128,72,624,552,88,256,168,64,184,120,72,1808,19
160,136,-24,120,304,184,80,144,64,88,416,328,104,144,40,80,224,144,64,144,80,64,1576,19
56,97,41,111,727,616,81,209,128,72,816,744,80,152,72,96,192,96,64,144,80,72,2409,19
88,122,34,78,206,128,80,192,112,88,312,224,80,168,88,104,256,152,64,160,96,80,1496,19
72,104,32,88,208,120,56,184,128,80,176,96,88,224,136,96,216,120,56,160,104,80,1352,19
96,136,40,104,232,128,56,176,120,96,280,184,72,207,135,89,217,128,80,152,72,80,1480,19
80,103,23,105,241,136,72,200,128,80,176,96,80,232,152,96,200,104,72,160,88,80,1392,19
88,120,32,112,240,128,56,144,88,80,168,88,97,248,151,80,152,72,80,208,128,80,1360,19
80,120,40,88,240,152,56,136,80,88,192,104,72,208,136,80,168,88,80,168,88,79,1311,19
47,87,40,128,281,153,79,143,64,64,160,96,88,224,136,88,216,128,72,808,736,88,2007,19
79,127,48,88,240,152,88,144,56,88,192,104,93,232,139,96,201,105,79,199,120,80,1415,19
63,103,40,112,250,138,63,143,80,72,177,105,73,231,158,96,176,80,80,185,105,71,1336,19
72,144,72,104,216,112,64,168,104,72,152,80,105,257,152,87,168,81,71,191,120,72,1368,19
65,104,39,88,201,113,72,143,71,81,185,104,87,193,106,115,207,92,79,184,105,40,1257,19
111,151,40,104,257,153,79,200,121,95,344,249,79,184,105,104,199,95,64,161,97,87,1583,19
79,126,47,80,257,177,79,128,49,87,280,193,64,1032,968,96,456,360,64,168,104,79,2526,19
72,112,40,72,271,199,65,161,96,88,223,135,73,185,112,88,391,303,80,169,89,87,1599,19
88,128,40,96,239,143,65,209,144,96,1032,936,72,208,136,80,648,568,80,144,64,72,2680,19
80,112,32,88,200,112,80,160,80,88,168,80,87,217,130,103,239,136,72,232,160,72,1400,19
72,120,48,79,232,153,72,520,448,88,920,832,56,192,136,88,193,105,71,198,127,88,2463,19
104,152,48,87,224,137,88,184,96,80,188,108,76,252,176,104,200,96,80,168,88,96,1464,19
56,121,65,111,231,120,80,185,105,79,199,120,88,208,120,56,1008,952,72,240,168,120,2312,19
56,88,32,104,248,144,88,144,56,88,184,96,80,200,120,121,200,79,48,184,136,64,1312,19
80,119,39,105,209,104,80,160,80,80,160,80,80,208,128,104,200,96,72,344,272,96,1496,19
96,136,40,104,239,135,80,144,64,81,218,137,78,207,129,114,216,102,72,144,72,72,1376,19
56,104,48,88,216,128,80,160,80,87,167,80,89,217,128,96,168,72,87,192,105,72,1296,19
96,128,32,104,352,248,80,168,88,81,416,335,88,264,176,96,160,64,80,224,144,64,1776,19
135,167,32,89,170,81,54,158,104,72,152,80,56,200,144,88,224,136,72,152,80,64,1287,19
95,136,41,87,207,120,80,152,72,88,184,96,89,216,127,128,232,104,64,135,71,73,1335,19
88,136,48,80,216,136,80,168,88,80,848,768,88,248,160,96,496,400,88,200,112,72,2384,19
87,143,56,56,152,96,80,176,96,80,211,131,93,540,447,97,249,152,80,944,864,56,2471,19
104,129,25,95,223,128,64,144,80,72,240,168,56,168,112,80,232,152,87,168,81,63,1367,19
95,136,41,79,200,121,72,176,104,64,176,112,88,184,96,79,224,145,80,184,104,71,1351,19
151,183,32,89,185,96,72,151,79,80,200,120,80,209,129,79,248,169,79,215,136,80,1471,19
111,138,27,93,230,137,63,143,80,56,408,352,88,152,64,120,272,152,72,168,96,64,1575,19
122,176,54,87,167,80,72,144,72,80,344,264,104,168,64,104,289,185,79,215,136,80,1583,19
127,155,28,77,165,88,83,153,70,79,263,184,104,168,64,88,328,240,64,200,136,64,1496,19
113,145,32,103,231,128,65,152,87,80,216,136,88,168,80,96,344,248,72,216,144,80,1552,19
104,152,48,81,200,119,80,152,72,80,232,152,96,192,96,88,240,152,72,152,80,88,1408,19
127,143,16,100,184,84,72,168,96,72,264,192,88,192,104,80,392,312,72,192,120,72,1607,19
80,120,40,64,184,120,72,128,56,80,264,184,96,328,232,104,856,752,56,176,120,48,2104,19
112,145,33,79,167,88,88,152,64,80,160,80,72,208,136,96,185,89,87,175,88,88,1280,19
128,168,40,80,264,184,72,123,51,77,333,256,64,464,400,72,304,232,64,280,216,80,2016,19
96,130,34,94,263,169,87,143,56,80,369,289,88,375,287,64,384,320,64,297,233,71,2032,19
121,152,31,96,248,152,88,176,88,80,264,184,88,608,520,64,192,128,64,224,160,56,1920,19
122,161,39,81,209,128,71,152,81,55,167,112,80,600,520,88,201,113,71,231,160,64,1785,19
112,141,29,58,202,144,80,153,73,87,336,249,63,159,96,79,272,193,72,193,121,63,1519,19
105,137,32,95,223,128,56,137,81,79,184,105,89,224,135,79,240,161,64,176,112,71,1392,19
80,113,33,81,264,183,55,127,72,65,217,152,80,200,120,87,264,177,80,144,64,63,1392,19
111,131,20,77,188,111,81,161,80,63,160,97,72,232,160,87,216,129,64,208,144,72,1368,19
104,135,31,81,217,136,80,144,64,72,160,88,89,216,127,88,200,112,88,152,64,79,1303,19
111,168,57,79,208,129,72,131,59,61,164,103,81,209,128,104,184,80,88,168,80,64,1296,19
104,136,32,80,200,120,64,168,104,80,560,480,96,256,160,80,216,136,64,176,112,64,1776,19
99,128,29,79,280,201,80,143,63,64,216,152,64,224,160,72,177,105,80,200,120,64,1432,19
104,144,40,79,224,145,72,160,88,64,288,224,64,392,328,80,160,80,64,168,104,64,1600,19
113,135,22,89,193,104,64,152,88,72,576,504,64,240,176,80,248,168,56,168,112,72,1784,19
112,136,24,64,152,88,64,176,112,64,176,112,81,232,151,72,248,176,64,160,96,56,1336,19
113,136,23,105,184,79,80,224,144,72,192,120,88,296,208,96,199,103,73,1145,1072,56,2432,19
104,123,19,85,181,96,64,152,88,64,168,104,64,344,280,80,304,224,56,168,112,72,1512,19
88,120,32,72,208,136,80,160,80,72,168,96,88,240,152,88,208,120,72,160,88,72,1336,19
104,128,24,80,184,104,88,184,96,64,184,120,80,208,128,80,240,160,72,208,136,48,1384,19
88,120,32,112,208,96,80,152,72,64,184,120,80,216,136,104,248,144,56,160,104,56,1344,19
64,104,40,80,208,128,56,144,88,64,192,128,64,496,432,80,216,136,56,152,96,72,1584,19
112,144,32,88,160,72,72,176,104,80,176,96,72,248,176,87,224,137,88,200,112,55,1383,19
103,135,32,97,185,88,72,192,120,80,216,136,81,312,231,104,224,120,56,192,136,80,1536,19
80,113,33,112,255,143,64,192,128,72,216,144,72,480,408,72,304,232,64,248,184,64,1872,19
112,136,24,88,216,128,56,136,80,88,192,104,88,232,144,80,225,145,63,143,80,80,1360,19
72,80,8,56,392,336,80,176,96,88,1000,912,88,455,367,98,81,-17,63,335,272,73,2592,1
80,103,23,65,153,88,56,376,320,72,832,760,72,336,264,88,104,16,56,336,280,79,2319,1
88,113,25,63,423,360,64,440,376,88,456,368,81,120,39,96,473,377,64,80,16,112,2217,1
111,119,8,64,152,88,57,233,176,80,848,768,64,136,72,80,512,432,80,120,40,96,2216,1
80,96,16,64,160,96,55,496,441,88,151,63,72,433,361,128,648,520,80,96,16,80,2160,1
80,96,16,64,192,128,64,216,152,56,632,576,88,152,64,80,264,184,72,128,56,96,1776,1
87,96,9,64,216,152,56,319,263,73,457,384,64,600,536,104,120,16,80,168,88,88,2064,1
73,257,184,56,200,144,-40,16,56,73,1416,1343,79,144,65,96,400,304,87,119,32,89,2641,1
103,136,33,48,71,23,64,273,209,119,1776,1657,63,224,161,135,400,265,88,192,104,104,3176,1
95,151,56,79,263,184,57,121,64,79,2136,2057,79,128,49,120,247,127,65,193,128,79,3318,1
69,86,17,71,464,393,47,95,48,80,969,889,71,952,881,95,111,16,56,169,113,71,2917,1
88,129,41,87,191,104,56,121,65,87,951,864,56,89,33,95,471,376,64,121,57,70,2143,1
79,87,8,104,232,128,64,137,73,79,2159,2080,71,152,81,113,287,174,57,121,64,79,3254,1
104,136,32,64,1137,1073,-81,0,81,103,863,760,85,175,90,104,473,369,80,113,33,103,3000,1
120,560,440,88,440,352,64,104,40,88,808,720,56,136,80,104,313,209,79,135,56,112,2608,1
81,137,56,64,608,544,80,88,8,97,712,615,72,129,57,112,559,447,88,153,65,111,2497,1
104,144,40,63,480,417,65,136,71,88,616,528,64,152,88,113,232,119,72,184,112,80,2024,1
96,136,40,64,440,376,64,112,48,88,472,384,64,160,96,103,344,241,72,176,104,88,1928,1
88,145,57,63,703,640,48,104,56,96,352,256,56,120,64,103,552,449,120,1184,1064,104,3264,1
88,120,32,56,384,328,64,120,56,88,920,832,56,136,80,96,256,160,56,144,88,80,2160,1
72,224,152,72,520,448,80,88,8,80,711,631,56,157,101,99,332,233,72,136,64,88,2256,1
96,48,-48,112,119,7,57,81,24,80,2704,2624,56,256,200,96,97,1,55,175,120,88,3568,1
64,80,16,64,264,200,47,151,104,73,480,407,57,345,288,103,152,49,80,208,128,88,1768,1
72,104,32,72,319,247,58,489,431,104,376,272,56,249,193,102,215,113,72,128,56,96,1976,1
88,144,56,56,560,504,-56,7,63,81,889,808,47,232,185,103,295,192,48,249,201,71,2447,1
80,111,31,57,385,328,72,104,32,80,520,440,56,128,72,103,240,137,80,168,88,96,1752,1
80,136,56,64,248,184,63,144,81,80,448,368,80,144,64,103,336,233,79,232,153,127,1815,1
87,144,57,63,408,345,63,133,70,82,579,497,55,392,337,88,120,32,55,168,113,103,2047,1
80,152,72,72,307,235,62,117,55,88,472,384,73,233,160,87,239,152,64,368,304,121,2009,1
87,120,33,79,232,153,63,111,48,65,313,248,78,102,24,104,282,178,71,174,103,105,1439,1
88,96,8,64,392,328,80,96,16,96,881,785,47,423,376,88,96,8,56,168,112,89,2241,1
121,376,255,143,463,320,88,124,36,84,3244,3160,64,1224,1160,104,105,1,79,159,80,96,5791,1
104,113,9,39,191,152,32,89,57,90,1111,1021,80,344,264,81,64,-17,65,249,184,112,2273,1
96,88,-8,56,168,112,66,100,34,60,1580,1520,64,392,328,88,96,8,80,240,160,104,2768,1
97,145,48,56,167,111,56,80,24,81,737,656,72,113,41,79,1311,1232,80,96,16,88,2737,1
84,92,8,56,160,104,57,72,15,72,808,736,56,376,320,72,80,8,80,216,136,80,1884,1
88,128,40,72,184,112,48,80,32,96,256,160,104,208,104,87,208,121,64,688,624,88,1840,1
104,120,16,64,208,144,64,136,72,88,400,312,80,192,112,104,273,169,49,343,294,80,1752,1
88,129,41,63,215,152,56,152,96,80,368,288,48,136,88,104,352,248,64,120,56,129,1601,1
104,113,9,71,223,152,56,112,56,96,520,424,56,320,264,88,48,-40,72,248,176,104,1688,1
72,120,48,56,440,384,40,113,73,79,1415,1336,40,264,224,96,113,17,71,247,176,96,2808,1
72,136,64,64,360,296,47,129,82,110,1311,1201,56,200,144,96,544,448,64,132,68,75,2887,1
81,128,47,79,280,201,55,1016,961,80,120,40,64,328,264,104,136,32,55,136,81,88,2232,1
80,96,16,72,272,200,57,672,615,88,168,80,56,248,192,95,152,57,48,168,120,72,1848,1
103,176,73,71,224,153,48,256,208,96,464,368,72,200,128,128,256,128,72,160,88,104,1840,1
88,168,80,88,592,504,56,176,120,122,784,662,55,224,169,119,223,104,56,184,128,97,2448,1
104,144,40,64,215,151,57,130,73,79,431,352,56,544,488,80,104,24,80,168,88,80,1816,1
113,136,23,56,145,89,39,80,41,63,376,313,48,327,279,80,96,16,57,161,104,103,1424,1
88,152,64,64,184,120,39,73,34,88,679,591,72,360,288,80,112,32,56,496,440,64,2120,1
80,112,32,56,209,153,47,89,42,78,382,304,64,216,152,104,248,144,40,153,113,80,1489,1
68,100,32,56,336,280,56,115,59,78,333,255,64,383,319,89,137,48,56,264,208,80,1748,1
56,128,72,168,136,-32,88,170,82,71,1518,1447,56,129,73,87,239,152,49,176,127,80,2576,1
80,104,24,56,1337,1281,55,95,40,80,408,328,56,160,104,96,624,528,56,113,57,103,2944,1
72,1232,1160,17,1,-16,112,1111,999,64,176,112,64,360,296,88,96,8,55,176,121,72,3224,1
80,168,88,56,160,104,56,113,57,79,599,520,56,152,96,72,272,200,55,232,177,113,1809,1
112,168,56,72,48,-24,104,168,64,80,1088,1008,55,560,505,104,624,520,56,112,56,80,2848,1
87,103,16,89,73,-16,88,144,56,104,495,391,40,217,177,96,184,88,40,160,120,104,1480,1
72,1088,1016,72,176,104,-136,1,137,87,903,816,56,216,160,88,160,72,56,168,112,80,2792,1
64,192,128,64,32,-32,112,160,48,72,312,240,56,152,96,96,240,144,64,136,72,72,1296,1
80,720,640,104,72,-32,96,152,56,88,392,304,48,248,200,72,176,104,48,168,120,56,1984,1
80,184,104,89,64,-25,104,153,49,78,255,177,56,360,304,88,160,72,56,152,96,88,1416,1
72,136,64,104,64,-40,119,135,16,89,273,184,87,191,104,81,337,256,40,144,104,88,1368,1
88,200,112,104,48,-56,128,144,16,79,408,329,71,440,369,103,96,-7,64,384,320,104,1824,1
113,163,50,52,33,-19,116,220,104,88,432,344,72,272,200,103,207,104,80,168,88,72,1567,1
91,80,-11,120,71,-49,105,161,56,56,376,320,48,168,120,80,432,352,80,131,51,77,1496,1
88,128,40,128,80,-48,104,120,16,88,288,200,71,328,257,87,168,81,64,152,88,79,1343,1
80,152,72,96,65,-31,111,136,25,88,223,135,56,312,256,160,232,72,56,114,58,86,1320,1
88,880,792,129,89,-40,96,176,80,104,304,200,48,544,496,56,208,152,55,264,209,72,2537,1
80,88,8,82,56,-26,103,144,41,88,288,200,64,168,104,111,216,105,48,160,112,80,1200,1
81,89,8,104,88,-16,87,128,41,79,296,217,55,168,113,96,320,224,56,176,120,104,1369,1
80,136,56,79,40,-39,111,144,33,96,303,207,64,257,193,127,1208,1081,79,113,34,53,2254,1
63,103,40,80,57,-23,103,223,120,89,225,136,63,488,425,103,136,33,63,240,177,87,1559,1
104,416,312,72,33,-39,119,152,33,87,360,273,80,1183,1103,88,114,26,62,118,56,88,2464,1
72,185,113,112,80,-32,87,968,881,79,639,560,56,89,33,95,319,224,104,121,17,95,2496,1
86,85,-1,71,35,-36,112,184,72,89,442,353,47,135,88,88,216,128,48,136,88,96,1329,1
64,112,48,80,49,-31,112,151,39,80,1161,1081,55,679,624,80,217,137,54,207,153,72,2648,1
96,112,16,88,64,-24,104,256,152,72,417,345,39,487,448,104,160,56,64,264,200,55,1815,1
96,144,48,119,81,-38,119,615,496,80,272,192,73,208,135,114,312,198,72,96,24,80,1808,1
97,136,39,113,64,-49,104,128,24,104,336,232,80,168,88,80,248,168,72,152,80,88,1320,1
39,64,25,90,57,-33,111,527,416,88,272,184,72,248,176,81,264,183,72,184,112,96,1712,1
80,96,16,72,41,-31,111,143,32,88,360,272,56,256,200,129,551,422,121,137,16,104,1688,1
104,121,17,103,55,-48,104,120,16,104,424,320,56,240,184,112,392,280,104,129,25,79,1560,1
88,120,32,136,104,-32,64,128,64,82,543,461,81,761,680,121,400,279,88,96,8,72,2224,1
105,104,-1,113,56,-57,112,136,24,104,400,296,72,168,96,104,208,104,56,336,280,112,1520,1
96,104,8,120,72,-48,112,128,16,104,328,224,72,296,224,96,184,88,80,208,128,88,1408,1
160,152,-8,160,128,-32,113,176,63,120,440,320,64,184,120,112,216,104,56,151,95,97,1544,1
72,124,52,148,92,-56,104,144,40,104,376,272,57,568,511,96,104,8,80,232,152,104,1744,1
72,104,32,112,56,-56,119,136,17,80,289,209,87,135,48,96,416,320,80,119,39,72,1327,1
79,112,33,135,79,-56,112,136,24,88,696,608,48,1096,1048,104,136,32,48,192,144,80,2527,1
104,216,112,144,80,-64,120,136,16,104,312,208,48,152,104,120,280,160,64,368,304,113,1657,1
63,88,25,119,64,-55,111,200,89,88,1000,912,47,208,161,104,328,224,80,112,32,80,2080,1
88,80,-8,88,56,-32,104,120,16,80,352,272,64,144,80,96,736,640,64,96,32,56,1640,1
71,56,-15,111,80,-31,96,128,32,80,360,280,56,520,464,80,104,24,56,448,392,88,1784,1
53,50,-3,85,60,-25,88,112,24,80,432,352,56,640,584,63,96,33,71,144,73,104,1638,1
72,65,-7,127,95,-32,88,96,8,105,745,640,71,176,105,79,136,57,55,168,113,111,1592,1
96,96,0,103,64,-39,103,135,32,64,233,169,64,177,113,95,247,152,64,184,120,104,1240,1
97,81,-16,143,112,-31,95,128,33,79,1319,1240,64,609,545,81,71,-10,72,186,114,94,2600,1
87,113,26,103,64,-39,95,143,48,87,408,321,40,288,248,80,113,33,63,135,72,88,1352,1
64,72,8,104,80,-24,56,88,32,72,584,512,48,224,176,96,143,47,81,130,49,87,1408,1
56,89,33,120,95,-25,81,105,24,64,264,200,56,208,152,79,176,97,56,136,80,64,1137,1
88,112,24,88,56,-32,96,112,16,64,400,336,64,136,72,88,848,760,64,96,32,88,1848,1
65,114,49,103,79,-24,64,96,32,72,320,248,64,152,88,104,232,128,48,128,80,80,1201,1
80,88,8,88,64,-24,104,119,15,65,217,152,56,179,123,85,213,128,32,160,128,128,1168,1
56,96,40,120,96,-24,88,123,35,45,165,120,56,160,104,88,216,128,56,136,80,56,1048,1
55,119,64,96,65,-31,87,111,24,64,344,280,73,165,92,83,339,256,80,120,40,56,1319,1
65,145,80,64,8,-56,96,136,40,56,184,128,58,167,109,81,211,130,61,141,80,65,1057,1
64,96,32,95,63,-32,89,113,24,72,200,128,113,240,127,96,666,570,78,102,24,72,1552,1
81,123,42,102,62,-40,96,136,40,64,168,104,56,464,408,80,73,-7,63,167,104,64,1257,1
81,112,31,88,64,-24,87,88,1,80,291,211,61,141,80,80,168,88,72,152,80,80,1096,1
55,200,145,128,88,-40,96,152,56,64,288,224,48,384,336,96,97,1,55,247,192,88,1544,1
64,88,24,87,55,-32,82,121,39,56,304,248,48,392,344,97,80,-17,55,191,136,81,1312,1
72,104,32,88,56,-32,88,104,16,78,376,298,56,328,272,80,113,33,71,175,104,80,1336,1
88,136,48,56,27,-29,85,125,40,64,200,136,79,560,481,96,128,32,96,167,71,88,1431,1
88,136,48,104,64,-40,96,120,24,64,168,104,48,207,159,89,169,80,72,144,72,80,1088,1
56,128,72,144,88,-56,96,104,8,80,200,120,56,169,113,127,239,112,64,128,64,88,1144,1
88,160,72,104,72,-32,96,120,24,80,160,80,64,504,440,111,1536,1425,127,136,9,80,2768,1
71,88,17,96,63,-33,99,138,39,54,407,353,56,168,112,103,288,185,64,168,104,64,1384,1
64,144,80,128,64,-64,95,136,41,64,144,80,80,216,136,97,232,135,80,184,104,64,1184,1
71,159,88,159,119,-40,81,153,72,63,256,193,109,168,59,80,264,184,48,120,72,72,1311,1
88,130,42,141,110,-31,88,120,32,64,711,647,57,1200,1143,56,129,73,64,168,104,80,2648,1
49,88,39,112,81,-31,88,129,41,62,263,201,103,272,169,103,160,57,55,144,89,72,1209,1
64,96,32,120,88,-32,87,122,35,54,158,104,64,320,256,103,127,24,89,185,96,80,1176,1
55,109,54,96,65,-31,89,96,7,56,216,160,56,160,104,81,209,128,72,113,41,86,1054,1
72,144,72,256,240,-16,48,1864,1816,72,144,72,40,353,313,111,480,369,63,96,33,79,3400,1
99,80,-19,104,72,-32,88,95,7,65,736,671,32,512,480,73,73,0,63,151,88,80,1799,1
72,89,17,111,87,-24,80,121,41,39,367,328,64,168,104,88,169,81,55,151,96,96,1248,1
72,128,56,72,40,-32,96,128,32,64,331,267,61,149,88,80,216,136,71,183,112,80,1255,1
56,89,33,127,95,-32,80,88,8,40,1201,1161,63,583,520,80,96,16,56,160,104,88,2400,1
57,72,15,114,88,-26,81,82,1,78,1198,1120,64,991,927,97,89,-8,64,193,129,79,2792,1
71,103,32,152,112,-40,96,1432,1336,96,304,208,48,264,216,80,96,16,88,240,152,80,2631,1
40,144,104,112,104,-8,64,104,40,56,456,400,56,312,256,114,144,30,80,248,168,80,1592,1
72,88,16,104,80,-24,80,88,8,72,332,260,60,149,89,86,295,209,104,128,24,64,1224,1
79,119,40,104,72,-32,104,112,8,56,520,464,48,144,96,80,152,72,80,121,41,87,1327,1
64,152,88,113,80,-33,104,176,72,64,336,272,96,201,105,95,167,72,80,136,56,80,1328,1
64,96,32,64,488,424,56,89,33,79,327,248,56,296,240,80,113,33,63,143,80,104,1656,1
72,160,88,56,32,-24,128,216,88,72,176,104,71,280,209,104,152,48,88,176,88,80,1272,1
63,79,16,112,88,-24,105,153,48,64,200,136,80,360,280,89,128,39,64,152,88,72,1232,1
72,136,64,80,49,-31,96,151,55,64,352,288,40,240,200,104,136,32,64,129,65,95,1288,1
95,183,88,137,120,-17,96,192,96,72,720,648,56,360,304,72,80,8,47,152,105,64,1871,1
63,100,37,62,44,-18,96,137,41,79,207,128,48,503,455,88,96,8,64,144,80,88,1319,1
59,132,73,113,96,-17,72,87,15,64,233,169,72,496,424,90,72,-18,72,200,128,32,1348,1
64,120,56,96,72,-24,104,120,16,56,288,232,64,237,173,75,523,448,72,176,104,104,1640,1
64,113,49,63,30,-33,97,153,56,48,304,256,80,288,208,96,121,25,63,151,88,104,1264,1
55,80,25,131,104,-27,88,120,32,72,232,160,72,447,375,62,73,11,64,199,135,129,1384,1
88,96,8,80,48,-32,114,115,1,61,246,185,47,150,103,72,153,81,48,128,80,64,1000,1
56,97,41,72,47,-25,81,116,35,37,293,256,56,272,216,128,232,104,88,112,24,80,1249,1
73,89,16,88,72,-16,72,105,33,55,303,248,18,240,222,80,112,32,48,191,143,81,1193,1
56,160,104,80,56,-24,80,112,32,64,362,298,70,286,216,72,87,15,81,153,72,80,1296,1
64,129,65,79,47,-32,88,112,24,64,224,160,48,184,136,81,136,55,64,122,58,78,1032,1
88,121,33,88,55,-33,87,103,16,48,705,657,56,168,112,96,568,472,80,72,-8,80,1872,1
72,88,16,72,42,-30,78,111,33,79,209,130,62,222,160,64,152,88,56,152,96,80,1056,1
88,96,8,89,72,-17,72,80,8,56,208,152,75,272,197,89,168,79,48,152,104,72,1120,1
79,95,16,120,64,-56,88,105,17,55,207,152,72,272,200,88,152,64,64,144,80,64,1103,1
88,96,8,104,72,-32,89,104,15,56,720,664,56,536,480,56,64,8,56,232,176,128,1952,1
72,48,-24,136,104,-32,80,114,34,62,463,401,63,176,113,112,687,575,79,87,8,64,1743,1
104,128,24,88,56,-32,112,128,16,88,424,336,56,512,456,96,88,-8,72,192,120,80,1608,1
87,103,16,80,48,-32,112,145,33,56,191,135,32,280,248,96,128,32,56,400,344,104,1399,1
72,88,16,57,17,-40,119,126,7,65,290,225,55,1039,984,104,393,289,71,55,-16,79,2087,1
71,56,-15,95,64,-31,87,144,57,16,352,336,39,1503,1464,72,88,16,57,192,135,87,2486,1
79,39,-40,104,81,-23,79,463,384,88,152,64,56,264,208,104,97,-7,63,168,105,87,1351,1
80,88,8,47,32,-15,96,128,32,63,272,209,71,319,248,121,161,40,55,183,128,81,1264,1
88,124,36,92,76,-16,90,105,15,55,608,553,63,344,281,87,79,-8,64,160,96,104,1600,1
71,136,65,119,80,-39,95,129,34,64,422,358,57,441,384,79,111,32,41,169,128,79,1567,1
95,152,57,82,56,-26,71,112,41,72,344,272,55,504,449,55,48,-7,71,208,137,64,1488,1
88,120,32,80,48,-32,96,456,360,64,271,207,48,521,473,88,89,1,54,303,249,80,1888,1
89,124,35,133,93,-40,96,128,32,64,376,312,47,368,321,80,88,8,64,175,111,73,1425,1
73,105,32,127,183,56,-87,11,98,61,630,569,64,335,271,80,113,33,63,175,112,89,1641,1
64,79,15,120,89,-31,103,136,33,64,432,368,56,335,279,73,105,32,56,152,96,80,1408,1
72,128,56,96,56,-40,103,127,24,73,369,296,64,311,247,65,96,31,73,169,96,80,1336,1
79,113,34,38,30,-8,136,152,16,81,305,224,39,176,137,80,288,208,40,123,83,77,1264,1
88,129,41,142,103,-39,96,128,32,72,231,159,64,145,81,104,495,391,64,112,48,88,1431,1
56,89,33,79,47,-32,112,120,8,64,313,249,71,159,88,112,361,249,72,216,144,64,1369,1
80,88,8,104,64,-40,96,136,40,64,295,231,67,193,126,88,208,120,80,136,56,64,1184,1
79,120,41,87,48,-39,88,128,40,56,344,288,72,368,296,80,112,32,64,184,120,128,1432,1
105,153,48,104,72,-32,88,120,32,72,392,320,40,256,216,88,96,8,40,480,440,104,1673,1
30,45,15,104,80,-24,104,112,8,56,208,152,48,201,153,120,296,176,63,96,33,72,1110,1
95,88,-7,96,80,-16,88,240,152,88,127,39,73,577,504,88,104,16,64,415,351,105,1736,1
55,79,24,64,36,-28,108,156,48,56,392,336,48,320,272,132,552,420,72,128,56,48,1711,1
80,136,56,56,24,-32,112,168,56,56,616,560,40,184,144,128,592,464,56,71,15,65,1856,1
64,80,16,96,160,64,-72,8,80,56,393,337,31,207,176,72,456,384,56,176,120,64,1544,1
81,80,-1,120,112,-8,56,1456,1400,88,272,184,56,200,144,96,160,64,72,176,104,80,2536,1
80,71,-9,97,81,-16,64,72,8,56,520,464,72,736,664,104,113,9,55,327,272,80,2000,1
72,64,-8,91,72,-19,72,88,16,40,536,496,48,687,639,73,89,16,56,232,176,88,1856,1
80,113,33,72,128,56,-81,7,88,56,336,280,40,280,240,88,120,32,64,184,120,80,1248,1
48,64,16,96,160,64,-80,8,88,56,328,272,47,264,217,104,160,56,72,176,104,80,1240,1
72,88,16,96,64,-32,88,808,720,80,504,424,40,144,104,104,328,224,64,144,80,72,2152,1
80,104,24,104,152,48,-72,0,72,72,416,344,40,264,224,104,200,96,64,328,264,80,1544,1
48,72,24,107,80,-27,104,126,22,49,265,216,64,321,257,88,168,80,40,192,152,72,1296,1
72,88,16,104,176,72,-88,8,96,48,640,592,104,240,136,136,528,392,64,432,368,88,2200,1
72,96,24,82,56,-26,80,136,56,80,456,376,71,376,305,112,128,16,80,320,240,56,1624,1
72,104,32,80,72,-8,48,104,56,56,352,296,64,384,320,80,112,32,48,208,160,80,1416,1
63,79,16,88,50,-38,70,126,56,56,305,249,56,256,200,88,89,1,55,183,128,80,1168,1
80,88,8,79,48,-31,88,120,32,56,256,200,63,224,161,104,647,543,48,114,66,87,1584,1
63,96,33,64,31,-33,89,113,24,56,215,159,49,225,176,88,112,24,55,280,225,71,1143,1
88,119,31,97,81,-16,55,95,40,89,384,295,57,153,96,79,399,320,57,153,96,47,1431,1
42,42,0,79,56,-23,87,120,33,55,223,168,55,232,177,88,105,17,57,167,110,81,1026,1
81,80,-1,79,56,-23,79,88,9,54,240,186,56,160,104,104,187,83,45,125,80,104,1040,1
72,56,-16,80,64,-16,63,96,33,72,224,152,56,224,168,39,776,737,63,80,17,80,1600,1
80,89,9,56,40,-16,72,113,41,63,198,135,57,216,159,89,137,48,56,152,96,79,1024,1
63,96,33,64,40,-24,80,111,31,65,377,312,71,152,81,72,200,128,63,96,33,80,1152,1
71,104,33,55,32,-23,84,112,28,80,344,264,71,160,89,104,208,104,40,184,144,72,1216,1
62,86,24,95,136,41,-56,7,63,73,753,680,16,96,80,48,488,440,80,96,16,56,1718,1
56,80,24,80,31,-49,88,121,33,47,240,193,64,632,568,56,80,24,63,144,81,80,1408,1
72,136,64,47,32,-15,72,128,56,64,224,160,63,272,209,72,88,16,41,168,127,72,1120,1
80,96,16,71,56,-15,72,96,24,64,192,128,64,290,226,86,119,33,63,159,96,88,1096,1
80,104,24,72,56,-16,72,104,32,56,184,128,72,315,243,85,101,16,40,184,144,72,1120,1
56,88,32,64,40,-24,80,113,33,63,175,112,56,479,423,81,97,16,80,160,80,72,1224,1
71,129,58,79,46,-33,74,105,31,64,288,224,64,192,128,96,168,72,56,112,56,80,1120,1
80,87,7,40,17,-23,79,120,41,71,303,232,40,224,184,115,200,85,79,176,97,80,1207,1
72,103,31,64,35,-29,93,126,33,47,231,184,56,193,137,88,191,103,80,169,89,79,1127,1
79,135,56,80,56,-24,73,96,23,64,281,217,39,159,120,96,177,81,55,111,56,80,1095,1
71,111,40,47,16,-31,88,144,56,56,225,169,55,191,136,89,145,56,55,137,82,95,1064,1
80,95,15,63,47,-16,65,115,50,70,207,137,55,236,181,87,140,53,55,168,113,56,1064,1
79,87,8,104,72,-32,88,121,33,55,240,185,55,224,169,88,160,72,63,144,81,79,1127,1
80,113,33,103,80,-23,64,104,40,71,224,153,63,224,161,79,576,497,64,80,16,63,1464,1
87,151,64,72,48,-24,65,121,56,63,248,185,64,247,183,83,168,85,56,192,136,88,1263,1
80,154,74,24,7,-17,64,105,41,79,264,185,64,192,128,104,208,104,47,160,113,71,1161,1
80,113,33,115,88,-27,79,168,89,32,183,151,56,266,210,111,142,31,64,169,105,87,1216,1
88,120,32,87,56,-31,79,144,65,63,208,145,63,247,184,89,145,56,71,183,112,89,1192,1
79,152,73,79,39,-40,80,129,49,63,224,161,55,183,128,112,217,105,63,152,89,71,1167,1
57,56,-1,88,55,-33,88,121,33,56,271,215,57,457,400,80,88,8,56,192,136,71,1311,1
104,113,9,62,38,-24,105,137,32,63,224,161,72,360,288,104,136,32,104,151,47,97,1256,1
96,112,16,95,63,-32,73,89,16,80,272,192,64,440,376,96,80,-16,72,192,120,72,1320,1
96,88,-8,87,48,-39,88,120,32,56,200,144,56,328,272,72,73,1,62,183,121,80,1120,1
87,144,57,56,8,-48,80,160,80,48,160,112,64,265,201,79,112,33,39,175,136,80,1104,1
85,121,36,80,64,-16,64,120,56,64,168,104,48,168,120,87,161,74,54,143,89,96,1041,1
80,112,32,80,48,-32,72,104,32,72,208,136,64,288,224,64,103,39,65,169,104,80,1112,1
88,129,41,87,79,-8,19,51,32,78,206,128,72,176,104,56,241,185,54,127,73,79,1088,1
80,128,48,87,56,-31,64,104,40,80,192,112,72,200,128,80,146,66,54,141,87,57,1024,1
98,137,39,96,64,-32,64,88,24,64,192,128,88,176,88,80,176,96,65,120,55,72,1025,1
80,88,8,80,48,-32,80,120,40,84,296,212,64,344,280,72,96,24,72,176,104,80,1248,1
69,133,64,80,24,-56,104,168,64,80,280,200,56,328,272,72,104,32,64,216,152,80,1333,1
80,112,32,96,48,-48,112,128,16,88,272,184,71,194,123,86,142,56,72,224,152,64,1184,1
96,128,32,88,48,-40,88,144,56,64,216,152,64,192,128,96,200,104,64,144,80,88,1160,1
73,97,24,96,56,-40,88,120,32,88,224,136,80,168,88,88,192,104,56,136,80,88,1081,1
72,112,40,96,64,-32,88,120,32,80,336,256,56,186,130,102,254,152,56,160,104,104,1336,1
87,119,32,96,64,-32,88,120,32,72,208,136,64,216,152,56,176,120,80,152,72,80,1135,1
63,87,24,64,17,-47,88,144,56,80,248,168,56,504,448,80,104,24,88,160,72,88,1352,1
88,112,24,72,40,-32,73,112,39,64,224,160,56,631,575,89,123,34,70,174,104,88,1504,1
80,120,40,72,40,-32,80,128,48,80,272,192,72,224,152,88,168,80,48,160,112,80,1192,1
80,152,72,113,96,-17,41,144,103,72,224,152,80,240,160,80,136,56,56,240,184,80,1312,1
80,113,33,119,95,-24,80,88,8,105,369,264,63,159,96,88,168,80,64,144,80,114,1250,1
96,152,56,120,80,-40,104,160,56,72,344,272,119,256,137,104,192,88,80,159,79,81,1424,1
104,144,40,80,40,-40,96,152,56,80,256,176,72,344,272,136,152,16,80,424,344,112,1624,1
78,166,88,112,104,-8,48,104,56,72,752,680,64,809,745,111,239,128,72,200,128,88,2462,1
80,152,72,88,8,-80,104,184,80,80,384,304,97,152,55,79,215,136,80,120,40,81,1296,1
80,96,16,79,40,-39,104,208,104,56,176,120,56,184,128,72,160,88,56,168,112,56,1088,1
96,128,32,80,56,-24,88,120,32,80,184,104,72,184,112,88,216,128,72,127,55,97,1112,1
88,152,64,104,72,-32,88,144,56,79,457,378,80,199,119,64,152,88,48,121,73,87,1384,1
80,103,23,97,65,-32,88,144,56,56,192,136,56,161,105,126,263,137,88,200,112,105,1233,1
104,136,32,104,72,-32,104,152,48,72,184,112,88,192,104,104,224,120,64,136,72,80,1176,1
72,88,16,120,88,-32,112,144,32,64,289,225,63,311,248,104,123,19,61,189,128,73,1305,1
87,172,85,60,32,-28,100,140,40,88,305,217,63,135,72,104,256,152,64,128,64,80,1248,1
80,137,57,119,79,-40,112,160,48,72,248,176,72,201,129,143,223,80,56,160,104,80,1288,1
104,192,88,80,48,-32,112,168,56,56,288,232,56,145,89,87,279,192,64,120,56,96,1336,1
80,136,56,88,64,-24,104,153,49,39,232,193,55,192,137,103,263,160,40,136,96,104,1280,1
79,152,73,184,1680,1496,56,208,152,64,368,304,56,176,120,104,257,153,87,167,80,40,3048,1
80,137,57,71,31,-40,82,144,62,56,217,161,55,143,88,88,176,88,56,121,65,79,1048,1
79,119,40,80,49,-31,87,119,32,57,328,271,48,280,232,81,89,8,71,199,128,88,1271,1
88,127,39,114,104,-10,73,81,8,88,361,273,56,167,111,88,264,176,72,129,57,71,1304,1
79,175,96,113,88,-25,72,120,48,40,296,256,64,176,112,90,200,110,72,152,80,57,1264,1
78,150,72,136,80,-56,96,168,72,80,288,208,64,160,96,80,273,193,79,128,49,95,1342,1
79,135,56,113,80,-33,56,152,96,80,256,176,56,241,185,111,143,32,56,200,144,88,1295,1
80,113,33,135,95,-40,104,169,65,63,248,185,47,279,232,96,129,33,55,200,145,79,1312,1
76,85,9,120,88,-32,95,143,48,56,305,249,63,192,129,80,215,135,80,136,56,88,1252,1
63,128,65,107,87,-20,80,128,48,56,217,161,71,249,178,102,159,57,79,151,72,112,1231,1
95,87,-8,112,89,-23,80,87,7,72,329,257,64,142,78,90,194,104,71,159,88,80,1167,1
48,96,48,125,124,-1,60,125,65,71,216,145,64,263,199,96,177,81,79,184,105,104,1289,1
81,104,23,108,80,-28,64,136,72,64,241,177,88,177,89,102,271,169,72,192,120,79,1280,1
32,104,72,167,136,-31,87,128,41,72,248,176,48,224,176,95,152,57,63,160,97,87,1239,1
80,104,24,72,31,-41,88,145,57,31,328,297,64,208,144,104,192,88,64,248,184,80,1336,1
81,105,24,79,56,-23,80,136,56,64,248,184,103,264,161,128,168,40,80,240,160,88,1305,1
104,120,16,64,31,-33,89,137,48,63,320,257,64,288,224,88,88,0,72,280,208,56,1320,1
88,120,32,87,56,-31,95,112,17,80,280,200,64,224,160,104,136,32,64,216,152,104,1248,1
79,120,41,72,27,-45,100,157,57,63,192,129,64,208,144,106,167,61,57,192,135,89,1152,1
80,104,24,104,72,-32,87,136,49,80,216,136,56,175,119,82,217,135,56,113,57,79,1112,1
73,89,16,139,127,-12,72,152,80,44,168,124,72,185,113,104,264,160,72,136,64,104,1225,1
72,104,32,82,57,-25,87,136,49,64,176,112,80,184,104,104,264,160,56,160,104,104,1185,1
104,136,32,96,64,-32,96,127,31,72,225,153,64,232,168,80,256,176,128,144,16,80,1264,1
96,130,34,54,21,-33,89,145,56,63,440,377,72,176,104,96,1008,912,64,112,48,64,2096,1
56,112,56,80,56,-24,72,128,56,64,176,112,64,296,232,112,440,328,88,137,49,78,1423,1
96,152,56,104,80,-24,80,120,40,88,320,232,56,216,160,104,184,80,56,185,129,71,1328,1
80,104,24,72,32,-40,104,160,56,64,200,136,64,424,360,87,80,-7,88,272,184,72,1344,1
95,120,25,72,32,-40,97,144,47,80,400,320,56,280,224,104,128,24,64,240,176,64,1408,1
86,120,34,62,30,-32,81,112,31,72,840,768,64,296,232,115,97,-18,63,239,176,64,1798,1
104,120,16,113,104,-9,80,160,80,72,224,152,56,176,120,89,144,55,56,208,152,80,1216,1
72,104,32,135,128,-7,64,72,8,72,312,240,80,280,200,104,129,25,87,199,112,80,1304,1
88,104,16,121,104,-17,72,96,24,80,208,128,80,177,97,104,167,63,56,135,79,104,1095,1
87,119,32,208,177,-31,119,176,57,80,216,136,80,286,206,90,145,55,81,225,144,79,1423,1
64,96,32,127,96,-31,96,160,64,80,184,104,72,304,232,95,127,32,56,192,136,88,1247,1
80,112,32,104,80,-24,96,152,56,72,168,96,64,240,176,26,192,166,56,136,80,80,1160,1
90,89,-1,42,7,-35,72,137,65,56,280,224,40,328,288,88,104,16,63,216,153,83,1244,1
89,129,40,56,24,-32,79,120,41,63,256,193,40,200,160,103,160,57,40,144,104,95,1128,1
72,128,56,55,23,-32,72,153,81,71,296,225,40,360,320,80,88,8,64,216,152,80,1344,1
64,120,56,63,17,-46,86,144,58,79,343,264,56,600,544,72,80,8,95,176,81,80,1560,1
64,103,39,73,18,-55,71,119,48,64,311,247,65,233,168,104,160,56,80,152,72,87,1183,1
80,128,48,72,32,-40,88,128,40,55,240,185,48,304,256,88,112,24,72,392,320,104,1440,1
79,120,41,72,40,-32,88,104,16,72,248,176,64,328,264,88,96,8,64,192,128,88,1216,1
80,104,24,47,16,-31,88,128,40,71,303,232,65,897,832,72,96,24,64,152,88,80,1776,1
88,96,8,72,32,-40,96,128,32,48,232,184,48,264,216,104,128,24,72,168,96,88,1136,1
80,88,8,72,49,-23,79,103,24,56,209,153,46,295,249,64,328,264,80,113,33,78,1263,1
93,109,16,64,40,-24,80,120,40,56,280,224,48,456,408,95,88,-7,72,216,144,64,1373,1
80,112,32,80,48,-32,88,96,8,80,225,145,55,503,448,88,96,8,64,168,104,80,1328,1
80,168,88,64,24,-40,80,112,32,72,344,272,64,344,280,88,96,8,64,176,112,88,1352,1
81,135,54,57,0,-57,97,153,56,56,280,224,48,456,408,80,81,1,62,151,89,88,1344,1
64,96,32,56,26,-30,69,134,65,48,216,168,72,352,280,88,80,-8,72,176,104,104,1184,1
64,104,40,64,32,-32,80,120,40,72,369,297,63,543,480,80,136,56,96,113,17,87,1504,1
88,112,24,72,40,-32,80,112,32,72,272,200,58,256,198,96,123,27,53,213,160,104,1232,1
88,121,33,71,26,-45,93,125,32,80,279,199,65,361,296,104,152,48,96,208,112,80,1352,1
80,136,56,96,40,-56,80,136,56,56,256,200,72,297,225,103,127,24,80,328,248,112,1432,1
88,96,8,112,80,-32,88,136,48,72,280,208,40,352,312,80,113,33,71,1063,992,88,2208,1
80,96,16,72,40,-32,96,160,64,64,177,113,80,471,391,80,96,16,64,168,104,88,1296,1
104,168,64,96,64,-32,72,129,57,55,207,152,72,314,242,103,103,0,87,255,168,104,1344,1
88,112,24,96,72,-24,64,120,56,72,200,128,64,281,217,79,129,50,78,166,88,80,1160,1
96,112,16,80,48,-32,72,104,32,64,232,168,63,623,560,81,114,33,79,159,80,88,1480,1
88,104,16,96,65,-31,71,114,43,69,229,160,72,304,232,72,104,32,56,296,240,72,1288,1
80,112,32,80,48,-32,81,120,39,48,272,224,55,800,745,80,96,16,40,209,169,79,1736,1
95,135,40,64,24,-40,88,159,71,57,233,176,56,354,298,94,86,-8,72,200,128,88,1279,1
80,88,8,72,32,-40,72,136,64,56,168,112,56,808,752,88,120,32,80,152,72,96,1600,1
55,121,66,144,86,-58,112,192,80,56,240,184,60,592,532,80,96,16,56,296,240,114,1737,1
72,72,0,72,41,-31,79,119,40,80,264,184,56,504,448,81,81,0,71,191,120,88,1360,1
80,113,33,55,23,-32,89,136,47,64,240,176,47,408,361,111,105,-6,55,207,152,88,1320,1
81,113,32,56,16,-40,80,128,48,80,296,216,80,255,175,97,105,8,88,176,88,87,1176,1
97,106,9,94,62,-32,48,104,56,64,336,272,56,384,328,96,128,32,56,272,216,88,1480,1
96,112,16,96,80,-16,80,96,16,72,1152,1080,24,392,368,88,104,16,80,208,128,56,2200,1
80,112,32,72,28,-44,86,116,30,80,272,192,72,322,250,78,102,24,64,176,112,112,1240,1
63,95,32,79,55,-24,81,129,48,79,736,657,40,536,496,88,97,9,63,176,113,87,1911,1
88,121,33,79,31,-48,81,144,63,80,352,272,32,473,441,89,79,-10,56,208,152,88,1496,1
120,176,56,80,49,-31,87,135,48,56,272,216,41,488,447,104,97,-7,63,199,136,128,1544,1
103,136,33,55,24,-31,79,127,48,64,320,256,47,540,493,100,108,8,64,200,136,80,1535,1
88,121,33,87,23,-64,98,169,71,23,192,169,54,471,417,81,88,7,64,200,136,81,1345,1
80,104,24,89,56,-33,72,128,56,64,345,281,73,198,125,97,176,79,58,152,94,81,1240,1
88,137,49,55,24,-31,79,136,57,47,319,272,63,213,150,75,124,49,71,208,137,87,1248,1
87,95,8,80,48,-32,80,121,41,71,281,210,112,383,271,88,96,8,48,257,209,87,1368,1
103,120,17,95,63,-32,88,136,48,48,257,209,57,231,174,88,145,57,71,256,185,31,1239,1
104,138,34,78,38,-40,96,128,32,65,242,177,71,439,368,96,105,9,87,600,513,79,1769,1
103,122,19,61,29,-32,88,129,41,72,208,136,63,408,345,88,96,8,63,240,177,55,1287,1
80,136,56,32,7,-25,80,144,64,56,473,417,80,113,33,102,246,144,88,193,105,95,1407,1
87,103,16,88,57,-31,87,120,33,62,264,202,63,360,297,103,96,-7,47,200,153,103,1303,1
82,112,30,103,64,-39,87,120,33,63,272,209,79,264,185,103,127,24,64,169,105,95,1223,1
96,120,24,119,88,-31,95,152,57,63,248,185,56,233,177,103,167,64,71,176,105,79,1263,1
87,95,8,96,81,-15,79,88,9,63,288,225,56,304,248,87,80,-7,63,296,233,96,1328,1
87,113,26,78,39,-39,87,128,41,56,232,176,57,327,270,113,529,416,56,160,104,103,1631,1
88,120,32,80,40,-40,88,119,31,65,273,208,48,328,280,96,112,16,56,224,168,96,1312,1
105,104,-1,63,32,-31,97,144,47,80,239,159,89,273,184,127,960,833,80,96,16,64,1912,1
71,80,9,72,40,-32,88,123,35,61,262,201,63,295,232,104,117,13,59,227,168,104,1248,1
99,81,-18,80,48,-32,88,120,32,72,208,136,56,544,488,96,104,8,56,168,112,80,1353,1
93,86,-7,112,80,-32,55,88,33,80,344,264,48,544,496,88,96,8,56,336,280,80,1654,1
80,113,33,59,31,-28,81,136,55,64,175,111,57,338,281,87,111,24,40,200,160,80,1184,1
95,88,-7,88,33,-55,71,127,56,56,184,128,64,592,528,88,89,1,63,231,168,88,1432,1
87,72,-15,87,64,-23,96,112,16,72,240,168,50,512,462,120,64,-56,80,232,152,112,1408,1
87,96,9,96,64,-32,88,120,32,64,304,240,48,272,224,96,576,480,80,119,39,81,1632,1
72,96,24,88,48,-40,80,136,56,77,264,187,64,440,376,104,80,-24,80,400,320,96,1560,1
72,96,24,64,32,-32,88,128,40,82,248,166,64,607,543,89,80,-9,97,201,104,80,1472,1
88,112,24,96,56,-40,96,112,16,72,256,184,80,360,280,96,88,-8,72,200,128,88,1272,1
88,144,56,104,48,-56,112,136,24,72,256,184,80,336,256,80,96,16,80,232,152,72,1320,1
88,120,32,104,72,-32,88,144,56,40,216,176,80,328,248,96,113,17,79,207,128,88,1288,1
104,192,88,104,56,-48,88,120,32,56,264,208,80,288,208,96,184,88,32,200,168,88,1392,1
88,104,16,72,40,-32,96,152,56,56,344,288,40,368,328,88,80,-8,55,207,152,112,1407,1
80,64,-16,80,40,-40,88,137,49,47,271,224,48,368,320,112,440,328,64,80,16,104,1504,1
80,120,40,80,48,-32,76,128,52,64,232,168,56,304,248,89,66,-23,70,254,184,96,1248,1
80,81,1,79,38,-41,97,145,48,56,220,164,52,276,224,88,96,8,64,200,136,88,1144,1
80,120,40,96,56,-40,88,120,32,64,200,136,64,296,232,83,112,29,64,208,144,80,1192,1
80,96,16,113,96,-17,80,96,16,48,232,184,64,392,328,104,64,-40,72,960,888,64,2000,1
72,80,8,120,88,-32,72,104,32,56,216,160,56,344,288,96,104,8,88,976,888,96,2008,1
104,96,-8,96,48,-48,104,136,32,64,176,112,81,360,279,104,536,432,80,113,33,95,1560,1
88,114,26,85,53,-32,97,137,40,64,240,176,80,528,448,96,129,33,71,175,104,56,1432,1
95,103,8,96,56,-40,96,121,25,79,311,232,80,257,177,96,122,26,54,206,152,104,1280,1
63,104,41,81,48,-33,88,136,48,56,240,184,56,256,200,104,216,112,80,216,136,115,1331,1
80,112,32,87,31,-56,104,136,32,80,257,177,80,544,464,72,96,24,80,232,152,104,1512,1
56,72,16,96,48,-48,88,120,32,48,184,136,64,552,488,96,88,-8,72,208,136,80,1352,1
80,104,24,104,56,-48,88,128,40,56,200,144,80,408,328,88,104,16,80,192,112,80,1272,1
88,80,-8,88,64,-24,80,152,72,56,168,112,82,440,358,88,72,-16,96,216,120,72,1264,1
76,116,40,64,24,-40,105,160,55,40,144,104,72,216,144,104,224,120,80,168,88,96,1148,1
88,120,32,80,32,-48,88,144,56,56,288,232,57,160,103,104,232,128,72,192,120,88,1256,1
80,104,24,96,64,-32,80,88,8,64,328,264,56,304,248,88,105,17,63,223,160,80,1296,1
80,168,88,152,48,-104,112,176,64,40,176,136,64,216,152,80,144,64,64,168,104,56,1152,1
63,87,24,96,40,-56,96,128,32,56,217,161,56,319,263,114,136,22,56,184,128,72,1183,1
80,121,41,87,31,-56,104,144,40,56,280,224,72,688,616,64,105,41,79,112,33,79,1560,1
88,120,32,72,32,-40,96,104,8,81,288,207,64,224,160,96,136,40,56,144,88,88,1136,1
55,87,32,72,16,-56,96,184,88,80,425,345,55,520,465,79,87,8,71,177,106,72,1568,1
63,103,40,96,17,-79,136,143,7,64,521,457,95,143,48,113,321,208,95,103,8,97,1448,1
71,88,17,95,56,-39,96,143,47,64,337,273,79,184,105,71,136,65,64,122,58,77,1143,1
87,112,25,72,36,-36,91,132,41,63,320,257,80,256,176,88,123,35,60,140,80,88,1207,1
79,104,25,71,48,-23,87,122,35,38,198,160,79,277,198,122,203,81,64,144,80,79,1175,1
103,120,17,87,56,-31,95,136,41,63,215,152,80,257,177,112,232,120,55,160,105,79,1255,1
75,104,29,72,39,-33,104,128,24,65,216,151,65,272,207,88,297,209,80,123,43,61,1240,1
65,133,68,84,43,-41,97,137,40,71,367,296,79,353,274,104,128,24,55,160,105,88,1409,1
63,104,41,79,47,-32,96,137,41,73,248,175,55,304,249,112,608,496,64,104,40,79,1631,1
104,448,344,137,1552,1415,89,329,240,95,304,209,104,1143,1039,81,224,143,73,248,175,97,4345,3
81,304,223,81,1801,1720,104,536,432,79,248,169,119,544,425,104,296,192,80,728,648,111,4568,3
112,423,311,167,233,66,72,472,400,87,280,193,119,424,305,136,792,656,95,1240,1145,79,3943,3
88,649,561,143,216,73,88,608,520,71,192,121,112,2183,2071,79,168,89,89,272,183,105,4393,3
105,232,127,137,241,104,55,351,296,96,296,200,112,471,359,113,209,96,72,256,184,112,2168,3
80,408,328,700,128,-572,688,744,56,80,880,800,112,568,456,104,240,136,88,304,216,96,3368,3
80,239,159,193,257,64,72,264,192,104,304,200,104,740,636,84,155,71,73,249,176,95,2303,3
112,224,112,144,215,71,57,201,144,96,232,136,119,934,815,90,162,72,112,312,200,104,2384,3
72,169,97,135,225,90,64,247,183,89,320,231,96,632,536,97,521,424,104,263,159,105,2482,3
88,240,152,183,280,97,48,280,232,112,344,232,104,656,552,88,152,64,87,287,200,145,2384,3
57,192,135,168,249,81,55,295,240,121,320,199,145,560,415,113,312,199,73,592,519,73,2593,3
97,233,136,159,248,89,72,521,449,86,278,192,121,896,775,89,232,143,80,320,240,161,2889,3
96,495,399,184,265,81,64,759,695,81,256,175,128,536,408,113,408,295,72,432,360,112,3263,3
97,216,119,184,280,96,73,608,535,105,305,200,120,615,495,105,280,175,81,368,287,128,2800,3
40,775,735,90,274,184,120,311,191,96,296,200,137,536,399,89,248,159,105,448,343,113,3001,3
97,328,231,160,256,96,80,320,240,95,278,183,138,474,336,112,248,136,88,608,520,80,2592,3
79,239,160,151,264,113,48,352,304,80,208,128,128,504,376,120,1033,913,64,719,655,89,3408,3
73,312,239,144,225,81,87,311,224,96,600,504,104,1024,920,121,312,191,96,376,280,96,3256,3
80,231,151,129,217,88,104,401,297,103,495,392,120,360,240,112,368,256,104,480,376,128,2680,3
57,247,190,152,234,82,31,263,232,112,255,143,113,1393,1280,88,920,832,104,472,368,121,3905,3
97,273,176,152,224,72,79,296,217,112,336,224,120,504,384,129,152,23,96,472,376,104,2361,3
72,720,648,296,104,-192,288,504,216,72,272,200,112,568,456,88,224,136,97,304,207,137,2833,3
88,245,157,216,247,31,33,593,560,96,289,193,127,599,472,104,176,72,88,304,216,104,2557,3
97,232,135,120,192,72,72,320,248,112,304,192,128,472,344,96,224,128,80,297,217,103,2144,3
88,496,408,160,184,24,111,452,341,107,283,176,113,505,392,104,280,176,96,376,280,136,2712,3
80,207,127,144,209,65,88,280,192,96,253,157,131,395,264,104,216,112,104,321,217,127,2008,3
79,239,160,184,248,64,88,344,256,96,312,216,96,743,647,81,161,80,72,400,328,88,2535,3
112,528,416,760,160,-600,712,959,247,73,641,568,128,272,144,88,392,304,143,1592,1449,112,4656,3
129,264,135,135,232,97,56,288,232,96,280,184,128,472,344,112,296,184,112,440,328,144,2416,3
105,448,343,152,208,56,56,272,216,96,392,296,128,280,152,96,367,271,97,353,256,112,2432,3
87,271,184,161,257,96,56,304,248,88,272,184,143,872,729,104,287,183,113,406,293,99,2768,3
119,222,103,154,266,112,56,744,688,96,360,264,136,376,240,112,880,768,88,376,288,120,3344,3
114,313,199,144,232,88,72,400,328,56,1128,1072,96,1416,1320,96,184,88,96,1408,1312,80,5161,3
80,312,232,184,272,88,72,304,232,128,303,175,137,657,520,80,160,80,88,360,272,96,2464,3
65,263,198,105,201,96,56,240,184,112,226,114,198,878,680,72,672,600,97,272,175,120,2872,3
80,200,120,136,216,80,47,135,88,154,401,247,111,200,89,112,952,840,72,328,256,112,2544,3
97,288,191,152,272,120,56,248,192,128,320,192,112,688,576,89,152,63,72,208,136,112,2288,3
97,328,231,136,216,80,64,256,192,104,240,136,144,600,456,80,144,64,88,256,168,88,2128,3
80,238,158,122,250,128,32,160,128,88,191,103,145,433,288,136,784,648,105,912,807,88,3056,3
104,784,680,167,144,-23,152,296,144,96,176,80,160,567,407,137,408,271,104,321,217,80,2776,3
96,240,144,143,248,105,56,215,159,89,353,264,112,1256,1144,88,144,56,112,384,272,88,2928,3
88,240,152,136,264,128,40,144,104,128,295,167,184,361,177,96,184,88,112,599,487,105,2192,3
128,952,824,192,80,-112,216,368,152,80,360,280,120,311,191,105,313,208,80,328,248,112,2824,3
95,224,129,129,240,111,40,121,81,87,350,263,145,344,199,153,585,432,88,336,248,71,2271,3
95,271,176,153,265,112,48,136,88,120,368,248,136,296,160,135,296,161,104,368,264,80,2080,3
72,288,216,528,176,-352,456,575,119,65,449,384,120,688,568,104,232,128,64,280,216,72,2760,3
81,296,215,544,80,-464,552,664,112,72,232,160,128,408,280,111,272,161,120,400,280,80,2432,3
103,239,136,320,208,-112,191,296,105,96,264,168,112,431,319,113,193,80,112,344,232,95,2070,3
88,239,151,137,233,96,56,136,80,120,287,167,145,393,248,112,911,799,89,329,240,112,2640,3
72,200,128,144,239,95,57,225,168,104,272,168,128,456,328,119,160,41,87,304,217,112,1968,3
96,1224,1128,512,129,-383,479,575,96,80,296,216,136,263,127,129,305,176,96,423,327,97,3312,3
88,232,144,352,152,-200,295,383,88,97,393,296,112,223,111,137,401,264,96,352,256,128,2264,3
64,248,184,1416,88,-1328,1424,1696,272,128,928,800,136,1504,1368,120,304,184,96,527,431,113,5408,3
80,192,112,104,223,119,40,217,177,103,304,201,136,624,488,72,207,135,81,424,343,129,2320,3
144,328,184,120,192,72,88,201,113,111,263,152,127,544,417,96,152,56,96,255,159,104,2039,3
72,217,145,160,255,95,65,169,104,120,424,304,128,792,664,96,168,72,72,335,263,112,2472,3
104,231,127,433,113,-320,448,583,135,89,464,375,129,305,176,104,264,160,55,303,248,153,2416,3
97,216,119,152,217,65,112,256,144,112,344,232,104,352,248,112,200,88,80,295,215,128,2008,3
56,703,647,104,200,96,73,193,120,120,415,295,144,417,273,80,343,263,129,377,248,136,2784,3
88,216,128,104,207,103,57,153,96,112,231,119,137,481,344,95,200,105,80,295,215,113,1896,3
103,232,129,111,224,113,72,40,-32,104,1392,1288,128,704,576,88,256,168,103,616,513,112,3576,3
96,264,168,376,200,-176,247,464,217,87,231,144,145,776,631,97,457,360,102,336,234,136,2864,3
96,240,144,88,176,88,55,144,89,104,232,128,144,584,440,95,240,145,112,415,303,153,2184,3
90,231,141,113,209,96,64,400,336,144,352,208,128,464,336,104,159,55,120,357,237,131,2303,3
96,279,183,129,184,55,104,272,168,113,328,215,153,504,351,121,416,295,71,400,329,121,2504,3
88,296,208,97,176,79,73,161,88,112,288,176,160,400,240,127,703,576,97,344,247,129,2497,3
152,352,200,104,215,111,40,177,137,112,1105,993,119,781,662,121,313,192,88,416,328,135,3494,3
146,312,166,207,223,16,161,217,56,127,296,169,136,400,264,120,784,664,104,351,247,152,2735,3
73,418,345,128,223,95,56,144,88,113,345,232,143,592,449,112,184,72,96,192,96,104,2202,3
112,248,136,128,216,88,39,168,129,128,312,184,128,512,384,104,360,256,96,400,304,104,2320,3
103,216,113,120,224,104,56,128,72,152,360,208,143,343,200,129,193,64,104,295,191,128,1887,3
87,288,201,576,104,-472,584,648,64,87,335,248,137,273,136,112,336,224,112,344,232,144,2472,3
104,287,183,137,241,104,56,199,143,113,257,144,152,480,328,112,176,64,111,215,104,120,1975,3
88,279,191,129,304,175,121,368,247,96,193,97,144,400,256,112,368,256,72,257,185,135,2304,3
33,321,288,127,255,128,49,505,456,95,264,169,151,391,240,105,1408,1303,49,384,335,73,3601,3
58,122,64,143,248,105,56,191,135,81,249,168,144,792,648,104,352,248,128,328,200,135,2417,3
120,232,112,144,232,88,56,176,120,72,216,144,144,258,114,116,527,411,111,222,111,137,2000,3
112,808,696,256,120,-136,272,376,104,88,384,296,119,264,145,144,432,288,129,408,279,120,2912,3
72,272,200,176,248,72,80,184,104,144,1112,968,120,1552,1432,88,1008,920,80,640,560,97,5113,3
112,224,112,168,257,89,55,223,168,129,232,103,144,344,200,120,567,447,98,385,287,129,2361,3
72,288,216,152,225,73,71,215,144,121,233,112,160,351,191,104,528,424,105,328,223,129,2297,3
129,248,119,176,249,73,87,399,312,129,1176,1047,129,360,231,129,408,279,136,528,392,152,3520,3
97,328,231,288,161,-127,248,959,711,72,304,232,112,545,433,88,367,279,88,296,208,105,3065,3
88,272,184,224,265,41,112,575,463,89,256,167,161,384,223,129,384,255,65,336,271,137,2609,3
97,264,167,143,248,105,73,520,447,81,168,87,121,368,247,113,240,127,89,304,215,161,2273,3
97,241,144,160,241,81,112,623,511,81,352,271,144,288,144,105,312,207,105,272,167,97,2426,3
73,240,167,160,264,104,89,488,399,136,1016,880,136,440,304,128,456,328,88,376,288,145,3425,3
128,304,176,1256,137,-1119,1216,1471,255,136,296,160,120,440,320,120,336,216,80,348,268,148,3480,3
105,320,215,360,208,-152,280,496,216,120,352,232,136,1144,1008,112,376,264,88,1607,1519,90,4593,3
112,744,632,153,152,-1,192,680,488,89,368,279,128,441,313,103,367,264,120,368,248,137,3257,3
96,312,216,336,136,-200,304,504,200,112,240,128,144,616,472,112,200,88,112,512,400,160,2680,3
104,304,200,144,215,71,80,360,280,72,208,136,112,512,400,104,184,80,88,376,288,128,2287,3
97,231,134,145,232,87,105,361,256,112,240,128,120,736,616,128,384,256,64,296,232,144,2624,3
89,207,118,113,209,96,72,328,256,88,200,112,153,487,334,129,265,136,64,512,448,136,2344,3
89,256,167,120,200,80,89,328,239,96,416,320,112,704,592,136,304,168,80,2048,1968,114,4370,3
81,256,175,568,208,-360,496,800,304,96,295,199,137,650,513,111,254,143,97,297,200,80,2840,3
128,336,208,120,312,192,88,480,392,88,1056,968,80,496,416,104,400,296,104,336,232,80,3496,3
136,319,183,128,337,209,112,440,328,95,1024,929,96,368,272,176,400,224,104,312,208,128,3328,3
144,383,239,152,328,176,105,233,128,128,368,240,80,408,328,144,760,616,72,280,208,112,2872,3
136,368,232,113,384,271,128,384,256,127,440,313,96,320,224,136,600,464,88,448,360,128,3072,3
136,417,281,152,319,167,129,281,152,120,408,288,112,319,207,153,449,296,96,456,360,120,2769,3
136,336,200,137,336,199,104,320,216,130,712,582,88,336,248,160,416,256,128,368,240,128,2952,3
129,432,303,127,304,177,104,264,160,128,448,320,96,296,200,160,336,176,96,352,256,128,2560,3
132,376,244,105,320,215,96,257,161,127,423,296,104,304,200,128,360,232,103,567,464,136,2743,3
87,321,234,103,280,177,88,239,151,128,425,297,96,344,248,119,343,224,105,441,336,119,2512,3
119,296,177,127,255,128,104,352,248,143,553,410,119,376,257,144,344,200,104,424,320,111,2711,3
96,464,368,119,320,201,96,288,192,128,440,312,96,344,248,152,328,176,144,488,344,111,2783,3
112,359,247,97,273,176,72,280,208,136,384,248,88,360,272,136,400,264,112,504,392,104,2664,3
128,384,256,136,320,184,96,1064,968,129,1056,927,88,504,416,129,336,207,119,376,257,104,4144,3
104,352,248,104,288,184,88,288,200,128,352,224,96,344,248,120,368,248,104,328,224,112,2432,3
112,312,200,106,272,166,80,232,152,119,352,233,80,328,248,152,352,200,87,383,296,136,2367,3
95,288,193,103,255,152,88,241,153,151,415,264,72,305,233,103,351,248,95,297,202,119,2271,3
87,320,233,80,250,170,70,351,281,127,288,161,70,544,474,119,424,305,95,312,217,136,2625,3
89,289,200,104,256,152,72,256,184,111,272,161,72,440,368,144,360,216,88,512,424,111,2496,3
128,328,200,87,240,153,63,240,177,104,336,232,80,392,312,128,312,184,80,352,272,88,2288,3
120,776,656,112,288,176,88,336,248,96,327,231,97,337,240,128,328,200,112,328,216,104,2824,3
104,288,184,104,282,178,70,222,152,104,272,168,88,400,312,152,320,168,104,352,248,112,2248,3
128,312,184,104,258,154,94,318,224,112,728,616,80,384,304,136,392,256,104,328,224,104,2824,3
113,304,191,113,320,207,88,304,216,124,360,236,88,409,321,159,343,184,123,608,485,104,2752,3
95,280,185,79,255,176,65,280,215,122,320,198,88,344,256,144,409,265,87,424,337,103,2415,3
95,280,185,104,256,152,79,280,201,136,336,200,71,359,288,144,353,209,104,367,263,112,2343,3
113,312,199,79,232,153,80,280,200,120,344,224,88,368,280,112,360,248,88,359,271,113,2368,3
104,296,192,79,234,155,73,366,293,144,304,160,120,464,344,128,424,296,88,360,272,111,2559,3
104,312,208,80,256,176,64,264,200,112,368,256,80,384,304,152,592,440,88,344,256,104,2624,3
96,296,200,80,233,153,79,287,208,112,544,432,80,400,320,152,352,200,88,344,256,112,2568,3
88,288,200,80,233,153,81,263,182,144,392,248,80,368,288,248,544,296,96,472,376,136,2696,3
96,272,176,88,281,193,79,247,168,113,1864,1751,88,792,704,152,505,353,95,919,824,112,4992,3
88,336,248,80,280,200,80,321,241,128,312,184,95,343,248,144,489,345,95,352,257,103,2536,3
127,312,185,103,248,145,87,264,177,119,328,209,95,368,273,119,328,209,88,335,247,88,2271,3
102,280,178,88,240,152,79,248,169,127,392,265,80,343,263,96,392,296,88,329,241,104,2328,3
103,279,176,81,235,154,61,238,177,112,344,232,80,400,320,152,376,224,80,344,264,112,2328,3
112,256,144,80,244,164,84,236,152,112,480,368,80,360,280,168,320,152,88,304,216,96,2296,3
97,281,184,80,233,153,79,287,208,128,592,464,88,376,288,127,448,321,72,400,328,128,2745,3
103,296,193,80,216,136,88,256,168,112,536,424,104,456,352,168,344,176,104,288,184,80,2472,3
104,288,184,79,232,153,64,224,160,104,352,248,80,384,304,128,424,296,80,256,176,80,2240,3
104,272,168,88,216,128,80,232,152,104,1248,1144,80,768,688,112,384,272,113,257,144,79,3456,3
103,271,168,80,235,155,69,173,104,120,417,297,71,335,264,129,440,311,80,313,233,111,2295,3
80,264,184,122,256,134,113,289,176,103,480,377,127,327,200,128,376,248,88,289,201,87,2368,3
104,256,152,113,239,126,121,273,152,112,416,304,111,312,201,120,352,232,104,288,184,103,2239,3
80,256,176,80,216,136,72,208,136,128,352,224,72,344,272,135,295,160,105,304,199,105,2080,3
80,271,191,80,945,865,112,264,152,127,800,673,103,328,225,129,352,223,103,280,177,95,3335,3
103,280,177,88,236,148,60,252,192,104,608,504,79,344,265,151,359,208,96,329,233,96,2504,3
104,352,248,128,280,152,128,296,168,130,504,374,96,344,248,152,264,112,104,280,176,96,2416,3
104,304,200,88,249,161,79,279,200,104,345,241,95,399,304,151,401,250,112,351,239,130,2458,3
96,264,168,88,240,152,64,248,184,123,329,206,95,320,225,144,320,176,78,222,144,98,2041,3
95,247,152,88,225,137,103,231,128,105,289,184,104,280,176,127,392,265,88,360,272,103,2127,3
119,304,185,71,223,152,89,216,127,80,560,480,89,345,256,184,263,79,89,360,271,128,2399,3
88,328,240,88,249,161,71,247,176,120,312,192,80,408,328,160,320,160,88,336,248,96,2296,3
96,272,176,96,248,152,81,208,127,152,736,584,136,223,87,122,537,415,160,384,224,112,2720,3
122,368,246,96,296,200,88,352,264,152,1056,904,96,656,560,152,336,184,104,280,176,112,3456,3
129,320,191,104,265,161,103,263,160,120,344,224,104,376,272,152,304,152,104,304,200,96,2272,3
88,312,224,80,264,184,80,233,153,143,543,400,104,360,256,168,320,152,120,328,208,88,2448,3
104,304,200,80,265,185,103,279,176,136,457,321,95,415,320,144,305,161,119,327,208,113,2465,3
103,280,177,104,247,143,88,296,208,136,440,304,105,377,272,143,368,225,79,280,201,111,2399,3
95,280,185,88,233,145,95,319,224,128,392,264,88,336,248,136,320,184,111,264,153,112,2256,3
96,312,216,104,280,176,80,280,200,112,464,352,96,368,272,144,296,152,113,328,215,128,2456,3
113,288,175,88,258,170,86,278,192,129,416,287,80,344,264,160,336,176,104,320,216,112,2352,3
112,288,176,80,232,152,73,248,175,130,408,278,88,312,224,113,384,271,104,480,376,120,2472,3
96,264,168,104,240,136,91,280,189,72,376,304,136,360,224,136,336,200,113,320,207,104,2280,3
88,265,177,79,215,136,104,264,160,112,320,208,80,296,216,136,624,488,104,473,369,103,2560,3
112,233,121,112,240,128,79,232,153,79,528,449,80,288,208,151,328,177,103,288,185,135,2272,3
105,281,176,96,250,154,94,222,128,112,320,208,80,304,224,95,344,249,96,424,328,119,2264,3
120,272,152,72,208,136,80,209,129,79,439,360,88,336,248,152,544,392,129,304,175,136,2448,3
88,224,136,104,224,120,80,200,120,128,304,176,80,272,192,152,280,128,96,280,184,112,1896,3
88,240,152,96,208,112,96,211,115,125,325,200,80,328,248,136,336,200,104,640,536,128,2416,3
112,248,136,88,232,144,80,184,104,104,384,280,80,376,296,128,376,248,112,256,144,136,2192,3
104,240,136,88,216,128,80,185,105,95,343,248,72,344,272,184,615,431,89,369,280,123,2435,3
80,241,161,103,215,112,104,240,136,144,384,240,88,481,393,175,327,152,88,272,184,112,2272,3
96,273,177,103,215,112,89,177,88,151,375,224,80,376,296,144,321,177,87,271,184,131,2139,3
103,240,137,79,207,128,64,200,136,56,392,336,72,352,280,112,648,536,72,608,536,104,2751,3
104,224,120,104,248,144,80,224,144,88,408,320,103,336,233,160,312,152,112,296,184,136,2184,3
96,248,152,88,216,128,80,256,176,88,400,312,104,1248,1144,112,368,256,72,248,176,111,3095,3
120,248,128,104,232,128,73,216,143,72,440,368,80,896,816,160,296,136,88,312,224,104,2744,3
104,256,152,88,265,177,63,215,152,80,848,768,80,376,296,136,304,168,112,279,167,114,2657,3
113,264,151,104,240,136,81,240,159,88,384,296,88,431,343,97,417,320,80,280,200,79,2335,3
95,247,152,88,216,128,104,232,128,80,424,344,88,344,256,131,424,293,113,320,207,123,2330,3
104,272,168,96,232,136,80,208,128,96,448,352,88,368,280,152,369,217,103,303,200,104,2304,3
151,304,153,127,952,825,103,328,225,72,552,480,79,360,281,144,280,136,111,368,257,127,3271,3
107,312,205,96,272,176,80,240,160,104,736,632,88,376,288,136,344,208,104,280,176,112,2672,3
96,248,152,96,232,136,80,232,152,80,416,336,80,352,272,120,336,216,113,392,279,112,2320,3
114,280,166,104,249,145,72,231,159,88,432,344,48,448,400,152,352,200,104,312,208,129,2433,3
120,288,168,112,265,153,72,231,159,80,496,416,80,408,328,128,336,208,128,336,208,112,2472,3
104,256,152,114,264,150,80,232,152,88,457,369,63,335,272,144,344,200,104,297,193,127,2312,3
96,265,169,87,215,128,90,248,158,80,456,376,88,337,249,135,431,296,104,425,321,119,2496,3
88,249,161,103,248,145,72,208,136,79,447,368,80,416,336,160,313,153,120,280,160,112,2273,3
80,208,128,95,208,113,90,218,128,85,430,345,87,432,345,127,376,249,128,648,520,104,2624,3
127,279,152,105,232,127,90,225,135,88,520,432,80,432,352,152,472,320,128,320,192,96,2576,3
104,256,152,103,224,121,80,215,135,88,489,401,88,336,248,130,472,342,88,272,184,96,2360,3
113,272,159,104,240,136,80,240,160,64,456,392,88,312,224,184,384,200,128,328,200,104,2336,3
104,248,144,88,216,128,88,184,96,129,400,271,88,352,264,136,360,224,104,424,320,104,2288,3
72,224,152,80,232,152,73,168,95,112,576,464,128,312,184,184,352,168,88,313,225,103,2280,3
103,263,160,104,249,145,79,231,152,88,457,369,79,375,296,160,552,392,88,344,256,80,2551,3
128,375,247,130,272,142,79,208,129,120,424,304,86,600,514,135,240,105,95,343,248,96,2558,3
136,456,320,112,288,176,104,168,64,120,512,392,96,392,296,152,296,144,112,288,176,120,2520,3
104,264,160,113,264,151,88,208,120,129,328,199,88,312,224,128,360,232,96,272,176,104,2112,3
88,248,160,87,240,153,64,240,176,120,610,490,70,342,272,128,368,240,80,296,216,96,2440,3
88,280,192,88,224,136,80,208,128,113,320,207,80,352,272,152,320,168,88,264,176,96,2064,3
80,232,152,88,216,128,56,176,120,104,376,272,88,344,256,136,272,136,88,240,152,112,1968,3
88,265,177,95,247,152,72,209,137,127,407,280,80,328,248,137,313,176,103,263,160,112,2144,3
88,240,152,80,224,144,63,169,106,104,584,480,80,1080,1000,103,704,601,87,583,496,105,3689,3
87,240,153,88,240,152,64,145,81,110,407,297,96,392,296,144,320,176,104,312,208,104,2160,3
88,232,144,80,216,136,72,208,136,104,568,464,96,336,240,128,480,352,104,344,240,88,2472,3
80,256,176,80,224,144,82,192,110,111,368,257,80,312,232,113,296,183,96,536,440,136,2320,3
86,246,160,80,208,128,64,216,152,104,320,216,88,384,296,136,344,208,80,256,176,104,2078,3
104,248,144,80,224,144,73,224,151,112,575,463,97,345,248,152,352,200,104,528,424,104,2600,3
80,232,152,95,224,129,72,224,152,104,456,352,88,360,272,128,424,296,96,320,224,80,2320,3
79,231,152,80,216,136,64,224,160,112,480,368,80,456,376,113,425,312,79,439,360,112,2583,3
96,224,128,88,200,112,80,214,134,118,315,197,87,351,264,160,320,160,104,273,169,103,2000,3
71,223,152,64,200,136,55,169,114,111,319,208,80,273,193,128,352,224,87,240,153,104,1880,3
88,225,137,72,200,128,55,104,49,103,496,393,79,280,201,127,304,177,88,223,135,104,1936,3
88,320,232,71,496,425,104,328,224,122,464,342,80,376,296,128,368,240,88,392,304,88,2832,3
88,224,136,88,240,152,72,200,128,104,496,392,48,680,632,128,376,248,104,328,224,64,2608,3
80,247,167,72,208,136,66,216,150,72,393,321,96,352,256,104,296,192,88,344,256,88,2144,3
104,256,152,88,224,136,72,225,153,63,383,320,80,288,208,96,320,224,88,288,200,104,2088,3
88,264,176,64,200,136,64,200,136,72,376,304,88,336,248,136,304,168,96,344,248,120,2144,3
80,256,176,79,207,128,64,192,128,88,385,297,72,312,240,131,304,173,104,312,208,103,2071,3
80,216,136,88,216,128,64,216,152,56,360,304,80,328,248,128,352,224,80,304,224,96,2088,3
88,217,129,87,215,128,72,200,128,72,360,288,88,272,184,152,400,248,80,313,233,95,2072,3
79,247,168,80,233,153,71,191,120,128,528,400,89,416,327,144,297,153,87,328,241,103,2343,3
71,208,137,79,200,121,71,193,122,79,519,440,103,312,209,175,328,153,95,256,161,112,2128,3
104,280,176,80,256,176,72,192,120,88,408,320,88,360,272,160,312,152,88,336,248,120,2264,3
96,256,160,80,208,128,80,200,120,72,416,344,80,360,280,152,272,120,88,328,240,112,2152,3
96,248,152,88,216,128,64,193,129,63,367,304,88,336,248,128,304,176,112,336,224,112,2112,3
88,248,160,88,216,128,81,201,120,71,359,288,104,432,328,152,304,152,119,320,201,120,2200,3
80,232,152,72,200,128,64,176,112,79,400,321,72,368,296,129,328,199,96,248,152,88,2040,3
88,232,144,80,208,128,80,204,124,76,356,280,79,399,320,145,337,192,111,352,241,104,2192,3
88,232,144,88,224,136,64,180,116,76,389,313,87,423,336,128,328,200,104,289,185,95,2160,3
72,232,160,79,240,161,48,176,128,72,456,384,71,992,921,126,376,250,87,455,368,105,3032,3
104,232,128,87,200,113,88,200,112,80,376,296,96,520,424,129,552,423,88,392,304,80,2552,3
104,256,152,88,200,112,80,208,128,72,408,336,88,360,272,122,352,230,104,336,232,80,2200,3
88,240,152,96,224,128,72,224,152,64,664,600,103,336,233,128,312,184,104,536,432,129,2665,3
88,256,168,88,227,139,55,189,134,72,552,480,80,1024,944,128,1208,1080,88,360,272,112,3928,3
120,248,128,104,216,112,81,192,111,104,424,320,80,328,248,122,352,230,104,464,360,104,2328,3
104,248,144,104,222,118,91,218,127,88,1352,1264,72,712,640,136,384,248,88,472,384,80,3688,3
88,240,152,104,224,120,64,202,138,86,358,272,112,384,272,113,240,127,120,336,216,96,2080,3
88,216,128,88,224,136,56,185,129,87,392,305,87,431,344,128,312,184,104,312,208,97,2169,3
103,247,144,96,224,128,96,225,129,111,384,273,127,384,257,111,248,137,104,312,208,112,2136,3
87,240,153,95,216,121,79,215,136,80,473,393,88,344,256,128,712,584,71,304,233,119,2623,3
87,216,129,80,208,128,64,176,112,80,544,464,87,336,249,103,640,537,80,248,168,88,2456,3
104,240,136,80,232,152,72,200,128,80,376,296,104,336,232,128,296,168,96,296,200,104,2080,3
104,248,144,88,232,144,88,239,151,81,593,512,96,336,240,128,360,232,131,320,189,104,2432,3
80,408,328,96,256,160,80,232,152,64,384,320,104,312,208,128,424,296,104,288,184,104,2408,3
113,265,152,103,231,128,81,216,135,80,375,295,104,377,273,152,336,184,104,280,176,112,2192,3
114,272,158,88,201,113,95,224,129,71,488,417,87,423,336,153,616,463,120,280,160,108,2612,3
119,296,177,129,264,135,79,215,136,72,424,352,105,328,223,160,353,193,95,256,161,104,2240,3
96,256,160,96,224,128,72,200,128,71,408,337,111,304,193,127,792,665,104,384,280,104,2672,3
111,271,160,105,224,119,104,224,120,88,441,353,80,304,224,129,559,430,104,457,353,114,2594,3
120,264,144,104,216,112,104,224,120,80,353,273,95,336,241,136,344,208,103,288,185,112,2137,3
104,232,128,104,224,120,80,208,128,72,400,328,95,392,297,104,503,399,129,305,176,101,2365,3
96,232,136,80,200,120,64,200,136,64,368,304,88,392,304,136,424,288,104,296,192,120,2232,3
104,272,168,80,208,128,83,208,125,88,384,296,113,328,215,130,360,230,120,304,184,104,2168,3
113,288,175,104,248,144,99,216,117,104,376,272,112,400,288,152,288,136,104,672,568,96,2584,3
135,655,520,104,264,160,88,240,152,80,448,368,120,377,257,135,263,128,130,312,182,113,2672,3
104,305,201,111,248,137,78,206,128,88,481,393,120,361,241,135,312,177,112,240,128,87,2240,3
87,223,136,80,209,129,71,185,114,86,351,265,111,383,272,88,417,329,88,264,176,87,2119,3
104,288,184,104,251,147,69,196,127,89,777,688,80,280,200,128,320,192,103,280,177,72,2464,3
87,288,201,104,280,176,80,247,167,73,833,760,104,328,224,135,472,337,88,408,320,72,2928,3
112,264,152,104,224,120,87,216,129,104,400,296,112,296,184,120,392,272,96,296,200,80,2168,3
104,272,168,96,240,144,65,200,135,80,440,360,112,392,280,104,264,160,104,320,216,104,2232,3
112,257,145,95,207,112,80,208,128,80,360,280,104,320,216,113,344,231,128,328,200,96,2120,3
96,392,296,104,289,185,79,255,176,64,528,464,71,296,225,152,288,136,112,248,136,104,2400,3
103,255,152,96,232,136,81,201,120,87,367,280,88,313,225,135,616,481,111,312,201,95,2391,3
112,273,161,95,225,130,54,190,136,104,376,272,123,448,325,145,257,112,103,392,289,103,2264,3
119,288,169,104,241,137,62,191,129,79,368,289,79,472,393,104,327,223,96,377,281,80,2344,3
122,344,222,152,288,136,104,232,128,104,424,320,104,360,256,128,352,224,120,360,240,96,2456,3
96,240,144,113,456,343,168,360,192,112,1360,1248,80,408,328,112,304,192,128,408,280,104,3640,3
103,263,160,88,233,145,72,200,128,72,448,376,88,368,280,96,456,360,128,392,264,80,2440,3
103,263,160,80,210,130,70,206,136,64,384,320,88,336,248,104,400,296,120,304,184,104,2207,3
96,296,200,88,243,155,53,181,128,80,376,296,80,376,296,114,288,174,104,304,200,104,2168,3
96,240,144,80,208,128,80,200,120,72,368,296,88,360,272,128,353,225,113,264,151,103,2096,3
104,249,145,87,215,128,64,191,127,88,362,274,103,376,273,111,335,224,112,248,136,80,2056,3
112,273,161,103,207,104,89,216,127,64,424,360,97,305,208,103,392,289,129,224,95,71,2112,3
104,312,208,80,233,153,71,198,127,72,441,369,72,296,224,143,344,201,104,352,248,119,2295,3
81,248,167,88,224,136,72,192,120,80,472,392,72,344,272,113,360,247,96,344,248,72,2256,3
96,265,169,87,203,116,78,189,111,71,376,305,88,320,232,113,360,247,104,288,184,88,2089,3
88,256,168,104,240,136,56,168,112,80,328,248,88,344,256,120,360,240,96,256,160,104,2056,3
95,271,176,104,248,144,72,192,120,80,1073,993,71,640,569,111,511,400,113,344,231,80,3359,3
104,232,128,104,232,128,69,200,131,88,464,376,88,344,256,128,304,176,80,240,160,88,2104,3
88,240,152,96,224,128,72,185,113,87,383,296,96,385,289,103,311,208,104,289,185,87,2104,3
79,214,135,89,226,137,56,168,112,87,360,273,95,440,345,136,272,136,95,272,177,111,2063,3
104,240,136,104,232,128,73,184,111,88,376,288,96,392,296,143,296,153,111,264,153,87,2071,3
95,224,129,96,208,112,90,200,110,80,640,560,80,272,192,136,512,376,111,248,137,104,2408,3
104,264,160,96,232,136,88,240,152,72,1000,928,80,352,272,136,607,471,115,313,198,88,3096,3
104,264,160,104,232,128,80,224,144,72,440,368,80,320,240,136,440,304,128,328,200,80,2328,3
128,264,136,104,244,140,61,180,119,96,344,248,112,408,296,129,400,271,104,424,320,96,2360,3
104,248,144,104,224,120,80,208,128,80,424,344,104,368,264,144,344,200,96,280,184,96,2192,3
104,264,160,88,200,112,65,192,127,64,409,345,95,392,297,127,311,184,113,297,184,95,2160,3
103,263,160,96,226,130,62,190,128,80,400,320,80,401,321,130,336,206,79,264,185,79,2159,3
103,615,512,96,249,153,63,216,153,71,392,321,71,328,257,143,280,137,96,256,160,112,2448,3
120,344,224,136,264,128,113,347,234,120,607,487,103,423,320,136,434,298,111,310,199,88,2817,3
128,296,168,138,306,168,120,197,77,128,447,319,100,369,269,136,304,168,120,280,160,81,2280,3
112,247,135,96,224,128,76,143,67,123,346,223,104,296,192,120,345,225,104,336,232,117,2054,3
99,243,144,104,224,120,96,309,213,141,350,209,116,404,288,154,308,154,120,264,144,136,2238,3
151,287,136,137,311,174,128,320,192,128,304,176,98,266,168,152,336,184,129,361,232,101,2286,3
126,270,144,113,260,147,112,256,144,129,411,282,112,416,304,168,330,162,128,474,346,128,2545,3
120,265,145,96,240,144,79,218,139,112,376,264,80,320,240,147,363,216,129,507,378,120,2409,3
98,261,163,96,232,136,80,144,64,112,400,288,112,325,213,177,281,104,104,501,397,112,2256,3
106,240,134,97,236,139,96,184,88,143,303,160,104,329,225,160,348,188,144,624,480,104,2368,3
117,232,115,116,236,120,96,184,88,153,337,184,121,401,280,167,271,104,131,414,283,96,2171,3
136,277,141,169,329,160,121,265,144,130,338,208,112,400,288,144,232,88,129,513,384,109,2463,3
142,310,168,112,248,136,90,266,176,136,288,152,80,422,342,128,320,192,130,307,177,104,2265,3
96,231,135,104,219,115,72,186,114,120,356,236,96,324,228,168,337,169,114,346,232,104,2103,3
105,256,151,89,217,128,72,175,103,97,317,220,73,311,238,144,399,255,120,556,436,98,2329,3
132,275,143,92,227,135,81,200,119,120,401,281,96,313,217,136,312,176,106,322,216,112,2162,3
117,240,123,96,236,140,104,296,192,160,512,352,80,1264,1184,160,328,168,134,417,283,128,3421,3
111,275,164,80,209,129,59,171,112,97,277,180,97,352,255,123,331,208,121,265,144,96,1976,3
91,252,161,88,226,138,64,188,124,96,384,288,79,318,239,135,368,233,99,762,663,112,2610,3
120,264,144,80,224,144,72,160,88,120,918,798,105,405,300,159,279,120,104,416,312,140,2806,3
128,249,121,106,228,122,80,144,64,96,517,421,83,275,192,119,534,415,112,324,212,112,2383,3
112,232,120,112,224,112,72,128,56,104,288,184,96,405,309,137,313,176,105,315,210,112,2017,3
96,223,127,104,224,120,80,160,80,105,313,208,85,403,318,112,240,128,81,349,268,88,2000,3
88,252,164,88,200,112,64,224,160,127,263,136,81,306,225,182,358,176,112,328,216,104,2035,3
128,264,136,104,216,112,72,176,104,97,289,192,80,327,247,96,338,242,104,360,256,113,2083,3
112,232,120,80,200,120,64,160,96,112,272,160,72,336,264,144,328,184,104,415,311,93,2036,3
113,255,142,88,211,123,64,184,120,129,426,297,88,288,200,129,376,247,104,344,240,96,2180,3
112,253,141,80,200,120,88,200,112,80,360,280,72,695,623,145,266,121,120,352,232,128,2454,3
120,240,120,88,202,114,74,146,72,104,320,216,96,296,200,160,352,192,88,280,192,96,1932,3
105,232,127,96,208,112,80,176,96,88,314,226,80,296,216,137,386,249,112,376,264,104,2092,3
96,275,179,111,223,112,88,168,80,96,377,281,64,344,280,152,663,511,105,377,272,120,2547,3
116,229,113,112,208,96,88,120,32,135,344,209,87,288,201,168,328,160,112,280,168,125,1922,3
104,232,128,100,212,112,104,195,91,104,303,199,97,329,232,124,414,290,123,479,356,104,2268,3
104,224,120,107,203,96,96,160,64,112,216,104,88,339,251,192,304,112,121,355,234,89,1890,3
88,200,112,104,224,120,64,48,-16,102,1448,1346,128,676,548,120,296,176,128,440,312,144,3476,3
106,219,113,104,224,120,77,261,184,144,336,192,72,312,240,192,352,160,96,330,234,104,2138,3
96,216,120,96,217,121,72,184,112,104,264,160,88,291,203,127,310,183,128,338,210,96,1916,3
96,224,128,96,208,112,72,129,57,104,488,384,104,359,255,143,412,269,112,351,239,118,2289,3
113,264,151,88,211,123,80,120,40,120,296,176,96,267,171,160,674,514,170,242,72,112,2186,3
120,264,144,128,255,127,96,227,131,111,296,185,79,422,343,144,272,128,111,434,323,169,2339,3
104,246,142,112,231,119,73,161,88,128,304,176,80,392,312,160,328,168,120,272,152,145,2079,3
112,232,120,104,216,112,80,178,98,96,315,219,88,396,308,152,359,207,96,359,263,96,2151,3
128,237,109,108,228,120,96,202,106,113,267,154,77,415,338,152,267,115,120,320,200,128,2064,3
88,216,128,79,186,107,104,176,72,96,344,248,132,300,168,128,353,225,112,272,160,96,1943,3
104,248,144,96,200,104,88,183,95,112,283,171,104,377,273,128,312,184,104,344,240,104,2051,3
113,305,192,112,208,96,96,188,92,104,326,222,81,298,217,120,306,186,96,251,155,117,1999,3
106,226,120,88,184,96,104,176,72,80,271,191,80,276,196,183,343,160,96,383,287,117,1976,3
87,199,112,91,195,104,80,176,96,97,273,176,88,444,356,195,259,64,105,306,201,128,1980,3
96,200,104,88,192,104,82,138,56,96,297,201,75,424,349,137,452,315,105,281,176,96,2080,3
104,218,114,94,200,106,88,209,121,87,281,194,80,357,277,160,320,160,103,271,168,104,1960,3
96,216,120,96,208,112,74,138,64,113,329,216,104,322,218,122,266,144,80,259,179,97,1835,3
97,221,124,88,192,104,72,184,112,135,312,177,96,272,176,148,316,168,112,257,145,93,1847,3
88,200,112,96,200,104,72,177,105,128,255,127,88,433,345,160,288,128,96,528,432,104,2185,3
96,225,129,80,193,113,86,214,128,98,243,145,88,359,271,128,300,172,96,293,197,132,1959,3
104,215,111,82,186,104,88,152,64,86,248,162,80,340,260,148,615,467,115,296,181,120,2172,3
96,224,128,94,198,104,73,213,140,112,291,179,104,457,353,152,268,116,104,334,230,92,2077,3
104,253,149,80,206,126,64,185,121,100,244,144,72,340,268,116,305,189,104,495,391,71,2099,3
91,232,141,93,183,90,96,321,225,218,346,128,97,601,504,152,521,369,130,422,292,139,2765,3
84,216,132,80,192,112,80,118,38,104,426,322,111,278,167,145,386,241,75,286,211,105,2007,3
99,211,112,89,195,106,88,186,98,104,339,235,89,388,299,196,300,104,114,311,197,112,2042,3
90,210,120,88,205,117,80,136,56,112,378,266,88,288,200,177,360,183,88,271,183,96,1944,3
111,263,152,112,238,126,88,216,128,117,386,269,103,358,255,165,368,203,96,207,111,128,2164,3
101,216,115,94,198,104,104,183,79,93,264,171,83,252,169,206,368,162,130,345,215,120,1946,3
92,220,128,95,219,124,80,159,79,92,359,267,88,272,184,129,339,210,112,351,239,104,2023,3
80,204,124,96,212,116,72,176,104,91,278,187,97,354,257,136,328,192,125,272,147,96,1920,3
99,210,111,104,216,112,88,163,75,111,291,180,96,276,180,138,413,275,104,326,222,128,2023,3
116,248,132,88,216,128,81,140,59,130,309,179,81,300,219,169,346,177,96,225,129,104,1888,3
100,220,120,89,201,112,80,88,8,109,491,382,104,521,417,196,307,111,118,349,231,128,2305,3
80,198,118,88,202,114,88,152,64,125,342,217,98,295,197,176,307,131,146,410,264,161,2067,3
97,228,131,81,210,129,80,136,56,112,1007,895,99,391,292,175,297,122,110,483,373,138,2890,3
112,225,113,108,207,99,96,208,112,117,293,176,80,376,296,199,359,160,164,348,184,129,2145,3
96,232,136,83,183,100,96,160,64,128,329,201,96,321,225,201,282,81,120,319,199,141,1967,3
91,210,119,104,212,108,93,149,56,124,326,202,88,241,153,144,409,265,88,272,184,89,1908,3
103,231,128,89,179,90,88,184,96,112,409,297,92,310,218,162,250,88,107,362,255,129,2054,3
112,240,128,101,197,96,137,169,32,123,593,470,152,259,107,149,387,238,128,719,591,149,2713,3
104,214,110,120,304,184,126,206,80,120,272,152,88,295,207,176,355,179,114,311,197,113,2070,3
88,219,131,96,200,104,72,167,95,112,334,222,79,290,211,151,309,158,112,350,238,141,2010,3
112,232,120,98,210,112,96,208,112,120,321,201,96,491,395,138,327,189,120,401,281,88,2278,3
96,251,155,104,214,110,88,319,231,90,339,249,80,293,213,128,371,243,112,424,312,112,2323,3
112,245,133,95,204,109,88,201,113,124,350,226,96,258,162,157,390,233,120,360,240,129,2137,3
96,233,137,96,210,114,107,195,88,88,261,173,80,313,233,163,305,142,112,309,197,112,1938,3
99,238,139,96,202,106,64,158,94,96,334,238,92,236,144,288,520,232,152,457,305,156,2301,3
104,239,135,84,196,112,96,155,59,88,306,218,112,328,216,112,388,276,120,245,125,125,1982,3
72,200,128,72,176,104,88,198,110,124,557,433,96,355,259,120,509,389,88,338,250,96,2429,3
108,245,137,90,185,95,112,177,65,109,441,332,104,259,155,178,372,194,112,605,493,168,2452,3
120,224,104,110,214,104,88,160,72,125,626,501,90,335,245,168,632,464,175,343,168,91,2625,3
97,242,145,104,226,122,96,192,96,113,665,552,104,486,382,156,478,322,88,365,277,152,2806,3
113,256,143,100,217,117,112,215,103,136,452,316,99,474,375,167,375,208,160,363,203,138,2490,3
96,230,134,113,202,89,141,202,61,138,365,227,80,344,264,143,455,312,105,479,374,155,2432,3
125,247,122,118,226,108,99,171,72,104,356,252,96,271,175,168,404,236,120,315,195,122,2112,3
96,210,114,112,250,138,96,230,134,96,329,233,80,253,173,136,419,283,144,327,183,104,2122,3
128,264,136,144,902,758,107,453,346,125,946,821,108,568,460,163,440,277,113,351,238,120,4044,3
104,227,123,88,205,117,88,144,56,160,329,169,88,311,223,205,314,109,104,353,249,144,2027,3
104,234,130,98,186,88,120,208,88,125,293,168,104,314,210,176,343,167,115,291,176,121,1990,3
88,215,127,104,228,124,121,177,56,111,410,299,128,284,156,170,345,175,136,298,162,118,2075,3
104,237,133,101,213,112,106,186,80,126,320,194,72,320,248,150,344,194,110,212,102,105,1937,3
710,1440,730,1040,2800,1760,960,9680,8720,720,9120,8400,720,4160,3440,880,7120,6240,800,4720,3920,720,39760,7
560,2800,2240,960,4400,3440,880,7920,7040,880,9280,8400,710,3120,2410,800,3120,2320,960,4720,3760,880,36240,7
720,1270,550,1130,3450,2320,960,6000,5040,640,11760,11120,880,3120,2240,720,7990,7270,730,3930,3200,880,38400,7
800,1600,800,1040,5620,4580,860,4060,3200,720,5120,4400,880,2800,1920,960,6880,5920,640,2640,2000,880,29600,7
720,1840,1120,960,3600,2640,800,7200,6400,640,8560,7920,640,2640,2000,960,6000,5040,880,2880,2000,790,33510,7
880,1920,1040,960,3200,2240,960,7680,6720,640,5280,4640,800,2560,1760,800,4720,3920,720,8470,7750,730,34560,7
560,3510,2950,810,6090,5280,640,3910,3270,800,8410,7610,720,3760,3040,1040,4000,2960,880,4400,3520,720,34800,7
64,248,184,88,400,312,72,1280,1208,80,744,664,80,328,248,103,504,401,88,312,224,72,3888,7
63,247,184,80,288,208,88,416,328,72,576,504,88,336,248,88,423,335,97,611,514,78,2975,7
56,144,88,112,936,824,80,334,254,74,498,424,88,296,208,104,304,200,88,344,256,88,2944,7
80,264,184,88,376,288,96,515,419,84,701,617,96,296,200,96,799,703,113,385,272,65,3401,7
56,288,232,88,320,232,72,488,416,64,464,400,88,256,168,104,336,232,88,304,216,80,2536,7
64,392,328,80,1023,943,89,401,312,88,488,400,96,1943,1847,116,1497,1381,80,328,248,72,6144,7
64,184,120,104,920,816,96,344,248,55,448,393,80,320,240,96,304,208,72,328,256,71,2919,7
56,255,199,89,353,264,88,440,352,56,576,520,96,304,208,88,280,192,88,312,224,72,2592,7
64,320,256,112,600,488,104,472,368,64,552,488,80,264,184,111,424,313,104,368,264,72,3072,7
32,304,272,96,384,288,88,800,712,72,408,336,80,224,144,112,304,192,88,295,207,89,2808,7
80,264,184,96,288,192,80,368,288,72,505,433,102,311,209,104,280,176,79,312,233,72,2400,7
72,272,200,96,344,248,88,368,280,64,512,448,96,304,208,104,368,264,112,400,288,72,2640,7
56,327,271,96,301,205,92,412,320,80,384,304,72,258,186,119,478,359,80,376,296,64,2600,7
72,248,176,72,264,192,80,312,232,72,424,352,96,296,200,96,362,266,110,470,360,72,2448,7
56,464,408,80,344,264,72,536,464,56,448,392,88,320,232,96,432,336,72,328,256,71,2943,7
48,336,288,64,640,576,88,648,560,72,912,840,72,320,248,96,312,216,95,536,441,96,3800,7
56,488,432,79,288,209,88,296,208,56,416,360,88,320,232,104,264,160,88,343,255,64,2479,7
72,240,168,88,320,232,104,392,288,64,432,368,71,392,321,120,392,272,72,320,248,80,2568,7
56,233,177,80,304,224,80,320,240,72,552,480,88,328,240,96,688,592,88,376,288,104,2905,7
64,319,255,73,273,200,88,280,192,64,368,304,72,416,344,96,224,128,96,344,248,88,2312,7
56,376,320,88,336,248,87,400,313,64,392,328,72,384,312,96,680,584,72,416,344,96,3080,7
72,316,244,100,276,176,88,344,256,64,440,376,67,283,216,141,261,120,88,312,224,88,2320,7
64,288,224,88,472,384,72,560,488,64,576,512,72,520,448,104,352,248,80,336,256,72,3176,7
56,256,200,80,384,304,88,888,800,55,992,937,79,296,217,96,248,152,80,368,288,88,3520,7
48,248,200,71,616,545,64,495,431,57,505,448,88,1016,928,120,680,560,88,480,392,64,4104,7
56,296,240,72,320,248,79,296,217,72,576,504,88,368,280,75,240,165,72,416,344,96,2608,7
72,360,288,72,344,272,80,279,199,65,417,352,64,384,320,96,696,600,119,848,729,71,3399,7
64,2144,2080,72,256,184,88,431,343,73,385,312,80,424,344,112,288,176,88,280,192,96,4304,7
72,496,424,80,288,208,88,488,400,63,400,337,72,247,175,97,441,344,79,312,233,80,2752,7
56,430,374,65,481,416,104,352,248,72,697,625,96,304,208,112,320,208,96,384,288,79,3047,7
56,360,304,72,331,259,125,317,192,40,536,496,80,792,712,88,400,312,88,308,220,83,3127,7
73,385,312,80,272,192,120,432,312,64,496,432,96,272,176,120,344,224,95,304,209,72,2577,7
55,408,353,96,640,544,72,512,440,56,424,368,80,832,752,112,248,136,96,280,184,96,3440,7
25,392,367,88,327,239,89,393,304,72,472,400,112,352,240,96,400,304,56,320,264,64,2720,7
56,328,272,88,320,232,87,256,169,80,416,336,96,376,280,104,512,408,88,370,282,102,2680,7
56,353,297,80,424,344,104,400,296,72,432,360,112,368,256,104,568,464,80,592,512,72,3209,7
65,313,248,80,304,224,88,344,256,64,584,520,80,320,240,104,320,216,95,352,257,80,2617,7
72,360,288,72,280,208,104,320,216,80,536,456,104,384,280,96,304,208,88,1328,1240,144,3656,7
71,288,217,96,352,256,72,696,624,72,688,616,87,336,249,112,456,344,104,368,264,96,3280,7
80,264,184,104,296,192,96,400,304,72,656,584,72,824,752,104,776,672,88,345,257,79,3640,7
64,272,208,80,232,152,96,288,192,72,408,336,88,264,176,135,399,264,105,361,256,80,2304,7
72,232,160,96,248,152,104,767,663,89,425,336,96,296,200,112,408,296,104,368,264,96,2840,7
64,296,232,80,360,280,96,576,480,64,560,496,97,1176,1079,112,296,184,120,328,208,64,3656,7
56,496,440,80,433,353,79,375,296,80,560,480,80,472,392,88,280,192,80,448,368,80,3144,7
72,304,232,88,344,256,72,312,240,64,456,392,64,432,368,88,280,192,96,400,304,62,2590,7
63,304,241,88,552,464,88,304,216,72,456,384,104,416,312,104,304,200,96,480,384,88,2904,7
63,336,273,96,360,264,87,296,209,72,687,615,113,422,309,91,291,200,80,312,232,80,2784,7
80,344,264,64,312,248,80,336,256,48,424,376,88,496,408,88,288,200,80,328,248,96,2624,7
72,487,415,73,409,336,96,831,735,65,561,496,88,432,344,104,352,248,96,424,328,72,3568,7
80,329,249,80,3136,3056,88,568,480,72,488,416,80,304,224,103,519,416,82,441,359,104,5889,7
65,320,255,96,609,513,112,464,352,72,472,400,88,408,320,88,408,320,96,456,360,80,3217,7
88,280,192,95,624,529,96,416,320,57,688,631,88,408,320,128,392,264,72,448,376,96,3352,7
48,344,296,88,288,200,80,328,248,56,384,328,96,352,256,96,640,544,104,320,216,70,2726,7
65,249,184,80,312,232,80,280,200,64,456,392,88,343,255,97,392,295,90,473,383,72,2577,7
63,239,176,105,353,248,80,2528,2448,104,887,783,89,360,271,112,384,272,65,377,312,71,5199,7
81,289,208,71,519,448,96,353,257,56,416,360,88,360,272,104,272,168,88,336,248,80,2625,7
72,296,224,96,431,335,81,705,624,96,1016,920,88,552,464,81,192,111,103,384,281,80,3656,7
39,231,192,73,297,224,104,312,208,80,416,336,96,400,304,112,400,288,96,424,328,88,2568,7
65,281,216,96,311,215,81,249,168,72,416,344,72,352,280,88,328,240,64,368,304,88,2393,7
49,321,272,104,320,216,96,432,336,72,384,312,88,328,240,112,872,760,96,488,392,72,3217,7
81,225,144,96,256,160,96,624,528,79,544,465,104,328,224,128,832,704,88,560,472,40,3409,7
95,296,201,104,280,176,96,1855,1759,81,617,536,82,311,229,113,393,280,64,360,296,88,4200,7
64,232,168,104,248,144,88,399,311,73,625,552,88,368,280,96,264,168,88,320,232,80,2536,7
64,296,232,96,400,304,80,968,888,64,584,520,88,320,232,112,1032,920,64,384,320,88,4072,7
64,328,264,88,304,216,64,296,232,56,520,464,72,408,336,80,288,208,88,328,240,88,2560,7
25,272,247,64,240,176,72,416,344,88,520,432,80,344,264,96,312,216,104,336,232,88,2528,7
64,224,160,112,240,128,80,288,208,72,616,544,80,272,192,120,664,544,88,360,272,112,2776,7
72,388,316,117,396,279,77,465,388,57,439,382,105,345,240,112,368,256,96,352,256,88,2841,7
72,312,240,88,296,208,80,1008,928,64,695,631,97,489,392,104,624,520,88,328,240,88,3840,7
39,271,232,80,249,169,88,288,200,88,399,311,89,353,264,104,536,432,64,304,240,104,2504,7
48,280,232,72,224,152,88,312,224,72,552,480,88,400,312,112,352,240,72,376,304,96,2592,7
72,464,392,64,248,184,96,368,272,72,376,304,112,280,168,120,261,141,130,291,161,96,2384,7
72,336,264,88,328,240,96,328,232,96,728,632,88,392,304,104,303,199,105,305,200,96,2816,7
56,304,248,88,608,520,80,727,647,81,489,408,80,328,248,87,288,201,88,320,232,80,3144,7
64,311,247,73,393,320,104,400,296,56,600,544,96,760,664,96,624,528,112,552,440,96,3736,7
65,417,352,72,279,207,97,313,216,47,416,369,80,368,288,112,200,88,88,312,224,96,2401,7
56,272,216,88,440,352,80,448,368,39,441,402,63,423,360,160,360,200,104,296,192,88,2768,7
64,407,343,67,337,270,104,328,224,72,448,376,80,512,432,112,343,231,81,317,236,108,2800,7
56,328,272,80,343,263,81,537,456,56,416,360,64,240,176,128,320,192,80,287,207,81,2552,7
23,319,296,89,393,304,104,832,728,48,520,472,56,416,360,80,264,184,88,255,167,73,3072,7
39,232,193,72,264,192,88,360,272,64,416,352,96,375,279,81,1641,1560,88,280,192,88,3656,7
56,272,216,80,303,223,121,313,192,71,448,377,48,320,272,128,384,256,56,256,200,61,2357,7
63,343,280,72,248,176,96,277,181,60,428,368,104,431,327,113,512,399,61,409,348,72,2720,7
56,464,408,64,272,208,104,248,144,72,392,320,72,335,263,113,305,192,72,272,200,88,2376,7
72,279,207,89,240,151,73,345,272,64,479,415,88,328,240,97,265,168,88,416,328,80,2432,7
31,400,369,56,272,216,80,296,216,64,423,359,64,384,320,81,888,807,81,441,360,72,3176,7
32,1144,1112,56,384,328,72,256,184,72,520,448,72,1103,1031,105,425,320,64,328,264,64,4224,7
56,255,199,88,1104,1016,40,412,372,88,263,175,80,307,227,91,800,709,59,516,457,88,3745,7
56,305,249,65,491,426,64,297,233,56,662,606,96,272,176,97,490,393,66,282,216,74,2873,7
64,441,377,69,292,223,65,308,243,56,1966,1910,57,307,250,84,292,208,56,293,237,56,3955,7
40,238,198,83,391,308,56,283,227,57,607,550,64,317,253,76,338,262,64,486,422,56,2716,7
56,337,281,64,543,479,32,343,311,72,783,711,54,782,728,107,391,284,64,339,275,64,3582,7
64,350,286,48,330,282,100,325,225,67,534,467,80,399,319,74,333,259,56,887,831,56,3214,7
48,330,282,73,405,332,56,405,349,48,564,516,64,273,209,70,307,237,48,476,428,61,2821,7
24,405,381,72,299,227,56,262,206,40,457,417,56,265,209,72,402,330,57,382,325,64,2536,7
45,353,308,64,376,312,48,471,423,58,483,425,64,390,326,133,384,251,76,315,239,72,2844,7
48,307,259,72,305,233,64,277,213,56,384,328,48,366,318,68,348,280,56,318,262,72,2377,7
64,485,421,41,433,392,56,324,268,44,439,395,56,326,270,88,294,206,48,435,387,69,2805,7
48,377,329,40,322,282,72,352,280,43,453,410,56,339,283,77,326,249,48,416,368,49,2634,7
40,420,380,64,332,268,56,294,238,73,504,431,66,1418,1352,56,425,369,66,446,380,73,3912,7
56,261,205,72,297,225,64,248,184,48,452,404,91,379,288,67,281,214,48,364,316,56,2338,7
32,258,226,48,284,236,48,244,196,48,442,394,53,375,322,80,329,249,32,491,459,72,2495,7
56,262,206,64,377,313,48,264,216,56,358,302,72,384,312,72,477,405,56,379,323,66,2567,7
56,253,197,72,295,223,64,234,170,64,521,457,80,456,376,112,347,235,56,344,288,64,2514,7
48,250,202,56,225,169,63,217,154,64,1398,1334,72,263,191,104,233,129,16,838,822,64,3488,7
56,240,184,80,873,793,64,275,211,81,821,740,73,318,245,96,339,243,48,365,317,67,3298,7
32,249,217,64,345,281,48,262,214,48,392,344,81,328,247,80,287,207,73,481,408,64,2408,7
80,295,215,72,326,254,56,246,190,64,442,378,107,403,296,104,391,287,64,448,384,93,2644,7
64,342,278,64,264,200,56,229,173,64,388,324,96,360,264,144,306,162,56,311,255,83,2283,7
64,338,274,69,387,318,69,277,208,63,453,390,88,465,377,88,386,298,40,330,290,86,2722,7
40,211,171,66,417,351,57,232,175,57,382,325,89,318,229,88,304,216,32,336,304,81,2281,7
51,219,168,64,364,300,56,250,194,56,475,419,64,331,267,64,338,274,64,314,250,56,2347,7
48,250,202,65,309,244,56,493,437,75,389,314,75,317,242,83,437,354,56,428,372,67,2690,7
40,373,333,58,446,388,40,399,359,56,604,548,49,303,254,82,302,220,24,313,289,106,2846,7
56,345,289,56,309,253,64,267,203,48,423,375,56,225,169,88,298,210,56,284,228,72,2223,7
32,352,320,56,222,166,56,216,160,65,508,443,56,309,253,96,357,261,58,331,273,64,2359,7
24,261,237,61,315,254,45,997,952,88,1238,1150,25,842,817,120,293,173,48,355,307,95,4396,7
32,333,301,48,291,243,56,323,267,32,419,387,72,267,195,101,624,523,56,278,222,80,2615,7
32,332,300,48,230,182,77,255,178,56,493,437,72,315,243,82,357,275,89,364,275,86,2432,7
56,359,303,72,248,176,81,225,144,72,607,535,68,399,331,104,256,152,50,268,218,80,2442,7
31,403,372,48,349,301,53,318,265,40,419,379,71,280,209,88,304,216,72,289,217,118,2480,7
40,312,272,73,322,249,40,238,198,56,454,398,64,352,288,69,258,189,56,368,312,108,2412,7
57,325,268,85,258,173,72,233,161,66,418,352,64,328,264,84,382,298,72,220,148,80,2244,7
72,240,168,70,204,134,64,192,128,68,736,668,56,631,575,120,271,151,45,343,298,71,2688,7
50,271,221,64,272,208,33,249,216,64,382,318,64,328,264,90,419,329,64,347,283,89,2357,7
56,341,285,56,296,240,48,251,203,55,444,389,92,300,208,80,539,459,48,425,377,88,2684,7
32,285,253,74,276,202,72,256,184,56,457,401,50,288,238,88,329,241,48,346,298,72,2309,7
45,295,250,72,258,186,88,248,160,64,473,409,64,376,312,97,382,285,72,495,423,61,2588,7
64,274,210,68,478,410,56,258,202,64,408,344,95,352,257,102,258,156,70,338,268,72,2438,7
56,293,237,64,342,278,56,239,183,48,335,287,101,344,243,96,296,200,56,442,386,89,2380,7
58,252,194,92,463,371,64,278,214,89,478,389,80,314,234,89,275,186,64,372,308,80,2512,7
88,412,324,71,272,201,41,233,192,67,609,542,108,333,225,82,454,372,32,295,263,88,2696,7
57,290,233,72,296,224,48,271,223,48,402,354,72,261,189,88,251,163,80,295,215,82,2148,7
72,255,183,80,405,325,40,206,166,56,368,312,100,271,171,88,264,176,64,288,224,102,2159,7
48,237,189,64,250,186,72,260,188,72,355,283,129,422,293,102,706,604,75,387,312,56,2673,7
48,403,355,70,388,318,56,240,184,48,424,376,96,390,294,80,370,290,72,424,352,64,2703,7
72,270,198,77,453,376,56,376,320,48,417,369,72,376,304,94,394,300,64,445,381,80,2811,7
40,355,315,56,452,396,48,258,210,65,442,377,64,309,245,64,313,249,56,469,413,72,2670,7
48,253,205,58,270,212,48,222,174,56,367,311,78,424,346,91,355,264,41,384,343,81,2356,7
48,299,251,48,282,234,64,248,184,51,395,344,72,979,907,85,260,175,64,349,285,57,2869,7
48,339,291,64,220,156,84,272,188,56,463,407,80,348,268,132,281,149,56,357,301,80,2360,7
112,518,406,72,288,216,88,435,347,48,436,388,80,364,284,122,471,349,96,526,430,48,3086,7
40,339,299,56,209,153,64,222,158,80,464,384,48,672,624,80,474,394,67,435,368,71,2886,7
72,364,292,64,250,186,72,248,176,80,663,583,83,328,245,97,271,174,64,413,349,76,2613,7
82,449,367,72,275,203,64,234,170,72,473,401,64,326,262,64,788,724,40,454,414,72,3071,7
64,406,342,64,256,192,65,251,186,49,432,383,64,352,288,90,315,225,65,517,452,80,2609,7
48,335,287,72,325,253,64,268,204,40,399,359,56,318,262,91,1474,1383,56,899,843,81,4099,7
48,360,312,88,273,185,82,272,190,56,381,325,72,371,299,106,330,224,56,388,332,81,2456,7
56,356,300,64,281,217,64,335,271,81,412,331,80,344,264,92,250,158,81,328,247,72,2378,7
64,286,222,80,348,268,72,301,229,64,543,479,56,273,217,92,295,203,56,376,320,72,2494,7
56,281,225,67,296,229,64,346,282,56,388,332,56,294,238,74,573,499,88,1085,997,64,3327,7
80,280,200,75,418,343,64,220,156,64,398,334,77,338,261,95,437,342,64,319,255,80,2490,7
40,345,305,48,237,189,48,218,170,56,509,453,64,525,461,88,224,136,65,367,302,83,2508,7
56,328,272,64,247,183,82,314,232,69,2190,2121,64,376,312,64,450,386,56,409,353,65,4379,7
48,280,232,80,254,174,91,459,368,72,610,538,72,295,223,120,361,241,56,366,310,75,2700,7
40,282,242,72,252,180,72,247,175,72,457,385,64,501,437,104,342,238,48,326,278,80,2487,7
56,414,358,59,269,210,48,248,200,48,438,390,48,336,288,109,298,189,56,460,404,72,2535,7
48,447,399,48,251,203,72,267,195,40,464,424,80,400,320,72,263,191,32,401,369,80,2573,7
24,475,451,32,310,278,32,328,296,32,449,417,48,388,340,114,324,210,48,336,288,81,2691,7
40,307,267,58,292,234,48,258,210,48,490,442,56,347,291,105,355,250,40,407,367,75,2531,7
64,298,234,72,290,218,48,264,216,48,500,452,48,409,361,64,476,412,48,521,473,64,2822,7
32,419,387,32,322,290,32,288,256,48,431,383,64,332,268,72,2914,2842,56,544,488,80,5330,7
66,419,353,80,833,753,64,296,232,56,456,400,64,353,289,91,304,213,40,347,307,56,3064,7
40,371,331,56,410,354,48,256,208,64,416,352,67,339,272,104,339,235,72,344,272,80,2555,7
50,367,317,48,306,258,48,329,281,40,579,539,64,344,280,90,486,396,64,436,372,108,2955,7
40,435,395,56,531,475,64,336,272,24,408,384,64,366,302,56,234,178,64,323,259,88,2721,7
24,372,348,48,255,207,69,297,228,68,480,412,55,367,312,90,274,184,84,490,406,72,2607,7
16,382,366,80,327,247,48,306,258,56,494,438,64,558,494,108,417,309,41,410,369,82,2976,7
48,341,293,72,322,250,56,332,276,40,408,368,40,425,385,72,252,180,72,589,517,90,2759,7
83,466,383,75,865,790,56,251,195,40,437,397,72,333,261,77,704,627,40,367,327,96,3519,7
48,377,329,40,369,329,48,260,212,40,505,465,66,433,367,120,355,235,64,375,311,80,2754,7
49,291,242,73,235,162,80,259,179,72,432,360,94,401,307,120,299,179,57,318,261,80,2315,7
49,329,280,72,413,341,57,336,279,56,505,449,57,358,301,96,283,187,80,476,396,112,2812,7
32,334,302,88,455,367,48,274,226,48,486,438,72,295,223,90,724,634,56,374,318,96,3038,7
40,273,233,64,286,222,48,355,307,51,440,389,72,362,290,96,359,263,50,466,416,82,2623,7
40,385,345,64,314,250,78,317,239,48,549,501,32,416,384,100,284,184,64,323,259,72,2660,7
63,280,217,88,261,173,92,297,205,56,410,354,72,404,332,113,252,139,56,403,347,80,2387,7
48,349,301,72,267,195,76,256,180,69,466,397,64,411,347,75,198,123,74,335,261,96,2378,7
48,302,254,72,341,269,64,336,272,130,522,392,72,1561,1489,120,466,346,24,500,476,96,4124,7
48,446,398,86,286,200,49,255,206,40,428,388,72,491,419,108,317,209,56,284,228,80,2587,7
101,1030,929,72,353,281,72,286,214,72,473,401,80,320,240,88,312,224,64,335,271,81,3190,7
40,384,344,72,341,269,80,818,738,72,515,443,57,482,425,88,276,188,64,420,356,76,3312,7
16,592,576,64,382,318,65,349,284,64,517,453,61,377,316,104,338,234,48,416,368,88,3059,7
56,337,281,78,339,261,55,241,186,50,424,374,72,398,326,84,469,385,56,400,344,72,2680,7
64,382,318,64,318,254,32,281,249,40,416,376,32,343,311,80,432,352,72,467,395,42,2681,7
48,302,254,56,263,207,65,284,219,42,600,558,50,315,265,77,365,288,65,368,303,77,2574,7
56,341,285,48,258,210,56,259,203,56,423,367,72,413,341,97,268,171,56,282,226,96,2340,7
48,249,201,68,303,235,68,285,217,64,456,392,96,373,277,96,459,363,48,347,299,72,2544,7
48,294,246,56,249,193,64,242,178,64,804,740,8,1321,1313,120,1768,1648,55,474,419,72,5224,7
24,287,263,64,351,287,48,234,186,40,1274,1234,56,308,252,80,332,252,56,351,295,82,3219,7
48,316,268,56,247,191,56,236,180,49,391,342,56,340,284,76,292,216,32,295,263,73,2190,7
56,242,186,72,288,216,64,434,370,48,413,365,56,333,277,92,196,104,56,280,224,90,2276,7
41,375,334,32,275,243,48,240,192,56,420,364,48,380,332,99,467,368,49,351,302,81,2589,7
40,356,316,48,224,176,56,224,168,48,408,360,56,306,250,88,575,487,33,310,277,80,2483,7
54,354,300,58,255,197,40,256,216,40,423,383,32,452,420,72,278,206,48,472,424,96,2586,7
40,383,343,35,344,309,64,304,240,48,403,355,48,349,301,84,335,251,32,317,285,47,2482,7
8,279,271,45,221,176,56,242,186,48,375,327,48,331,283,72,482,410,61,436,375,90,2456,7
40,315,275,48,288,240,56,233,177,56,449,393,40,330,290,77,267,190,57,328,271,72,2282,7
32,325,293,67,317,250,72,266,194,48,365,317,64,300,236,75,334,259,56,326,270,100,2333,7
40,284,244,64,269,205,48,235,187,56,389,333,67,387,320,72,578,506,40,388,348,80,2610,7
40,334,294,64,260,196,64,241,177,48,394,346,48,426,378,56,256,200,32,287,255,88,2286,7
73,376,303,83,249,166,80,255,175,64,487,423,86,1192,1106,90,232,142,80,312,232,79,3182,7
56,309,253,56,265,209,56,248,192,65,444,379,64,358,294,84,283,199,48,374,326,75,2356,7
56,226,170,80,237,157,40,211,171,67,410,343,48,333,285,107,399,292,67,1461,1394,80,3357,7
56,343,287,75,299,224,88,312,224,56,400,344,80,380,300,88,275,187,65,415,350,72,2496,7
40,299,259,77,269,192,56,224,168,69,424,355,80,369,289,77,337,260,48,394,346,84,2400,7
40,340,300,64,425,361,40,262,222,56,526,470,74,382,308,92,251,159,41,411,370,65,2662,7
72,334,262,73,566,493,56,274,218,56,366,310,72,304,232,121,242,121,80,396,316,83,2565,7
48,294,246,72,283,211,56,238,182,54,978,924,75,406,331,80,424,344,56,410,354,67,3100,7
46,348,302,64,405,341,41,341,300,40,1592,1552,63,371,308,96,178,82,77,279,202,72,3586,7
50,330,280,64,376,312,65,243,178,56,433,377,89,499,410,59,292,233,48,336,288,72,2581,7
73,258,185,91,384,293,52,274,222,48,440,392,64,339,275,96,202,106,64,309,245,100,2306,7
56,358,302,93,304,211,64,234,170,56,554,498,48,392,344,74,257,183,56,341,285,89,2529,7
40,354,314,40,293,253,56,251,195,48,831,783,48,391,343,137,300,163,57,367,310,64,2851,7
64,311,247,64,346,282,64,253,189,56,415,359,56,384,328,106,242,136,45,344,299,56,2351,7
64,368,304,72,316,244,65,263,198,48,449,401,82,491,409,73,345,272,40,402,362,78,2712,7
32,352,320,48,285,237,45,270,225,48,455,407,64,353,289,74,483,409,64,354,290,48,2600,7
24,352,328,56,326,270,56,240,184,48,498,450,64,514,450,80,371,291,16,386,370,72,2759,7
64,337,273,65,298,233,64,235,171,48,424,376,74,382,308,88,267,179,64,291,227,80,2314,7
32,317,285,56,398,342,40,280,240,56,434,378,63,307,244,104,544,440,56,370,314,88,2738,7
56,367,311,50,288,238,72,253,181,50,478,428,80,368,288,72,226,154,48,345,297,58,2383,7
53,326,273,65,300,235,56,227,171,64,437,373,80,304,224,72,248,176,56,280,224,88,2210,7
45,366,321,56,268,212,48,211,163,64,404,340,71,317,246,88,224,136,44,273,229,80,2143,7
48,388,340,62,361,299,51,281,230,52,1809,1757,73,631,558,88,276,188,40,401,361,64,4211,7
49,367,318,64,350,286,63,328,265,64,464,400,64,337,273,56,251,195,48,329,281,91,2517,7
48,304,256,71,367,296,56,273,217,33,526,493,82,290,208,64,262,198,64,291,227,74,2387,7
32,328,296,72,242,170,73,224,151,80,491,411,49,314,265,72,245,173,56,333,277,73,2250,7
63,288,225,64,257,193,49,263,214,45,390,345,64,328,264,72,234,162,50,355,305,92,2207,7
40,754,714,88,784,696,48,418,370,40,398,358,56,387,331,62,401,339,56,378,322,58,3578,7
48,283,235,58,286,228,60,247,187,48,394,346,63,326,263,81,489,408,49,407,358,80,2512,7
64,359,295,40,320,280,48,225,177,56,433,377,72,325,253,91,258,167,56,428,372,96,2444,7
24,385,361,43,286,243,48,258,210,48,449,401,71,376,305,50,219,169,65,558,493,122,2653,7
64,319,255,82,273,191,56,266,210,64,426,362,64,340,276,102,501,399,61,324,263,96,2545,7
83,365,282,56,331,275,56,270,214,64,497,433,56,395,339,80,430,350,45,424,379,88,2800,7
58,299,241,72,306,234,56,251,195,72,393,321,64,273,209,90,603,513,23,340,317,88,2553,7
56,248,192,68,215,147,64,230,166,42,371,329,72,270,198,80,292,212,64,316,252,88,2030,7
72,1444,1372,72,505,433,88,362,274,64,373,309,62,318,256,109,348,239,72,366,294,106,3822,7
56,368,312,80,424,344,72,672,600,56,570,514,64,372,308,64,256,192,48,320,272,96,3078,7
48,348,300,96,305,209,112,357,245,56,427,371,72,272,200,121,337,216,48,338,290,102,2486,7
73,302,229,76,243,167,64,227,163,64,407,343,56,383,327,64,291,227,83,397,314,78,2328,7
64,276,212,72,224,152,70,239,169,60,632,572,69,349,280,96,319,223,72,498,426,72,2609,7
56,315,259,64,249,185,88,220,132,72,374,302,71,339,268,88,242,154,64,324,260,88,2151,7
64,288,224,80,256,176,80,264,184,56,421,365,63,311,248,79,271,192,40,387,347,88,2286,7
81,318,237,88,317,229,80,273,193,56,408,352,88,308,220,80,254,174,56,265,209,96,2239,7
48,292,244,80,270,190,82,282,200,57,379,322,71,641,570,79,273,194,64,344,280,88,2569,7
48,304,256,65,331,266,64,406,342,56,416,360,48,357,309,96,213,117,64,340,276,72,2439,7
75,292,217,81,296,215,64,258,194,64,492,428,64,425,361,91,212,121,64,435,371,80,2490,7
48,263,215,88,241,153,88,320,232,64,454,390,56,358,302,72,444,372,64,424,360,56,2560,7
48,383,335,56,379,323,88,310,222,56,518,462,72,272,200,80,227,147,56,310,254,81,2480,7
56,335,279,72,279,207,36,286,250,67,450,383,74,274,200,69,257,188,72,306,234,76,2263,7
56,301,245,72,252,180,67,285,218,57,548,491,118,299,181,80,244,164,76,332,256,87,2348,7
40,313,273,77,269,192,83,284,201,64,566,502,75,347,272,64,2355,2291,40,266,226,88,4488,7
64,286,222,72,263,191,72,280,208,56,512,456,80,323,243,82,760,678,56,362,306,96,2882,7
56,861,805,64,325,261,89,317,228,67,526,459,71,531,460,96,790,694,56,340,284,76,3766,7
56,453,397,80,336,256,72,248,176,64,480,416,80,320,240,80,257,177,72,328,256,88,2510,7
64,296,232,72,516,444,56,642,586,64,409,345,64,402,338,97,688,591,64,464,400,88,3505,7
56,362,306,80,269,189,80,471,391,72,514,442,56,296,240,81,347,266,56,361,305,64,2684,7
56,229,173,80,258,178,80,339,259,72,1075,1003,72,419,347,115,368,253,56,333,277,94,3115,7
57,297,240,86,325,239,82,297,215,56,660,604,18,262,244,72,320,248,40,366,326,64,2591,7
56,356,300,64,328,264,74,269,195,69,387,318,66,300,234,65,209,144,76,282,206,101,2232,7
59,333,274,62,230,168,88,276,188,65,429,364,70,278,208,80,336,256,24,565,541,78,2525,7
42,275,233,64,227,163,73,230,157,64,357,293,78,237,159,89,272,183,64,313,249,103,2014,7
56,400,344,76,366,290,64,408,344,76,484,408,75,274,199,80,264,184,72,294,222,68,2558,7
64,267,203,72,263,191,65,648,583,64,463,399,72,310,238,64,299,235,65,436,371,91,2777,7
52,320,268,77,293,216,65,258,193,64,398,334,89,265,176,88,255,167,70,283,213,96,2168,7
40,339,299,77,286,209,88,300,212,56,473,417,64,307,243,64,226,162,88,308,220,83,2322,7
80,421,341,72,349,277,96,370,274,64,433,369,64,268,204,99,251,152,64,330,266,86,2508,7
49,348,299,72,282,210,81,227,146,76,439,363,56,479,423,72,239,167,80,417,337,76,2507,7
28,270,242,72,224,152,67,236,169,48,485,437,56,345,289,80,286,206,64,365,301,72,2283,7
48,276,228,76,231,155,68,204,136,56,514,458,64,328,264,80,204,124,60,333,273,112,2202,7
64,324,260,64,268,204,74,816,742,64,704,640,73,366,293,88,279,191,57,447,390,64,3268,7
48,351,303,65,586,521,57,262,205,72,433,361,88,343,255,93,257,164,64,334,270,89,2655,7
45,338,293,64,350,286,72,311,239,72,437,365,75,449,374,62,185,123,65,346,281,68,2484,7
64,251,187,92,245,153,68,226,158,56,1590,1534,75,301,226,72,260,188,32,354,322,80,3307,7
40,353,313,48,280,232,72,215,143,65,472,407,64,368,304,64,200,136,72,307,235,96,2291,7
40,324,284,64,342,278,56,255,199,43,421,378,80,320,240,104,261,157,64,417,353,71,2411,7
56,354,298,48,331,283,64,431,367,56,529,473,48,424,376,72,351,279,56,483,427,82,2985,7
56,321,265,72,291,219,71,256,185,56,407,351,73,298,225,72,210,138,56,325,269,124,2232,7
56,345,289,65,355,290,56,314,258,47,437,390,72,241,169,96,336,240,48,264,216,64,2356,7
95,13295,13200,105,336,231,105,376,271,64,489,425,119,255,136,97,368,271,64,328,264,72,15519,7
80,176,96,88,248,160,112,888,776,57,464,407,88,352,264,72,248,176,72,352,280,72,2800,7
61,312,251,96,312,216,89,288,199,72,392,320,97,473,376,96,263,167,89,320,231,80,2440,7
80,304,224,96,264,168,97,288,191,72,440,368,80,321,241,95,319,224,64,384,320,72,2392,7
60,288,228,88,344,256,72,272,200,73,488,415,80,408,328,89,328,239,64,384,320,64,2576,7
32,280,248,80,224,144,88,240,152,80,416,336,112,400,288,96,312,216,88,356,268,84,2312,7
64,312,248,97,224,127,96,256,160,72,464,392,96,328,232,81,296,215,88,504,416,88,2472,7
80,280,200,104,232,128,104,240,136,88,448,360,104,376,272,81,304,223,96,288,192,81,2249,7
89,256,167,97,272,175,96,256,160,72,496,424,88,336,248,88,280,192,89,304,215,73,2273,7
65,208,143,105,256,151,88,264,176,88,393,305,111,311,200,128,464,336,88,272,184,97,2265,7
65,240,175,96,232,136,96,231,135,74,433,359,96,328,232,80,176,96,80,336,256,80,2056,7
90,266,176,95,279,184,104,288,184,81,776,695,89,336,247,72,240,168,88,368,280,72,2625,7
81,240,159,96,320,224,72,256,184,88,528,440,88,376,288,88,512,424,87,424,337,64,2720,7
47,256,209,96,248,152,96,256,160,80,408,328,104,312,208,104,344,240,97,328,231,88,2240,7
80,304,224,88,224,136,96,232,136,72,1136,1064,89,360,271,80,176,96,112,576,464,73,3081,7
56,240,184,81,232,151,96,248,152,88,528,440,95,328,233,72,296,224,96,448,352,72,2392,7
40,304,264,88,216,128,105,256,151,80,408,328,88,376,288,72,184,112,88,328,240,113,2185,7
80,279,199,81,241,160,96,256,160,72,432,360,72,312,240,72,352,280,72,336,264,80,2288,7
72,296,224,72,216,144,104,240,136,80,472,392,96,328,232,71,272,201,88,432,344,48,2304,7
80,335,255,97,241,144,96,216,120,72,416,344,88,824,736,73,328,255,72,496,424,64,2920,7
40,567,527,73,289,216,80,440,360,57,815,758,98,689,591,96,224,128,72,344,272,88,3456,7
38,320,282,80,248,168,104,232,128,73,416,343,96,279,183,97,441,344,88,512,424,72,2520,7
88,248,160,96,256,160,96,231,135,81,409,328,96,352,256,88,336,248,96,384,288,104,2320,7
80,464,384,88,391,303,113,281,168,88,400,312,104,320,216,72,272,200,96,376,280,104,2608,7
81,308,227,101,300,199,73,211,138,93,390,297,104,343,239,89,352,263,81,368,287,97,2369,7
80,256,176,96,231,135,96,241,145,71,407,336,113,313,200,79,288,209,95,359,264,73,2168,7
88,255,167,97,234,137,118,238,120,89,400,311,97,361,264,79,224,145,72,375,303,72,2159,7
68,273,205,95,248,153,95,239,144,81,600,519,88,360,272,64,264,200,88,505,417,72,2561,7
65,224,159,88,232,144,89,216,127,72,449,377,79,935,856,128,480,352,88,605,517,84,3225,7
70,296,226,80,224,144,104,256,152,72,793,721,53,831,778,113,256,143,88,496,408,88,3240,7
81,248,167,112,248,136,80,240,160,80,440,360,112,400,288,104,232,128,96,472,376,88,2368,7
30,496,466,112,800,688,104,240,136,80,392,312,112,344,232,120,320,200,88,431,343,89,3112,7
89,256,167,96,240,144,96,240,144,96,1479,1383,97,393,296,71,272,201,72,400,328,79,3359,7
80,224,144,96,248,152,96,248,152,72,464,392,104,320,216,96,336,240,88,312,224,88,2240,7
72,264,192,88,352,264,96,240,144,72,359,287,120,321,201,103,352,249,80,336,256,72,2296,7
64,192,128,104,224,120,95,216,121,78,400,322,104,392,288,128,359,231,97,409,312,64,2256,7
88,408,320,88,248,160,96,240,144,72,447,375,97,345,248,96,184,88,88,328,240,87,2287,7
58,808,750,104,1624,1520,56,313,257,118,2279,2161,113,864,751,88,287,199,89,393,304,80,6648,7
72,288,216,96,256,160,97,248,151,72,544,472,87,343,256,97,216,119,97,369,272,96,2360,7
91,304,213,88,224,136,96,223,127,89,449,360,88,296,208,88,320,232,72,304,232,112,2232,7
96,384,288,87,304,217,103,272,169,80,456,376,104,448,344,88,272,184,96,456,360,96,2688,7
72,248,176,80,223,143,105,264,159,89,1105,1016,87,392,305,104,296,192,64,544,480,88,3160,7
72,288,216,96,280,184,95,248,153,95,488,393,96,392,296,72,255,183,89,464,375,129,2544,7
80,280,200,96,256,160,120,303,183,80,377,297,112,312,200,80,208,128,72,432,360,87,2255,7
96,232,136,96,223,127,96,257,161,80,488,408,96,254,158,106,426,320,80,424,344,88,2392,7
80,263,183,97,281,184,104,288,184,72,352,280,120,304,184,95,255,160,104,393,289,104,2240,7
88,280,192,88,256,168,88,248,160,72,384,312,112,424,312,71,407,336,97,417,320,72,2488,7
57,233,176,88,224,136,96,224,128,80,368,288,120,304,184,112,952,840,96,432,336,104,2841,7
80,335,255,89,305,216,95,351,256,81,425,344,103,344,241,88,328,240,96,384,288,96,2568,7
80,488,408,103,1040,937,61,320,259,80,416,336,96,344,248,96,328,232,96,352,256,88,3376,7
88,280,192,88,256,168,95,256,161,80,440,360,88,280,192,112,616,504,72,304,232,80,2512,7
89,529,440,80,952,872,69,400,331,72,416,344,96,280,184,112,392,280,80,432,352,104,3505,7
40,208,168,104,247,143,81,225,144,80,455,375,105,329,224,96,328,232,72,399,327,113,2304,7
72,272,200,87,232,145,104,239,135,81,393,312,95,351,256,88,225,137,79,560,481,72,2344,7
80,311,231,89,233,144,104,240,136,72,360,288,112,391,279,97,329,232,104,472,368,72,2408,7
73,249,176,103,296,193,88,248,160,80,456,376,96,296,200,112,424,312,88,376,288,88,2433,7
96,264,168,95,240,145,104,240,136,88,455,367,81,329,248,96,2472,2376,96,328,232,80,4408,7
78,240,162,104,272,168,120,328,208,72,464,392,103,360,257,96,312,216,96,616,520,112,2704,7
40,423,383,88,265,177,112,328,216,80,695,615,81,1017,936,104,320,216,95,335,240,72,3455,7
64,456,392,96,311,215,89,448,359,89,1649,1560,95,1111,1016,89,297,208,88,432,344,96,4800,7
80,392,312,80,264,184,88,248,160,72,920,848,88,655,567,73,353,280,48,400,352,64,3296,7
95,272,177,96,320,224,88,383,295,73,457,384,104,551,447,97,281,184,88,352,264,72,2688,7
80,351,271,89,705,616,64,632,568,52,1808,1756,72,1591,1519,97,281,184,104,384,280,79,5831,7
88,303,215,89,328,239,65,273,208,88,472,384,79,263,184,105,377,272,63,376,313,80,2472,7
61,405,344,81,353,272,80,288,208,56,432,376,95,240,145,88,472,384,96,495,399,97,2782,7
65,280,215,105,272,167,56,200,144,72,369,297,111,311,200,105,297,192,111,399,288,88,2216,7
90,256,166,104,320,216,96,287,191,81,472,391,121,336,215,120,337,217,88,367,279,88,2463,7
72,439,367,81,280,199,105,272,167,73,488,415,81,440,359,73,240,167,105,432,327,73,2664,7
42,336,294,88,320,232,89,288,199,65,464,399,81,311,230,106,281,175,88,336,248,89,2425,7
56,336,280,88,248,160,88,368,280,56,368,312,105,304,199,81,216,135,89,432,343,81,2353,7
32,282,250,86,318,232,89,288,199,72,504,432,89,304,215,129,232,103,96,336,240,97,2361,7
56,272,216,96,304,208,89,272,183,72,456,384,104,312,208,81,248,167,88,384,296,112,2360,7
73,296,223,80,232,152,96,256,160,81,448,367,97,352,255,65,232,167,121,384,263,73,2273,7
80,256,176,96,232,136,96,224,128,72,408,336,120,320,200,72,448,376,81,432,351,65,2385,7
73,336,263,97,264,167,113,296,183,72,388,316,124,268,144,103,1384,1281,79,352,273,95,3383,7
41,224,183,88,246,158,99,587,488,96,383,287,97,384,287,97,352,255,104,376,272,80,2632,7
80,280,200,105,280,175,104,248,144,97,392,295,113,288,175,81,352,271,112,368,256,88,2296,7
89,311,222,98,281,183,112,276,164,68,460,392,89,344,255,88,280,192,80,392,312,72,2416,7
64,336,272,81,264,183,97,304,207,81,616,535,104,392,288,57,296,239,72,528,456,81,2817,7
48,296,248,96,288,192,104,248,144,89,492,403,112,340,228,120,313,193,103,359,256,73,2409,7
80,335,255,98,377,279,64,248,184,80,449,369,79,304,225,96,223,127,88,360,272,94,2390,7
40,319,279,96,256,160,105,253,148,84,442,358,95,361,266,96,328,232,88,416,328,80,2455,7
84,316,232,88,261,173,99,256,157,66,349,283,112,285,173,113,449,336,112,304,192,120,2340,7
48,248,200,88,239,151,97,248,151,81,416,335,121,369,248,80,176,96,88,335,247,97,2128,7
96,304,208,112,263,151,105,289,184,72,432,360,128,304,176,80,335,255,89,328,239,105,2360,7
64,304,240,88,223,135,89,257,168,88,456,368,105,319,214,89,225,136,97,400,303,96,2280,7
56,328,272,88,304,216,96,264,168,89,472,383,87,280,193,104,240,136,69,296,227,113,2297,7
112,1080,968,96,255,159,113,265,152,80,424,344,104,384,280,96,280,184,105,376,271,105,3169,7
72,248,176,105,240,135,96,320,224,80,343,263,130,257,127,112,392,280,96,336,240,128,2264,7
88,320,232,79,256,177,128,552,424,80,536,456,96,296,200,112,352,240,80,424,344,72,2808,7
81,480,399,80,343,263,98,1642,1544,88,1263,1175,96,352,256,88,1048,960,84,519,435,77,5724,7
71,400,329,96,224,128,96,280,184,80,440,360,80,264,184,95,303,208,89,289,200,87,2287,7
72,360,288,72,511,439,81,681,600,153,480,327,95,280,185,104,335,231,254,328,74,120,3095,7
72,463,391,81,281,200,96,663,567,112,1041,929,80,436,356,3,228,225,79,312,233,80,3504,7
64,414,350,74,242,168,80,233,153,80,472,392,80,935,855,113,392,279,96,457,361,80,3225,7
80,280,200,87,496,409,96,160,64,128,904,776,64,320,256,104,679,575,81,160,79,105,3104,9
87,248,161,112,216,104,80,224,144,63,7688,7625,88,248,160,88,656,568,104,242,138,93,9615,9
71,216,145,88,184,96,80,216,136,96,424,328,88,384,296,144,296,152,112,408,296,128,2256,9
71,200,129,80,192,112,71,176,105,64,440,376,88,295,207,97,449,352,96,280,184,87,2119,9
89,169,80,79,216,137,80,208,128,88,551,463,73,425,352,72,432,360,104,352,248,112,2465,9
105,176,71,113,201,88,112,224,112,104,519,415,88,465,377,120,431,311,88,489,401,160,2665,9
104,224,120,104,200,96,95,240,145,121,504,383,80,376,296,112,592,480,80,424,344,128,2688,9
90,154,64,72,325,253,131,203,72,88,1039,951,96,345,249,135,448,313,88,336,248,176,3026,9
120,200,80,128,264,136,152,256,104,168,808,640,112,328,216,112,726,614,138,170,32,128,2880,9
128,208,80,95,200,105,104,184,80,96,824,728,112,376,264,183,232,49,160,343,183,153,2520,9
112,207,95,83,192,109,121,249,128,88,272,184,128,344,216,111,384,273,88,328,240,128,2104,9
105,185,80,104,191,87,113,249,136,80,392,312,63,376,313,136,480,344,120,336,216,136,2345,9
88,272,184,160,224,64,127,224,97,112,448,336,80,479,399,113,217,104,96,259,163,125,2248,9
104,208,104,128,176,48,112,208,96,96,304,208,96,464,368,128,336,208,96,344,248,128,2168,9
95,224,129,128,144,16,112,296,184,120,472,352,120,800,680,168,170,2,118,278,160,128,2512,9
96,255,159,153,154,1,151,295,144,120,263,143,113,281,168,135,336,201,55,224,169,120,1928,9
96,312,216,144,192,48,104,280,176,112,248,136,104,360,256,168,320,152,80,276,196,100,2088,9
81,337,256,104,128,24,88,208,120,88,328,240,64,255,191,97,508,411,61,693,632,144,2601,9
56,296,240,128,160,32,104,176,72,112,736,624,72,448,376,143,232,89,72,336,264,120,2504,9
64,184,120,135,151,16,105,152,47,97,345,248,64,296,232,128,296,168,80,543,463,161,2128,9
104,240,136,96,120,24,80,112,32,87,1184,1097,88,440,352,112,768,656,91,320,229,103,3287,9
79,160,81,136,137,1,110,180,70,98,299,201,96,352,256,112,223,111,65,281,216,104,1736,9
72,296,224,136,138,2,127,287,160,128,376,248,120,504,384,104,176,72,80,312,232,120,2209,9
72,231,159,144,152,8,120,193,73,112,312,200,111,376,265,136,272,136,112,272,160,80,1888,9
81,257,176,128,167,39,97,217,120,104,336,232,72,431,359,161,241,80,80,528,448,104,2281,9
80,176,96,128,152,24,112,280,168,128,407,279,145,345,200,136,280,144,71,376,305,128,2144,9
73,200,127,144,145,1,167,206,39,113,401,288,112,320,208,120,296,176,56,248,192,96,1912,9
80,208,128,167,169,2,135,183,48,96,951,855,104,329,225,119,352,233,88,504,416,143,2839,9
88,287,199,105,136,31,113,185,72,122,847,725,89,585,496,128,216,88,96,344,248,79,2679,9
95,240,145,136,175,39,136,249,113,80,399,319,113,288,175,121,433,312,96,232,136,119,2135,9
88,168,80,112,136,24,120,216,96,96,206,110,90,394,304,128,360,232,96,352,256,127,1959,9
96,208,112,127,152,25,136,200,64,96,296,200,104,288,184,112,288,176,111,376,265,96,1904,9
56,185,129,136,138,2,94,182,88,96,424,328,87,280,193,136,840,704,72,790,718,83,2922,9
72,175,103,105,129,24,80,160,80,88,208,120,104,416,312,127,240,113,71,312,241,48,1688,9
80,167,87,153,154,1,111,215,104,80,305,225,111,295,184,112,551,439,96,241,145,112,2040,9
64,232,168,119,143,24,129,177,48,96,752,656,96,288,192,128,287,159,97,377,280,119,2375,9
81,273,192,144,192,48,96,1047,951,121,673,552,61,328,267,96,272,176,64,400,336,96,3281,9
65,321,256,96,176,80,103,496,393,56,432,376,64,352,288,120,392,272,72,296,224,48,2513,9
80,279,199,105,137,32,96,152,56,88,352,264,88,255,167,121,473,352,56,303,247,90,2041,9
80,328,248,136,138,2,109,206,97,112,1288,1176,88,487,399,121,881,760,88,392,304,128,3848,9
64,183,119,136,138,2,126,295,169,88,1288,1200,63,360,297,120,880,760,96,136,40,119,3399,9
89,217,128,136,137,1,110,198,88,97,400,303,81,401,320,152,240,88,79,335,256,121,2049,9
95,304,209,96,98,2,118,254,136,128,743,615,64,409,345,160,272,112,72,304,232,112,2496,9
96,280,184,143,145,2,126,255,129,120,936,816,80,528,448,159,840,681,96,176,80,88,3248,9
127,504,377,88,128,40,119,272,153,152,376,224,127,319,192,161,256,95,88,313,225,136,2304,9
111,216,105,143,144,1,119,280,161,96,943,847,88,479,391,113,448,335,89,321,232,112,2943,9
72,272,200,113,114,1,95,182,87,96,241,145,104,408,304,104,232,128,87,256,169,88,1793,9
48,207,159,120,121,1,103,232,129,80,368,288,87,456,369,112,400,288,56,360,304,79,2223,9
65,217,152,144,184,40,88,216,128,80,368,288,72,344,272,88,296,208,72,360,288,32,2017,9
89,240,151,128,130,2,103,335,232,87,320,233,71,367,296,121,241,120,72,328,256,96,2057,9
72,312,240,112,128,16,120,232,112,89,328,239,56,417,361,71,519,448,88,288,200,89,2313,9
80,263,183,144,145,1,128,232,104,103,328,225,111,319,208,128,376,248,94,232,138,168,2063,9
89,447,358,138,441,303,80,297,217,104,399,295,79,345,266,176,216,40,96,280,184,135,2560,9
95,216,121,143,167,24,71,289,218,160,368,208,112,309,197,154,299,145,87,280,193,93,2021,9
64,233,169,136,138,2,100,174,74,110,400,290,79,655,576,119,177,58,111,344,233,72,2193,9
72,240,168,143,145,2,103,199,96,87,368,281,88,335,247,65,929,864,88,480,392,50,2746,9
77,241,164,168,170,2,86,142,56,79,296,217,96,368,272,95,1248,1153,127,456,329,135,3056,9
65,232,167,144,145,1,112,199,87,97,353,256,80,775,695,145,593,448,120,295,175,96,2688,9
79,2536,2457,119,136,17,96,248,152,95,472,377,79,303,224,105,825,720,96,312,216,95,4927,9
72,240,168,129,153,24,95,152,57,88,360,272,127,343,216,105,320,215,97,488,391,145,2201,9
72,288,216,176,177,1,78,270,192,79,344,265,74,296,222,128,320,192,65,553,488,95,2343,9
88,257,169,144,145,1,110,246,136,81,353,272,119,263,144,137,321,184,72,272,200,95,1952,9
73,408,335,121,144,23,96,273,177,111,456,345,112,295,183,89,809,720,64,167,103,80,2632,9
97,248,151,113,137,24,103,183,80,95,361,266,103,359,256,144,288,144,120,297,177,96,1969,9
88,264,176,167,191,24,89,217,128,103,303,200,105,289,184,144,400,256,96,327,231,129,2120,9
96,249,153,144,145,1,135,207,72,120,368,248,127,240,113,120,695,575,105,249,144,96,2249,9
72,721,649,152,154,2,118,286,168,112,7264,7152,72,360,288,87,488,401,80,456,376,72,9801,9
73,248,175,136,136,0,96,177,81,88,296,208,80,272,192,95,295,200,72,385,313,87,1896,9
80,249,169,120,152,32,94,159,65,79,305,226,80,280,200,104,328,224,63,311,248,80,1864,9
81,209,128,127,152,25,103,216,113,80,288,208,64,384,320,119,224,105,95,351,256,73,1897,9
105,160,55,137,161,24,120,143,23,81,512,431,105,337,232,112,576,464,128,871,743,97,2857,9
81,225,144,112,114,2,102,141,39,81,945,864,73,303,230,97,537,440,79,312,233,102,2679,9
80,240,160,104,105,1,127,183,56,96,360,264,95,295,200,97,313,216,72,296,224,112,1904,9
64,240,176,112,114,2,110,182,72,64,183,119,80,312,232,129,313,184,80,296,216,103,1743,9
72,336,264,104,105,1,111,175,64,104,304,200,88,408,320,136,416,280,47,680,633,88,2512,9
81,193,112,120,122,2,109,214,105,72,296,224,72,328,256,104,383,279,72,329,257,71,1936,9
104,240,136,111,136,25,96,135,39,89,393,304,88,288,200,103,560,457,104,256,152,104,2112,9
73,209,136,152,153,1,110,199,89,79,336,257,103,304,201,128,940,812,75,355,280,113,2609,9
96,249,153,127,129,2,127,182,55,97,249,152,112,255,143,112,809,697,111,400,289,112,2385,9
89,177,88,128,129,1,111,263,152,104,368,264,72,256,184,136,496,360,79,456,377,96,2241,9
80,208,128,152,154,2,133,230,97,96,272,176,96,328,232,159,631,472,49,641,592,96,2560,9
80,232,152,103,144,41,88,160,72,104,814,710,129,305,176,137,360,223,97,417,320,128,2560,9
96,216,120,128,144,16,80,184,104,96,320,224,112,352,240,112,1144,1032,104,159,55,97,2616,9
72,159,87,161,163,2,70,291,221,130,227,97,87,1336,1249,111,183,72,81,305,224,93,2757,9
104,201,97,104,106,2,109,238,129,96,383,287,73,329,256,127,631,504,105,401,296,104,2393,9
72,200,128,112,176,64,96,336,240,119,1023,904,80,513,433,160,303,143,120,321,201,127,2999,9
104,312,208,151,184,33,95,296,201,88,456,368,128,208,80,119,1160,1041,72,472,400,104,3192,9
104,216,112,144,145,1,135,199,64,103,408,305,128,408,280,112,448,336,112,640,528,87,2551,9
88,496,408,96,97,1,111,215,104,63,768,705,96,304,208,111,336,225,96,232,136,96,2544,9
103,231,128,136,138,2,118,182,64,89,209,120,72,576,504,103,143,40,80,209,129,104,1792,9
81,152,71,120,121,1,112,152,40,72,335,263,97,233,136,103,312,209,72,264,192,72,1641,9
104,216,112,96,144,48,72,192,120,71,560,489,72,328,256,111,624,513,80,352,272,88,2504,9
79,200,121,104,120,16,128,192,64,79,248,169,104,288,184,103,288,185,80,312,232,87,1735,9
80,144,64,143,145,2,95,190,95,89,273,184,103,783,680,112,169,57,104,159,55,129,1992,9
79,224,145,107,151,44,129,209,80,128,279,151,121,481,360,96,255,159,97,353,256,104,2056,9
96,208,112,96,120,24,112,176,64,88,176,88,96,384,288,144,216,72,88,255,167,136,1671,9
121,216,95,128,130,2,143,183,40,80,215,135,120,336,216,176,385,209,80,223,143,80,1768,9
111,151,40,113,115,2,134,206,72,135,208,73,103,512,409,112,144,32,120,240,120,120,1696,9
95,151,56,152,161,9,144,167,23,88,337,249,80,280,200,128,280,152,105,272,167,96,1744,9
96,168,72,127,152,25,104,231,127,97,273,176,111,335,224,120,201,81,95,160,65,120,1640,9
111,279,168,153,155,2,133,222,89,56,336,280,96,336,240,72,231,159,80,217,137,88,1864,9
111,256,145,111,113,2,126,174,48,96,191,95,121,369,248,121,289,168,72,255,183,81,1728,9
120,249,129,119,120,1,103,143,40,80,192,112,104,257,153,119,248,129,88,231,143,113,1553,9
113,233,120,119,120,1,135,176,41,79,288,209,95,392,297,95,263,168,81,249,168,72,1793,9
64,209,145,112,113,1,102,175,73,80,224,144,96,207,111,128,353,225,39,408,369,80,1769,9
113,209,96,96,119,23,129,184,55,89,249,160,96,344,248,128,224,96,80,223,143,119,1671,9
81,168,87,113,115,2,125,142,17,88,215,127,129,231,102,106,354,248,71,256,185,56,1537,9
64,200,136,89,121,32,95,128,33,80,208,128,80,256,176,104,320,216,72,256,184,128,1617,9
72,128,56,136,138,2,117,119,2,70,335,265,79,240,161,128,231,103,81,185,104,103,1479,9
88,153,65,103,119,16,104,104,0,72,272,200,89,265,176,135,279,144,88,161,73,111,1464,9
114,175,61,137,140,3,84,117,33,80,2007,1927,128,297,169,104,184,80,88,223,135,112,3255,9
97,209,112,96,127,31,97,136,39,96,712,616,105,384,279,145,392,247,80,249,169,104,2313,9
88,232,144,96,120,24,80,192,112,120,313,193,79,432,353,135,184,49,87,184,97,95,1752,9
87,111,24,120,122,2,110,143,33,95,519,424,81,216,135,88,480,392,73,217,144,87,1895,9
81,209,128,95,97,2,127,151,24,80,664,584,87,407,320,136,160,24,88,176,88,113,1977,9
111,112,1,111,112,1,110,111,1,96,648,552,89,320,231,144,249,105,87,303,216,112,1967,9
81,216,135,120,121,1,95,175,80,121,273,152,96,351,255,168,305,137,64,263,199,145,1849,9
88,232,144,152,191,39,161,193,32,79,704,625,95,399,304,128,265,137,96,239,143,96,2319,9
80,185,105,135,136,1,119,127,8,73,784,711,64,367,303,101,216,115,64,248,184,97,2160,9
65,186,121,190,192,2,70,182,112,105,233,128,72,295,223,104,728,624,72,360,288,89,2265,9
96,152,56,63,88,25,104,105,1,87,895,808,95,687,592,113,136,23,105,177,72,127,2367,9
80,160,80,121,122,1,111,135,24,79,248,169,72,344,272,119,216,97,96,200,104,86,1511,9
95,199,104,96,98,2,111,127,16,88,256,168,87,223,136,113,296,183,89,217,128,95,1511,9
73,184,111,113,128,15,89,91,2,102,230,128,96,231,135,112,208,96,72,288,216,121,1481,9
95,175,80,88,104,16,87,112,25,87,278,191,89,249,160,96,241,145,55,185,130,94,1438,9
113,193,80,120,121,1,78,126,48,97,241,144,95,271,176,89,216,127,73,248,175,89,1505,9
104,142,38,121,122,1,103,128,25,80,335,255,57,440,383,145,241,96,55,216,161,64,1688,9
56,201,145,112,113,1,86,103,17,56,654,598,65,586,521,127,184,57,72,191,119,97,2129,9
80,151,71,128,130,2,119,121,2,70,382,312,80,296,216,135,255,120,64,209,145,112,1656,9
95,160,65,88,120,32,80,120,40,72,360,288,47,407,360,169,264,95,81,264,183,81,1776,9
80,193,113,95,136,41,87,88,1,79,207,128,72,273,201,127,248,121,79,232,153,128,1505,9
96,176,80,104,408,304,71,231,160,81,393,312,71,256,185,128,320,192,48,248,200,88,2120,9
89,184,95,129,131,2,94,116,22,90,313,223,105,408,303,103,249,146,88,287,199,96,1784,9
128,240,112,113,114,1,119,150,31,81,297,216,63,1975,1912,113,145,32,96,167,71,96,3184,9
68,249,181,111,127,16,104,192,88,56,312,256,129,281,152,96,207,111,120,224,104,96,1688,9
87,223,136,137,138,1,111,112,1,86,230,144,136,288,152,112,297,185,96,199,103,112,1599,9
88,199,111,89,121,32,95,119,24,97,248,151,97,225,128,118,375,257,120,169,49,128,1584,9
96,145,49,103,105,2,102,174,72,88,353,265,88,376,288,143,192,49,79,200,121,96,1641,9
72,143,71,137,162,25,95,159,64,73,216,143,128,281,153,96,223,127,97,200,103,113,1497,9
72,167,95,129,130,1,103,135,32,87,344,257,96,560,464,144,167,23,81,200,119,105,1808,9
105,208,103,88,96,8,128,132,4,117,773,656,95,391,296,160,241,81,112,247,135,112,2200,9
72,192,120,105,106,1,135,191,56,72,247,175,120,320,200,144,440,296,105,241,136,127,1864,9
96,152,56,96,121,25,88,127,39,89,336,247,153,209,56,128,240,112,96,256,160,96,1537,9
97,185,88,96,118,22,106,107,1,94,254,160,81,240,159,97,313,216,64,224,160,48,1489,9
88,200,112,112,112,0,104,105,1,87,294,207,104,247,143,122,411,289,79,199,120,72,1640,9
81,168,87,105,106,1,134,136,2,111,407,296,111,399,288,152,168,16,113,273,160,96,1753,9
120,209,89,87,119,32,112,136,24,89,265,176,80,351,271,120,241,121,71,239,168,80,1640,9
80,161,81,136,184,48,111,184,73,95,472,377,79,368,289,119,280,161,80,241,161,158,2048,9
88,280,192,88,120,32,104,152,48,88,593,505,79,839,760,137,192,55,81,201,120,96,2473,9
95,288,193,159,160,1,120,296,176,120,408,288,55,504,449,104,152,48,89,192,103,96,2096,9
96,240,144,88,112,24,152,204,52,116,476,360,96,393,297,133,204,71,75,235,160,112,1976,9
104,288,184,104,136,32,113,176,63,88,376,288,96,465,369,135,136,1,120,216,96,111,1904,9
104,233,129,102,127,25,113,137,24,96,407,311,104,281,177,104,272,168,87,487,400,64,2008,9
103,208,105,79,103,24,112,129,17,88,688,600,112,223,111,137,553,416,103,352,249,79,2335,9
96,241,145,119,121,2,119,190,71,73,305,232,96,288,192,111,200,89,71,288,217,62,1695,9
73,216,143,111,111,0,89,168,79,105,338,233,87,511,424,111,136,25,80,241,161,79,1800,9
95,168,73,80,103,23,136,177,41,95,295,200,120,417,297,111,151,40,104,400,296,96,1807,9
112,184,72,115,128,13,136,153,17,79,351,272,96,304,208,112,224,112,112,241,129,95,1680,9
105,201,96,88,104,16,144,311,167,153,1264,1111,112,369,257,127,183,56,80,232,152,96,2760,9
71,231,160,128,193,65,127,183,56,96,377,281,127,327,200,128,256,128,88,280,192,120,1967,9
81,249,168,128,129,1,126,303,177,119,255,136,121,288,167,136,329,193,95,367,272,96,2016,9
64,231,167,120,121,1,128,207,79,88,537,449,79,391,312,104,3497,3393,120,122,2,70,5176,9
136,224,88,96,120,24,129,152,23,129,1009,880,88,471,383,136,168,32,56,1104,1048,73,3321,9
87,255,168,105,121,16,96,144,48,96,240,144,129,280,151,112,360,248,72,376,304,96,1872,9
71,191,120,89,128,39,97,120,23,97,280,183,103,288,185,136,727,591,80,201,121,57,1992,9
81,265,184,104,106,2,109,141,32,88,440,352,96,320,224,96,265,169,72,495,423,112,2144,9
89,233,144,127,129,2,118,142,24,89,744,655,97,1889,1792,72,95,23,129,177,48,71,3480,9
105,201,96,135,137,2,127,159,32,104,287,183,96,369,273,96,264,168,96,287,191,88,1792,9
88,272,184,129,140,11,125,253,128,95,455,360,49,608,559,113,512,399,80,312,232,81,2633,9
88,160,72,161,200,39,137,152,15,105,240,135,120,272,152,97,192,95,96,465,369,80,1761,9
71,222,151,128,152,24,97,137,40,72,272,200,104,279,175,112,329,217,87,239,152,72,1702,9
95,223,128,89,113,24,119,143,24,111,496,385,96,304,208,112,225,113,71,304,233,47,1855,9
72,192,120,128,130,2,118,351,233,87,295,208,105,248,143,144,272,128,64,393,329,66,1947,9
88,191,103,128,130,2,118,150,32,72,632,560,89,320,231,151,336,185,80,236,156,108,2103,9
47,279,232,112,136,24,80,217,137,47,335,288,97,416,319,80,280,200,81,225,144,88,1976,9
48,239,191,113,129,16,112,192,80,64,456,392,97,464,367,112,377,265,95,191,96,112,2160,9
80,224,144,77,104,27,112,177,65,87,303,216,104,281,177,111,327,216,89,217,128,103,1736,9
64,280,216,120,122,2,119,167,48,87,319,232,104,272,168,132,568,436,88,248,160,97,2073,9
104,193,89,112,135,23,96,120,24,80,336,256,144,353,209,127,272,145,96,242,146,85,1736,9
56,328,272,104,105,1,119,183,64,89,305,216,87,398,311,145,185,40,96,288,192,89,1881,9
81,176,95,113,115,2,141,143,2,105,374,269,80,304,224,152,337,185,79,239,160,112,1800,9
97,3257,3160,122,975,853,81,184,103,113,409,296,75,246,171,145,306,161,71,359,288,88,5824,9
104,191,87,128,207,79,98,441,343,96,521,425,87,312,225,159,911,752,79,128,49,80,2791,9
70,193,123,104,119,15,129,161,32,96,304,208,113,320,207,128,352,224,88,337,249,72,1858,9
80,208,128,112,136,24,112,128,16,105,296,191,120,296,176,128,304,176,97,217,120,120,1705,9
96,160,64,144,704,560,105,107,2,52,821,769,143,696,553,104,128,24,104,160,56,120,2896,9
96,169,73,160,355,195,100,101,1,79,927,848,112,512,400,96,136,40,64,184,120,80,2464,9
128,192,64,160,162,2,142,174,32,96,240,144,88,376,288,136,304,168,112,296,184,120,1864,9
130,144,14,120,155,35,124,148,24,89,705,616,144,360,216,168,216,48,104,184,80,88,2000,9
72,216,144,136,136,0,112,160,48,96,440,344,112,280,168,160,429,269,91,228,137,87,1976,9
87,199,112,104,295,191,119,188,69,64,510,446,63,487,424,112,320,208,80,240,160,72,2311,9
71,215,144,72,184,112,48,88,40,80,400,320,65,408,343,96,176,80,88,224,136,89,1784,9
88,216,128,88,192,104,72,104,32,112,433,321,71,351,280,96,216,120,80,232,152,88,1832,9
96,184,88,80,184,104,80,120,40,72,329,257,63,359,296,104,216,112,64,193,129,79,1664,9
80,200,120,64,192,128,64,128,64,96,384,288,40,408,368,96,200,104,72,216,144,120,1848,9
80,192,112,65,184,119,80,119,39,73,418,345,63,439,376,124,184,60,72,240,168,80,1856,9
96,169,73,95,223,128,56,96,40,80,376,296,64,352,288,112,208,96,88,208,120,83,1715,9
64,216,152,80,208,128,72,136,64,64,384,320,80,256,176,89,320,231,88,272,184,80,1872,9
80,224,144,96,200,104,72,120,48,80,360,280,88,392,304,104,272,168,72,208,136,96,1872,9
72,265,193,96,185,89,111,151,40,56,312,256,56,424,368,80,168,88,80,408,328,81,1994,9
88,208,120,104,106,2,102,150,48,64,313,249,95,399,304,88,216,128,80,312,232,80,1784,9
72,216,144,120,168,48,96,128,32,64,312,248,80,344,264,80,352,272,67,240,173,81,1841,9
73,241,168,128,130,2,94,142,48,72,344,272,96,360,264,120,608,488,64,224,160,80,2129,9
80,240,160,128,130,2,126,158,32,56,336,280,80,281,201,39,1256,1217,63,271,208,65,2737,9
56,144,88,97,113,16,96,111,15,64,296,232,128,424,296,56,240,184,64,256,192,56,1640,9
60,312,252,112,113,1,111,143,32,72,272,200,64,352,288,104,312,208,48,272,224,120,1896,9
71,351,280,152,154,2,102,158,56,77,344,267,120,328,208,112,488,376,88,209,121,111,2143,9
63,207,144,88,120,32,112,114,2,78,262,184,120,232,112,112,520,408,56,257,201,103,1815,9
88,208,120,96,120,24,120,122,2,102,374,272,152,272,120,168,512,344,120,591,471,89,2288,9
61,200,139,104,106,2,118,120,2,110,662,552,88,392,304,168,1176,1008,80,128,48,111,2895,9
80,192,112,120,121,1,127,150,23,88,409,321,88,624,536,104,105,1,96,239,143,96,1936,9
88,312,224,136,138,2,119,150,31,88,552,464,48,536,488,96,344,248,96,288,192,88,2408,9
71,191,120,144,176,32,104,240,136,80,449,369,71,351,280,128,216,88,72,184,112,56,1863,9
56,184,128,88,200,112,72,216,144,88,320,232,104,320,216,80,208,128,65,200,135,81,1729,9
72,224,152,88,184,96,80,144,64,72,384,312,88,624,536,72,352,280,80,327,247,65,2304,9
89,176,87,72,168,96,39,72,33,81,368,287,88,480,392,104,416,312,104,320,216,56,2056,9
49,169,120,128,152,24,96,152,56,56,920,864,48,321,273,103,375,272,104,136,32,104,2329,9
81,232,151,121,264,143,56,640,584,72,248,176,72,248,176,103,319,216,105,201,96,80,2232,9
88,152,64,128,130,2,62,64,2,87,830,743,96,384,288,112,224,112,112,240,128,88,2112,9
88,160,72,56,216,160,96,168,72,88,256,168,121,288,167,120,344,224,72,224,152,72,1728,9
48,152,104,72,200,128,80,120,40,61,256,195,80,312,232,96,200,104,97,248,151,96,1584,9
64,208,144,96,208,112,72,168,96,96,344,248,80,377,297,127,247,120,72,200,128,80,1832,9
56,168,112,72,184,112,55,120,65,56,344,288,72,272,200,89,408,319,65,560,495,72,2128,9
48,192,144,72,201,129,71,167,96,64,200,136,97,656,559,120,121,1,79,183,104,80,1800,9
96,216,120,80,224,144,144,147,3,21,1429,1408,65,336,271,128,217,89,63,207,144,80,2856,9
80,224,144,120,152,32,120,122,2,70,222,152,80,304,224,144,352,208,96,392,296,72,1840,9
88,248,160,120,123,3,93,165,72,64,432,368,80,353,273,87,1506,1419,85,165,80,72,3064,9
40,177,137,104,223,119,128,161,33,71,527,456,72,304,232,112,424,312,88,304,216,120,2240,9
72,168,96,112,114,2,62,142,80,112,592,480,80,344,264,160,472,312,88,264,176,48,2144,9
88,451,363,61,573,512,88,256,168,72,464,392,72,368,296,128,304,176,55,232,177,88,2736,9
65,272,207,87,319,232,72,241,169,48,624,576,88,2264,2176,96,98,2,102,158,56,80,4056,9
72,192,120,117,176,59,72,152,80,72,384,312,56,264,208,80,336,256,64,209,145,87,1800,9
58,224,166,112,114,2,94,142,48,64,352,288,80,384,304,96,208,112,56,272,216,72,1768,9
88,184,96,104,120,16,112,128,16,80,312,232,64,296,232,136,200,64,72,232,160,88,1560,9
80,152,72,72,73,1,111,175,64,96,216,120,80,448,368,113,184,71,88,233,145,71,1552,9
96,169,73,95,119,24,112,113,1,87,519,432,64,896,832,128,472,344,80,120,40,64,2472,9
80,216,136,104,106,2,118,142,24,96,392,296,88,317,229,155,355,200,72,288,216,128,1944,9
128,232,104,96,120,24,96,128,32,64,576,512,72,408,336,104,128,24,128,656,528,88,2336,9
72,193,121,69,120,51,80,104,24,88,344,256,112,288,176,144,1168,1024,97,240,143,112,2569,9
72,200,128,80,96,16,104,136,32,97,352,255,88,336,248,128,224,96,104,184,80,80,1608,9
64,264,200,128,144,16,128,168,40,111,223,112,104,297,193,128,248,120,88,232,144,88,1664,9
72,208,136,128,129,1,111,127,16,112,256,144,128,376,248,176,320,144,88,176,88,104,1696,9
134,206,72,113,135,22,113,115,2,78,318,240,121,416,295,151,153,2,95,271,176,104,1718,9
96,208,112,88,120,32,136,138,2,96,270,174,128,264,136,128,264,136,88,224,136,81,1569,9
104,240,136,176,184,8,152,168,16,112,336,224,96,256,160,160,288,128,88,264,176,128,1864,9
88,624,536,136,152,16,112,144,32,96,305,209,151,711,560,115,133,18,107,259,152,104,2432,9
96,360,264,152,154,2,110,190,80,104,352,248,80,368,288,128,184,56,80,185,105,119,1912,9
96,240,144,120,122,2,94,239,145,96,255,159,80,416,336,128,160,32,80,224,144,136,1792,9
72,824,752,184,240,56,104,256,152,120,328,208,96,304,208,152,248,96,120,344,224,120,2664,9
72,160,88,112,440,328,56,223,167,89,313,224,88,472,384,96,103,7,89,201,112,112,2024,9
80,272,192,128,130,2,118,270,152,104,409,305,95,407,312,160,248,88,112,336,224,104,2176,9
96,256,160,128,184,56,136,216,80,144,1200,1056,65,568,503,112,114,2,110,198,88,73,2809,9
80,216,136,120,121,1,95,159,64,81,408,327,105,384,279,120,281,161,87,239,152,105,1913,9
64,280,216,112,136,24,88,176,88,112,336,224,128,376,248,160,336,176,112,312,200,112,2064,9
87,280,193,88,113,25,79,143,64,88,768,680,96,744,648,169,1784,1615,81,224,143,104,4160,9
104,280,176,96,120,24,72,112,40,80,336,256,112,448,336,151,448,297,88,232,144,120,2096,9
80,216,136,112,113,1,95,135,40,88,272,184,72,288,216,144,608,464,64,232,168,88,1952,9
63,168,105,88,104,16,120,160,40,112,504,392,80,712,632,104,106,2,110,206,96,88,2048,9
56,192,136,128,129,1,119,447,328,97,440,343,128,400,272,135,992,857,80,224,144,96,2920,9
80,161,81,151,223,72,120,295,175,81,465,384,88,257,169,119,191,72,72,241,169,79,1912,9
96,200,104,128,216,88,104,296,192,88,416,328,105,983,878,145,593,448,80,296,216,127,3127,9
88,216,128,112,136,24,96,176,80,112,336,224,104,304,200,160,847,687,97,265,168,128,2408,9
56,184,128,88,89,1,103,175,72,62,336,274,96,695,599,145,233,88,128,944,816,88,2744,9
56,192,136,96,98,2,102,142,40,64,416,352,112,992,880,120,592,472,112,208,96,88,2728,9
95,159,64,88,120,32,89,104,15,88,464,376,64,448,384,135,256,121,128,480,352,112,2143,9
88,216,128,96,120,24,80,137,57,95,367,272,73,328,255,104,536,432,96,368,272,40,2112,9
80,200,120,104,120,16,104,152,48,88,488,400,72,280,208,144,488,344,80,360,280,72,2160,9
63,527,464,112,352,240,72,304,232,72,280,208,112,224,112,128,672,544,104,280,176,104,2743,9
45,240,195,104,256,152,71,360,289,96,264,168,88,432,344,152,944,792,96,504,408,80,3080,9
71,311,240,105,129,24,80,128,48,80,480,400,64,368,304,136,296,160,80,344,264,48,2104,9
83,216,133,120,121,1,87,119,32,72,336,264,72,360,288,160,504,344,80,384,304,55,2095,9
84,192,108,136,139,3,85,157,72,80,403,323,93,421,328,144,711,567,89,113,24,72,2208,9
64,248,184,136,160,24,80,103,23,81,441,360,88,256,168,160,744,584,96,304,208,112,2368,9
71,240,169,120,123,3,101,221,120,88,480,392,80,368,288,128,1200,1072,72,448,376,64,3144,9
88,144,56,128,248,120,64,208,144,88,592,504,88,336,248,137,520,383,80,248,168,88,2384,9
72,216,144,89,200,111,72,192,120,80,472,392,72,440,368,48,424,376,113,344,231,72,2360,9
96,152,56,88,216,128,56,144,88,64,448,384,64,392,328,129,376,247,80,280,200,104,2112,9
64,200,136,96,232,136,72,177,105,55,368,313,49,1264,1215,103,279,176,56,280,224,72,2872,9
55,177,122,87,207,120,64,136,72,72,376,304,72,289,217,119,383,264,64,248,184,64,1880,9
64,160,96,88,200,112,56,96,40,72,408,336,64,376,312,104,448,344,56,232,176,72,1992,9
64,272,208,104,152,48,106,144,38,72,248,176,72,392,320,112,200,88,88,208,120,113,1729,9
73,225,152,128,131,3,85,109,24,88,496,408,88,320,232,160,288,128,104,216,112,96,1881,9
40,472,432,88,112,24,72,144,72,84,505,421,71,255,184,120,384,264,88,520,432,80,2472,9
96,240,144,128,130,2,118,120,2,94,438,344,88,409,321,159,231,72,104,216,112,88,1872,9
88,200,112,169,170,1,94,150,56,104,392,288,88,400,312,160,257,97,95,350,255,56,1975,9
81,168,87,120,121,1,79,135,56,96,400,304,72,344,272,136,384,248,136,392,256,96,2040,9
88,168,80,152,192,40,96,112,16,72,2042,1970,78,630,552,96,120,24,72,232,160,80,3576,9
135,175,40,56,80,24,119,135,16,129,2817,2688,136,312,176,152,153,1,111,327,216,97,4096,9
80,168,88,96,98,2,142,190,48,128,808,680,104,392,288,168,312,144,104,511,407,152,2631,9
104,224,120,135,136,1,120,208,88,136,249,113,119,359,240,143,240,97,96,312,216,160,1888,9
105,233,128,96,97,1,111,159,48,88,232,144,120,280,160,127,207,80,82,185,103,129,1522,9
79,199,120,97,121,24,89,144,55,104,192,88,104,319,215,128,192,64,72,193,121,136,1496,9
104,152,48,104,128,24,97,112,15,112,256,144,144,360,216,128,129,1,87,223,136,112,1472,9
87,184,97,104,128,24,80,128,48,120,248,128,112,272,160,112,208,96,88,272,184,120,1560,9
72,168,96,120,122,2,110,126,16,112,216,104,80,295,215,97,201,104,72,241,169,103,1472,9
97,209,112,112,114,2,95,134,39,96,264,168,80,408,328,129,256,127,88,224,136,104,1713,9
48,256,208,88,104,16,119,120,1,96,176,80,88,256,168,128,224,96,88,232,144,128,1496,9
120,184,64,80,113,33,95,97,2,110,214,104,104,312,208,160,232,72,80,208,128,137,1497,9
96,208,112,112,120,8,88,112,24,96,352,256,88,328,240,120,192,72,80,248,168,90,1650,9
88,248,160,120,122,2,110,112,2,94,222,128,152,248,96,96,264,168,89,288,199,136,1640,9
79,224,145,96,120,24,88,89,1,79,215,136,104,263,159,105,321,216,72,240,168,80,1552,9
80,216,136,111,896,785,56,120,64,88,367,279,73,257,184,136,264,128,88,183,95,121,2424,9
96,208,112,144,160,16,95,136,41,112,256,144,80,248,168,152,264,112,73,232,159,112,1616,9
81,200,119,120,160,40,16,40,24,80,408,328,96,272,176,128,272,144,80,192,112,104,1648,9
96,160,64,104,144,40,64,65,1,79,207,128,79,400,321,143,248,105,64,208,144,80,1512,9
39,144,105,80,104,24,64,96,32,81,272,191,96,208,112,112,272,160,72,248,176,104,1448,9
95,223,128,159,168,9,88,183,95,97,393,296,128,352,224,128,129,1,102,190,88,121,1759,9
87,135,48,80,129,49,72,74,2,86,262,176,104,304,200,112,176,64,87,168,81,111,1359,9
97,184,87,72,112,40,107,107,0,77,277,200,96,344,248,120,249,129,71,423,352,80,1776,9
96,160,64,55,104,49,80,81,1,103,247,144,112,225,113,96,271,175,80,168,88,128,1384,9
79,192,113,88,104,16,112,112,0,96,272,176,113,392,279,120,200,80,88,208,120,111,1591,9
88,184,96,72,96,24,96,120,24,79,223,144,97,258,161,111,311,200,96,256,160,119,1567,9
96,160,64,64,104,40,96,98,2,86,262,176,88,328,240,152,248,96,88,216,128,143,1559,9
112,200,88,48,79,31,112,114,2,79,239,160,111,255,144,145,241,96,80,208,128,119,1455,9
103,288,185,160,240,80,95,127,32,105,305,200,112,208,96,88,2160,2072,88,432,344,80,3840,9
88,192,104,32,72,40,104,120,16,104,264,160,79,232,153,120,320,200,88,216,128,96,1512,9
89,145,56,64,120,56,64,96,32,96,231,135,89,305,216,96,176,80,96,224,128,95,1392,9
88,152,64,65,88,23,88,152,64,97,200,103,72,303,231,121,193,72,72,224,152,120,1432,9
96,184,88,104,120,16,128,168,40,88,304,216,88,360,272,112,208,96,112,232,120,72,1648,9
96,208,112,72,96,24,104,120,16,89,232,143,88,247,159,113,289,176,88,224,136,129,1545,9
81,192,111,73,112,39,120,152,32,112,312,200,128,272,144,128,272,144,103,217,114,119,1648,9
96,184,88,104,136,32,96,112,16,112,224,112,111,248,137,136,288,152,71,192,121,128,1512,9
113,185,72,152,176,24,104,144,40,104,408,304,112,312,200,144,272,128,96,224,128,120,1841,9
112,200,88,112,144,32,88,112,24,105,264,159,96,336,240,121,256,135,80,248,168,88,1648,9
96,216,120,96,120,24,96,104,8,104,319,215,97,353,256,144,208,64,80,216,136,120,1656,9
81,224,143,87,112,25,104,128,24,96,272,176,88,216,128,136,280,144,80,288,208,72,1592,9
80,208,128,127,137,10,103,166,63,113,241,128,80,208,128,104,585,481,71,255,184,97,1897,9
88,177,89,136,138,2,118,166,48,112,256,144,72,288,216,111,288,177,72,248,176,128,1689,9
105,153,48,72,96,24,88,160,72,96,296,200,96,264,168,152,304,152,72,336,264,48,1657,9
72,192,120,80,104,24,112,113,1,95,327,232,88,311,223,113,201,88,80,200,120,80,1528,9
103,192,89,80,112,32,136,138,2,94,222,128,112,223,111,121,272,151,80,433,353,112,1704,9
113,185,72,128,160,32,88,128,40,120,376,256,96,280,184,120,264,144,73,240,167,120,1753,9
80,280,200,176,178,2,69,150,81,111,360,249,80,233,153,144,207,63,72,200,128,112,1720,9
113,184,71,72,96,24,96,144,48,105,288,183,79,344,265,88,152,64,80,264,184,104,1576,9
97,209,112,71,104,33,104,152,48,104,257,153,95,367,272,96,224,128,80,208,128,104,1625,9
48,448,400,72,112,40,82,112,30,88,345,257,111,271,160,112,208,96,72,319,247,104,1919,9
72,184,112,120,121,1,62,102,40,81,321,240,87,296,209,120,320,200,80,304,224,87,1735,9
89,160,71,104,129,25,95,119,24,112,288,176,80,328,248,136,256,120,96,191,95,145,1616,9
96,192,96,88,128,40,88,112,24,112,319,207,81,289,208,128,296,168,88,240,152,120,1696,9
71,263,192,112,128,16,104,128,24,96,320,224,72,440,368,128,168,40,104,231,127,113,1791,9
96,280,184,72,119,47,105,107,2,86,262,176,128,232,104,151,272,121,104,248,144,96,1616,9
96,168,72,88,128,40,96,136,40,120,352,232,80,360,280,144,240,96,96,208,112,120,1712,9
112,208,96,136,160,24,112,128,16,120,312,192,97,344,247,136,232,96,64,280,216,104,1768,9
104,240,136,2,47,45,120,217,97,104,472,368,104,232,128,131,400,269,80,256,176,80,1944,9
112,136,24,136,139,3,93,95,2,78,1406,1328,88,408,320,128,240,112,88,455,367,120,2999,9
65,248,183,88,112,24,80,104,24,80,336,256,56,472,416,127,248,121,104,240,136,88,1848,9
72,168,96,88,112,24,88,96,8,96,232,136,152,320,168,152,216,64,88,272,184,80,1496,9
80,183,103,112,160,48,80,80,0,87,232,145,120,264,144,112,264,152,80,319,239,65,1567,9
89,176,87,120,160,40,79,95,16,97,225,128,120,504,384,72,232,160,112,183,71,145,1720,9
104,280,176,160,176,16,87,127,40,129,681,552,81,376,295,176,288,112,80,320,240,32,2280,9
96,200,104,64,96,32,104,105,1,95,367,272,72,400,328,145,160,15,120,248,128,128,1704,9
104,128,24,104,128,24,88,128,40,104,391,287,89,481,392,136,137,1,119,247,128,80,1720,9
80,351,271,136,138,2,95,191,96,120,352,232,96,392,296,136,176,40,128,256,128,136,1992,9
79,256,177,137,137,0,111,247,136,104,320,216,104,936,832,128,130,2,126,702,576,128,2856,9
97,217,120,48,49,1,127,183,56,89,328,239,112,376,264,136,224,88,128,320,192,104,1801,9
105,145,40,128,152,24,72,96,24,112,249,137,119,391,272,160,321,161,80,359,279,88,1801,9
96,192,96,105,128,23,88,136,48,104,392,288,95,448,353,168,200,32,128,192,64,127,1815,9
119,208,89,71,111,40,104,128,24,104,272,168,104,216,112,136,280,144,96,375,279,121,1711,9
104,216,112,120,120,0,87,104,17,104,408,304,80,344,264,104,232,128,95,224,129,112,1760,9
80,209,129,96,119,23,96,129,33,120,279,159,89,329,240,159,207,48,105,241,136,128,1641,9
87,167,80,105,129,24,104,104,0,112,328,216,104,231,127,129,473,344,112,480,368,136,2048,9
104,136,32,200,439,239,89,152,63,96,513,417,72,328,256,159,440,281,112,352,240,145,2505,9
96,176,80,167,169,2,63,151,88,104,447,343,73,689,616,143,168,25,115,247,132,129,2176,9
120,120,0,89,126,37,50,122,72,96,401,305,62,287,225,136,768,632,88,263,175,81,2168,9
88,184,96,88,112,24,104,120,16,127,1056,929,120,1128,1008,128,129,1,143,456,313,143,3328,9
105,201,96,88,112,24,87,112,25,80,336,256,103,576,473,144,168,24,104,247,143,137,1889,9
127,184,57,88,128,40,80,112,32,88,399,311,121,273,152,168,456,288,88,328,240,104,1984,9
104,184,80,88,112,24,112,112,0,112,624,512,111,527,416,136,177,41,96,200,104,95,2031,9
88,168,80,96,128,32,64,104,40,96,344,248,96,464,368,168,497,329,119,271,152,104,2080,9
112,233,121,168,255,87,128,152,24,120,560,440,120,424,304,184,185,1,135,207,72,120,2136,9
128,224,96,48,88,40,96,98,2,103,551,448,63,368,305,127,151,24,96,280,184,88,1848,9
88,224,136,128,152,24,104,232,128,112,385,273,119,391,272,128,152,24,120,216,96,128,1880,9
96,168,72,104,128,24,88,90,2,86,431,345,111,575,464,137,192,55,121,304,183,112,2000,9
127,128,1,120,121,1,118,134,16,152,809,657,87,1167,1080,105,113,8,119,183,64,104,2759,9
104,128,24,104,136,32,72,112,40,104,336,232,96,376,280,153,368,215,80,296,216,120,1872,9
88,120,32,96,120,24,88,112,24,88,832,744,104,376,272,177,520,343,112,312,200,72,2464,9
104,128,24,72,104,32,105,106,1,94,582,488,112,672,560,145,145,0,111,192,81,119,2048,9
104,184,80,72,96,24,88,120,32,95,1008,913,104,505,401,191,367,176,120,264,144,112,2656,9
96,176,80,80,104,24,64,112,48,88,472,384,80,367,287,97,209,112,64,279,215,89,1808,9
56,136,80,120,152,32,40,240,200,80,200,120,104,352,248,128,392,264,136,240,104,96,1808,9
87,207,120,80,104,24,96,200,104,88,320,232,96,457,361,111,143,32,96,176,80,104,1711,9
96,152,56,97,121,24,95,143,48,96,257,161,88,359,271,160,296,136,104,224,120,128,1680,9
80,449,369,84,322,238,80,251,171,72,403,331,99,372,273,156,636,480,91,321,230,129,2883,12
72,336,264,88,264,176,80,266,186,77,378,301,99,741,642,128,298,170,91,484,393,132,2899,12
72,360,288,87,342,255,73,273,200,72,467,395,81,359,278,108,450,342,88,342,254,84,2677,12
84,302,218,98,307,209,99,313,214,80,1127,1047,96,303,207,148,755,607,102,766,664,160,4033,12
80,334,254,96,407,311,89,339,250,57,531,474,88,336,248,128,536,408,105,374,269,104,2961,12
79,302,223,70,258,188,76,267,191,65,474,409,80,411,331,128,685,557,88,444,356,112,2953,12
80,286,206,80,263,183,73,283,210,76,459,383,88,367,279,141,460,319,97,360,263,112,2590,12
97,1068,971,99,273,174,88,264,176,63,649,586,112,354,242,174,441,267,93,351,258,105,3505,12
88,305,217,88,359,271,112,313,201,72,643,571,96,343,247,166,400,234,96,414,318,112,2889,12
80,276,196,72,256,184,62,232,170,72,392,320,68,371,303,144,349,205,82,473,391,141,2490,12
66,290,224,80,272,192,72,255,183,73,888,815,102,379,277,134,262,128,104,403,299,117,2866,12
89,266,177,77,225,148,72,253,181,64,329,265,88,320,232,152,348,196,100,329,229,112,2182,12
64,225,161,58,255,197,80,296,216,65,325,260,80,289,209,153,349,196,100,337,237,112,2188,12
75,243,168,78,214,136,72,218,146,64,289,225,88,301,213,125,557,432,136,308,172,112,2242,12
101,847,746,96,299,203,88,239,151,83,479,396,103,474,371,128,1674,1546,112,336,224,116,4464,12
80,241,161,92,257,165,80,326,246,80,576,496,96,723,627,144,1034,890,112,255,143,112,3524,12
88,248,160,80,232,152,94,229,135,82,392,310,104,298,194,152,450,298,120,358,238,124,2331,12
84,236,152,82,204,122,80,221,141,75,407,332,91,291,200,157,759,602,97,351,254,116,2585,12
87,236,149,80,208,128,93,222,129,74,331,257,112,276,164,160,767,607,111,377,266,142,2559,12
80,232,152,88,216,128,95,277,182,96,456,360,96,238,142,179,400,221,150,341,191,143,2303,12
88,245,157,83,222,139,88,255,167,80,360,280,104,289,185,162,540,378,104,418,314,174,2503,12
83,246,163,86,223,137,92,237,145,80,591,511,94,292,198,160,325,165,104,351,247,139,2404,12
123,924,801,109,289,180,104,295,191,83,378,295,120,334,214,192,681,489,123,587,464,192,3680,12
83,253,170,96,267,171,169,385,216,98,377,279,118,312,194,176,507,331,128,483,355,124,2708,12
104,264,160,112,270,158,84,231,147,72,350,278,104,336,232,179,822,643,118,384,266,128,2785,12
96,264,168,96,275,179,78,223,145,65,317,252,92,266,174,152,292,140,104,294,190,149,2080,12
96,267,171,90,222,132,88,240,152,64,336,272,78,307,229,183,368,185,112,337,225,152,2229,12
83,235,152,81,215,134,83,224,141,72,324,252,93,293,200,162,641,479,166,424,258,144,2500,12
80,232,152,84,212,128,73,225,152,73,980,907,100,300,200,160,484,324,92,367,275,112,2912,12
83,235,152,80,191,111,90,210,120,72,416,344,96,346,250,151,1080,929,97,255,158,151,2884,12
88,292,204,88,240,152,80,210,130,64,1255,1191,91,297,206,164,471,307,112,459,347,117,3341,12
81,235,154,90,198,108,96,216,120,88,716,628,97,283,186,152,803,651,133,345,212,120,2916,12
94,227,133,72,193,121,74,192,118,76,853,777,112,287,175,161,602,441,116,395,279,95,2844,12
88,254,166,73,217,144,74,216,142,64,358,294,82,275,193,142,483,341,92,354,262,104,2261,12
96,247,151,80,195,115,80,202,122,83,597,514,112,322,210,139,520,381,135,376,241,118,2577,12
88,216,128,78,208,130,64,184,120,59,380,321,95,343,248,128,1038,910,95,199,104,128,2696,12
83,206,123,80,203,123,72,186,114,72,395,323,104,334,230,139,1017,878,109,215,106,188,2744,12
80,214,134,74,186,112,72,195,123,72,598,526,124,275,151,111,2067,1956,110,294,184,120,3949,12
96,283,187,80,269,189,90,261,171,83,482,399,106,346,240,160,1008,848,112,314,202,157,3120,12
88,248,160,109,1012,903,88,254,166,72,410,338,112,295,183,163,381,218,128,327,199,122,3049,12
129,293,164,112,617,505,96,333,237,87,365,278,122,288,166,157,374,217,121,373,252,170,2813,12
125,416,291,99,370,271,88,412,324,80,381,301,81,313,232,168,957,789,106,1785,1679,104,4738,12
101,348,247,101,394,293,80,325,245,72,955,883,104,311,207,143,407,264,104,378,274,114,3232,12
90,447,357,96,351,255,98,345,247,72,357,285,112,315,203,119,724,605,135,446,311,99,3084,12
108,850,742,96,400,304,113,391,278,112,484,372,125,451,326,129,489,360,129,375,246,142,3582,12
127,509,382,115,449,334,92,347,255,78,443,365,101,347,246,136,343,207,128,350,222,146,2934,12
88,426,338,96,366,270,88,617,529,72,368,296,82,345,263,154,386,232,112,334,222,96,2938,12
91,2174,2083,116,1908,1792,83,296,213,72,1244,1172,96,676,580,136,441,305,117,375,258,106,7220,12
128,387,259,102,308,206,90,267,177,80,558,478,73,325,252,140,974,834,107,448,341,110,3377,12
92,352,260,81,429,348,92,588,496,71,647,576,108,323,215,119,2608,2489,88,361,273,115,5423,12
80,302,222,80,242,162,63,210,147,56,297,241,51,1736,1685,120,283,163,108,316,208,91,3477,12
73,323,250,82,371,289,72,351,279,66,489,423,80,672,592,111,1288,1177,107,358,251,136,3988,12
93,464,371,79,275,196,80,247,167,64,354,290,101,317,216,128,1512,1384,96,213,117,134,3516,12
118,363,245,120,1057,937,93,435,342,72,469,397,96,454,358,109,1196,1087,93,379,286,108,4461,12
97,306,209,88,241,153,80,231,151,72,319,247,99,331,232,159,310,151,97,371,274,104,2213,12
89,430,341,72,379,307,64,271,207,64,486,422,104,310,206,142,437,295,96,328,232,88,2729,12
91,334,243,80,288,208,80,616,536,72,444,372,97,334,237,132,404,272,106,322,216,99,2841,12
64,283,219,70,331,261,88,291,203,146,410,264,95,338,243,115,699,584,104,333,229,96,2781,12
64,223,159,73,233,160,82,550,468,158,370,212,111,1480,1369,142,614,472,120,376,256,136,3982,12
72,276,204,81,265,184,72,358,286,72,406,334,80,278,198,126,464,338,89,427,338,104,2578,12
72,267,195,73,487,414,64,230,166,64,394,330,66,327,261,121,984,863,88,339,251,82,3110,12
64,208,144,72,259,187,80,256,176,70,1292,1222,96,351,255,144,763,619,88,338,250,83,3550,12
56,190,134,73,205,132,64,245,181,56,442,386,80,378,298,102,2075,1973,120,282,162,80,3897,12
72,268,196,73,238,165,59,203,144,67,309,242,91,358,267,124,340,216,96,398,302,96,2210,12
80,298,218,87,245,158,81,503,422,72,1155,1083,80,360,280,130,548,418,112,1126,1014,120,4355,12
72,252,180,78,228,150,56,180,124,56,290,234,85,316,231,136,432,296,96,301,205,104,2103,12
75,253,178,77,248,171,72,482,410,60,340,280,81,351,270,136,980,844,120,295,175,112,3061,12
57,231,174,68,267,199,64,437,373,59,424,365,88,261,173,140,1791,1651,137,257,120,112,3780,12
55,241,186,72,323,251,64,300,236,72,609,537,88,321,233,112,327,215,88,656,568,129,2906,12
64,207,143,76,234,158,56,223,167,56,343,287,76,285,209,148,1014,866,96,340,244,109,2755,12
70,395,325,64,393,329,64,346,282,72,355,283,83,239,156,136,405,269,97,331,234,108,2572,12
65,222,157,64,262,198,83,280,197,72,328,256,105,289,184,141,1018,877,90,363,273,71,2833,12
56,206,150,64,203,139,56,216,160,57,354,297,78,321,243,121,1232,1111,112,639,527,73,3244,12
64,192,128,64,295,231,75,313,238,130,389,259,108,358,250,115,1072,957,88,279,191,89,2987,12
64,206,142,65,207,142,75,259,184,65,349,284,90,850,760,106,561,455,135,280,145,96,2808,12
82,233,151,65,425,360,64,290,226,64,819,755,103,254,151,112,486,374,112,472,360,96,3075,12
57,207,150,64,233,169,57,254,197,80,1355,1275,72,295,223,111,402,291,91,308,217,96,3150,12
73,212,139,71,199,128,56,224,168,70,1955,1885,91,236,145,128,1267,1139,80,306,226,115,4514,12
71,221,150,67,179,112,56,361,305,64,1216,1152,72,511,439,112,398,286,94,442,348,96,3424,12
56,226,170,67,205,138,64,279,215,66,1398,1332,72,326,254,142,646,504,104,370,266,116,3566,12
83,289,206,72,283,211,72,318,246,72,330,258,88,275,187,136,319,183,84,281,197,108,2203,12
72,272,200,71,1369,1298,65,265,200,64,360,296,72,264,192,138,544,406,119,351,232,104,3529,12
65,407,342,64,228,164,64,213,149,50,376,326,74,353,279,128,407,279,86,287,201,125,2396,12
64,258,194,64,208,144,56,191,135,56,328,272,104,336,232,147,1370,1223,95,361,266,112,3164,12
74,224,150,80,221,141,77,228,151,72,655,583,96,353,257,136,480,344,96,382,286,117,2660,12
72,225,153,72,200,128,56,208,152,64,1203,1139,88,261,173,128,1758,1630,88,400,312,112,4367,12
72,211,139,64,199,135,56,218,162,64,409,345,99,306,207,136,704,568,88,405,317,100,2552,12
84,259,175,64,215,151,64,258,194,64,741,677,96,268,172,144,727,583,110,439,329,83,2990,12
64,224,160,69,194,125,72,265,193,68,1601,1533,91,291,200,144,1228,1084,88,239,151,142,4184,12
56,219,163,64,203,139,64,218,154,66,1072,1006,72,307,235,144,463,319,80,1074,994,130,3686,12
56,196,140,66,198,132,64,208,144,77,353,276,80,331,251,136,386,250,90,268,178,105,2045,12
56,193,137,56,184,128,64,207,143,64,1400,1336,64,296,232,136,655,519,82,345,263,120,3400,12
75,241,166,65,209,144,57,202,145,65,537,472,105,277,172,131,448,317,96,385,289,123,2422,12
80,224,144,80,223,143,64,200,136,64,305,241,93,288,195,128,310,182,97,237,140,117,1904,12
80,243,163,100,251,151,81,212,131,70,304,234,120,290,170,151,289,138,95,270,175,117,1976,12
81,227,146,80,185,105,72,176,104,64,307,243,96,280,184,140,340,200,111,272,161,122,1909,12
92,236,144,88,196,108,73,192,119,64,259,195,107,275,168,134,305,171,80,303,223,117,1883,12
64,205,141,72,176,104,64,185,121,65,299,234,96,274,178,134,348,214,80,275,195,129,1891,12
57,204,147,70,184,114,56,186,130,64,280,216,104,284,180,144,393,249,72,421,349,155,2107,12
72,222,150,72,170,98,51,175,124,50,253,203,92,272,180,168,664,496,88,467,379,144,2367,12
50,188,138,76,171,95,66,199,133,66,283,217,108,323,215,128,256,128,96,420,324,134,1974,12
66,199,133,56,157,101,56,176,120,56,278,222,97,260,163,142,342,200,86,262,176,104,1778,12
58,216,158,63,167,104,61,174,113,56,262,206,90,261,171,144,305,161,92,346,254,129,1860,12
64,213,149,64,168,104,56,171,115,51,254,203,89,247,158,152,331,179,80,275,195,128,1787,12
64,215,151,56,174,118,56,176,120,56,282,226,82,245,163,112,342,230,72,288,216,112,1834,12
56,206,150,56,176,120,60,186,126,58,274,216,96,283,187,128,337,209,80,316,236,97,1875,12
50,199,149,56,176,120,56,164,108,60,285,225,92,254,162,176,289,113,95,288,193,128,1783,12
64,208,144,64,177,113,57,169,112,56,296,240,88,263,175,185,677,492,76,486,410,124,2400,12
66,209,143,66,210,144,88,236,148,56,290,234,88,268,180,132,282,150,88,285,197,108,1888,12
72,208,136,56,152,96,56,158,102,64,271,207,84,273,189,144,312,168,108,295,187,113,1782,12
56,200,144,56,157,101,56,160,104,64,291,227,90,309,219,144,299,155,92,394,302,96,1906,12
72,209,137,64,169,105,48,167,119,49,294,245,98,399,301,116,307,191,96,276,180,90,1911,12
58,188,130,56,171,115,56,147,91,64,302,238,83,439,356,136,260,124,109,322,213,111,1940,12
64,195,131,63,161,98,58,181,123,57,280,223,96,348,252,133,316,183,89,356,267,112,1949,12
64,198,134,69,169,100,56,177,121,56,262,206,108,293,185,120,293,173,96,302,206,104,1798,12
57,203,146,64,160,96,57,161,104,56,286,230,85,289,204,130,405,275,112,389,277,112,2005,12
72,208,136,60,162,102,65,166,101,65,297,232,107,821,714,129,300,171,90,466,376,120,2540,12
61,228,167,64,178,114,56,177,121,58,279,221,88,318,230,117,812,695,74,385,311,106,2483,12
72,208,136,50,165,115,49,169,120,64,288,224,95,1159,1064,127,286,159,132,307,175,96,2678,12
64,208,144,56,168,112,50,166,116,64,287,223,98,301,203,121,302,181,85,275,190,109,1816,12
64,215,151,64,171,107,57,185,128,57,269,212,96,293,197,136,350,214,104,302,198,127,1912,12
64,216,152,56,161,105,49,167,118,61,306,245,88,260,172,149,360,211,80,322,242,112,1904,12
64,207,143,64,168,104,56,182,126,58,274,216,101,267,166,160,512,352,80,311,231,128,2049,12
96,268,172,88,200,112,72,190,118,73,306,233,112,336,224,129,531,402,80,327,247,109,2267,12
64,187,123,72,169,97,57,169,112,64,274,210,97,279,182,145,306,161,87,263,176,104,1751,12
89,245,156,72,209,137,72,215,143,80,424,344,88,296,208,107,587,480,137,285,148,94,2355,12
73,209,136,64,168,104,56,173,117,58,274,216,97,258,161,142,436,294,97,296,199,106,1920,12
72,227,155,73,181,108,55,185,130,51,267,216,82,234,152,128,336,208,88,276,188,91,1797,12
56,192,136,64,160,96,56,179,123,57,263,206,80,242,162,128,908,780,100,195,95,112,2251,12
72,232,160,55,175,120,54,176,122,53,297,244,82,247,165,138,454,316,107,260,153,159,2000,12
59,186,127,56,155,99,57,150,93,64,267,203,97,215,118,130,292,162,113,267,154,123,1655,12
79,216,137,70,201,131,66,197,131,72,326,254,71,298,227,145,1471,1326,94,173,79,138,3020,12
80,203,123,62,150,88,68,178,110,56,283,227,74,294,220,148,1692,1544,85,172,87,115,3087,12
54,194,140,55,165,110,55,163,108,60,258,198,83,252,169,125,351,226,86,241,155,103,1727,12
86,224,138,66,147,81,56,180,124,56,271,215,83,251,168,149,327,178,86,311,225,145,1856,12
64,264,200,64,227,163,72,245,173,64,351,287,74,362,288,132,797,665,123,234,111,98,2578,12
70,263,193,64,221,157,59,198,139,59,291,232,73,287,214,129,972,843,88,290,202,97,2619,12
70,224,154,60,185,125,61,189,128,64,344,280,87,264,177,136,740,604,104,230,126,110,2286,12
81,235,154,72,176,104,65,185,120,48,296,248,80,301,221,120,360,240,88,298,210,104,1955,12
80,244,164,64,182,118,48,170,122,56,269,213,87,306,219,149,1283,1134,107,315,208,119,2888,12
64,209,145,64,184,120,57,176,119,64,367,303,108,349,241,126,369,243,107,279,172,112,2045,12
72,225,153,64,168,104,57,178,121,55,273,218,88,306,218,125,361,236,96,324,228,115,1950,12
98,603,505,80,248,168,50,199,149,57,296,239,88,320,232,151,493,342,116,302,186,131,2592,12
72,246,174,72,211,139,56,189,133,56,310,254,90,324,234,195,379,184,99,259,160,121,2039,12
74,223,149,64,184,120,56,2062,2006,69,349,280,113,275,162,141,330,189,104,267,163,128,3818,12
80,519,439,69,261,192,72,929,857,80,843,763,126,1286,1160,107,323,216,112,401,289,100,4662,12
80,300,220,80,267,187,81,225,144,64,331,267,120,329,209,141,346,205,112,386,274,128,2312,12
88,247,159,88,221,133,120,291,171,72,314,242,128,336,208,148,373,225,104,576,472,142,2500,12
83,228,145,64,168,104,56,166,110,56,314,258,94,294,200,149,309,160,109,319,210,104,1902,12
64,199,135,64,178,114,56,187,131,51,272,221,97,247,150,146,278,132,114,278,164,120,1759,12
73,213,140,64,200,136,64,176,112,72,283,211,99,287,188,122,384,262,93,336,243,96,1975,12
64,232,168,72,193,121,49,164,115,64,280,216,80,307,227,130,571,441,88,436,348,126,2309,12
64,193,129,64,178,114,56,176,120,56,308,252,91,325,234,128,824,696,80,312,232,112,2428,12
83,248,165,64,181,117,61,178,117,56,280,224,92,308,216,128,328,200,88,296,208,121,1940,12
88,543,455,80,223,143,80,234,154,72,341,269,89,335,246,172,321,149,96,273,177,164,2434,12
80,247,167,80,226,146,76,513,437,163,366,203,114,337,223,161,345,184,109,245,136,154,2433,12
88,274,186,82,253,171,87,294,207,80,423,343,88,288,200,120,455,335,113,465,352,116,2568,12
72,216,144,73,186,113,49,169,120,56,327,271,91,865,774,123,332,209,92,396,304,120,2611,12
75,209,134,72,191,119,66,210,144,64,393,329,97,339,242,161,582,421,275,708,433,87,2719,12
80,216,136,50,170,120,70,214,144,72,343,271,136,392,256,137,598,461,80,384,304,90,2407,12
73,208,135,56,184,128,57,188,131,64,331,267,96,313,217,144,326,182,80,304,224,126,1980,12
72,224,152,64,184,120,64,192,128,51,304,253,87,255,168,133,529,396,64,295,231,113,2096,12
117,293,176,82,271,189,64,236,172,64,295,231,81,257,176,136,430,294,81,329,248,97,2208,12
72,236,164,73,262,189,72,248,176,65,315,250,90,298,208,112,291,179,88,277,189,106,2033,12
57,223,166,64,237,173,50,297,247,56,316,260,83,279,196,104,497,393,73,341,268,111,2301,12
57,191,134,57,173,116,48,176,128,48,268,220,65,230,165,104,341,237,76,312,236,106,1797,12
64,232,168,51,203,152,61,194,133,48,260,212,76,285,209,112,626,514,64,336,272,96,2232,12
72,299,227,97,272,175,80,239,159,56,345,289,88,282,194,106,342,236,80,314,234,96,2189,12
64,232,168,64,221,157,64,226,162,56,275,219,81,272,191,104,586,482,104,279,175,105,2196,12
60,260,200,73,248,175,64,251,187,113,328,215,73,340,267,104,1244,1140,64,265,201,112,3048,12
72,279,207,70,250,180,72,236,164,56,296,240,83,316,233,89,327,238,72,309,237,96,2109,12
64,325,261,56,270,214,72,255,183,56,307,251,80,309,229,107,332,225,74,302,228,106,2206,12
57,233,176,62,230,168,71,234,163,64,308,244,75,305,230,111,361,250,72,279,207,98,2048,12
80,259,179,72,253,181,73,314,241,65,316,251,89,289,200,102,1121,1019,97,616,519,112,3280,12
59,226,167,64,216,152,65,210,145,58,466,408,88,309,221,108,891,783,80,449,369,88,2855,12
64,266,202,61,234,173,78,226,148,64,303,239,72,282,210,100,758,658,96,264,168,96,2429,12
75,238,163,70,203,133,64,201,137,56,2578,2522,88,304,216,112,1546,1434,96,407,311,112,5589,12
72,291,219,59,261,202,56,230,174,56,384,328,73,289,216,106,799,693,104,311,207,100,2665,12
80,248,168,72,226,154,64,192,128,64,326,262,80,299,219,116,1048,932,93,451,358,120,2910,12
72,276,204,65,250,185,72,232,160,64,352,288,88,280,192,112,418,306,64,325,261,108,2241,12
72,240,168,64,200,136,50,180,130,48,290,242,72,315,243,81,771,690,88,457,369,103,2556,12
56,201,145,64,188,124,70,537,467,133,833,700,92,259,167,88,1544,1456,88,211,123,125,3898,12
82,234,152,66,199,133,67,203,136,112,255,143,88,410,322,128,515,387,96,367,271,99,2282,12
84,241,157,65,172,107,56,194,138,56,300,244,75,291,216,108,794,686,82,424,342,115,2531,12
72,199,127,72,184,112,72,399,327,120,335,215,88,311,223,105,561,456,79,308,229,96,2393,12
72,241,169,64,266,202,64,257,193,72,1453,1381,89,269,180,112,584,472,80,423,343,96,3589,12
68,210,142,78,198,120,50,182,132,64,381,317,84,292,208,119,509,390,101,547,446,140,2459,12
64,211,147,56,179,123,64,200,136,64,334,270,88,260,172,109,746,637,80,630,550,57,2617,12
72,201,129,88,625,537,72,247,175,73,750,677,104,333,229,98,1215,1117,98,254,156,104,3729,12
94,273,179,80,223,143,88,1693,1605,72,851,779,86,259,173,108,1088,980,112,476,364,128,4991,12
940,2770,1830,1250,2660,1410,930,2340,1410,940,4060,3120,940,2970,2030,1250,8440,7190,940,2340,1400,1250,26830,12
780,2190,1410,1090,2340,1250,940,5310,4370,780,5160,4380,780,2340,1560,1250,4220,2970,780,3130,2350,1090,25780,12
780,2340,1560,1100,2660,1560,780,2050,1270,780,2970,2190,1090,2810,1720,1090,3900,2810,940,3750,2810,1100,21580,12
780,2190,1410,1090,2180,1090,630,1720,1090,780,2970,2190,1090,2340,1250,1250,3460,2210,780,2500,1720,1090,18450,12
630,1880,1250,1090,2340,1250,1100,6250,5150,1100,3750,2650,1100,2350,1250,1400,2640,1240,1720,3600,1880,1090,23900,12
780,2500,1720,940,2030,1090,780,2030,1250,780,3440,2660,940,2810,1870,1250,3210,1960,780,4060,3280,1090,21170,12
470,1880,1410,780,1870,1090,630,1720,1090,630,2970,2340,940,2810,1870,1410,4380,2970,940,3280,2340,940,19850,12
630,2190,1560,630,1560,930,630,1880,1250,470,2650,2180,940,2500,1560,1250,2970,1720,780,2660,1880,1120,17530,12
620,2030,1410,780,1720,940,620,1720,1100,620,4840,4220,780,2970,2190,1250,3750,2500,780,2660,1880,1090,20780,12
630,2190,1560,940,2390,1450,940,3440,2500,620,3280,2660,780,2030,1250,1250,2970,1720,780,2500,1720,1250,20050,12
630,2030,1400,630,1720,1090,470,1560,1090,630,2660,2030,780,2190,1410,1250,2970,1720,780,2650,1870,1250,17030,12
470,1880,1410,460,1710,1250,320,1720,1400,470,2660,2190,940,2650,1710,1250,2820,1570,780,2810,2030,1090,17340,12
470,1870,1400,630,1720,1090,470,1570,1100,10620,2810,-7810,940,2650,1710,1100,2500,1400,940,2970,2030,1100,17190,12
620,1870,1250,780,1720,940,630,1560,930,790,2820,2030,780,2340,1560,1560,5160,3600,780,3120,2340,1090,19680,12
940,2350,1410,630,1880,1250,470,1720,1250,620,3280,2660,940,2650,1710,1250,3440,2190,780,18670,17890,1100,35090,12
780,1880,1100,780,1710,930,630,1650,1020,620,3350,2730,1060,2220,1160,1250,2970,1720,940,2810,1870,940,17530,12
470,1880,1410,470,1560,1090,470,1720,1250,470,2970,2500,10780,2500,-8280,1250,2970,1720,930,2810,1880,1090,17500,12
630,1880,1250,620,1660,1040,620,1720,1100,620,2860,2240,780,2340,1560,1560,4370,2810,1100,2820,1720,1090,18740,12
630,1880,1250,620,1560,940,620,1720,1100,620,2810,2190,940,2190,1250,1400,2810,1410,940,2660,1720,930,16560,12
470,1880,1410,620,1720,1100,470,1720,1250,620,2810,2190,940,2190,1250,1250,5800,4550,1100,3440,2340,1250,20810,12
780,2190,1410,620,1720,1100,460,1560,1100,780,3120,2340,1720,3910,2190,1250,3120,1870,940,2500,1560,920,19040,12
630,1880,1250,620,1720,1100,620,2030,1410,620,3120,2500,940,2500,1560,1100,2810,1710,1100,2500,1400,1100,17660,12
780,2030,1250,620,1560,940,780,2030,1250,630,3130,2500,930,2180,1250,1250,4380,3130,940,2810,1870,940,19060,12
620,1870,1250,630,1560,930,630,1720,1090,630,2810,2180,790,2350,1560,1130,2770,1640,780,2350,1570,930,16360,12
620,1870,1250,780,1560,780,630,1720,1090,470,2660,2190,780,2030,1250,1410,3130,1720,930,2340,1410,1250,16560,12
630,1880,1250,620,1400,780,630,1720,1090,630,2810,2180,790,2660,1870,1250,4670,3420,940,2810,1870,780,18730,12
470,1880,1410,620,1560,940,470,1720,1250,620,2970,2350,780,2340,1560,1250,2970,1720,620,2500,1880,1090,17030,12
680,1690,1010,780,1560,780,780,1880,1100,470,2810,2340,780,2500,1720,1410,3280,1870,630,2340,1710,1100,17160,12
630,1880,1250,620,1720,1100,460,1710,1250,630,2660,2030,780,2030,1250,1410,7500,6090,780,2350,1570,1090,20940,12
620,1710,1090,630,1880,1250,470,1870,1400,630,2820,2190,620,2500,1880,1250,3590,2340,780,2660,1880,930,17960,12
630,1720,1090,630,1720,1090,620,1720,1100,620,2810,2190,780,2340,1560,1270,3460,2190,780,2650,1870,940,17360,12
630,13100,12470,620,6870,6250,620,2190,1570,620,3010,2390,940,2500,1560,1410,3280,1870,780,2500,1720,1090,34540,12
630,1880,1250,620,1720,1100,470,1720,1250,620,3280,2660,940,2500,1560,1250,3410,2160,930,2500,1570,930,17940,12
630,1880,1250,620,1560,940,470,1720,1250,620,2810,2190,940,2030,1090,1570,2820,1250,930,2030,1100,1250,16100,12
630,1880,1250,620,1710,1090,470,1720,1250,630,2660,2030,780,2030,1250,1410,3590,2180,790,2660,1870,940,17190,12
630,1880,1250,620,1720,1100,460,1710,1250,470,2660,2190,630,2500,1870,1250,3280,2030,780,2500,1720,940,17190,12
620,1870,1250,630,1720,1090,470,1720,1250,470,2810,2340,790,2210,1420,1250,2900,1650,940,2500,1560,1100,16830,12
470,1880,1410,620,1560,940,470,1720,1250,620,2660,2040,780,2180,1400,1410,2970,1560,780,2500,1720,1090,16560,12
620,2030,1410,630,1720,1090,620,1870,1250,630,18440,17810,780,2500,1720,11410,4920,-6490,930,2860,1930,930,35270,12
620,2030,1410,630,1720,1090,470,1620,1150,460,2500,2040,1090,2460,1370,1290,3480,2190,940,2030,1090,1090,16930,12
620,1720,1100,620,1560,940,620,1560,940,630,8590,7960,630,8130,7500,1250,3120,1870,630,2660,2030,940,28280,12
630,2040,1410,620,1560,940,470,1720,1250,470,2990,2520,940,2500,1560,1090,4060,2970,780,2500,1720,940,18310,12
620,1870,1250,630,1720,1090,620,1720,1100,620,2650,2030,790,2030,1240,1410,2950,1540,940,2040,1100,1090,16070,12
620,2180,1560,630,1570,940,10620,1870,-8750,470,2500,2030,780,2190,1410,1250,3750,2500,780,2340,1560,940,17340,12
620,2030,1410,470,1410,940,620,1900,1280,550,3210,2660,620,2340,1720,1250,5310,4060,1100,3290,2190,1090,20580,12
630,2090,1460,630,1600,970,520,1620,1100,630,2680,2050,780,2190,1410,1400,3750,2350,620,2500,1880,1090,17520,12
630,1880,1250,620,1710,1090,470,11720,11250,-9530,-7500,2030,780,2190,1410,1410,2650,1240,780,2340,1560,1250,16240,12
630,2040,1410,460,1560,1100,620,1720,1100,620,2550,1930,630,1720,1090,1560,2970,1410,10930,2650,-8280,940,16150,12
470,2190,1720,470,1560,1090,620,1870,1250,470,2820,2350,620,2030,1410,1560,5940,4380,780,2500,1720,930,19840,12
470,1720,1250,620,1560,940,470,1410,940,620,2650,2030,780,2350,1570,1570,2980,1410,940,2500,1560,1250,16420,12
630,2030,1400,470,1410,940,470,1720,1250,470,2340,1870,780,1880,1100,1560,3120,1560,780,2560,1780,940,16000,12
630,2040,1410,720,1610,890,10620,1710,-8910,470,2500,2030,790,1880,1090,1410,3280,1870,780,2970,2190,1090,17080,12
780,2030,1250,620,1720,1100,460,1560,1100,470,2500,2030,780,2090,1310,1410,3590,2180,790,2040,1250,1250,16780,12
630,1880,1250,470,1560,1090,470,1560,1090,470,2500,2030,780,2190,1410,1250,2970,1720,940,2190,1250,1250,16100,12
630,2190,1560,780,1720,940,470,1720,1250,620,3430,2810,780,2190,1410,1560,4840,3280,940,2970,2030,940,20000,12
630,2030,1400,790,2200,1410,930,2650,1720,630,3280,2650,790,2190,1400,1720,4060,2340,940,2660,1720,1250,20320,12
630,2030,1400,780,1880,1100,620,2500,1880,780,3120,2340,780,1880,1100,1720,4370,2650,940,2500,1560,1250,19530,12
630,2040,1410,620,1710,1090,630,1880,1250,620,2970,2350,780,2190,1410,1560,3430,1870,780,2820,2040,930,17970,12
620,2030,1410,620,1560,940,630,1880,1250,460,2650,2190,780,2190,1410,1410,4530,3120,940,2970,2030,940,18750,12
630,2190,1560,660,1770,1110,470,1700,1230,620,2810,2190,780,2500,1720,1410,3910,2500,930,2600,1670,970,18450,12
630,2190,1560,470,1410,940,780,2030,1250,470,2910,2440,800,2510,1710,1570,6100,4530,620,4840,4220,1410,23400,12
620,1870,1250,630,1560,930,470,1570,1100,620,2650,2030,780,2350,1570,1560,4370,2810,940,2970,2030,1090,18430,12
470,1880,1410,470,1560,1090,470,1560,1090,630,2970,2340,780,2500,1720,1250,3750,2500,780,3220,2440,1250,18690,12
470,1720,1250,620,1710,1090,470,1570,1100,620,2810,2190,780,1870,1090,1720,4010,2290,780,3370,2590,1410,18470,12
630,2030,1400,10630,1560,-9070,630,1720,1090,630,2810,2180,940,2820,1880,1560,6870,5310,1250,2500,1250,1250,21560,12
620,2030,1410,470,1560,1090,630,1720,1090,630,2820,2190,780,2030,1250,1870,4370,2500,630,2710,2080,980,18220,12
620,1870,1250,780,1720,940,470,5780,5310,630,3130,2500,780,2190,1410,1710,4840,3130,780,3750,2970,1180,24460,12
630,1880,1250,620,1560,940,620,1720,1100,620,2810,2190,780,2030,1250,1410,3750,2340,630,3280,2650,1100,18130,12
630,1880,1250,780,1560,780,470,1560,1090,620,2500,1880,780,2180,1400,1250,4010,2760,780,3750,2970,1090,18530,12
470,1720,1250,620,1710,1090,630,1720,1090,630,4220,3590,780,2030,1250,1410,9850,8440,780,3590,2810,1250,26090,12
620,1870,1250,630,2030,1400,470,1570,1100,620,2810,2190,620,2190,1570,1560,8280,6720,780,2180,1400,1410,22340,12
630,1880,1250,620,1560,940,620,1560,940,630,2660,2030,620,2190,1570,1730,4080,2350,780,2650,1870,1250,17830,12
630,2030,1400,630,1570,940,620,1720,1100,460,2500,2040,780,1870,1090,1560,3910,2350,1250,2970,1720,1400,17970,12
10470,1880,-8590,620,1560,940,470,1720,1250,630,2660,2030,620,2030,1410,1560,3750,2190,780,3750,2970,1250,18600,12
630,2030,1400,630,3750,3120,790,2350,1560,620,2650,2030,940,2190,1250,1580,3460,1880,930,2340,1410,1250,20020,12
620,1870,1250,630,1570,940,620,1710,1090,470,2660,2190,940,2190,1250,1400,4220,2820,780,2490,1710,1100,17810,12
630,1720,1090,780,1720,940,940,3590,2650,780,3440,2660,940,2190,1250,1560,6250,4690,1090,2340,1250,1100,22350,12
630,2190,1560,620,1410,790,620,1870,1250,470,2190,1720,940,2340,1400,1560,5160,3600,780,2340,1560,1100,18600,12
630,2030,1400,470,1570,1100,620,1710,1090,630,2820,2190,620,2650,2030,1410,6560,5150,790,2970,2180,1100,21410,12
780,2060,1280,630,1570,940,460,1400,940,630,2620,1990,630,11720,11090,-8280,-6560,1720,780,2500,1720,1090,16400,12
470,2350,1880,470,1720,1250,470,1720,1250,620,2500,1880,780,1870,1090,1250,3750,2500,860,2540,1680,1040,17490,12
500,1840,1340,560,1660,1100,550,2580,2030,620,3120,2500,780,2790,2010,1200,4350,3150,940,2820,1880,930,20090,12
620,2190,1570,620,1560,940,780,1870,1090,600,2350,1750,790,1880,1090,1720,4690,2970,930,2470,1540,850,17860,12
620,1870,1250,630,1570,940,620,1710,1090,630,2750,2120,620,2650,2030,1100,3750,2650,790,2350,1560,1090,17740,12
780,2660,1880,930,2160,1230,780,2030,1250,630,2660,2030,830,2550,1720,1570,3910,2340,940,2340,1400,1250,19560,12
780,2030,1250,620,1560,940,630,1620,990,600,2410,1810,790,2050,1260,1490,5090,3600,870,2440,1570,1090,18290,12
630,2040,1410,620,1710,1090,470,1720,1250,630,2660,2030,940,2390,1450,1400,3900,2500,790,2500,1710,1250,18170,12
470,2030,1560,780,2350,1570,620,2030,1410,620,2970,2350,620,9090,8470,1100,4220,3120,780,2970,2190,940,26600,12
620,2030,1410,470,1410,940,620,1710,1090,470,2190,1720,940,2030,1090,1570,3750,2180,630,2970,2340,940,17030,12
780,1870,1090,630,1560,930,630,1570,940,460,2500,2040,760,2800,2040,1400,3900,2500,810,2520,1710,1100,17820,12
620,2030,1410,620,1560,940,470,1720,1250,470,2660,2190,930,2950,2020,1250,4850,3600,780,2650,1870,1130,19550,12
630,2030,1400,700,1720,1020,470,1560,1090,630,2650,2020,780,2190,1410,1560,4380,2820,780,2500,1720,1090,18120,12
780,2350,1570,780,1870,1090,470,1560,1090,780,3280,2500,940,3170,2230,1410,9040,7630,1090,2970,1880,930,25170,12
620,6090,5470,630,2190,1560,620,2030,1410,620,3280,2660,940,2970,2030,1250,3750,2500,620,3750,3130,1410,25470,12
790,2190,1400,630,1880,1250,620,1720,1100,620,2960,2340,790,2350,1560,1400,4370,2970,780,2970,2190,940,19380,12
780,2500,1720,620,2340,1720,780,2190,1410,620,2970,2350,780,2650,1870,1410,3280,1870,940,2660,1720,1270,19860,12
790,2570,1780,780,2190,1410,620,1780,1160,640,2670,2030,930,6400,5470,1570,3750,2180,1250,2970,1720,1250,23580,12
780,2340,1560,630,2040,1410,780,1870,1090,630,2660,2030,940,2650,1710,1720,3910,2190,630,3280,2650,1100,19850,12
103,448,345,79,192,113,88,256,168,80,392,312,104,328,224,135,728,593,96,336,240,104,2784,12
71,232,161,71,192,121,63,175,112,65,329,264,95,280,185,136,463,327,104,312,208,112,2095,12
63,200,137,72,175,103,64,168,104,64,280,216,105,248,143,152,321,169,88,287,199,120,1799,12
64,185,121,71,175,104,56,168,112,49,241,192,79,239,160,128,304,176,88,273,185,119,1704,12
63,199,136,73,160,87,72,185,113,56,247,191,96,312,216,152,296,144,81,280,199,96,1775,12
56,201,145,63,175,112,48,176,128,56,368,312,88,249,161,144,391,247,96,297,201,103,1960,12
64,200,136,56,160,104,48,168,120,48,257,209,88,263,175,160,320,160,88,457,369,127,1952,12
48,208,160,56,160,104,56,192,136,48,264,216,89,264,175,145,424,279,89,328,239,88,1928,12
57,185,128,55,159,104,56,176,120,49,289,240,80,223,143,128,344,216,81,264,183,104,1744,12
73,200,127,56,160,104,48,168,120,56,257,201,87,271,184,105,360,255,88,336,248,97,1849,12
80,209,129,63,168,105,48,175,127,56,280,224,80,248,168,136,344,208,104,288,184,121,1833,12
64,184,120,64,168,104,56,168,112,64,264,200,88,313,225,135,327,192,81,264,183,104,1792,12
56,192,136,64,161,97,55,191,136,48,280,232,72,328,256,137,352,215,96,272,176,97,1873,12
96,248,152,64,168,104,57,161,104,63,247,184,88,240,152,152,328,176,96,232,136,113,1737,12
64,192,128,56,152,96,64,176,112,56,248,192,89,232,143,144,312,168,72,216,144,105,1633,12
64,192,128,64,160,96,48,168,120,56,248,192,88,304,216,136,336,200,88,288,200,104,1800,12
71,207,136,64,152,88,56,176,120,48,232,184,112,256,144,112,320,208,80,264,184,96,1703,12
56,191,135,56,153,97,55,175,120,48,248,200,81,288,207,88,264,176,64,272,208,80,1671,12
56,184,128,64,168,104,48,152,104,64,320,256,80,616,536,112,424,312,80,288,208,112,2264,12
72,200,128,56,144,88,64,168,104,72,272,200,80,216,136,144,312,168,72,224,152,104,1640,12
64,200,136,72,160,88,64,184,120,64,272,208,96,256,160,153,328,175,72,224,152,104,1728,12
55,191,136,64,152,88,56,176,120,48,248,200,80,264,184,136,248,112,88,457,369,135,1871,12
64,192,128,56,160,104,48,160,112,48,248,200,104,240,136,129,280,151,88,256,168,104,1640,12
72,200,128,56,160,104,56,168,112,64,256,192,104,216,112,144,296,152,80,241,161,103,1640,12
56,192,136,57,152,95,56,176,120,48,232,184,112,240,128,144,400,256,96,296,200,120,1808,12
56,192,136,64,160,96,40,175,135,49,241,192,1071,192,-879,136,280,144,88,232,144,112,1584,12
72,200,128,64,144,80,56,184,128,56,264,208,96,248,152,152,416,264,96,320,224,104,1880,12
64,192,128,56,160,104,64,176,112,56,240,184,96,672,576,105,296,191,72,280,208,80,2096,12
56,192,136,64,168,104,55,168,113,56,248,192,88,191,103,129,337,208,88,272,184,144,1720,12
64,192,128,64,160,96,48,176,128,56,248,192,96,240,144,120,472,352,112,248,136,103,1839,12
72,200,128,64,151,87,57,177,120,56,288,232,96,256,160,136,328,192,88,264,176,112,1776,12
79,216,137,56,176,120,56,176,120,63,264,201,120,280,160,104,320,216,96,280,184,96,1808,12
55,200,145,56,176,120,48,168,120,55,256,201,80,320,240,128,336,208,72,271,199,105,1832,12
56,200,144,56,136,80,64,176,112,56,272,216,88,256,168,128,528,400,104,304,200,104,1976,12
55,192,137,55,144,89,56,160,104,56,248,192,87,231,144,136,385,249,104,272,168,120,1752,12
56,192,136,56,151,95,49,168,119,48,249,201,80,208,128,144,432,288,87,288,201,112,1800,12
55,192,137,64,160,96,55,176,121,1055,320,-735,96,248,152,144,624,480,88,480,392,152,2352,12
56,200,144,64,152,88,48,175,127,49,241,192,88,224,136,152,296,144,103,303,200,105,1696,12
56,184,128,64,144,80,64,176,112,64,240,176,104,552,448,144,360,216,103,296,193,112,2064,12
63,192,129,56,143,87,65,176,111,65,265,200,104,199,95,161,329,168,88,312,224,103,1719,12
64,200,136,56,159,103,49,185,136,40,247,207,80,232,152,121,353,232,72,288,216,104,1768,12
49,192,143,64,161,97,47,160,113,56,296,240,87,256,169,144,432,288,80,280,200,96,1873,12
56,193,137,64,143,79,65,168,103,64,265,201,88,216,128,128,416,288,87,272,185,120,1793,12
56,175,119,72,160,88,57,169,112,64,264,200,79,199,120,129,385,256,88,296,208,119,1767,12
56,208,152,56,152,96,56,176,120,55,256,201,79,215,136,129,552,423,96,297,201,111,1967,12
64,191,127,64,160,96,65,184,119,64,281,217,87,192,105,151,368,217,80,295,215,104,1775,12
55,199,144,48,160,112,48,168,120,64,288,224,96,249,153,127,375,248,88,280,192,113,1832,12
64,208,144,49,129,80,63,184,121,71,304,233,128,192,64,152,432,280,95,288,193,120,1857,12
55,191,136,56,145,89,55,176,121,55,231,176,97,225,128,144,343,199,105,248,143,129,1688,12
73,200,127,72,160,88,56,176,120,57,240,183,88,176,88,144,392,248,96,241,145,119,1704,12
64,193,129,64,144,80,64,192,128,56,256,200,88,199,111,120,400,280,80,240,160,113,1737,12
56,201,145,56,135,79,56,176,120,56,248,192,80,192,112,144,545,401,104,351,247,112,1960,12
63,191,128,64,160,96,56,160,104,64,264,200,96,177,81,143,391,248,97,256,159,128,1727,12
64,193,129,63,159,96,64,176,112,64,273,209,87,183,96,152,433,281,103,312,209,111,1840,12
65,208,143,57,168,111,56,177,121,63,264,201,96,199,103,128,344,216,72,249,177,112,1721,12
56,201,145,71,167,96,56,177,121,56,255,199,97,201,104,143,327,184,88,280,192,128,1736,12
65,192,127,64,152,88,64,177,113,64,255,191,96,200,104,144,320,176,176,345,169,112,1753,12
64,568,504,72,192,120,72,193,121,63,271,208,105,248,143,136,528,392,96,296,200,112,2408,12
73,217,144,63,143,80,64,176,112,64,264,200,88,632,544,121,432,311,81,328,247,113,2305,12
56,200,144,64,152,88,64,184,120,57,248,191,104,273,169,120,352,232,88,272,184,111,1792,12
72,216,144,81,168,87,72,200,128,72,312,240,88,265,177,135,431,296,96,296,200,136,2024,12
72,199,127,64,160,96,56,176,120,65,289,224,95,255,160,136,448,312,105,304,199,96,1927,12
72,209,137,63,159,96,56,168,112,56,264,208,88,272,184,120,529,409,79,311,232,112,2024,12
63,215,152,56,152,96,56,177,121,47,247,200,80,224,144,152,408,256,88,296,208,96,1815,12
64,216,152,56,144,88,65,176,111,1056,264,-792,88,216,128,144,415,271,81,273,192,97,1801,12
64,192,128,64,152,88,57,176,119,56,256,200,80,216,136,128,568,440,88,328,240,128,2016,12
56,184,128,72,167,95,57,169,112,64,256,192,96,223,127,129,393,264,105,256,151,128,1776,12
64,216,152,64,160,96,56,176,120,64,256,192,96,208,112,128,384,256,104,280,176,136,1816,12
72,216,144,56,144,88,64,176,112,72,280,208,88,376,288,144,448,304,88,256,168,128,2024,12
64,224,160,64,184,120,64,184,120,64,368,304,104,256,152,144,472,328,128,360,232,136,2184,12
63,176,113,64,160,96,56,168,112,64,256,192,104,224,120,144,448,304,87,304,217,112,1848,12
64,216,152,55,168,113,56,176,120,64,272,208,112,264,152,136,400,264,120,288,168,128,1912,12
64,216,152,56,152,96,56,176,120,56,264,208,88,200,112,152,359,207,97,288,191,128,1783,12
64,208,144,56,144,88,64,184,120,56,248,192,96,240,144,159,336,177,103,423,320,129,1912,12
72,207,135,72,185,113,56,168,112,63,264,201,88,240,152,144,336,192,88,272,184,120,1792,12
65,201,136,64,175,111,72,177,105,72,288,216,96,256,160,160,656,496,111,408,297,112,2273,12
65,216,151,65,160,95,64,177,113,72,271,199,96,801,705,119,544,425,112,328,216,104,2601,12
64,199,135,64,160,96,57,169,112,72,272,200,88,240,152,152,463,311,104,344,240,104,1951,12
79,208,129,63,160,97,56,184,128,56,272,216,87,256,169,135,432,297,87,384,297,136,2032,12
63,224,161,55,159,104,56,185,129,56,272,216,96,240,144,152,424,272,96,256,160,144,1904,12
64,216,152,56,144,88,55,175,120,64,305,241,96,279,183,145,433,288,96,311,215,120,1983,12
64,209,145,63,152,89,72,191,119,65,264,199,96,321,225,136,400,264,103,279,176,129,1945,12
64,224,160,64,183,119,57,184,127,64,296,232,96,225,129,136,480,344,104,336,232,144,2072,12
71,216,145,63,160,97,72,200,128,64,279,215,97,224,127,153,377,224,96,304,208,119,1879,12
65,209,144,72,176,104,64,184,120,64,288,224,88,247,159,152,368,216,97,256,159,105,1833,12
55,207,152,64,161,97,56,183,127,56,272,216,97,320,223,128,416,288,88,248,160,129,1936,12
63,215,152,65,169,104,64,191,127,65,297,232,119,240,121,151,368,217,112,255,143,160,1895,12
72,208,136,64,160,96,56,184,128,56,281,225,87,263,176,144,833,689,111,303,192,144,2376,12
80,216,136,72,144,72,72,192,120,64,272,208,96,232,136,152,360,208,112,289,177,104,1809,12
73,224,151,72,160,88,56,176,120,65,256,191,88,201,113,159,415,256,97,296,199,136,1864,12
63,207,144,72,168,96,64,176,112,73,272,199,104,240,136,168,392,224,88,480,392,153,2088,12
79,231,152,73,168,95,64,185,121,63,263,200,80,232,152,128,488,360,88,304,216,112,1983,12
64,208,144,64,160,96,56,184,128,64,256,192,80,248,168,136,472,336,144,272,128,128,1928,12
64,208,144,64,152,88,64,185,121,63,255,192,113,280,167,136,464,328,96,297,201,104,1945,12
64,217,153,63,176,113,56,167,111,64,272,208,88,240,152,144,376,232,88,304,216,112,1864,12
88,232,144,72,168,96,64,177,113,71,296,225,87,287,200,160,592,432,96,576,480,88,2416,12
72,209,137,55,159,104,72,192,120,64,280,216,88,608,520,128,432,304,80,312,232,80,2272,12
64,208,144,64,160,96,64,185,121,63,271,208,97,248,151,136,720,584,112,313,201,95,2200,12
64,208,144,64,152,88,56,184,128,56,280,224,88,272,184,144,528,384,112,312,200,96,2032,12
72,208,136,65,152,87,72,192,120,56,288,232,80,272,192,136,512,376,112,360,248,112,2096,12
72,224,152,64,168,104,64,200,136,56,280,224,104,232,128,144,384,240,96,320,224,89,1897,12
80,304,224,105,256,151,73,200,127,64,305,241,79,231,152,152,880,728,96,288,192,112,2576,12
104,264,160,72,448,376,96,368,272,120,520,400,80,321,241,119,1287,1168,96,1088,992,72,4368,14
96,216,120,72,240,168,80,296,216,88,792,704,88,208,120,111,1048,937,88,504,416,112,3416,14
88,256,168,80,408,328,88,320,232,112,1136,1024,88,184,96,128,792,664,88,376,288,112,3584,14
96,200,104,80,304,224,104,336,232,112,1016,904,95,400,305,88,496,408,88,408,320,128,3288,14
66,287,221,88,217,129,79,232,153,83,511,428,88,256,168,112,480,368,104,329,225,104,2416,14
95,256,161,87,198,111,97,290,193,112,670,558,90,290,200,120,848,728,88,264,176,119,2935,14
112,240,128,97,577,480,95,203,108,124,564,440,96,328,232,103,656,553,80,192,112,112,2872,14
136,240,104,96,240,144,88,200,112,136,456,320,96,232,136,127,592,465,80,320,240,120,2400,14
95,248,153,79,224,145,88,232,144,112,392,280,95,528,433,120,800,680,96,256,160,120,2800,14
128,255,127,89,209,120,104,208,104,104,464,360,88,296,208,128,632,504,96,240,144,96,2400,14
120,240,120,79,208,129,104,200,96,104,1048,944,96,224,128,112,496,384,72,328,256,104,2848,14
104,232,128,80,192,112,88,192,104,103,680,577,88,264,176,95,1000,905,88,904,816,112,3576,14
96,255,159,81,201,120,112,199,87,105,369,264,80,240,160,112,328,216,80,328,248,120,2040,14
96,248,152,112,240,128,112,232,120,126,232,106,96,344,248,104,240,136,88,264,176,120,1920,14
112,224,112,88,208,120,88,192,104,120,680,560,104,264,160,128,272,144,104,288,184,136,2264,14
96,224,128,72,182,110,98,242,144,128,416,288,88,295,207,129,449,320,80,224,144,120,2152,14
96,232,136,88,232,144,96,184,88,128,560,432,80,304,224,120,392,272,64,376,312,128,2408,14
104,240,136,113,296,183,72,208,136,128,655,527,113,329,216,128,288,160,80,280,200,112,2408,14
120,215,95,89,233,144,96,216,120,136,384,248,104,360,256,128,567,439,81,241,160,128,2344,14
96,240,144,88,224,136,96,176,80,144,560,416,88,272,184,112,272,160,80,296,216,112,2152,14
119,273,154,89,216,127,88,392,304,136,432,296,96,272,176,112,304,192,80,472,392,119,2480,14
127,272,145,104,248,144,96,240,144,148,399,251,97,425,328,120,224,104,96,288,192,152,2248,14
103,272,169,113,289,176,80,184,104,136,328,192,96,280,184,112,239,127,81,329,248,104,2025,14
104,232,128,88,472,384,80,799,719,121,281,160,88,344,256,112,232,120,96,256,160,120,2736,14
96,248,152,80,224,144,112,216,104,120,800,680,104,320,216,136,760,624,80,616,536,104,3288,14
136,232,96,88,232,144,96,184,88,104,560,456,88,272,184,104,240,136,79,264,185,80,2064,14
97,233,136,88,224,136,95,128,33,119,320,201,104,288,184,112,256,144,87,256,169,104,1809,14
112,216,104,80,208,128,80,128,48,104,1880,1776,80,360,280,120,224,104,104,288,184,136,3440,14
104,280,176,88,256,168,88,1088,1000,88,543,455,81,320,239,89,417,328,80,304,224,104,3312,14
97,242,145,119,254,135,97,185,88,112,272,160,88,344,256,112,320,208,104,280,176,107,2004,14
96,216,120,104,240,136,88,200,112,112,296,184,88,616,528,112,632,520,104,335,231,104,2639,14
128,256,128,88,224,136,88,160,72,120,328,208,111,336,225,128,232,104,88,248,160,111,1895,14
48,280,232,96,207,111,89,193,104,112,344,232,112,792,680,112,256,144,80,368,288,120,2560,14
88,184,96,88,192,104,96,120,24,112,296,184,96,312,216,120,231,111,97,209,112,96,1640,14
96,208,112,88,224,136,80,160,80,112,400,288,96,255,159,121,289,168,80,237,157,99,1872,14
121,233,112,96,216,120,88,152,64,112,312,200,96,256,160,152,411,259,101,365,264,112,2057,14
128,240,112,88,200,112,88,200,112,112,248,136,88,648,560,112,328,216,96,432,336,120,2416,14
112,200,88,88,288,200,80,176,96,127,272,145,95,528,433,104,184,80,88,224,136,103,1975,14
105,201,96,88,232,144,112,192,80,111,744,633,88,528,440,128,512,384,96,240,144,104,2753,14
120,232,112,104,224,120,96,184,88,136,296,160,88,1040,952,128,880,752,80,216,136,96,3168,14
113,217,104,88,216,128,88,159,71,136,633,497,79,295,216,104,505,401,96,240,144,104,2369,14
64,200,136,96,264,168,64,296,232,111,376,265,80,352,272,119,983,864,81,185,104,128,2784,14
105,217,112,80,192,112,80,144,64,104,288,184,88,304,216,88,459,371,93,261,168,104,1969,14
104,240,136,88,232,144,80,152,72,128,384,256,88,312,224,120,336,216,96,320,224,96,2072,14
95,512,417,104,312,208,88,312,224,96,608,512,104,312,208,120,360,240,80,384,304,96,2896,14
96,472,376,96,240,144,88,200,112,128,400,272,96,464,368,135,1440,1305,88,184,96,112,3512,14
128,272,144,96,280,184,72,176,104,128,560,432,96,544,448,103,304,201,96,240,144,111,2487,14
104,304,200,72,192,120,80,879,799,80,753,673,88,320,232,112,328,216,72,288,216,128,3192,14
96,248,152,96,199,103,89,169,80,144,336,192,104,328,224,112,320,208,88,224,136,104,1928,14
72,256,184,80,192,112,80,160,80,120,504,384,104,224,120,128,728,600,80,208,128,104,2376,14
104,272,168,80,191,111,89,577,488,121,279,158,89,336,247,97,465,368,96,352,256,112,2584,14
80,248,168,88,216,128,96,200,104,112,968,856,112,504,392,96,184,88,80,288,208,112,2720,14
112,232,120,80,208,128,88,176,88,120,333,213,83,443,360,104,360,256,96,264,168,104,2120,14
113,200,87,88,232,144,88,1584,1496,88,432,344,104,328,224,144,264,120,96,296,200,112,3448,14
104,248,144,64,824,760,104,240,136,80,896,816,96,248,152,96,336,240,72,216,144,80,3088,14
87,199,112,88,200,112,71,115,44,117,277,160,88,320,232,80,728,648,79,784,705,95,2718,14
84,217,133,83,199,116,97,193,96,128,248,120,72,456,384,112,272,160,80,240,160,112,1937,14
97,249,152,87,192,105,88,184,96,136,400,264,104,336,232,128,280,152,72,320,248,96,2057,14
87,184,97,80,208,128,64,192,128,88,360,272,96,400,304,112,424,312,88,208,120,128,2104,14
104,200,96,95,216,121,88,160,72,128,416,288,96,344,248,136,584,448,103,287,184,128,2335,14
88,192,104,88,216,128,88,152,64,136,296,160,96,488,392,128,416,288,80,208,128,96,2064,14
80,192,112,88,200,112,88,143,55,137,313,176,104,392,288,128,296,168,103,383,280,128,2047,14
104,248,144,96,208,112,88,135,47,145,329,184,120,440,320,112,848,736,88,240,152,112,2560,14
97,201,104,88,200,112,79,144,65,136,256,120,80,984,904,128,400,272,88,247,159,88,2520,14
112,239,127,89,249,160,88,224,136,152,240,88,96,384,288,120,328,208,95,231,136,97,1992,14
111,216,105,96,232,136,96,120,24,216,834,618,94,606,512,104,296,192,88,216,128,95,2615,14
48,405,357,99,243,144,80,161,81,128,536,408,96,368,272,72,736,664,120,400,280,80,2929,14
88,200,112,88,240,152,80,296,216,103,1488,1385,96,504,408,72,344,272,88,264,176,80,3416,14
88,192,104,79,207,128,65,137,72,104,288,184,88,393,305,87,255,168,80,352,272,96,1920,14
112,224,112,80,208,128,80,200,120,128,264,136,88,488,400,112,384,272,88,312,224,56,2136,14
103,232,129,88,215,127,81,209,128,120,272,152,112,432,320,120,360,240,95,280,185,104,2104,14
128,200,72,88,208,120,80,144,64,128,416,288,104,320,216,120,856,736,97,288,191,96,2528,14
111,200,89,88,216,128,80,168,88,144,384,240,112,416,304,112,320,208,96,400,304,104,2208,14
104,200,96,88,208,120,80,216,136,128,304,176,104,679,575,97,273,176,96,504,408,96,2480,14
72,208,136,80,200,120,80,192,112,119,312,193,96,336,240,111,285,174,107,234,127,96,1863,14
130,250,120,96,224,128,74,144,70,103,279,176,80,377,297,136,296,160,79,215,136,120,1905,14
103,184,81,88,224,136,80,160,80,112,1248,1136,96,216,120,112,280,168,96,224,128,104,2640,14
101,233,132,80,208,128,71,200,129,112,288,176,95,303,208,121,737,616,87,407,320,121,2497,14
96,184,88,72,192,120,96,184,88,128,312,184,112,535,423,97,585,488,96,232,136,80,2304,14
112,224,112,88,224,136,80,184,104,160,312,152,104,592,488,112,824,712,88,360,272,120,2840,14
103,279,176,88,224,136,80,200,120,128,375,247,105,617,512,104,432,328,80,272,192,120,2519,14
144,224,80,103,232,129,88,176,88,128,280,152,104,400,296,88,360,272,96,712,616,120,2504,14
113,216,103,88,200,112,76,176,100,120,232,112,104,472,368,112,336,224,96,256,160,103,1991,14
104,208,104,104,416,312,88,191,103,129,497,368,112,400,288,112,368,256,88,328,240,80,2488,14
90,209,119,97,345,248,80,216,136,120,560,440,111,599,488,129,233,104,112,320,208,96,2578,14
112,201,89,72,200,128,79,168,89,112,312,200,120,791,671,129,297,168,96,232,136,104,2305,14
106,208,102,88,184,96,88,176,88,120,448,328,104,736,632,112,176,64,96,207,111,129,2264,14
96,216,120,80,200,120,80,176,96,136,232,96,88,432,344,104,264,160,104,264,160,80,1864,14
129,209,80,80,192,112,80,160,80,112,352,240,112,664,552,136,336,200,112,272,160,88,2273,14
120,224,104,88,200,112,88,184,96,144,328,184,104,552,448,128,280,152,96,304,208,96,2168,14
96,200,104,96,216,120,79,264,185,128,288,160,120,456,336,112,208,96,96,584,488,144,2360,14
112,192,80,72,192,120,80,160,80,120,472,352,88,344,256,128,192,64,96,240,144,112,1904,14
112,208,96,88,224,136,80,135,55,105,225,120,88,592,504,144,240,96,120,248,128,112,1984,14
104,200,96,80,184,104,80,144,64,120,232,112,96,464,368,96,472,376,112,648,536,96,2440,14
62,328,266,63,203,140,78,234,156,110,828,718,110,297,187,141,375,234,94,406,312,141,2812,14
125,218,93,63,203,140,94,188,94,125,391,266,109,281,172,125,328,203,94,328,234,109,2046,14
93,187,94,94,203,109,110,203,93,110,266,156,94,297,203,140,312,172,110,438,328,93,1999,14
78,172,94,94,234,140,94,187,93,110,282,172,94,297,203,140,343,203,110,391,281,109,2015,14
94,188,94,78,203,125,109,172,63,93,219,126,109,312,203,109,203,94,94,281,187,110,1688,14
125,250,125,78,234,156,94,282,188,140,1109,969,93,203,110,140,390,250,94,266,172,93,2827,14
78,297,219,94,219,125,94,125,31,109,828,719,93,234,141,156,313,157,109,250,141,140,2406,14
109,188,79,93,250,157,78,124,46,141,266,125,94,297,203,109,265,156,125,344,219,109,1843,14
109,187,78,94,219,125,93,140,47,110,282,172,109,327,218,126,266,140,110,313,203,140,1874,14
78,218,140,94,219,125,78,188,110,140,359,219,94,390,296,141,235,94,93,250,157,140,1999,14
140,234,94,109,234,125,79,141,62,141,266,125,109,421,312,141,250,109,110,266,156,109,1921,14
110,219,109,94,297,203,78,156,78,125,422,297,125,531,406,109,188,79,109,281,172,109,2203,14
110,203,93,94,219,125,78,172,94,140,328,188,109,406,297,156,469,313,109,328,219,125,2250,14
141,234,93,94,219,125,94,156,62,156,438,282,140,515,375,156,500,344,109,781,672,109,2952,14
109,218,109,79,250,171,79,219,140,94,375,281,109,391,282,124,296,172,94,266,172,94,2109,14
62,171,109,110,297,187,63,235,172,171,265,94,141,375,234,109,297,188,94,421,327,110,2171,14
93,187,94,94,187,93,94,204,110,109,281,172,109,406,297,140,172,32,124,296,172,141,1874,14
94,219,125,110,219,109,94,187,93,125,297,172,125,344,219,109,328,219,94,328,234,109,2031,14
109,203,94,78,218,140,63,188,125,141,359,218,109,719,610,140,265,125,94,453,359,156,2561,14
125,203,78,109,203,94,94,203,109,94,375,281,125,344,219,140,203,63,109,281,172,94,1906,14
78,203,125,94,281,187,78,250,172,141,235,94,109,484,375,156,1390,1234,94,172,78,125,3140,14
125,203,78,125,235,110,78,156,78,156,265,109,141,563,422,125,156,31,140,469,329,109,2156,14
109,187,78,110,204,94,93,171,78,125,235,110,140,515,375,141,1109,968,125,282,157,78,2781,14
125,203,78,94,203,109,78,188,110,156,218,62,110,391,281,125,453,328,94,281,187,125,2062,14
125,203,78,110,219,109,78,141,63,140,250,110,156,437,281,125,187,62,94,266,172,109,1812,14
94,203,109,94,219,125,94,146,52,120,245,125,109,390,281,125,266,141,109,281,172,110,1860,14
125,203,78,125,219,94,94,156,62,125,266,141,125,375,250,156,234,78,109,266,157,125,1844,14
125,188,63,93,202,109,79,141,62,125,328,203,110,375,265,125,219,94,94,281,187,94,1828,14
125,172,47,93,218,125,78,141,63,125,250,125,125,328,203,140,250,110,109,312,203,110,1781,14
141,188,47,78,203,125,78,172,94,125,234,109,109,453,344,156,188,32,124,281,157,109,1828,14
109,172,63,93,203,110,78,172,94,125,234,109,125,375,250,125,172,47,109,250,141,125,1703,14
156,172,16,93,187,94,94,156,62,125,235,110,125,406,281,140,1609,1469,93,250,157,140,3155,14
94,204,110,94,234,140,78,219,141,140,234,94,110,391,281,140,234,94,125,266,141,125,1907,14
125,203,78,94,250,156,78,235,157,140,187,47,125,406,281,125,188,63,109,297,188,109,1875,14
125,219,94,94,203,109,94,172,78,109,265,156,110,344,234,156,1078,922,109,281,172,94,2656,14
125,188,63,109,250,141,78,156,78,125,250,125,125,344,219,93,250,157,109,468,359,109,2015,14
141,188,47,94,219,125,93,156,63,140,234,94,109,328,219,140,406,266,110,282,172,124,1937,14
94,204,110,93,203,110,109,171,62,125,219,94,109,344,235,125,562,437,94,250,156,141,2094,14
156,219,63,78,187,109,94,188,94,93,203,110,125,437,312,125,406,281,94,282,188,125,2047,14
78,172,94,78,188,110,78,156,78,125,234,109,109,406,297,125,2297,2172,109,343,234,141,3937,14
140,250,110,93,203,110,78,172,94,140,234,94,109,609,500,125,141,16,125,265,140,141,2015,14
110,188,78,93,187,94,78,203,125,110,188,78,109,640,531,125,172,47,109,266,157,125,1969,14
93,218,125,94,219,125,78,188,110,109,468,359,110,375,265,172,297,125,94,250,156,94,2109,14
125,250,125,94,266,172,78,234,156,140,265,125,110,422,312,141,344,203,94,437,343,110,2328,14
110,235,125,94,218,124,79,141,62,109,234,125,94,313,219,140,219,79,109,281,172,125,1766,14
93,188,95,93,249,156,94,172,78,110,235,125,109,546,437,125,203,78,110,703,593,109,2405,14
110,188,78,109,281,172,109,203,94,125,328,203,125,391,266,140,234,94,109,250,141,140,2015,14
140,235,95,93,249,156,79,188,109,109,219,110,109,577,468,141,157,16,109,328,219,125,2078,14
109,187,78,78,469,391,93,156,63,125,328,203,125,297,172,93,328,235,109,359,250,94,2218,14
110,172,62,94,203,109,79,204,125,125,499,374,110,328,218,172,625,453,110,250,140,156,2437,14
140,172,32,93,203,110,93,203,110,125,219,94,109,499,390,141,1141,1000,109,281,172,156,2874,14
94,188,94,93,203,110,93,156,63,125,265,140,110,407,297,140,219,79,109,265,156,125,1828,14
109,187,78,78,219,141,78,172,94,124,218,94,125,375,250,141,344,203,94,406,312,63,1984,14
110,172,62,109,219,110,93,156,63,109,203,94,125,422,297,140,203,63,109,281,172,94,1750,14
109,187,78,94,219,125,78,172,94,125,249,124,94,469,375,110,188,78,109,297,188,125,1906,14
141,172,31,94,203,109,110,203,93,110,188,78,109,468,359,94,156,62,157,313,156,109,1812,14
124,203,79,93,203,110,93,187,94,109,219,110,109,453,344,140,234,94,125,281,156,125,1905,14
140,218,78,94,204,110,109,187,78,109,188,79,124,437,313,156,234,78,110,719,609,109,2296,14
78,172,94,93,203,110,94,140,46,125,250,125,110,344,234,141,281,140,125,438,313,125,1953,14
125,203,78,94,219,125,93,156,63,125,703,578,125,344,219,187,234,47,125,281,156,125,2265,14
141,235,94,93,218,125,78,156,78,110,235,125,125,406,281,156,1109,953,109,281,172,125,2765,14
141,218,77,94,251,157,78,328,250,140,328,188,109,390,281,141,360,219,125,406,281,93,2374,14
141,157,16,93,203,110,93,218,125,110,219,109,109,437,328,125,391,266,109,250,141,109,1984,14
93,203,110,94,203,109,78,203,125,109,234,125,125,391,266,125,1343,1218,125,312,187,63,2952,14
125,219,94,78,187,109,93,219,126,125,453,328,109,312,203,141,516,375,109,297,188,125,2328,14
125,219,94,94,188,94,93,155,62,126,235,109,110,469,359,156,1187,1031,125,1078,953,109,3640,14
94,234,140,94,188,94,93,234,141,125,219,94,124,390,266,110,297,187,109,281,172,156,1999,14
140,203,63,94,203,109,78,172,94,109,187,78,94,329,235,171,249,78,110,282,172,125,1750,14
157,219,62,94,188,94,78,156,78,125,250,125,109,390,281,141,266,125,109,296,187,95,1860,14
125,203,78,78,422,344,78,187,109,94,282,188,109,359,250,125,515,390,94,282,188,140,2390,14
126,188,62,78,188,110,78,156,78,125,203,78,109,359,250,141,250,109,94,266,172,109,1719,14
109,156,47,110,203,93,94,172,78,141,187,46,110,344,234,125,235,110,109,359,250,93,1749,14
126,204,78,93,203,110,78,140,62,94,203,109,110,391,281,125,234,109,94,297,203,156,1828,14
126,188,62,78,156,78,94,172,78,141,219,78,125,281,156,141,312,171,125,422,297,110,1860,14
172,172,0,62,156,94,109,203,94,109,297,188,141,375,234,125,359,234,94,266,172,124,1952,14
125,188,63,93,203,110,94,203,109,141,656,515,125,359,234,141,531,390,110,313,203,125,2578,14
125,172,47,93,187,94,94,141,47,109,2171,2062,109,187,78,141,329,188,109,328,219,125,3640,14
109,172,63,94,187,93,79,204,125,140,187,47,125,359,234,94,219,125,109,250,141,109,1687,14
124,234,110,125,781,656,124,172,48,125,437,312,94,234,140,141,297,156,110,328,218,125,2608,14
124,218,94,94,234,140,79,141,62,125,359,234,94,219,125,125,391,266,109,265,156,157,1984,14
94,156,62,94,219,125,110,110,0,93,328,235,140,1031,891,109,812,703,94,344,250,109,3109,14
78,203,125,78,187,109,94,172,78,109,344,235,109,406,297,109,328,219,109,375,266,109,2124,14
125,234,109,110,203,93,110,141,31,171,578,407,125,344,219,140,281,141,124,328,204,125,2234,14
125,188,63,109,218,109,94,172,78,125,235,110,109,452,343,141,188,47,109,297,188,125,1875,14
125,188,63,93,187,94,94,141,47,156,265,109,94,282,188,140,281,141,125,265,140,141,1750,14
140,156,16,78,359,281,94,156,62,110,344,234,125,1000,875,109,203,94,141,312,171,125,2655,14
93,172,79,78,187,109,78,203,125,125,360,235,125,734,609,125,281,156,109,312,203,63,2312,14
125,203,78,93,203,110,78,218,140,125,188,63,109,484,375,156,391,235,109,312,203,141,2140,14
125,234,109,78,188,110,78,172,94,109,187,78,109,437,328,110,532,422,124,328,204,125,2203,14
110,172,62,94,188,94,94,188,94,109,171,62,125,610,485,109,265,156,94,250,156,109,1953,14
109,187,78,110,203,93,78,235,157,93,390,297,110,328,218,110,422,312,94,312,218,125,2202,14
140,203,63,78,203,125,94,281,187,110,188,78,125,656,531,140,187,47,110,250,140,110,2078,14
141,218,77,79,173,94,78,156,78,109,843,734,94,266,172,156,312,156,110,266,156,140,2374,14
125,203,78,79,188,109,78,172,94,125,1984,1859,93,187,94,141,313,172,93,265,172,94,3406,14
125,188,63,62,187,125,78,110,32,109,234,125,109,281,172,110,391,281,125,328,203,125,1844,14
109,156,47,94,188,94,78,187,109,125,313,188,109,281,172,125,390,265,110,281,171,125,1921,14
109,156,47,94,203,109,94,406,312,63,734,671,94,842,748,156,391,235,109,297,188,140,3169,14
125,156,31,94,1266,1172,93,343,250,125,625,500,109,328,219,140,281,141,110,328,218,110,3437,14
125,188,63,78,171,93,63,94,31,94,438,344,110,172,62,125,328,203,79,219,140,94,1704,14
93,187,94,63,156,93,79,157,78,78,360,282,109,203,94,156,343,187,94,235,141,109,1750,14
78,203,125,63,172,109,63,204,141,109,187,78,125,281,156,125,204,79,93,234,141,94,1579,14
94,188,94,62,140,78,79,172,93,94,219,125,109,250,141,125,250,125,94,203,109,110,1532,14
125,203,78,94,219,125,78,156,78,109,453,344,110,188,78,109,328,219,94,203,109,110,1860,14
93,171,78,79,172,93,78,141,63,109,234,125,126,266,140,126,297,171,94,235,141,109,1625,14
109,187,78,63,172,109,62,156,94,94,532,438,125,281,156,125,281,156,94,485,391,125,2219,14
110,157,47,78,187,109,63,125,62,110,250,140,125,250,125,110,375,265,94,235,141,125,1704,14
141,251,110,93,218,125,79,188,109,125,297,172,94,281,187,125,375,250,94,234,140,110,1954,14
94,187,93,78,188,110,78,140,62,94,297,203,125,344,219,125,1532,1407,94,438,344,94,3220,14
94,172,78,78,187,109,79,141,62,94,453,359,110,188,78,156,297,141,109,218,109,126,1782,14
94,234,140,78,235,157,78,156,78,78,297,219,109,234,125,125,250,125,110,219,109,141,1766,14
109,203,94,94,3110,3016,94,141,47,109,328,219,109,203,94,110,281,171,94,375,281,94,4735,14
109,204,95,78,187,109,63,125,62,78,235,157,125,281,156,125,187,62,110,281,171,126,1626,14
94,173,79,93,187,94,78,125,47,94,234,140,110,329,219,109,187,78,125,234,109,141,1610,14
125,188,63,93,218,125,63,125,62,94,297,203,110,297,187,94,234,140,125,297,172,94,1750,14
125,203,78,94,219,125,62,141,79,125,281,156,125,266,141,125,234,109,110,297,187,109,1750,14
140,187,47,110,235,125,94,265,171,94,907,813,93,672,579,125,250,125,156,469,313,109,3094,14
109,187,78,78,188,110,78,172,94,110,235,125,125,359,234,141,250,109,109,250,141,110,1751,14
94,204,110,109,203,94,109,203,94,156,766,610,110,203,93,125,297,172,110,516,406,125,2517,14
110,188,78,78,219,141,62,125,63,94,375,281,109,266,157,93,218,125,110,235,125,124,1750,14
110,205,95,78,203,125,62,109,47,109,734,625,110,172,62,125,297,172,94,219,125,109,2048,14
109,203,94,78,187,109,78,157,79,93,312,219,94,250,156,94,188,94,93,281,188,140,1718,14
109,172,63,78,187,109,79,172,93,94,438,344,109,813,704,109,250,141,109,219,110,125,2376,14
141,235,94,78,219,141,78,141,63,124,375,251,124,218,94,110,219,109,94,281,187,110,1798,14
94,219,125,94,203,109,94,156,62,94,766,672,94,250,156,94,203,109,110,313,203,110,2220,14
141,203,62,78,187,109,63,110,47,109,625,516,94,204,110,125,250,125,109,359,250,109,2047,14
125,219,94,78,234,156,78,125,47,110,516,406,109,203,94,109,266,157,93,250,157,110,1923,14
109,203,94,78,188,110,62,93,31,110,547,437,110,219,109,109,281,172,94,251,157,109,1891,14
140,187,47,94,203,109,63,79,16,125,281,156,125,375,250,140,172,32,125,282,157,109,1688,14
109,203,94,94,281,187,94,110,16,140,562,422,125,219,94,125,297,172,110,438,328,109,2219,14
125,188,63,93,234,141,94,172,78,125,266,141,125,313,188,109,203,94,109,297,188,109,1782,14
125,187,62,94,187,93,94,141,47,110,251,141,94,844,750,125,296,171,94,375,281,125,2406,14
94,172,78,94,203,109,63,172,109,110,235,125,109,390,281,110,156,46,141,297,156,94,1719,14
125,187,62,94,203,109,78,235,157,125,219,94,125,781,656,125,203,78,94,235,141,109,2172,14
94,234,140,94,219,125,94,156,62,141,375,234,125,219,94,125,235,110,109,265,156,125,1828,14
110,188,78,78,187,109,79,110,31,109,250,141,125,484,359,125,156,31,94,329,235,125,1829,14
94,172,78,109,219,110,62,171,109,125,282,157,125,422,297,109,563,454,109,297,188,125,2251,14
141,219,78,78,188,110,62,125,63,93,343,250,110,329,219,125,281,156,110,250,140,110,1845,14
125,188,63,94,187,93,78,141,63,109,313,204,125,391,266,125,203,78,109,219,110,109,1751,14
141,172,31,78,188,110,78,125,47,109,250,141,110,375,265,125,219,94,78,297,219,94,1720,14
125,156,31,109,203,94,78,125,47,94,266,172,110,375,265,141,188,47,109,218,109,126,1657,14
125,219,94,78,172,94,78,125,47,109,297,188,124,343,219,125,188,63,109,235,126,140,1719,14
125,250,125,78,187,109,79,141,62,125,250,125,94,344,250,94,188,94,109,234,125,125,1719,14
109,156,47,93,172,79,78,109,31,109,219,110,109,312,203,110,220,110,109,234,125,109,1531,14
94,141,47,78,171,93,79,125,46,110,250,140,94,422,328,63,173,110,109,203,94,141,1626,14
125,157,32,78,171,93,63,94,31,125,281,156,110,344,234,126,188,62,94,266,172,109,1610,14
141,204,63,46,156,110,78,140,62,110,219,109,125,391,266,141,172,31,78,250,172,125,1657,14
140,171,31,79,157,78,78,156,78,94,422,328,94,250,156,156,344,188,93,390,297,125,2015,14
140,172,32,62,172,110,78,156,78,109,219,110,124,421,297,141,188,47,94,219,125,109,1656,14
125,234,109,94,188,94,78,140,62,110,281,171,110,1329,1219,140,203,63,94,234,140,110,2719,14
94,172,78,63,157,94,78,140,62,125,250,125,125,360,235,125,203,78,93,343,250,157,1782,14
125,172,47,78,156,78,78,125,47,109,265,156,110,625,515,126,188,62,125,219,94,78,1828,14
125,235,110,78,171,93,79,94,15,110,266,156,109,422,313,156,234,78,94,266,172,110,1798,14
141,234,93,79,188,109,94,156,62,141,407,266,125,906,781,156,422,266,94,235,141,109,2657,14
141,203,62,79,188,109,78,141,63,140,437,297,109,266,157,125,234,109,110,283,173,140,1892,14
141,188,47,78,203,125,62,94,32,156,422,266,124,343,219,110,407,297,109,328,219,109,2094,14
110,235,125,94,203,109,63,141,78,109,265,156,125,282,157,140,234,94,94,234,140,110,1704,14
141,203,62,94,219,125,94,125,31,141,625,484,125,234,109,157,282,125,109,265,156,110,2063,14
140,250,110,109,234,125,94,188,94,125,390,265,94,282,188,125,281,156,94,297,203,125,2047,14
109,172,63,93,218,125,79,141,62,125,266,141,124,390,266,142,204,62,94,279,185,156,1826,14
156,203,47,94,203,109,94,141,47,141,297,156,109,297,188,125,250,125,110,250,140,110,1751,14
140,203,63,109,219,110,93,125,32,141,250,109,109,734,625,94,219,125,110,297,187,156,2203,14
157,220,63,125,250,125,93,125,32,125,281,156,109,562,453,110,172,62,110,235,125,93,1938,14
140,218,78,94,204,110,93,140,47,125,203,78,110,500,390,125,157,32,109,250,141,125,1797,14
156,219,63,78,203,125,78,141,63,125,265,140,110,547,437,172,376,204,109,343,234,125,2219,14
125,203,78,93,218,125,79,141,62,125,453,328,125,251,126,109,234,125,94,281,187,141,1922,14
109,203,94,78,187,109,79,142,63,125,484,359,110,297,187,109,219,110,109,265,156,125,1922,14
141,236,95,109,218,109,78,125,47,125,282,157,109,421,312,110,172,62,110,282,172,125,1861,14
125,187,62,94,203,109,78,188,110,109,234,125,110,735,625,140,265,125,94,282,188,109,2203,14
125,188,63,78,187,109,94,157,63,109,297,188,109,406,297,125,187,62,110,329,219,125,1876,14
109,188,79,93,187,94,94,141,47,93,265,172,110,516,406,109,172,63,109,406,297,109,1984,14
110,188,78,78,172,94,78,141,63,140,837,697,110,344,234,110,235,125,93,609,516,94,2620,14
109,203,94,62,156,94,94,125,31,109,203,94,109,563,454,109,422,313,78,203,125,94,1969,14
125,250,125,63,172,109,109,203,94,94,422,328,109,250,141,125,344,219,94,297,203,156,2094,14
78,297,219,94,265,171,110,172,62,125,391,266,109,281,172,156,282,126,109,250,141,127,2065,14
141,235,94,62,172,110,78,125,47,109,297,188,93,356,263,125,234,109,110,313,203,109,1841,14
109,188,79,62,156,94,94,156,62,110,219,109,109,391,282,125,312,187,94,297,203,172,1891,14
140,234,94,78,188,110,78,109,31,94,266,172,93,359,266,125,203,78,110,250,140,125,1734,14
109,234,125,78,188,110,78,125,47,109,265,156,125,313,188,109,218,109,94,235,141,109,1687,14
125,234,109,78,188,110,62,156,94,125,609,484,110,188,78,125,422,297,94,250,156,125,2172,14
125,250,125,78,187,109,78,141,63,94,297,203,109,312,203,94,204,110,109,265,156,141,1797,14
94,375,281,94,235,141,93,156,63,125,828,703,94,188,94,78,265,187,94,297,203,110,2454,14
109,187,78,79,173,94,62,125,63,125,234,109,109,391,282,140,359,219,94,203,109,109,1781,14
142,220,78,62,172,110,93,125,32,125,218,93,110,391,281,109,172,63,109,234,125,110,1642,14
172,250,78,78,172,94,78,125,47,109,266,157,109,391,282,125,218,93,94,219,125,94,1735,14
140,234,94,78,172,94,94,141,47,125,266,141,125,312,187,141,235,94,93,250,157,109,1719,14
125,328,203,93,203,110,78,141,63,109,297,188,125,390,265,110,188,78,94,219,125,140,1906,14
156,234,78,63,156,93,94,188,94,110,235,125,125,296,171,141,204,63,109,234,125,141,1688,14
156,234,78,78,172,94,94,173,79,125,187,62,109,297,188,156,266,110,93,500,407,109,1938,14
125,235,110,78,172,94,93,93,0,125,282,157,125,593,468,141,329,188,94,234,140,110,2048,14
141,235,94,94,203,109,78,141,63,125,281,156,140,391,251,125,203,78,94,235,141,125,1814,14
110,188,78,78,172,94,78,172,94,125,203,78,109,359,250,125,203,78,110,235,125,125,1657,14
125,218,93,63,157,94,78,156,78,125,250,125,109,375,266,125,188,63,109,281,172,109,1734,14
109,188,79,78,172,94,78,140,62,110,188,78,125,359,234,125,235,110,109,234,125,141,1657,14
109,203,94,62,172,110,93,171,78,110,297,187,110,344,234,109,203,94,109,266,157,94,1750,14
125,172,47,78,171,93,79,204,125,109,187,78,94,578,484,141,156,15,110,282,172,94,1844,14
125,187,62,79,189,110,93,109,16,94,281,187,110,469,359,94,187,93,94,266,172,109,1797,14
109,234,125,78,172,94,94,141,47,109,234,125,109,484,375,126,173,47,109,219,110,109,1766,14
125,234,109,78,187,109,79,125,46,125,329,204,124,328,204,125,250,125,94,234,140,141,1828,14
113,207,94,72,207,135,49,121,72,104,456,352,80,247,167,114,353,239,71,400,329,120,2111,14
120,248,128,80,176,96,56,192,136,88,1056,968,73,208,135,128,680,552,80,280,200,104,2944,14
103,183,80,72,168,96,72,136,64,88,232,144,72,265,193,119,263,144,56,240,184,112,1599,14
120,216,96,56,160,104,64,152,88,79,208,129,88,256,168,96,216,120,40,184,144,127,1519,14
104,224,120,48,152,104,72,144,72,88,224,136,73,464,391,104,192,88,88,264,176,96,1760,14
121,201,80,55,177,122,62,127,65,104,240,136,56,424,368,96,200,104,72,224,152,112,1705,14
111,224,113,56,168,112,64,152,88,96,216,120,57,304,247,96,200,104,80,256,176,96,1616,14
120,216,96,63,168,105,80,231,151,129,177,48,80,375,295,113,209,96,80,248,168,113,1737,14
135,199,64,96,256,160,72,128,56,120,336,216,88,216,128,120,456,336,80,225,145,127,1943,14
112,160,48,80,264,184,73,192,119,120,216,96,64,353,289,95,208,113,71,264,193,111,1768,14
136,224,88,72,184,112,63,121,58,103,279,176,88,328,240,104,288,184,73,201,128,119,1744,14
120,200,80,79,184,105,64,160,96,96,208,112,56,280,224,88,440,352,88,480,392,112,2064,14
136,191,55,64,169,105,88,144,56,104,343,239,89,329,240,120,208,88,88,272,184,135,1791,14
144,216,72,64,168,104,72,136,64,120,336,216,96,392,296,120,208,88,88,232,144,152,1840,14
128,200,72,79,200,121,64,120,56,128,256,128,120,385,265,104,175,71,80,208,128,111,1655,14
104,192,88,71,169,98,64,135,71,104,248,144,88,288,200,104,920,816,72,208,136,119,2279,14
112,183,71,73,185,112,64,120,56,120,272,152,96,839,743,129,505,376,88,176,88,120,2400,14
137,200,63,80,184,104,72,96,24,104,288,184,96,456,360,120,184,64,88,344,256,112,1864,14
96,168,72,72,168,96,72,152,80,88,224,136,88,344,256,89,200,111,88,193,105,143,1592,14
127,231,104,80,192,112,88,191,103,112,281,169,96,280,184,88,272,184,96,417,321,120,1984,14
112,216,104,72,184,112,72,128,56,80,248,168,64,608,544,112,345,233,78,311,233,120,2160,14
111,215,104,72,184,112,80,160,80,104,264,160,112,776,664,111,240,129,80,224,144,120,2183,14
135,255,120,65,154,89,80,167,87,111,263,152,81,289,208,80,208,128,88,248,160,128,1712,14
120,272,152,72,184,112,72,144,72,128,265,137,95,319,224,112,241,129,87,263,176,120,1808,14
96,240,144,97,216,119,88,208,120,96,216,120,112,328,216,120,504,384,72,184,112,128,2024,14
135,223,88,80,192,112,72,128,56,112,328,216,96,216,120,104,711,607,90,242,152,111,2151,14
120,256,136,80,185,105,79,143,64,104,288,184,104,256,152,120,320,200,96,536,440,96,2080,14
103,160,57,80,176,96,72,120,48,104,256,152,96,344,248,31,840,809,88,312,224,111,2319,14
88,176,88,72,168,96,72,113,41,111,255,144,88,289,201,103,200,97,87,263,176,104,1568,14
112,224,112,96,216,120,56,112,56,129,240,111,97,497,400,87,167,80,81,264,183,104,1824,14
95,223,128,80,184,104,88,136,48,96,224,128,96,272,176,97,215,118,65,241,176,88,1583,14
119,256,137,87,215,128,64,168,104,112,208,96,88,320,232,104,200,96,87,224,137,112,1703,14
111,224,113,87,183,96,80,128,48,96,232,136,80,304,224,111,560,449,81,288,207,136,2055,14
112,224,112,63,159,96,72,129,57,87,231,144,105,1048,943,104,352,248,88,240,152,112,2495,14
120,233,113,79,183,104,73,145,72,119,216,97,103,280,177,111,199,88,80,232,152,96,1584,14
111,208,97,72,168,96,72,96,24,112,264,152,104,256,152,104,256,152,96,192,96,120,1560,14
136,216,80,96,248,152,88,248,160,104,416,312,96,400,304,112,623,511,98,216,118,97,2464,14
128,248,120,80,200,120,83,168,85,127,296,169,112,295,183,121,385,264,88,224,136,120,1936,14
119,240,121,94,215,121,64,151,87,113,336,223,89,248,159,97,281,184,95,352,257,112,1935,14
88,241,153,79,167,88,81,159,78,105,288,183,81,257,176,112,272,160,88,256,168,120,1760,14
127,231,104,87,192,105,88,144,56,128,320,192,104,264,160,80,256,176,89,280,191,128,1815,14
120,216,96,96,248,152,73,144,71,96,408,312,112,904,792,112,249,137,88,288,200,103,2560,14
112,250,138,78,174,96,73,160,87,113,320,207,96,272,176,120,273,153,95,215,120,129,1793,14
136,248,112,80,185,105,79,159,80,112,416,304,119,272,153,129,256,127,88,264,176,104,1904,14
112,232,120,80,176,96,88,168,80,105,232,127,96,289,193,119,231,112,80,241,161,135,1704,14
136,240,104,80,192,112,88,136,48,112,272,160,104,256,152,88,312,224,96,240,144,96,1744,14
128,265,137,86,207,121,88,144,56,79,375,296,105,808,703,130,241,111,104,528,424,120,2688,14
112,192,80,88,191,103,82,153,71,96,249,153,103,279,176,104,648,544,97,255,158,104,2071,14
104,280,176,79,192,113,88,152,64,112,256,144,96,297,201,127,335,208,96,232,136,120,1864,14
113,224,111,88,200,112,72,167,95,105,282,177,119,271,152,127,512,385,112,256,144,128,2040,14
112,240,128,80,184,104,80,144,64,112,352,240,88,232,144,119,608,489,96,231,135,113,2104,14
111,279,168,73,160,87,96,176,80,112,337,225,103,239,136,96,256,160,88,208,120,120,1775,14
128,248,120,72,176,104,88,136,48,112,264,152,80,312,232,104,240,136,88,224,136,121,1721,14
121,201,80,79,183,104,88,144,56,104,288,184,97,240,143,104,256,152,88,240,152,104,1656,14
120,224,104,72,160,88,88,144,56,120,248,128,103,248,145,128,248,120,104,216,112,112,1600,14
104,232,128,72,176,104,89,160,71,144,287,143,65,617,552,152,464,312,88,216,128,96,2248,14
112,288,176,72,185,113,95,159,64,112,296,184,96,217,121,104,327,223,96,224,128,96,1792,14
104,192,88,80,176,96,80,104,24,119,3056,2937,96,200,104,80,344,264,80,247,167,113,4432,14
112,240,128,80,160,80,80,168,88,120,216,96,88,288,200,112,288,176,88,200,112,124,1684,14
104,273,169,79,223,144,88,145,57,103,327,224,72,272,200,80,472,392,88,264,176,104,2080,14
120,264,144,88,192,104,88,160,72,128,352,224,103,215,112,97,344,247,90,353,263,81,1961,14
105,209,104,95,199,104,88,168,80,120,528,408,104,199,95,129,601,472,104,176,72,112,2192,14
112,288,176,80,185,105,79,151,72,103,336,233,112,168,56,112,320,208,80,192,112,136,1776,14
112,288,176,96,200,104,88,168,80,128,288,160,104,208,104,104,304,200,88,232,144,96,1784,14
96,168,72,88,185,97,87,143,56,96,256,160,96,216,120,120,408,288,96,240,144,96,1712,14
96,241,145,87,182,95,80,177,97,112,352,240,96,192,96,112,353,241,79,391,312,128,2016,14
120,208,88,88,216,128,88,136,48,112,312,200,120,241,121,103,247,144,96,233,137,120,1713,14
87,239,152,95,184,89,88,152,64,112,305,193,104,743,639,111,448,337,88,256,168,129,2456,14
119,231,112,88,337,249,87,176,89,72,279,207,96,760,664,111,368,257,88,248,160,112,2511,14
96,256,160,80,200,120,80,152,72,95,336,241,16,385,369,127,512,385,86,311,225,120,2272,14
143,192,49,95,192,97,96,176,80,112,520,408,104,185,81,55,351,296,96,280,184,95,1991,14
112,199,87,80,192,112,81,169,88,88,232,144,111,296,185,103,280,177,96,279,183,112,1759,14
129,274,145,79,175,96,89,168,79,104,288,184,96,288,192,104,264,160,80,256,176,112,1825,14
88,192,104,80,200,120,72,144,72,104,496,392,104,512,408,128,376,248,96,241,145,103,2264,14
103,207,104,80,176,96,81,153,72,110,295,185,120,192,72,145,296,151,104,264,160,120,1703,14
136,183,47,81,177,96,96,144,48,96,280,184,104,328,224,120,248,128,104,281,177,103,1744,14
120,191,71,81,193,112,104,192,88,129,728,599,96,1121,1025,95,399,304,104,288,184,88,3200,14
120,225,105,80,167,87,80,169,89,127,248,121,127,383,256,111,280,169,80,280,200,144,1896,14
112,192,80,80,176,96,88,176,88,112,288,176,112,425,313,111,415,304,96,232,136,103,2007,14
95,199,104,72,176,104,88,224,136,88,232,144,88,313,225,135,1503,1368,112,824,712,88,3559,14
72,184,112,72,185,113,72,135,63,105,336,231,104,289,185,127,567,440,88,304,216,136,2136,14
96,232,136,88,192,104,81,184,103,96,304,208,88,432,344,136,360,224,80,240,160,104,2048,14
104,208,104,71,152,81,80,208,128,112,345,233,47,447,400,144,1648,1504,89,416,327,112,3536,14
103,191,88,79,168,89,80,175,95,89,290,201,103,391,288,112,200,88,104,263,159,113,1791,14
127,215,88,64,168,104,79,152,73,97,257,160,95,239,144,120,273,153,87,215,128,104,1623,14
119,214,95,80,177,97,80,144,64,120,256,136,88,288,200,104,199,95,97,225,128,128,1631,14
128,209,81,79,175,96,96,176,80,112,200,88,88,320,232,104,177,73,87,263,176,128,1648,14
128,185,57,63,151,88,88,176,88,104,232,128,96,344,248,128,280,152,96,287,191,81,1736,14
128,240,112,64,160,96,96,192,96,120,208,88,104,312,208,121,521,400,111,263,152,128,2024,14
136,176,40,72,152,80,88,288,200,104,152,48,127,512,385,128,256,128,96,280,184,104,1920,14
128,425,297,87,431,344,104,168,64,112,888,776,121,216,95,135,296,161,80,224,144,112,2760,14
127,255,128,72,168,96,96,160,64,112,296,184,112,233,121,119,335,216,80,224,144,128,1799,14
119,191,72,72,168,96,80,288,208,104,224,120,112,273,161,143,247,104,80,327,247,121,1839,14
129,314,185,86,199,113,72,160,88,104,4152,4048,104,6976,6872,128,624,496,72,344,272,144,12913,14
111,239,128,80,248,168,72,136,64,104,400,296,103,200,97,144,344,200,104,216,112,144,1927,14
128,232,104,88,168,80,72,136,64,136,304,168,112,216,104,127,352,225,96,240,144,136,1784,14
126,223,97,80,168,88,88,153,65,127,1639,1512,104,248,144,120,384,264,96,248,152,128,3191,14
119,208,89,79,264,185,87,167,80,112,264,152,96,248,152,128,240,112,80,209,129,127,1727,14
128,232,104,79,177,98,95,175,80,129,240,111,96,896,800,136,304,168,88,376,288,121,2521,14
120,216,96,88,184,96,80,136,56,120,415,295,113,321,208,152,607,455,98,329,231,112,2320,14
112,216,104,80,160,80,80,128,48,112,288,176,96,617,521,110,615,505,80,312,232,112,2448,14
65,194,129,80,200,120,31,185,154,127,2210,2083,95,192,97,104,265,161,95,384,289,96,3726,17
88,176,88,112,344,232,104,129,25,95,1023,928,121,209,88,96,248,152,136,297,161,87,2513,17
95,144,49,103,336,233,96,224,128,88,664,576,128,384,256,104,137,33,95,1584,1489,88,3561,17
81,193,112,96,224,128,80,305,225,95,1128,1033,104,576,472,88,128,40,103,416,313,80,3050,17
63,152,89,95,200,105,96,224,128,71,848,777,104,232,128,80,224,144,128,224,96,80,2184,17
47,120,73,80,152,72,71,200,129,63,440,377,128,424,296,104,200,96,96,281,185,79,1896,17
80,160,80,72,167,95,73,185,112,56,544,488,72,337,265,111,224,113,79,264,185,55,1936,17
55,160,105,104,192,88,88,200,112,80,640,560,120,217,97,87,344,257,87,368,281,63,2184,17
55,144,89,96,192,96,72,216,144,72,384,312,104,960,856,88,448,360,96,232,136,64,2640,17
55,184,129,96,168,72,88,223,135,81,513,432,104,544,440,96,176,80,96,328,232,80,2216,17
63,176,113,63,144,81,95,176,81,71,568,497,143,192,49,87,232,145,120,192,72,48,1728,17
31,104,73,96,184,88,80,488,408,96,2152,2056,120,465,345,79,160,81,79,392,313,63,4008,17
56,113,57,111,208,97,71,176,105,55,456,401,160,376,216,128,184,56,88,208,120,64,1785,17
55,144,89,72,192,120,63,240,177,80,464,384,88,200,112,112,368,256,88,232,144,80,1920,17
64,136,72,80,136,56,96,176,80,56,361,305,87,247,160,104,456,352,40,225,185,55,1792,17
71,192,121,79,184,105,71,216,145,71,256,185,103,328,225,95,896,801,88,304,216,64,2440,17
55,112,57,96,184,88,80,144,64,64,239,175,97,312,215,89,633,544,88,176,88,56,1856,17
56,144,88,64,200,136,80,216,136,56,272,216,80,329,249,63,271,208,88,360,272,96,1888,17
64,145,81,71,176,105,71,200,129,55,288,233,55,224,169,95,248,153,95,232,137,87,1600,17
71,176,105,87,160,73,63,184,121,79,224,145,95,504,409,103,984,881,104,160,56,72,2464,17
55,152,97,80,176,96,72,160,88,72,400,328,112,248,136,88,200,112,56,248,192,64,1648,17
64,136,72,88,160,72,88,160,72,80,272,192,120,264,144,80,216,136,88,480,392,64,1752,17
72,144,72,80,200,120,88,136,48,72,320,248,80,192,112,72,321,249,79,191,112,56,1560,17
63,143,80,64,193,129,71,127,56,64,297,233,119,192,73,87,263,176,88,161,73,79,1455,17
39,152,113,71,144,73,95,240,145,95,216,121,111,264,153,111,952,841,88,200,112,47,2215,17
95,192,97,88,168,80,71,192,121,79,176,97,96,280,184,88,264,176,112,192,80,71,1535,17
64,160,96,80,176,96,88,184,96,72,176,104,80,368,288,120,192,72,104,328,224,72,1656,17
63,136,73,104,184,80,72,168,96,72,168,96,88,272,184,88,200,112,87,208,121,48,1384,17
80,176,96,64,152,88,104,208,104,88,264,176,144,192,48,88,256,168,72,176,104,48,1472,17
80,480,400,120,144,24,88,240,152,79,176,97,87,503,416,96,176,80,88,296,208,80,2095,17
64,160,96,56,168,112,80,208,128,64,304,240,80,200,120,104,264,160,95,168,73,63,1535,17
55,160,105,80,184,104,88,184,96,144,408,264,128,296,168,151,248,97,95,200,105,71,1751,17
64,160,96,80,192,112,48,184,136,103,224,121,111,216,105,103,231,128,88,281,193,79,1567,17
55,152,97,88,152,64,88,168,80,79,192,113,111,272,161,87,207,120,88,176,88,72,1391,17
63,160,97,88,160,72,79,152,73,95,320,225,111,280,169,71,215,144,64,152,88,88,1527,17
88,152,64,88,160,72,79,176,97,71,184,113,55,240,185,87,168,81,95,215,120,64,1359,17
65,353,288,103,176,73,63,128,65,71,272,201,119,208,89,103,599,496,88,200,112,40,1976,17
47,152,105,55,176,121,87,168,81,79,232,153,103,215,112,104,440,336,96,136,40,72,1591,17
55,160,105,96,192,96,79,200,121,87,152,65,87,280,193,87,511,424,112,184,72,72,1751,17
55,168,113,63,151,88,80,176,96,72,185,113,103,263,160,112,184,72,80,184,104,80,1391,17
88,184,96,72,176,104,56,152,96,80,856,776,79,296,217,79,176,97,79,295,216,48,2183,17
72,160,88,80,176,96,80,176,96,80,232,152,64,280,216,104,192,88,87,208,121,95,1519,17
47,168,121,79,168,89,79,175,96,80,185,105,95,223,128,112,432,320,80,216,136,71,1638,17
71,168,97,87,160,73,79,184,105,79,183,104,128,256,128,96,201,105,87,159,72,72,1383,17
39,120,81,55,184,129,87,183,96,64,249,185,111,455,344,72,192,120,56,176,120,72,1631,17
71,184,113,71,168,97,39,168,129,87,184,97,95,272,177,111,192,81,79,240,161,87,1495,17
80,264,184,71,168,97,64,136,72,96,960,864,95,200,105,63,264,201,79,191,112,72,2255,17
64,144,80,80,160,80,80,152,72,72,192,120,88,304,216,96,176,80,88,216,128,72,1416,17
71,160,89,71,144,73,79,176,97,63,168,105,87,264,177,87,264,177,95,168,73,95,1439,17
48,168,120,72,152,80,72,160,88,88,216,128,136,592,456,96,160,64,88,216,128,72,1736,17
79,152,73,95,151,56,112,145,33,111,215,104,88,416,328,96,192,96,64,480,416,88,1839,17
72,160,88,72,192,120,80,160,80,88,488,400,96,328,232,96,224,128,96,488,392,79,2119,17
72,153,81,55,151,96,104,240,136,88,192,104,96,304,208,104,216,112,80,208,128,80,1544,17
104,216,112,96,168,72,88,168,80,71,240,169,112,216,104,95,336,241,87,176,89,79,1599,17
71,144,73,71,143,72,80,153,73,79,215,136,136,248,112,96,400,304,80,400,320,88,1791,17
72,168,96,88,168,80,80,168,88,63,192,129,112,232,120,79,296,217,103,176,73,79,1479,17
71,151,80,80,129,49,111,191,80,72,200,128,88,440,352,96,168,72,72,264,192,80,1623,17
79,175,96,64,432,368,104,144,40,88,312,224,120,232,112,112,280,168,96,176,80,64,1815,17
72,168,96,72,152,80,80,160,80,88,232,144,136,216,80,103,240,137,104,272,168,87,1527,17
71,160,89,39,103,64,64,137,73,71,288,217,95,207,112,104,200,96,80,201,121,79,1375,17
80,176,96,64,144,80,96,152,56,88,480,392,168,336,168,96,184,88,80,199,119,81,1752,17
72,144,72,72,160,88,80,160,80,72,216,144,120,520,400,96,231,135,57,233,176,80,1744,17
72,168,96,72,152,80,88,192,104,96,248,152,112,416,304,96,200,104,47,216,169,71,1663,17
64,160,96,64,136,72,80,176,96,96,192,96,104,336,232,96,256,160,88,152,64,88,1496,17
71,160,89,55,128,73,88,152,64,88,624,536,71,416,345,79,200,121,103,184,81,71,1935,17
63,176,113,87,120,33,127,1167,1040,88,600,512,72,216,144,48,392,344,56,128,72,88,2887,17
55,120,65,79,144,65,104,200,96,104,408,304,96,288,192,128,224,96,96,240,144,104,1728,17
72,152,80,72,144,72,103,192,89,79,208,129,111,280,169,127,216,89,95,168,73,103,1463,17
55,360,305,95,159,64,96,216,120,96,321,225,111,383,272,104,152,48,96,192,96,80,1863,17
64,176,112,72,160,88,64,152,88,80,184,104,96,280,184,96,216,120,96,488,392,80,1736,17
87,191,104,64,143,79,57,177,120,72,256,184,104,488,384,88,200,112,80,272,192,72,1799,17
80,208,128,104,168,64,80,152,72,63,224,161,128,696,568,88,160,72,96,208,112,104,1920,17
63,160,97,72,128,56,95,160,65,63,536,473,103,192,89,95,296,201,87,176,89,71,1719,17
71,168,97,71,144,73,79,200,121,63,551,488,112,336,224,88,184,96,96,200,104,80,1863,17
56,152,96,80,144,64,88,176,88,80,192,112,96,288,192,112,216,104,104,296,192,112,1576,17
72,176,104,88,160,72,96,192,96,88,648,560,87,656,569,71,168,97,80,456,376,104,2560,17
63,176,113,79,512,433,95,176,81,79,368,289,95,664,569,87,176,89,95,192,97,87,2351,17
47,168,121,104,192,88,104,152,48,80,240,160,120,528,408,96,168,72,104,1136,1032,144,2728,17
79,160,81,95,160,65,87,144,57,87,272,185,79,400,321,95,280,185,79,624,545,79,2119,17
64,145,81,79,120,41,95,207,112,72,185,113,111,311,200,120,280,160,80,184,104,96,1528,17
64,128,64,72,136,64,96,192,96,80,232,152,104,248,144,112,208,96,88,224,136,96,1464,17
72,144,72,72,104,32,88,160,72,88,184,96,112,400,288,112,208,96,88,272,184,96,1568,17
71,168,97,79,152,73,95,151,56,80,537,457,95,400,305,103,199,96,96,257,161,47,1911,17
80,185,105,103,144,41,111,192,81,63,328,265,95,175,80,104,224,120,64,424,360,112,1784,17
96,288,192,80,160,80,96,264,168,104,264,160,96,264,168,120,240,120,80,264,184,96,1840,17
39,152,113,88,152,64,88,159,71,97,313,216,88,200,112,112,232,120,88,216,128,112,1536,17
72,168,96,96,152,56,104,224,120,87,136,49,104,496,392,112,232,120,48,384,336,95,1887,17
79,184,105,87,152,65,87,168,81,55,208,153,95,320,225,111,424,313,79,152,73,63,1671,17
79,143,64,72,145,73,79,183,104,56,216,160,104,440,336,96,224,128,80,240,160,120,1711,17
104,152,48,80,152,72,80,184,104,47,144,97,104,288,184,96,216,120,88,280,192,96,1512,17
72,176,104,64,128,64,88,168,80,88,336,248,120,208,88,128,200,72,112,295,183,145,1656,17
112,184,72,112,152,40,96,168,72,87,168,81,88,688,600,104,200,96,72,312,240,95,1967,17
87,224,137,79,152,73,111,200,89,127,208,81,111,1032,921,79,480,401,87,240,153,71,2607,17
79,160,81,79,151,72,96,169,73,63,136,73,119,336,217,87,151,64,104,336,232,104,1543,17
71,167,96,96,168,72,80,265,185,111,567,456,88,184,96,72,256,184,80,256,176,112,1975,17
80,152,72,80,160,80,104,160,56,88,400,312,104,192,88,112,2328,2216,96,208,112,80,3680,17
79,160,81,55,104,49,80,144,64,71,248,177,111,456,345,103,304,201,95,440,345,111,1967,17
73,144,71,104,184,80,96,168,72,96,503,407,97,441,344,80,151,71,96,328,232,80,1999,17
72,168,96,72,136,64,72,168,96,80,216,136,96,368,272,80,160,80,72,392,320,72,1680,17
48,144,96,104,176,72,80,176,96,80,352,272,96,264,168,76,448,372,112,264,152,72,1896,17
72,176,104,80,147,67,69,181,112,80,280,200,104,344,240,88,176,88,96,256,160,72,1632,17
72,192,120,88,160,72,88,192,104,80,200,120,80,342,262,42,1098,1056,96,136,40,72,2392,17
64,160,96,96,168,72,104,184,80,64,304,240,96,304,208,88,164,76,76,244,168,56,1584,17
72,176,104,72,160,88,88,160,72,72,272,200,88,320,232,104,224,120,64,208,144,96,1616,17
64,144,80,112,176,64,80,168,88,72,280,208,96,192,96,104,200,96,72,200,128,80,1440,17
88,976,888,104,152,48,96,128,32,72,1816,1744,97,296,199,88,144,56,88,296,208,72,3880,17
72,152,80,80,152,72,64,208,144,112,192,80,88,288,200,96,144,48,72,184,112,96,1416,17
80,194,114,86,158,72,80,144,64,96,216,120,96,240,144,96,200,104,64,208,144,56,1416,17
88,177,89,88,143,55,97,169,72,96,279,183,128,256,128,112,272,160,80,168,88,88,1552,17
88,168,80,88,160,72,88,200,112,104,568,464,80,312,232,103,135,32,81,217,136,72,1832,17
80,168,88,48,120,72,144,824,680,81,185,104,87,607,520,96,144,48,80,176,96,80,2304,17
64,160,96,72,144,72,97,160,63,72,185,113,103,216,113,112,184,72,80,184,104,80,1313,17
72,152,80,56,128,72,87,184,97,72,184,112,64,264,200,95,168,73,88,168,80,88,1336,17
71,144,73,80,135,55,113,200,87,81,160,79,81,289,208,48,200,152,72,167,95,89,1384,17
63,151,88,105,160,55,97,208,111,81,185,104,88,1512,1424,96,192,96,80,304,224,72,2784,17
64,120,56,88,144,56,96,168,72,72,168,96,88,239,151,105,185,80,96,191,95,96,1311,17
96,192,96,88,144,56,96,159,63,81,225,144,80,455,375,89,145,56,88,224,136,88,1632,17
79,136,57,96,136,40,104,184,80,79,224,145,144,751,607,90,177,87,80,295,215,137,2040,17
57,129,72,88,127,39,97,185,88,72,176,104,87,392,305,72,135,63,89,232,143,57,1433,17
72,144,72,88,168,80,96,191,95,65,600,535,73,361,288,79,144,65,71,224,153,56,1888,17
71,168,97,87,144,57,80,160,80,88,232,144,88,248,160,96,191,95,72,169,97,72,1384,17
98,201,103,88,136,48,80,152,72,72,192,120,79,400,321,104,183,79,81,184,103,81,1529,17
80,145,65,103,166,63,81,177,96,88,160,72,88,320,232,80,144,64,96,208,112,56,1376,17
88,160,72,88,168,80,88,160,72,72,192,120,88,392,304,112,224,112,72,199,127,57,1552,17
88,160,72,88,160,72,96,199,103,113,201,88,96,344,248,96,144,48,72,160,88,56,1424,17
88,200,112,88,199,111,137,225,88,72,664,592,72,168,96,80,280,200,56,144,88,64,1944,17
63,128,65,80,152,72,112,215,103,73,153,80,80,384,304,96,152,56,88,200,112,71,1455,17
79,151,72,80,128,48,104,176,72,96,184,88,80,368,288,80,176,96,72,208,136,72,1463,17
56,127,71,73,161,88,96,200,104,72,136,64,89,519,430,81,225,144,56,448,392,56,1872,17
73,145,72,104,143,39,113,176,63,81,161,80,120,592,472,72,160,88,96,256,160,88,1721,17
87,159,72,97,153,56,80,152,72,72,184,112,103,335,232,113,273,160,96,152,56,80,1488,17
73,153,80,128,200,72,88,168,80,63,191,128,65,305,240,64,175,111,89,233,144,88,1513,17
56,495,439,113,193,80,72,168,96,64,192,128,64,304,240,103,176,73,79,208,129,87,1823,17
57,136,79,88,160,72,80,176,96,64,480,416,72,328,256,80,191,111,65,249,184,71,1791,17
64,176,112,72,136,64,72,152,80,88,224,136,96,296,200,88,208,120,80,224,144,72,1488,17
56,136,80,89,159,70,89,209,120,88,136,48,88,287,199,97,185,88,88,296,208,72,1480,17
81,177,96,56,136,80,97,167,70,105,201,96,96,335,239,65,152,87,89,338,249,78,1584,17
113,177,64,87,151,64,89,129,40,96,560,464,88,480,392,80,248,168,64,168,104,72,1985,17
64,128,64,128,183,55,81,217,136,64,136,72,103,288,185,96,191,95,65,224,159,81,1448,17
64,136,72,80,128,48,72,144,72,80,200,120,88,287,199,89,145,56,80,184,104,80,1304,17
80,176,96,112,144,32,112,191,79,105,184,79,104,208,104,97,225,128,80,192,112,63,1383,17
72,144,72,165,167,2,33,129,96,96,183,87,73,281,208,88,168,80,173,264,91,79,1415,17
81,145,64,88,136,48,56,152,96,72,168,96,72,271,199,80,176,96,73,161,88,96,1305,17
64,143,79,65,137,72,64,144,80,80,216,136,80,495,415,80,169,89,80,184,104,56,1544,17
72,120,48,79,128,49,72,151,79,81,177,96,80,280,200,96,176,80,64,208,144,79,1319,17
88,160,72,88,143,55,89,160,71,64,192,128,73,369,296,80,135,55,81,208,127,64,1431,17
64,143,79,81,145,64,88,192,104,80,168,88,112,335,223,113,160,47,81,240,159,89,1472,17
80,151,71,65,128,63,88,184,96,81,177,96,80,327,247,81,152,71,65,168,103,89,1376,17
40,104,64,88,160,72,72,176,104,80,135,55,73,361,288,120,183,63,73,161,88,88,1368,17
63,144,81,72,136,64,72,144,72,104,238,134,134,281,147,153,233,80,88,199,111,65,1440,17
72,167,95,65,136,71,89,136,47,81,209,128,80,280,200,112,199,87,73,160,87,80,1367,17
74,168,94,72,200,128,81,200,119,72,232,160,57,417,360,80,136,56,72,263,191,65,1681,17
73,152,79,89,169,80,79,176,97,64,224,160,88,351,263,89,664,575,88,153,65,64,1953,17
65,248,183,88,168,80,65,168,103,73,672,599,73,312,239,73,192,119,73,144,71,73,1977,17
73,161,88,56,127,71,81,160,79,89,240,151,97,273,176,87,167,80,81,160,79,96,1384,17
73,144,71,113,176,63,81,121,40,88,184,96,79,351,272,89,161,72,87,344,257,64,1545,17
80,169,89,104,152,48,88,175,87,81,176,95,80,257,177,96,183,87,89,192,103,89,1393,17
81,168,87,104,152,48,89,160,71,113,208,95,81,256,175,105,240,135,81,183,102,81,1448,17
89,177,88,80,135,55,81,168,87,88,192,104,73,272,199,145,241,96,56,200,144,80,1465,17
81,160,79,89,152,63,81,136,55,89,193,104,88,256,168,104,199,95,73,160,87,73,1329,17
72,153,81,80,143,63,65,184,119,89,177,88,72,775,703,89,184,95,81,872,791,80,2568,17
81,153,72,64,127,63,89,144,55,89,209,120,72,215,143,97,216,119,57,128,71,80,1272,17
97,168,71,89,136,47,81,169,88,80,167,87,81,264,183,113,200,87,49,168,119,81,1353,17
72,160,88,113,184,71,65,152,87,81,160,79,81,224,143,104,208,104,73,265,192,128,1481,17
48,136,88,88,143,55,89,161,72,97,192,95,89,256,167,113,184,71,56,184,128,65,1321,17
72,144,72,89,169,80,88,352,264,88,607,519,65,193,128,96,223,127,73,168,95,65,1921,17
81,136,55,105,136,31,97,176,79,129,176,47,104,224,120,105,160,55,57,176,119,88,1272,17
88,128,40,81,112,31,89,192,103,81,176,95,73,256,183,105,200,95,89,352,263,73,1489,17
48,143,95,81,144,63,88,149,61,67,179,112,80,224,144,97,176,79,89,160,71,73,1248,17
57,160,103,65,104,39,64,177,113,71,151,80,64,256,192,88,152,64,97,208,111,65,1273,17
73,152,79,88,150,62,90,202,112,81,120,39,89,304,215,81,136,55,89,184,95,73,1321,17
73,152,79,81,120,39,81,176,95,57,160,103,64,240,176,105,177,72,80,167,87,56,1248,17
65,168,103,97,152,55,81,193,112,72,255,183,88,312,224,129,240,111,105,161,56,72,1553,17
72,183,111,73,128,55,89,160,71,64,200,136,73,224,151,113,200,87,81,256,175,73,1424,17
81,152,71,81,144,63,73,144,71,97,552,455,89,336,247,105,144,39,97,224,127,81,1777,17
80,161,81,56,119,63,73,176,103,73,161,88,56,295,239,105,169,64,72,167,95,81,1329,17
81,200,119,88,176,88,73,161,88,64,160,96,88,223,135,97,217,120,80,183,103,81,1401,17
72,159,87,73,136,63,80,168,88,65,152,87,73,265,192,112,175,63,48,232,184,89,1376,17
64,152,88,89,128,39,81,168,87,64,1272,1208,81,312,231,97,240,143,81,255,174,65,2592,17
72,129,57,79,143,64,56,336,280,64,144,80,81,264,183,81,136,55,73,264,191,81,1497,17
65,144,79,88,152,64,73,168,95,64,144,80,81,264,183,88,160,72,72,200,128,64,1296,17
89,168,79,81,144,63,88,176,88,80,136,56,96,272,176,88,168,80,73,176,103,81,1321,17
88,152,64,65,121,56,88,168,80,71,143,72,81,232,151,80,168,88,73,216,143,104,1304,17
89,160,71,96,120,24,96,208,112,80,128,48,81,272,191,104,184,80,73,232,159,81,1385,17
72,160,88,72,128,56,57,128,71,80,544,464,80,233,153,95,207,112,64,240,176,40,1680,17
73,152,79,105,168,63,56,184,128,72,168,96,96,153,57,112,320,208,55,175,120,73,1393,17
72,152,80,72,136,64,89,184,95,56,168,112,96,256,160,80,192,112,48,224,176,88,1400,17
73,160,87,88,128,40,88,152,64,65,152,87,80,232,152,89,224,135,73,200,127,80,1328,17
48,112,64,65,136,71,96,184,88,72,136,64,89,232,143,127,232,105,56,161,105,55,1248,17
81,168,87,80,152,72,80,176,96,64,392,328,80,216,136,72,224,152,72,168,96,72,1568,17
57,137,80,71,127,56,64,192,128,88,168,80,72,232,160,112,176,64,48,208,160,72,1312,17
56,144,88,72,112,40,96,192,96,64,120,56,72,304,232,89,216,127,80,216,136,64,1368,17
44,144,100,64,120,56,96,184,88,80,128,48,81,240,159,88,152,64,72,168,96,72,1208,17
64,152,88,72,128,56,56,160,104,48,288,240,112,216,104,80,224,144,72,176,104,64,1408,17
48,185,137,71,151,80,88,160,72,72,271,199,89,209,120,88,224,136,72,160,88,57,1417,17
95,142,47,109,140,31,94,172,78,78,563,485,109,562,453,94,156,62,78,298,220,78,2111,17
78,140,62,63,141,78,78,156,78,78,328,250,110,345,235,156,250,94,93,203,110,93,1656,17
78,187,109,47,110,63,78,156,78,62,203,141,94,407,313,109,141,32,78,250,172,93,1547,17
109,172,63,78,125,47,78,125,47,93,250,157,125,282,157,94,187,93,63,141,78,94,1376,17
78,172,94,63,125,62,94,172,78,94,219,125,94,297,203,109,219,110,78,203,125,78,1485,17
63,125,62,78,125,47,94,156,62,63,235,172,94,376,282,125,156,31,78,203,125,109,1485,17
62,156,94,94,125,31,94,141,47,93,187,94,94,235,141,93,328,235,78,156,78,78,1406,17
94,187,93,94,126,32,97,144,47,78,188,110,93,281,188,109,187,78,78,172,94,94,1379,17
78,140,62,110,172,62,63,110,47,93,218,125,63,329,266,93,140,47,94,188,94,93,1390,17
78,188,110,93,93,0,94,203,109,79,172,93,78,219,141,78,157,79,63,281,218,63,1376,17
78,172,94,94,141,47,62,141,79,78,187,109,78,266,188,124,171,47,79,157,78,94,1329,17
78,188,110,62,109,47,78,156,78,78,172,94,94,266,172,110,172,62,78,172,94,125,1360,17
78,172,94,78,140,62,63,172,109,94,188,94,94,625,531,94,172,78,63,282,219,93,1844,17
94,172,78,93,125,32,93,140,47,94,203,109,94,235,141,110,235,125,47,140,93,110,1360,17
78,141,63,93,125,32,78,156,78,78,156,78,94,266,172,93,172,79,93,187,94,78,1281,17
109,187,78,125,156,31,79,172,93,78,188,110,78,203,125,109,172,63,93,172,79,93,1343,17
79,173,94,93,156,63,78,172,94,78,172,94,109,234,125,94,172,78,62,203,141,63,1345,17
94,141,47,93,156,63,78,172,94,63,204,141,78,203,125,93,500,407,78,141,63,78,1595,17
79,110,31,94,156,62,78,125,47,63,172,109,94,250,156,94,156,62,78,173,95,93,1235,17
63,157,94,62,125,63,93,172,79,78,156,78,94,1688,1594,109,156,47,63,188,125,109,2751,17
63,141,78,78,125,47,78,156,78,94,173,79,78,219,141,125,140,15,78,188,110,93,1235,17
94,188,94,78,156,78,63,172,109,78,156,78,110,298,188,109,297,188,78,172,94,78,1517,17
77,171,94,79,125,46,79,172,93,94,156,62,110,266,156,110,172,62,79,204,125,94,1360,17
94,172,78,109,141,32,93,187,94,78,141,63,109,250,141,109,172,63,78,171,93,94,1328,17
78,140,62,110,141,31,78,156,78,94,172,78,109,235,126,109,187,78,78,172,94,109,1312,17
93,171,78,79,141,62,63,172,109,78,141,63,109,265,156,125,172,47,63,219,156,94,1375,17
78,141,63,93,172,79,62,140,78,94,656,562,63,204,141,93,250,157,78,172,94,94,1829,17
93,156,63,94,156,62,62,141,79,62,140,78,110,235,125,125,187,62,63,141,78,94,1250,17
78,140,62,110,157,47,62,140,78,63,157,94,93,250,157,109,187,78,63,188,125,109,1328,17
78,156,78,94,141,47,78,156,78,94,140,46,94,250,156,110,125,15,63,188,125,78,1234,17
78,156,78,78,141,63,62,109,47,94,235,141,109,172,63,109,265,156,47,172,125,78,1328,17
79,157,78,95,126,31,109,187,78,78,125,47,94,219,125,141,172,31,62,141,79,93,1220,17
78,141,63,94,156,62,63,125,62,63,172,109,78,204,126,109,250,141,47,171,124,79,1298,17
125,157,32,93,156,63,78,172,94,62,125,63,62,265,203,110,188,78,62,172,110,79,1314,17
78,141,63,93,140,47,78,125,47,63,156,93,110,235,125,109,172,63,15,265,250,78,1312,17
94,141,47,94,125,31,93,156,63,94,203,109,110,219,109,109,172,63,78,156,78,94,1266,17
79,141,62,94,125,31,78,157,79,78,250,172,93,187,94,94,188,94,78,156,78,63,1267,17
78,125,47,78,156,78,78,141,63,78,172,94,125,250,125,109,140,31,78,172,94,110,1266,17
78,125,47,93,140,47,78,172,94,78,203,125,78,250,172,110,188,78,78,156,78,78,1312,17
94,141,47,94,141,47,109,171,62,79,188,109,94,219,125,109,203,94,62,125,63,110,1298,17
94,172,78,109,344,235,109,140,31,63,532,469,63,282,219,125,156,31,62,187,125,94,1907,17
62,125,63,94,125,31,78,172,94,78,125,47,78,218,140,110,172,62,47,204,157,78,1219,17
93,140,47,78,125,47,94,157,63,62,187,125,47,344,297,110,172,62,63,172,109,109,1406,17
78,141,63,94,125,31,94,125,31,78,219,141,125,219,94,109,187,78,78,203,125,110,1329,17
79,157,78,93,156,63,78,141,63,78,187,109,94,219,125,109,172,63,63,156,93,110,1298,17
109,140,31,79,141,62,62,156,94,63,125,62,110,188,78,125,187,62,63,156,93,110,1203,17
78,125,47,78,141,63,78,156,78,94,156,62,94,203,109,110,188,78,62,172,110,62,1203,17
78,156,78,79,126,47,110,188,78,93,172,79,93,218,125,125,188,63,94,156,62,109,1313,17
94,141,47,94,140,46,79,172,93,78,141,63,110,204,94,109,172,63,78,156,78,125,1251,17
78,125,47,78,93,15,78,157,79,93,171,78,94,204,110,109,156,47,63,141,78,110,1157,17
78,140,62,94,172,78,94,203,109,94,125,31,110,250,140,110,141,31,62,172,110,78,1281,17
78,156,78,94,141,47,78,171,93,79,110,31,140,234,94,125,156,31,63,157,94,93,1218,17
109,188,79,109,406,297,125,313,188,109,750,641,78,172,94,109,187,78,78,157,79,109,2282,17
94,156,62,79,141,62,94,172,78,78,140,62,110,204,94,109,156,47,78,172,94,94,1235,17
93,140,47,94,157,63,78,140,62,79,204,125,109,219,110,140,187,47,78,156,78,110,1313,17
78,140,62,110,141,31,109,235,126,78,516,438,93,202,109,110,219,109,78,125,47,110,1688,17
78,140,62,94,141,47,78,156,78,78,188,110,110,172,62,110,266,156,78,172,94,125,1360,17
94,172,78,62,94,32,46,156,110,47,312,265,94,188,94,125,312,187,47,125,78,125,1484,17
94,157,63,78,140,62,63,141,78,94,156,62,109,234,125,125,141,16,63,187,124,94,1250,17
93,156,63,94,125,31,62,157,95,109,156,47,94,203,109,110,172,62,78,141,63,93,1203,17
94,156,62,110,126,16,93,171,78,110,141,31,94,250,156,94,1376,1282,93,125,32,78,2423,17
78,156,78,78,125,47,63,156,93,78,1250,1172,94,1032,938,94,141,47,94,250,156,125,3235,17
93,156,63,78,203,125,94,204,110,93,172,79,93,250,157,140,140,0,94,188,94,93,1406,17
78,156,78,94,141,47,78,172,94,78,140,62,94,282,188,109,140,31,94,188,94,94,1313,17
78,125,47,94,141,47,93,156,63,94,140,46,110,297,187,125,438,313,94,141,47,109,1547,17
94,140,46,94,141,47,78,172,94,94,182,88,63,282,219,109,140,31,78,157,79,109,1323,17
109,157,48,78,125,47,78,171,93,79,125,46,94,219,125,141,172,31,79,141,62,94,1204,17
94,157,63,93,140,47,78,188,110,78,125,47,109,234,125,156,172,16,78,172,94,125,1313,17
110,156,46,94,141,47,94,156,62,94,141,47,94,234,140,125,157,32,62,171,109,157,1313,17
109,156,47,110,156,46,79,126,47,109,172,63,94,219,125,125,172,47,93,156,63,140,1297,17
109,203,94,109,156,47,78,187,109,94,172,78,94,204,110,156,141,-15,78,171,93,94,1328,17
94,204,110,94,156,62,94,172,78,94,141,47,93,203,110,109,156,47,94,188,94,78,1298,17
94,157,63,62,109,47,62,187,125,79,188,109,141,219,78,94,156,62,78,172,94,126,1314,17
78,140,62,94,141,47,78,156,78,125,172,47,109,203,94,141,203,62,78,156,78,110,1281,17
109,171,62,94,156,62,79,173,94,93,140,47,110,250,140,110,141,31,78,187,109,125,1343,17
125,188,63,78,125,47,94,172,78,94,141,47,125,203,78,141,156,15,94,156,62,110,1251,17
94,187,93,110,141,31,109,172,63,109,156,47,94,172,78,140,484,344,94,141,47,109,1562,17
93,156,63,94,140,46,79,204,125,93,171,78,110,251,141,125,172,47,78,140,62,125,1359,17
109,187,78,109,172,63,78,141,63,93,531,438,93,219,126,110,532,422,93,140,47,94,2016,17
79,141,62,78,109,31,79,141,62,94,188,94,109,172,63,109,156,47,109,187,78,110,1204,17
94,157,63,93,125,32,94,141,47,94,156,62,109,156,47,110,188,78,78,140,62,110,1173,17
78,156,78,94,125,31,78,156,78,94,157,63,62,234,172,94,157,63,78,140,62,125,1250,17
62,156,94,78,141,63,94,172,78,78,485,407,78,140,62,110,235,125,78,140,62,94,1563,17
94,188,94,78,141,63,93,156,63,94,204,110,93,203,110,125,140,15,94,204,110,93,1329,17
78,187,109,94,188,94,78,140,62,79,673,594,78,156,78,94,219,125,78,125,47,109,1797,17
109,187,78,78,157,79,62,157,95,109,218,109,110,297,187,94,305,211,78,141,63,124,1586,17
93,156,63,94,156,62,78,157,79,94,172,78,110,188,78,140,249,109,110,157,47,109,1344,17
109,188,79,93,156,63,78,125,47,109,203,94,94,219,125,110,235,125,94,172,78,125,1423,17
94,141,47,94,156,62,78,156,78,94,391,297,125,250,125,141,547,406,110,125,15,110,1876,17
78,281,203,125,188,63,93,140,47,94,548,454,109,250,141,109,250,141,109,421,312,125,2203,17
109,156,47,109,140,31,79,188,109,79,141,62,94,250,156,110,188,78,109,234,125,125,1422,17
78,140,62,94,156,62,79,141,62,125,188,63,93,218,125,141,172,31,94,157,63,109,1281,17
125,203,78,94,157,63,78,140,62,110,454,344,93,203,110,140,234,94,78,156,78,125,1672,17
94,172,78,94,156,62,78,203,125,79,157,78,93,251,158,125,328,203,94,156,62,109,1532,17
109,172,63,110,188,78,78,187,109,94,172,78,94,219,125,140,188,48,78,187,109,110,1423,17
94,188,94,78,140,62,94,157,63,125,266,141,109,218,109,157,204,47,78,171,93,110,1454,17
109,203,94,109,156,47,94,203,109,110,219,109,109,220,111,140,390,250,94,172,78,109,1672,17
110,172,62,78,141,63,78,156,78,78,172,94,110,251,141,140,187,47,94,172,78,109,1360,17
94,141,47,94,125,31,109,1360,1251,78,328,250,140,531,391,141,203,62,94,125,31,141,2954,17
94,141,47,109,157,48,78,156,78,94,156,62,125,250,125,141,157,16,78,156,78,109,1282,17
125,172,47,78,140,62,79,141,62,94,125,31,94,204,110,141,172,31,78,140,62,141,1235,17
94,156,62,94,156,62,78,172,94,94,141,47,109,203,94,125,140,15,79,172,93,110,1250,17
94,125,31,94,141,47,62,109,47,94,157,63,93,218,125,94,188,94,78,140,62,94,1172,17
141,188,47,78,157,79,109,187,78,109,313,204,125,500,375,109,140,31,63,188,125,125,1798,17
94,156,62,94,141,47,78,156,78,94,235,141,94,266,172,125,203,78,63,235,172,93,1485,17
94,156,62,94,156,62,94,157,63,78,156,78,125,250,125,156,203,47,78,156,78,95,1329,17
78,172,94,94,156,62,79,157,78,94,156,62,125,234,109,110,266,156,78,172,94,109,1422,17
78,173,95,109,156,47,63,156,93,79,157,78,109,187,78,125,188,63,78,140,62,94,1251,17
109,172,63,94,141,47,77,171,94,63,142,79,109,218,109,141,188,47,78,172,94,78,1282,17
79,157,78,93,140,47,78,141,63,109,187,78,125,204,79,109,171,62,79,157,78,94,1251,17
110,172,62,110,141,31,109,156,47,78,141,63,109,250,141,94,125,31,78,187,109,78,1250,17
94,157,63,110,141,31,78,125,47,109,187,78,110,188,78,109,203,94,78,125,47,94,1220,17
78,172,94,110,172,62,63,141,78,78,157,79,93,218,125,125,172,47,63,125,62,110,1267,17
79,157,78,110,141,31,94,156,62,78,157,79,109,203,94,125,187,62,78,141,63,109,1251,17
94,172,78,109,140,31,94,172,78,94,157,63,110,235,125,93,171,78,63,141,78,109,1297,17
109,187,78,94,141,47,78,172,94,78,140,62,94,188,94,140,172,32,78,157,79,125,1282,17
110,188,78,125,141,16,78,172,94,93,172,79,93,171,78,94,188,94,47,1422,1375,94,2548,17
94,172,78,94,187,93,125,204,79,93,234,141,94,250,156,94,281,187,63,141,78,109,1578,17
94,188,94,78,109,31,94,157,63,78,172,94,109,234,125,109,141,32,78,171,93,94,1266,17
78,172,94,94,141,47,78,156,78,78,156,78,109,250,141,110,250,140,141,172,31,94,1391,17
109,219,110,93,109,16,78,156,78,78,172,94,63,203,140,109,203,94,63,125,62,109,1296,17
110,172,62,94,141,47,78,157,79,78,156,78,78,219,141,109,156,47,78,156,78,125,1282,17
78,156,78,94,187,93,79,172,93,110,985,875,125,1313,1188,109,156,47,62,125,63,110,3204,17
94,172,78,63,110,47,93,140,47,78,188,110,93,234,141,110,203,93,78,141,63,94,1282,17
94,157,63,78,156,78,62,141,79,78,156,78,78,203,125,125,141,16,78,156,78,109,1219,17
110,156,46,79,157,78,78,125,47,62,187,125,110,220,110,125,437,312,94,156,62,94,1532,17
78,125,47,109,140,31,79,172,93,79,142,63,78,234,156,125,187,62,63,172,109,110,1282,17
110,157,47,93,140,47,63,156,93,63,141,78,94,328,234,126,220,94,62,171,109,94,1407,17
78,125,47,94,141,47,77,140,63,78,250,172,110,235,125,140,171,31,63,188,125,110,1360,17
93,187,94,94,156,62,63,172,109,78,141,63,78,641,563,93,156,63,78,156,78,94,1703,17
110,172,62,94,125,31,78,141,63,93,172,79,109,171,62,125,219,94,94,156,62,110,1266,17
109,156,47,94,141,47,94,156,62,78,172,94,109,203,94,94,235,141,78,125,47,93,1281,17
94,172,78,109,125,16,94,172,78,78,156,78,95,204,109,109,187,78,79,157,78,125,1298,17
109,187,78,94,188,94,62,156,94,78,172,94,62,172,110,109,187,78,78,126,48,109,1297,17
93,203,110,109,156,47,78,156,78,78,188,110,109,234,125,94,219,125,78,156,78,94,1406,17
94,219,125,94,156,62,94,172,78,94,172,78,62,250,188,109,328,219,94,156,62,110,1563,17
94,314,220,125,171,46,79,125,46,94,204,110,93,203,110,109,187,78,63,156,93,110,1470,17
79,172,93,94,157,63,78,156,78,78,156,78,109,266,157,140,187,47,63,188,125,93,1375,17
94,188,94,63,125,62,78,141,63,109,187,78,94,188,94,109,531,422,78,188,110,109,1657,17
78,142,64,93,140,47,79,156,77,94,204,110,94,265,171,125,719,594,110,375,265,94,2095,17
78,156,78,94,125,31,63,172,109,94,203,109,79,250,171,125,141,16,78,156,78,94,1297,17
62,156,94,93,156,63,78,125,47,94,219,125,78,187,109,110,219,109,78,141,63,109,1312,17
78,187,109,94,173,79,78,188,110,77,202,125,63,188,125,141,219,78,62,141,79,109,1407,17
94,187,93,94,141,47,94,188,94,109,172,63,94,250,156,94,172,78,78,125,47,109,1344,17
94,187,93,94,141,47,62,156,94,78,156,78,79,250,171,125,157,32,63,156,93,110,1313,17
78,172,94,94,172,78,78,125,47,80,221,141,93,187,94,110,344,234,94,187,93,94,1502,17
93,140,47,94,156,62,63,141,78,94,204,110,94,156,62,125,188,63,62,140,78,109,1234,17
94,188,94,109,140,31,94,172,78,125,141,16,94,297,203,109,156,47,47,203,156,125,1422,17
110,172,62,110,142,32,93,140,47,78,235,157,109,187,78,141,203,62,78,125,47,125,1329,17
110,172,62,94,172,78,78,141,63,94,454,360,78,218,140,110,250,140,79,485,406,94,1986,17
78,156,78,94,125,31,78,188,110,78,125,47,94,188,94,140,203,63,62,156,94,94,1235,17
125,172,47,78,141,63,78,156,78,94,172,78,94,312,218,126,173,47,78,172,94,109,1407,17
78,187,109,94,203,109,78,110,32,62,281,219,125,203,78,109,829,720,94,156,62,94,2063,17
63,142,79,78,156,78,62,109,47,63,313,250,78,203,125,125,187,62,79,157,78,93,1360,17
78,141,63,109,172,63,62,125,63,95,172,77,79,219,140,110,141,31,78,187,109,110,1267,17
78,156,78,94,125,31,78,157,79,93,156,63,62,250,188,94,125,31,78,172,94,94,1235,17
78,156,78,125,157,32,78,156,78,94,172,78,79,219,140,109,188,79,78,125,47,109,1282,17
94,156,62,94,125,31,94,141,47,109,172,63,94,219,125,109,156,47,63,157,94,109,1235,17
93,187,94,94,172,78,47,1907,1860,78,141,63,78,578,500,78,156,78,47,407,360,93,3641,17
94,172,78,94,156,62,63,157,94,62,187,125,78,235,157,140,156,16,78,156,78,125,1344,17
94,156,62,110,157,47,78,172,94,62,156,94,78,282,204,125,140,15,94,172,78,110,1345,17
110,172,62,110,141,31,78,172,94,94,156,62,94,203,109,110,297,187,94,204,110,109,1454,17
78,172,94,93,140,47,78,141,63,109,203,94,78,203,125,125,219,94,78,250,172,94,1422,17
78,156,78,63,141,78,62,218,156,110,297,187,110,157,47,125,718,593,63,189,126,94,1970,17
94,250,156,94,141,47,62,109,47,78,234,156,94,204,110,125,156,31,78,141,63,109,1344,17
109,156,47,94,125,31,109,140,31,79,172,93,79,188,109,109,172,63,78,187,109,110,1250,17
79,141,62,125,172,47,62,172,110,109,172,63,78,203,125,141,187,46,79,157,78,93,1297,17
93,156,63,93,141,48,78,141,63,62,156,94,94,219,125,78,140,62,79,157,78,109,1219,17
94,141,47,94,141,47,78,140,62,78,172,94,78,172,94,94,375,281,79,172,93,94,1407,17
94,140,46,79,110,31,93,140,47,79,157,78,93,187,94,110,172,62,78,172,94,94,1172,17
110,157,47,109,172,63,78,124,46,79,188,109,78,172,94,94,234,140,63,141,78,109,1297,17
93,156,63,94,141,47,62,156,94,78,160,82,78,187,109,125,156,31,63,157,94,125,1238,17
79,157,78,78,125,47,78,172,94,78,125,47,78,187,109,125,219,94,78,156,78,110,1251,17
78,141,63,93,140,47,78,125,47,110,157,47,109,171,62,110,188,78,62,281,219,125,1328,17
93,156,63,78,109,31,78,110,32,78,359,281,78,188,110,93,547,454,78,156,78,94,1719,17
79,172,93,78,156,78,47,126,79,78,296,218,94,173,79,109,250,141,78,177,99,94,1444,17
78,172,94,78,125,47,63,141,78,78,156,78,78,172,94,94,156,62,63,172,109,78,1172,17
78,141,63,94,141,47,62,109,47,94,172,78,93,187,94,110,172,62,78,172,94,109,1203,17
109,156,47,94,125,31,78,156,78,94,141,47,94,203,109,156,172,16,78,156,78,94,1203,17
94,156,62,63,125,62,78,94,16,94,281,187,63,204,141,109,171,62,79,157,78,94,1282,17
79,157,78,78,140,62,63,156,93,94,125,31,110,219,109,125,172,47,78,172,94,94,1235,17
63,141,78,94,125,31,78,156,78,94,156,62,78,188,110,109,156,47,78,172,94,109,1203,17
109,156,47,94,125,31,78,188,110,94,141,47,94,234,140,125,156,31,63,172,109,78,1250,17
93,125,32,78,140,62,94,203,109,110,125,15,94,235,141,94,125,31,78,187,109,110,1250,17
125,172,47,78,110,32,78,140,62,110,156,46,94,188,94,94,141,47,78,187,109,78,1172,17
94,141,47,78,109,31,94,172,78,94,156,62,110,219,109,110,203,93,79,141,62,94,1235,17
94,156,62,78,141,63,78,140,62,78,157,79,94,188,94,94,328,234,78,172,94,125,1407,17
94,156,62,63,126,63,78,156,78,94,125,31,93,219,126,93,140,47,78,172,94,110,1204,17
110,125,15,110,125,15,94,172,78,78,110,32,109,218,109,110,250,140,63,204,141,109,1313,17
110,156,46,94,141,47,78,156,78,94,172,78,47,188,141,125,172,47,78,188,110,109,1282,17
94,141,47,94,109,15,94,156,62,79,157,78,78,187,109,94,156,62,79,188,109,94,1188,17
110,157,47,94,110,16,93,187,94,94,141,47,109,219,110,125,156,31,78,140,62,94,1204,17
94,172,78,94,125,31,79,157,78,125,218,93,95,204,109,110,235,125,93,140,47,94,1345,17
109,140,31,94,125,31,78,141,63,94,140,46,99,193,94,125,156,31,78,125,47,109,1129,17
94,156,62,79,110,31,94,172,78,94,172,78,62,1500,1438,110,125,15,78,297,219,94,2626,17
94,391,297,78,140,62,110,141,31,125,750,625,78,281,203,94,220,126,93,218,125,94,2235,17
109,156,47,78,141,63,78,187,109,109,141,32,93,265,172,125,188,63,62,156,94,110,1344,17
94,125,31,94,156,62,94,157,63,93,140,47,110,188,78,140,156,16,78,141,63,125,1188,17
110,172,62,78,141,63,94,156,62,94,219,125,47,313,266,140,172,32,62,140,78,110,1423,17
109,203,94,78,125,47,110,156,46,110,157,47,125,188,63,125,187,62,94,141,47,125,1282,17
93,140,47,78,110,32,93,171,78,94,141,47,125,234,109,110,173,63,78,234,156,110,1313,17
94,188,94,78,109,31,94,188,94,93,125,32,78,218,140,125,157,32,93,171,78,95,1251,17
78,156,78,110,157,47,78,125,47,125,171,46,94,188,94,141,234,93,63,157,94,140,1328,17
94,172,78,94,141,47,47,109,62,94,407,313,78,125,47,125,453,328,78,188,110,109,1704,17
94,172,78,78,156,78,78,203,125,110,204,94,47,218,171,125,204,79,62,171,109,110,1438,17
110,172,62,78,125,47,94,156,62,94,157,63,93,218,125,141,188,47,78,156,78,110,1282,17
100,137,37,132,163,31,138,116,-22,122,901,779,100,501,401,138,200,62,101,285,184,116,2419,21
69,100,31,132,200,68,169,169,0,147,532,385,101,369,268,116,348,232,100,384,284,100,2202,21
94,94,0,122,206,84,78,47,-31,116,532,416,100,285,185,116,385,269,85,355,270,115,2019,21
85,101,16,115,184,69,132,85,-47,131,5824,5693,116,447,331,138,285,147,69,316,247,85,7327,21
131,184,53,116,285,169,163,147,-16,116,1571,1455,116,416,300,116,670,554,100,516,416,116,3905,21
100,269,169,116,232,116,169,169,0,168,1533,1365,116,255,139,146,284,138,78,364,286,100,3206,21
101,154,53,147,184,37,148,116,-32,132,764,632,116,316,200,122,585,463,69,370,301,115,2604,21
116,138,22,163,163,0,137,116,-21,137,622,485,94,463,369,101,254,153,85,679,594,107,2542,21
100,137,37,116,201,85,131,93,-38,123,655,532,131,416,285,115,253,138,78,401,323,84,2240,21
84,137,53,116,163,47,100,100,0,116,701,585,85,255,170,115,278,163,84,353,269,69,2056,21
85,370,285,131,316,185,68,46,-22,154,839,685,116,269,153,147,363,216,100,338,238,116,2657,21
131,69,-62,216,216,0,200,163,-37,122,1524,1402,116,278,162,138,439,301,84,363,279,122,3174,21
122,138,16,147,147,0,153,116,-37,122,754,632,132,301,169,116,300,184,85,564,479,122,2442,21
116,116,0,153,153,0,163,132,-31,115,747,632,101,223,122,179,348,169,68,416,348,115,2250,21
116,163,47,122,138,16,162,116,-46,115,1871,1756,116,347,231,138,254,116,84,685,601,116,3690,21
122,137,15,128,130,2,150,110,-40,135,688,553,102,288,186,126,1008,882,88,536,448,152,3049,21
105,137,32,152,224,72,80,64,-16,104,576,472,103,286,183,146,298,152,46,576,530,136,2297,21
119,152,33,128,192,64,119,80,-39,104,702,598,82,192,110,160,368,208,82,346,264,104,2136,21
128,288,160,128,168,40,125,129,4,111,1671,1560,119,256,137,152,208,56,112,400,288,102,3222,21
126,208,82,112,200,88,103,72,-31,117,1542,1425,82,258,176,137,281,144,71,591,520,110,3262,21
106,170,64,184,232,48,128,104,-24,119,913,794,102,231,129,127,256,129,71,373,302,115,2394,21
101,163,62,154,200,46,101,85,-16,116,754,638,100,300,200,147,247,100,100,570,470,131,2450,21
147,147,0,138,185,47,116,100,-16,100,702,602,116,254,138,116,301,185,79,449,370,100,2238,21
116,132,16,169,185,16,131,116,-15,116,1324,1208,78,278,200,154,323,169,100,463,363,100,2921,21
123,170,47,146,247,101,138,106,-32,94,1765,1671,116,301,185,137,838,701,100,463,363,101,3991,21
147,216,69,163,585,422,100,501,401,100,832,732,100,432,332,116,169,53,84,331,247,116,3182,21
131,169,38,84,1032,948,170,132,-38,122,585,463,117,417,300,122,222,100,132,501,369,131,3189,21
123,154,31,116,201,85,147,115,-32,100,654,554,100,263,163,137,337,200,79,417,338,131,2272,21
147,216,69,131,300,169,85,316,231,85,686,601,100,316,216,147,247,100,69,469,400,131,2681,21
138,154,16,131,215,84,169,132,-37,84,653,569,100,263,163,137,284,147,101,501,400,122,2324,21
101,123,22,116,294,178,158,122,-36,116,764,648,122,269,147,154,354,200,94,347,253,132,2405,21
115,147,32,137,253,116,116,78,-38,122,801,679,106,638,532,131,432,301,84,516,432,100,2965,21
100,168,68,148,148,0,153,115,-38,101,1402,1301,100,301,201,153,300,147,69,438,369,116,2988,21
100,163,63,169,238,69,147,100,-47,116,632,516,116,332,216,137,222,85,78,316,238,147,2150,21
132,163,31,138,301,163,153,169,16,15,1370,1355,85,585,500,163,201,38,93,400,307,132,3321,21
132,132,0,170,170,0,146,115,-31,100,601,501,100,269,169,116,201,85,84,378,294,122,1988,21
116,162,46,154,170,16,132,85,-47,115,747,632,100,538,438,116,185,69,100,378,278,116,2381,21
116,131,15,131,131,0,138,107,-31,100,600,500,94,432,338,131,269,138,78,301,223,116,2087,21
131,216,85,131,184,53,131,100,-31,131,700,569,116,301,185,147,400,253,100,416,316,147,2464,21
131,153,22,163,163,0,153,115,-38,101,523,422,131,263,132,184,315,131,69,354,285,131,2017,21
100,153,53,132,147,15,154,132,-22,106,584,478,100,285,185,137,385,248,68,253,185,131,2070,21
116,200,84,132,132,0,169,137,-32,100,663,563,85,254,169,115,300,185,84,316,232,131,2133,21
84,131,47,148,170,22,147,115,-32,100,532,432,132,385,253,147,269,122,78,547,469,153,2302,21
116,162,46,138,185,47,138,122,-16,131,1449,1318,84,347,263,138,454,316,68,500,432,131,3350,21
122,138,16,147,147,0,153,116,-37,121,838,717,147,400,253,132,285,153,100,331,231,101,2356,21
116,132,16,154,154,0,168,115,-53,132,670,538,116,284,168,116,232,116,85,369,284,116,2072,21
153,169,16,147,215,68,132,101,-31,115,1247,1132,122,338,216,147,263,116,69,370,301,115,2818,21
116,116,0,132,285,153,131,84,-47,116,1348,1232,85,369,284,147,470,323,78,363,285,116,3151,21
147,147,0,122,169,47,169,100,-69,116,601,485,100,300,200,132,269,137,79,348,269,100,2034,21
132,132,0,131,131,0,154,116,-38,100,739,639,100,247,147,153,716,563,85,438,353,200,2719,21
116,147,31,122,169,47,116,85,-31,100,585,485,116,369,253,148,395,247,84,406,322,132,2288,21
116,132,16,137,184,47,131,85,-46,115,732,617,100,600,500,116,232,116,85,370,285,153,2488,21
131,131,0,116,147,31,138,100,-38,122,601,479,84,1524,1440,147,633,486,84,431,347,116,3683,21
131,600,469,101,285,184,132,632,500,216,1402,1186,116,463,347,138,169,31,116,369,253,116,4036,21
132,132,0,131,185,54,115,84,-31,147,664,517,115,284,169,153,232,79,84,400,316,122,2103,21
115,131,16,116,222,106,147,132,-15,147,1633,1486,100,532,432,138,222,84,85,985,900,116,3973,21
100,231,131,116,247,131,69,53,-16,131,632,501,121,685,564,100,200,100,100,400,300,116,2564,21
137,184,47,147,232,85,100,84,-16,138,1471,1333,100,716,616,147,200,53,100,685,585,147,3719,21
123,138,15,147,163,16,122,137,15,132,901,769,100,501,401,147,262,115,138,455,317,115,2672,21
122,122,0,132,780,648,137,200,63,121,938,817,100,363,263,185,238,53,115,463,348,122,3226,21
132,163,31,169,238,69,131,278,147,100,1223,1123,100,294,194,138,253,115,100,369,269,132,2950,21
132,132,0,131,215,84,101,438,337,63,1148,1085,100,447,347,123,185,62,85,538,453,163,3266,21
163,163,0,115,215,100,101,223,122,115,1301,1186,116,247,131,153,300,147,100,401,301,132,2982,21
132,138,6,162,263,101,115,237,122,78,601,523,100,278,178,154,370,216,100,700,600,132,2719,21
116,138,22,131,247,116,132,254,122,100,718,618,116,1186,1070,147,432,285,116,585,469,116,3676,21
100,147,47,137,84,-53,153,232,79,137,684,547,116,701,585,122,154,32,100,369,269,100,2471,21
116,200,84,147,147,0,116,216,100,116,638,522,100,701,601,147,248,101,100,500,400,117,2767,21
63,216,153,85,201,116,84,184,100,116,685,569,132,348,216,137,237,100,94,464,370,115,2450,21
154,169,15,185,285,100,216,169,-47,147,963,816,153,485,332,153,215,62,100,601,501,116,3003,21
147,147,0,154,116,-38,200,285,85,131,716,585,138,338,200,163,247,84,100,469,369,132,2450,21
137,137,0,147,100,-47,216,169,-47,163,917,754,115,416,301,147,316,169,115,453,338,116,2624,21
153,153,0,147,100,-47,247,200,-47,147,863,716,116,685,569,200,438,238,132,595,463,137,3171,21
139,185,46,185,170,-15,185,169,-16,163,1621,1458,131,216,85,170,263,93,107,439,332,148,3211,21
116,116,0,116,85,-31,200,200,0,116,671,555,132,332,200,170,270,100,116,532,416,132,2338,21
137,184,47,270,216,-54,222,316,94,122,786,664,138,322,184,178,248,70,84,369,285,147,2588,21
153,153,0,253,153,-100,231,332,101,168,748,580,137,338,201,184,247,63,153,537,384,148,2656,21
131,131,0,147,100,-47,201,185,-16,147,801,654,147,363,216,154,239,85,115,384,269,163,2366,21
132,170,38,163,131,-32,201,154,-47,148,1296,1148,106,407,301,162,216,54,100,1063,963,154,3591,21
132,132,0,153,115,-38,200,153,-47,132,548,416,131,331,200,154,223,69,116,385,269,116,2003,21
132,147,15,170,138,-32,217,179,-38,122,638,516,132,316,184,154,216,62,116,570,454,116,2320,21
122,153,31,169,132,-37,231,169,-62,131,632,501,137,253,116,147,216,69,132,648,516,122,2325,21
116,116,0,163,147,-16,217,154,-63,131,701,570,131,648,517,153,168,15,132,470,338,131,2535,21
154,169,15,154,116,-38,216,169,-47,132,1033,901,115,438,323,147,294,147,106,454,348,131,2804,21
153,153,0,185,1865,1680,154,254,100,116,663,547,106,338,232,163,263,100,106,654,548,216,4406,21
162,162,0,170,138,-32,232,232,0,116,670,554,116,385,269,163,616,453,100,517,417,131,2851,21
131,169,38,147,147,0,185,169,-16,131,885,754,117,501,384,163,294,131,85,1108,1023,147,3420,21
178,216,38,147,169,22,201,179,-22,137,755,618,116,332,216,154,714,560,88,526,438,162,3053,21
116,200,84,163,132,-31,168,216,48,131,2217,2086,115,416,301,138,222,84,116,416,300,132,3951,21
169,216,47,154,122,-32,200,179,-21,122,901,779,100,423,323,147,162,15,116,470,354,131,2604,21
162,162,0,169,185,16,285,354,69,147,1333,1186,116,532,416,139,217,78,122,569,447,131,3483,21
122,106,-16,163,163,0,169,131,-38,123,8296,8173,100,601,501,121,438,317,116,501,385,146,10382,21
116,122,6,117,94,-23,185,138,-47,116,732,616,100,385,285,132,385,253,85,285,200,147,2288,21
132,132,0,147,131,-16,169,122,-47,116,748,632,100,485,385,131,232,101,84,732,648,106,2688,21
115,115,0,153,153,0,201,148,-53,116,654,538,94,517,423,162,378,216,53,401,348,84,2450,21
137,137,0,163,116,-47,232,200,-32,147,564,417,137,300,163,138,216,78,106,385,279,138,2056,21
147,147,0,169,169,0,247,215,-32,132,802,670,100,353,253,116,295,179,99,400,301,122,2503,21
116,132,16,153,153,0,194,162,-32,117,718,601,154,285,131,169,385,216,100,385,285,116,2336,21
115,115,0,169,132,-37,237,184,-53,131,632,501,101,301,200,137,200,63,122,423,301,147,2134,21
138,138,0,147,131,-16,216,201,-15,153,801,648,116,316,200,216,332,116,106,470,364,115,2504,21
131,153,22,147,178,31,153,85,-68,137,600,463,138,238,100,147,263,116,131,338,207,116,1971,21
153,153,0,200,200,0,185,131,-54,154,755,601,115,569,454,163,278,115,116,423,307,147,2656,21
131,131,0,169,154,-15,185,169,-16,116,663,547,116,316,200,185,269,84,116,316,200,138,2156,21
137,153,16,216,184,-32,148,648,500,100,670,570,131,253,122,163,395,232,84,338,254,100,2741,21
107,123,16,147,147,0,169,116,-53,138,601,463,122,285,163,137,284,147,116,432,316,138,2126,21
131,169,38,184,163,-21,200,169,-31,100,754,654,116,400,284,132,295,163,84,406,322,132,2488,21
131,152,21,179,163,-16,169,316,147,115,585,470,138,301,163,137,353,216,85,416,331,116,2402,21
132,116,-16,147,131,-16,185,154,-31,100,516,416,100,278,178,139,307,168,79,780,701,138,2420,21
116,122,6,116,100,-16,248,201,-47,116,648,532,115,1133,1018,153,222,69,116,432,316,131,2989,21
132,100,-32,148,101,-47,200,162,-38,138,601,463,116,316,200,122,216,94,107,1086,979,100,2682,21
132,132,0,137,137,0,132,101,-31,115,463,348,115,322,207,132,401,269,100,547,447,132,2235,21
122,122,0,132,100,-32,216,179,-37,137,638,501,100,348,248,115,216,101,100,470,370,131,2204,21
132,132,0,153,153,0,147,131,-16,116,532,416,100,354,254,131,247,116,100,517,417,138,2204,21
116,163,47,154,486,332,132,270,138,100,617,517,85,301,216,170,248,78,85,370,285,132,2587,21
116,147,31,154,185,31,139,217,78,116,871,755,101,354,253,132,316,184,116,463,347,138,2691,21
131,184,53,185,216,31,169,247,78,123,4307,4184,138,301,163,122,216,94,122,438,316,132,6041,21
132,185,53,147,200,53,185,232,47,115,616,501,100,501,401,137,184,47,131,454,323,131,2503,21
116,163,47,154,169,15,116,201,85,85,654,569,116,348,232,116,285,169,100,532,432,131,2483,21
122,122,0,131,163,32,100,300,200,69,816,747,101,586,485,137,253,116,84,1650,1566,84,3974,21
115,100,-15,147,116,-31,131,185,54,100,632,532,100,416,316,137,300,163,69,655,586,147,2551,21
116,116,0,200,153,-47,200,200,0,116,663,547,85,254,169,169,247,78,122,385,263,153,2171,21
116,116,0,131,116,-15,185,137,-48,101,517,416,84,385,301,147,247,100,84,416,332,153,2087,21
138,138,0,131,116,-15,184,147,-37,100,654,554,100,316,216,154,201,47,116,469,353,132,2173,21
137,115,-22,138,116,-22,169,138,-31,100,832,732,116,939,823,147,478,331,85,616,531,123,3357,21
138,138,0,231,184,-47,194,279,85,0,1640,1640,100,479,379,153,284,131,100,438,338,147,3589,21
147,115,-32,147,147,0,169,154,-15,100,616,516,116,317,201,131,215,84,100,517,417,137,2218,21
124,156,32,131,100,-31,185,147,-38,122,554,432,132,301,169,131,184,53,101,417,316,116,1975,21
132,132,0,100,100,0,169,131,-38,123,723,600,78,279,201,169,285,116,85,386,301,131,2167,21
132,132,0,138,116,-22,200,153,-47,116,648,532,100,554,454,131,247,116,100,770,670,115,2735,21
147,147,0,138,122,-16,194,147,-47,116,601,485,147,453,306,179,548,369,69,354,285,116,2488,21
147,147,0,200,137,-63,601,601,0,78,516,438,100,378,278,106,369,263,100,401,301,131,2680,21
100,84,-16,169,169,0,147,116,-31,116,748,632,106,801,695,106,585,479,115,400,285,122,3025,21
116,85,-31,163,131,-32,170,132,-38,122,539,417,115,400,285,147,463,316,84,353,269,132,2235,21
147,147,0,138,116,-22,185,153,-32,116,585,469,116,316,200,132,717,585,100,553,453,148,2735,21
147,132,-15,116,69,-47,200,162,-38,138,522,384,148,464,316,138,754,616,100,1033,933,115,3251,21
132,116,-16,147,163,16,153,106,-47,132,501,369,147,363,216,137,738,601,100,332,232,147,2466,21
168,168,0,132,85,-47,194,163,-31,169,1617,1448,138,586,448,169,300,131,116,369,253,132,3420,21
169,153,-16,131,147,16,153,116,-37,121,585,464,115,284,169,147,201,54,115,431,316,123,2040,21
138,138,0,147,147,0,169,131,-38,107,554,447,100,770,670,147,200,53,132,332,200,169,2441,21
147,131,-16,100,116,16,153,138,-15,116,701,585,116,278,162,154,316,162,122,485,363,85,2250,21
162,178,16,185,154,-31,184,169,-15,116,600,484,101,301,200,131,232,101,100,316,216,153,2103,21
154,122,-32,147,116,-31,184,163,-21,100,685,585,131,269,138,147,285,138,100,347,247,138,2125,21
122,122,0,146,115,-31,185,185,0,84,1580,1496,122,238,116,169,300,131,116,332,216,154,3026,21
169,131,-38,154,100,-54,201,154,-47,116,1364,1248,122,438,316,163,201,38,115,347,232,169,2904,21
131,184,53,94,1180,1086,169,138,-31,147,932,785,131,285,154,163,301,138,116,300,184,132,3452,21
138,138,0,100,84,-16,179,147,-32,100,616,516,100,270,170,131,262,131,100,385,285,122,2024,21
132,169,37,116,100,-16,200,163,-37,116,485,369,100,301,201,153,200,47,100,332,232,137,1887,21
147,131,-16,147,163,16,153,122,-31,100,601,501,100,363,263,169,237,68,100,401,301,147,2165,21
146,146,0,200,200,0,185,138,-47,100,600,500,132,401,269,131,247,116,116,353,237,147,2232,21
153,153,0,147,163,16,184,137,-47,101,617,516,116,332,216,169,269,100,100,347,247,154,2172,21
138,169,31,116,147,31,153,106,-47,116,501,385,131,416,285,162,200,38,116,416,300,147,2102,21
147,131,-16,185,153,-32,186,148,-38,116,719,603,125,336,211,162,300,138,94,363,269,153,2303,21
169,137,-32,147,201,54,147,93,-54,123,1008,885,116,394,278,138,1139,1001,100,617,517,153,3742,21
185,146,-39,154,185,31,132,85,-47,116,485,369,132,301,169,169,200,31,131,385,254,147,1934,21
169,216,47,138,169,31,169,100,-69,132,917,785,100,385,285,116,247,131,106,754,648,116,2904,21
122,122,0,132,147,15,169,116,-53,100,501,401,122,285,163,138,254,116,132,385,253,131,1941,21
148,116,-32,132,132,0,153,116,-37,131,601,470,116,538,422,147,563,416,84,316,232,137,2519,21
168,131,-37,153,169,16,169,116,-53,100,469,369,116,301,185,153,253,100,100,363,263,154,1956,21
200,200,0,147,147,0,169,116,-53,122,554,432,100,669,569,132,232,100,116,332,216,137,2387,21
169,185,16,169,200,31,169,122,-47,131,579,448,116,1356,1240,169,247,78,122,401,279,122,3212,21
115,500,385,101,217,116,153,100,-53,115,701,586,84,438,354,162,647,485,85,232,147,153,2988,21
147,147,0,123,201,78,123,54,-69,116,501,385,131,369,238,163,316,153,100,701,601,131,2420,21
153,216,63,38,1302,1264,222,153,-69,116,432,316,138,269,131,169,216,47,100,332,232,138,3058,21
131,131,0,154,154,0,216,131,-85,122,755,633,146,347,201,169,385,216,115,337,222,147,2387,21
137,169,32,147,184,37,179,100,-79,101,686,585,115,378,263,154,485,331,138,385,247,147,2534,21
147,200,53,147,285,138,200,147,-53,100,1186,1086,131,663,532,138,207,69,94,378,284,154,3220,21
153,115,-38,138,169,31,201,116,-85,116,538,422,132,501,369,178,231,53,116,548,432,122,2340,21
201,185,-16,137,153,16,185,132,-53,100,500,400,116,516,400,132,417,285,100,354,254,169,2426,21
163,163,0,137,153,16,200,131,-69,132,554,422,147,263,116,185,254,69,100,384,284,147,2049,21
169,169,0,132,169,37,216,132,-84,131,531,400,122,285,163,200,315,115,101,354,253,169,2124,21
147,647,500,101,186,85,216,147,-69,100,469,369,116,269,153,185,232,47,100,1017,917,131,3098,21
184,184,0,154,154,0,215,131,-84,100,416,316,137,338,201,147,247,100,115,432,317,169,2071,21
163,169,6,148,201,53,194,131,-63,100,385,285,147,332,185,153,1070,917,78,600,522,132,3020,21
132,132,0,138,138,0,178,116,-62,132,501,369,115,368,253,163,379,216,85,416,331,153,2203,21
169,169,0,147,147,0,216,138,-78,131,479,348,122,322,200,163,216,53,84,547,463,132,2150,21
147,147,0,200,222,22,200,116,-84,131,532,401,115,300,185,153,200,47,116,401,285,147,2065,21
147,147,0,184,184,0,185,116,-69,122,538,416,163,964,801,169,354,185,84,469,385,132,2904,21
169,169,0,131,185,54,147,85,-62,131,632,501,131,301,170,131,253,122,100,401,301,178,2204,21
154,169,15,132,216,84,200,116,-84,122,885,763,116,717,601,170,401,231,116,385,269,100,2989,21
116,131,15,122,122,0,200,132,-68,100,516,416,116,432,316,138,200,62,100,401,301,123,2057,21
172,172,0,141,190,49,154,134,-20,90,742,652,131,274,143,142,255,113,90,407,317,112,2286,21
163,132,-31,133,184,51,174,103,-71,111,515,404,104,482,378,152,544,392,84,420,336,147,2527,21
100,100,0,150,201,51,216,178,-38,138,454,316,131,353,222,148,364,216,115,369,254,147,2166,21
147,216,69,169,185,16,162,116,-46,115,569,454,116,416,300,147,447,300,85,332,247,138,2419,21
132,132,0,153,200,47,147,84,-63,117,517,400,116,485,369,132,301,169,100,385,285,131,2235,21
154,132,-22,153,184,31,169,122,-47,101,464,363,115,337,222,116,279,163,84,369,285,116,2003,21
131,100,-31,163,163,0,184,122,-62,116,447,331,132,301,169,147,231,84,100,401,301,137,1902,21
147,163,16,153,184,31,185,116,-69,132,438,306,132,294,162,154,222,68,116,463,347,101,1981,21
131,131,0,138,138,0,200,131,-69,116,401,285,131,316,185,154,201,47,100,354,254,131,1803,21
137,122,-15,147,147,0,185,116,-69,131,369,238,138,216,78,169,248,79,106,406,300,147,1771,21
131,131,0,116,101,-15,185,131,-54,122,770,648,116,300,184,201,201,0,100,316,216,131,2081,21
122,100,-22,122,170,48,184,115,-69,116,570,454,116,748,632,154,270,116,131,316,185,137,2426,21
104,128,24,144,120,-24,179,179,0,87,800,713,80,332,252,128,725,597,115,1899,1784,104,4287,21
114,114,0,121,121,0,171,131,-40,100,730,630,146,492,346,123,315,192,80,451,371,88,2442,21
128,134,6,155,163,8,136,144,8,65,1043,978,100,242,142,162,397,235,72,416,344,106,2645,21
133,141,8,121,129,8,153,113,-40,105,632,527,88,309,221,126,294,168,80,448,368,105,2171,21
113,145,32,155,139,-16,168,128,-40,95,736,641,88,252,164,129,315,186,80,518,438,107,2340,21
144,144,0,144,144,0,171,139,-32,106,606,500,79,251,172,152,304,152,80,411,331,92,2091,21
132,132,0,127,111,-16,197,148,-49,109,708,599,91,283,192,119,235,116,97,325,228,124,2066,21
174,176,2,126,126,0,168,112,-56,112,779,667,97,341,244,112,293,181,99,325,226,125,2277,21
116,116,0,117,117,0,193,137,-56,96,585,489,80,234,154,111,431,320,72,879,807,104,2603,21
116,116,0,146,162,16,150,110,-40,104,740,636,85,330,245,102,229,127,72,429,357,96,2212,21
154,130,-24,165,165,0,194,147,-47,83,667,584,97,218,121,141,291,150,64,429,365,78,2125,21
102,102,0,152,176,24,210,154,-56,104,703,599,104,254,150,136,313,177,72,402,330,83,2187,21
116,140,24,177,177,0,188,156,-32,85,947,862,88,234,146,134,614,480,78,436,358,121,2825,21
120,144,24,128,104,-24,187,144,-43,75,639,564,83,273,190,118,334,216,88,540,452,80,2258,21
136,136,0,131,115,-16,200,136,-64,104,616,512,88,248,160,165,232,67,83,347,264,104,1934,21
128,128,0,146,114,-32,213,173,-40,88,740,652,77,311,234,112,256,144,79,419,340,76,2217,21
96,114,18,188,160,-28,207,168,-39,80,656,576,108,228,120,136,308,172,80,384,304,68,2086,21
124,84,-40,111,104,-7,173,133,-40,79,675,596,112,275,163,117,313,196,84,400,316,85,2069,21
144,128,-16,128,104,-24,188,148,-40,82,749,667,74,288,214,104,192,88,79,395,316,116,2120,21
106,106,0,124,127,3,178,113,-65,87,687,600,96,316,220,102,217,115,66,433,367,120,2119,21
113,141,28,133,133,0,166,119,-47,78,520,442,86,242,156,142,199,57,80,417,337,94,1865,21
110,110,0,162,162,0,160,120,-40,64,639,575,72,256,184,136,319,183,65,409,344,113,2128,21
123,107,-16,112,80,-32,188,163,-25,81,596,515,96,261,165,144,207,63,89,521,432,110,2045,21
128,104,-24,165,149,-16,179,132,-47,84,621,537,120,231,111,143,240,97,66,392,326,80,1949,21
120,120,0,114,116,2,177,129,-48,104,1885,1781,96,403,307,112,176,64,124,1435,1311,112,4376,21
119,119,0,81,24,-57,212,164,-48,118,822,704,112,213,101,145,178,33,72,413,341,83,2016,21
115,99,-16,146,114,-32,192,147,-45,101,641,540,107,296,189,141,181,40,104,414,310,100,1992,21
122,139,17,99,67,-32,223,207,-16,76,742,666,96,280,184,156,220,64,117,397,280,107,2159,21
104,120,16,141,109,-32,186,146,-40,89,847,758,95,266,171,140,220,80,100,451,351,112,2271,21
155,155,0,159,159,0,203,136,-67,119,745,626,80,299,219,112,241,129,88,556,468,112,2403,21
112,112,0,148,155,7,183,114,-69,104,553,449,123,238,115,121,192,71,136,437,301,112,1913,21
104,88,-16,139,147,8,171,115,-56,128,849,721,99,267,168,142,319,177,71,378,307,130,2293,21
132,124,-8,153,129,-24,189,136,-53,101,636,535,100,200,100,144,309,165,97,313,216,116,1963,21
144,144,0,136,112,-24,197,157,-40,104,1031,927,92,226,134,127,303,176,84,352,268,112,2437,21
132,132,0,242,245,3,159,111,-48,125,848,723,96,300,204,135,331,196,101,324,223,124,2415,21
136,144,8,169,136,-33,210,162,-48,107,659,552,111,241,130,129,185,56,102,361,259,97,1985,21
123,123,0,116,84,-32,217,165,-52,127,705,578,84,230,146,142,248,106,97,297,200,82,1934,21
112,88,-24,152,136,-16,192,136,-56,96,682,586,105,192,87,166,283,117,72,435,363,105,2057,21
101,85,-16,136,112,-24,225,161,-64,112,683,571,96,399,303,130,263,133,90,573,483,86,2362,21
128,104,-24,128,165,37,193,113,-80,80,687,607,84,408,324,120,422,302,86,589,503,165,2653,21
99,72,-27,143,143,0,218,120,-98,98,746,648,97,327,230,106,146,40,88,350,262,99,2003,21
156,61,-95,182,168,-14,187,139,-48,80,693,613,94,230,136,134,308,174,94,410,316,136,2145,21
134,110,-24,155,155,0,191,135,-56,112,837,725,96,195,99,179,236,57,96,388,292,121,2177,21
109,109,0,166,124,-42,202,156,-46,96,724,628,113,317,204,168,312,144,84,551,467,85,2378,21
120,120,0,149,125,-24,218,154,-64,136,745,609,96,342,246,113,225,112,104,475,371,128,2314,21
150,167,17,130,98,-32,224,144,-80,133,763,630,114,361,247,111,240,129,103,375,272,112,2260,21
128,80,-48,146,128,-18,211,136,-75,99,941,842,96,219,123,129,248,119,112,667,555,138,2557,21
148,100,-48,160,128,-32,236,182,-54,78,658,580,72,591,519,134,463,329,104,369,265,120,2611,21
114,121,7,158,211,53,211,1240,1029,77,686,609,101,240,139,144,200,56,110,813,703,98,3609,21
129,129,0,120,122,2,198,125,-73,105,692,587,108,206,98,156,702,546,90,625,535,108,2709,21
120,186,66,150,232,82,193,98,-95,111,780,669,112,704,592,107,204,97,113,438,325,101,2743,21
143,127,-16,114,82,-32,239,169,-70,102,746,644,120,310,190,120,232,112,111,401,290,111,2178,21
149,92,-57,134,122,-12,208,136,-72,120,722,602,88,310,222,118,248,130,84,396,312,104,2130,21
122,98,-24,146,121,-25,191,134,-57,101,729,628,112,274,162,132,446,314,102,352,250,96,2250,21
137,113,-24,144,96,-48,255,321,66,158,1116,958,111,239,128,129,395,266,146,527,381,101,2908,21
151,103,-48,152,120,-32,202,153,-49,153,853,700,91,238,147,152,280,128,121,373,252,122,2242,21
144,112,-32,152,112,-40,201,147,-54,137,528,391,112,344,232,125,240,115,112,342,230,112,1937,21
136,72,-64,135,111,-24,207,137,-70,110,537,427,104,233,129,152,376,224,112,433,321,112,2011,21
148,150,2,126,102,-24,202,130,-72,120,743,623,99,370,271,130,328,198,88,393,305,98,2314,21
151,151,0,121,89,-32,226,146,-80,144,739,595,113,257,144,114,392,278,118,355,237,144,2273,21
156,124,-32,120,96,-24,171,131,-40,141,697,556,80,277,197,143,326,183,117,458,341,112,2221,21
126,63,-63,163,139,-24,204,140,-64,101,717,616,104,439,335,123,332,209,96,346,250,134,2310,21
143,65,-78,203,147,-56,256,200,-56,122,766,644,93,261,168,128,240,112,120,343,223,128,2150,21
190,140,-50,177,114,-63,240,192,-48,135,2134,1999,88,261,173,162,589,427,96,403,307,125,3958,21
150,102,-48,157,120,-37,197,149,-48,116,800,684,122,307,185,136,266,130,96,372,276,143,2259,21
144,106,-38,168,128,-40,216,155,-61,125,771,646,96,273,177,167,391,224,88,334,246,115,2273,21
146,146,0,146,106,-40,217,169,-48,114,699,585,104,268,164,128,309,181,140,542,402,145,2384,21
148,155,7,130,74,-56,216,160,-56,125,707,582,96,289,193,127,212,85,85,483,398,152,2232,21
149,108,-41,152,113,-39,200,144,-56,128,702,574,89,311,222,122,238,116,95,338,243,130,2084,21
161,129,-32,144,120,-24,212,140,-72,135,786,651,72,469,397,122,407,285,104,442,338,146,2639,21
154,129,-25,157,108,-49,196,148,-48,136,924,788,118,236,118,167,251,84,104,347,243,119,2262,21
143,127,-16,176,152,-24,190,125,-65,136,940,804,80,584,504,152,505,353,113,524,411,153,3110,21
147,107,-40,136,136,0,212,112,-100,120,764,644,116,406,290,182,654,472,80,392,312,123,2694,21
176,180,4,103,71,-32,188,131,-57,146,820,674,115,254,139,137,689,552,81,373,292,123,2641,21
156,124,-32,176,144,-32,221,173,-48,96,767,671,88,330,242,153,304,151,83,291,208,119,2252,21
141,149,8,191,148,-43,253,205,-48,147,2075,1928,104,395,291,136,208,72,112,395,283,99,3674,21
144,104,-40,160,120,-40,193,144,-49,106,813,707,104,312,208,146,263,117,101,411,310,139,2306,21
133,101,-32,175,151,-24,200,136,-64,112,679,567,80,227,147,142,467,325,118,373,255,125,2259,21
139,108,-31,151,127,-24,197,148,-49,121,734,613,93,297,204,152,271,119,104,326,222,125,2136,21
137,145,8,310,310,0,163,123,-40,120,1067,947,155,264,109,144,232,88,112,378,266,137,2656,21
153,120,-33,140,100,-40,200,144,-56,139,604,465,100,851,751,145,330,185,121,397,276,123,2669,21
127,138,11,152,120,-32,195,137,-58,134,739,605,88,319,231,136,248,112,96,377,281,144,2222,21
153,138,-15,199,141,-58,264,224,-40,144,898,754,96,287,191,152,433,281,96,351,255,156,2628,21
168,168,0,144,104,-40,178,130,-48,159,717,558,97,257,160,144,394,250,100,367,267,128,2265,21
166,94,-72,183,143,-40,225,161,-64,101,674,573,88,238,150,169,247,78,96,335,239,120,2012,21
116,84,-32,142,108,-34,207,167,-40,133,733,600,80,236,156,146,462,316,97,314,217,122,2226,21
160,120,-40,180,132,-48,198,142,-56,141,806,665,80,260,180,125,333,208,80,340,260,113,2246,21
156,100,-56,224,177,-47,190,149,-41,147,724,577,96,239,143,169,285,116,104,310,206,133,2117,21
140,76,-64,178,138,-40,200,152,-48,128,682,554,80,244,164,139,490,351,99,533,434,136,2451,21
136,96,-40,181,181,0,176,104,-72,114,3278,3164,104,735,631,174,343,169,100,242,142,165,5144,21
181,113,-68,148,116,-32,192,136,-56,128,660,532,105,289,184,135,368,233,88,465,377,144,2291,21
144,96,-48,130,106,-24,229,152,-77,114,609,495,98,300,202,140,220,80,96,297,201,122,1902,21
160,136,-24,170,114,-56,208,175,-33,127,718,591,116,255,139,161,285,124,88,325,237,127,2135,21
144,120,-24,476,225,-251,254,406,152,151,973,822,93,245,152,159,425,266,80,392,312,113,2899,21
143,94,-49,172,120,-52,184,132,-52,157,1071,914,140,284,144,144,367,223,95,318,223,143,2529,21
140,88,-52,146,106,-40,216,168,-48,144,1000,856,82,262,180,154,428,274,80,375,295,116,2543,21
169,96,-73,145,97,-48,209,153,-56,127,733,606,86,223,137,154,405,251,98,313,215,137,2157,21
157,99,-58,169,130,-39,216,152,-64,135,800,665,88,217,129,141,654,513,81,887,806,152,3091,21
124,71,-53,143,85,-58,201,137,-64,141,753,612,105,270,165,125,290,165,80,344,264,129,2079,21
141,99,-42,107,74,-33,209,145,-64,123,670,547,120,232,112,121,187,66,93,493,400,128,2028,21
138,64,-74,154,98,-56,209,166,-43,101,760,659,81,240,159,160,312,152,73,1156,1083,133,2929,21
144,64,-80,145,104,-41,194,122,-72,136,927,791,104,300,196,134,251,117,97,438,341,146,2352,21
156,99,-57,150,76,-74,250,166,-84,147,748,601,104,235,131,159,284,125,75,955,880,144,2707,21
140,119,-21,173,117,-56,229,205,-24,238,886,648,112,188,76,201,404,203,121,463,342,124,2506,21
88,248,160,128,200,72,184,120,-64,119,568,449,96,335,239,128,297,169,88,376,288,128,2272,21
128,129,1,111,71,-40,184,160,-24,104,504,400,128,376,248,120,121,1,95,391,296,128,1880,21
132,100,-32,128,88,-40,184,152,-32,112,376,264,120,312,192,120,176,56,104,416,312,136,1756,21
136,104,-32,128,96,-32,176,144,-32,104,376,272,112,296,184,144,192,48,71,352,281,136,1696,21
144,104,-40,144,104,-40,224,184,-40,128,352,224,104,384,280,136,224,88,120,464,344,160,1976,21
165,144,-21,136,112,-24,176,128,-48,119,479,360,113,329,216,160,208,48,88,352,264,120,1872,21
143,135,-8,153,129,-24,176,144,-32,112,704,592,96,240,144,160,296,136,95,456,361,128,2232,21
168,170,2,110,86,-24,160,136,-24,127,944,817,71,648,577,88,704,616,104,464,360,72,3224,21
120,72,-48,168,144,-24,185,152,-33,153,1033,880,136,288,152,144,208,64,120,448,328,136,2481,21
136,112,-24,136,112,-24,192,168,-24,120,448,328,88,384,296,128,184,56,96,584,488,128,2120,21
152,153,1,135,111,-24,192,144,-48,112,400,288,120,288,168,152,224,72,96,424,328,160,1904,21
137,105,-32,136,137,1,167,127,-40,112,432,320,112,272,160,144,256,112,88,440,352,128,1897,21
128,152,24,160,120,-40,192,160,-32,111,480,369,128,271,143,153,193,40,104,440,336,144,1960,21
143,145,2,135,95,-40,184,152,-32,104,384,280,120,600,480,136,192,56,168,425,257,119,2112,21
192,216,24,152,136,-16,160,144,-16,135,614,479,98,290,192,136,288,152,80,376,296,151,2215,21
128,93,-35,147,107,-40,176,144,-32,112,1584,1472,111,288,177,128,760,632,80,511,431,120,3607,21
136,137,1,135,95,-40,168,144,-24,120,728,608,111,264,153,136,232,96,80,424,344,144,2168,21
137,121,-16,144,96,-48,176,152,-24,120,392,272,120,336,216,136,200,64,88,424,336,136,1857,21
152,153,1,159,207,48,176,1168,992,96,744,648,104,248,144,144,232,88,88,864,776,160,3776,21
128,129,1,311,95,-216,160,344,184,104,832,728,96,256,160,168,248,80,96,384,288,136,2424,21
129,130,1,159,135,-24,208,160,-48,136,472,336,96,328,232,88,224,136,88,416,328,160,2025,21
144,145,1,175,159,-16,184,144,-40,104,392,288,112,416,304,120,184,64,88,560,472,144,2144,21
136,112,-24,168,120,-48,184,152,-32,96,352,256,88,296,208,128,240,112,80,488,408,152,1912,21
135,112,-23,168,144,-24,184,136,-48,104,376,272,104,280,176,176,448,272,56,456,400,184,2136,21
136,88,-48,144,88,-56,200,160,-40,104,392,288,120,240,120,152,264,112,80,600,520,96,1928,21
135,96,-39,168,96,-72,208,168,-40,88,384,296,104,440,336,136,137,1,71,719,648,144,2184,21
128,88,-40,136,88,-48,184,144,-40,112,416,304,104,256,152,136,176,40,80,424,344,136,1728,21
144,72,-72,144,145,1,151,95,-56,112,432,320,88,431,343,129,161,32,79,384,305,120,1840,21
96,72,-24,168,136,-32,143,104,-39,128,744,616,112,288,176,143,232,89,72,488,416,128,2192,21
144,112,-32,168,88,-80,200,168,-32,136,872,736,104,384,280,144,240,96,80,336,256,144,2344,21
112,96,-16,168,169,1,175,807,632,112,424,312,96,312,216,112,200,88,71,423,352,144,2575,21
120,96,-24,161,121,-40,183,185,2,95,335,240,112,288,176,128,176,48,80,376,296,112,1689,21
120,121,1,135,119,-16,168,127,-41,113,369,256,96,304,208,128,232,104,72,312,240,120,1704,21
128,72,-56,168,152,-16,168,127,-41,105,441,336,72,1272,1200,136,176,40,88,432,344,160,2832,21
151,152,1,136,80,-56,184,160,-24,112,400,288,104,304,200,152,265,113,87,551,464,129,2041,21
128,129,1,151,119,-32,168,112,-56,112,320,208,112,328,216,135,208,73,88,960,872,120,2296,21
136,96,-40,144,145,1,151,95,-56,111,384,273,112,352,240,120,176,56,80,464,384,128,1840,21
137,97,-40,136,112,-24,168,120,-48,112,360,248,128,272,144,118,176,58,88,424,336,128,1689,21
152,96,-56,168,144,-24,168,121,-47,111,439,328,120,255,135,153,155,2,78,438,360,160,1808,21
136,104,-32,183,144,-39,160,152,-8,111,488,377,88,336,248,144,184,40,88,408,320,152,1968,21
128,129,1,134,87,-47,232,144,-88,119,336,217,120,400,280,128,129,1,95,463,368,128,1816,21
115,104,-11,184,152,-32,192,264,72,96,440,344,112,344,232,128,208,80,112,560,448,128,2200,21
136,111,-25,153,104,-49,209,145,-64,96,504,408,88,688,600,144,145,1,87,830,743,97,2624,21
104,160,56,160,161,1,198,191,-7,104,696,592,127,968,841,128,151,23,97,369,272,144,2840,21
128,88,-40,152,128,-24,216,152,-64,96,464,368,112,320,208,152,192,40,104,424,320,120,1888,21
136,104,-32,152,112,-40,183,143,-40,105,337,232,120,960,840,136,232,96,104,331,227,149,2368,21
137,121,-16,144,119,-25,234,178,-56,128,1167,1039,80,888,808,137,201,64,88,352,264,143,3169,21
136,138,2,118,54,-64,264,192,-72,104,440,336,96,368,272,112,152,40,88,416,328,128,1888,21
136,112,-24,136,88,-48,200,176,-24,120,1480,1360,88,280,192,168,256,88,80,496,416,152,3040,21
160,103,-57,145,112,-33,177,121,-56,111,456,345,88,288,200,136,288,152,88,336,248,144,1848,21
144,96,-48,144,104,-40,240,184,-56,72,391,319,113,353,240,167,170,3,78,374,296,144,1816,21
194,99,-95,135,96,-39,175,151,-24,88,672,584,104,232,128,136,168,32,64,422,358,130,1970,21
145,113,-32,152,127,-25,177,121,-56,120,408,288,96,904,808,136,137,1,55,1055,1000,104,2969,21
168,96,-72,144,104,-40,200,128,-72,136,456,320,128,264,136,144,344,200,72,328,256,184,1904,21
144,88,-56,144,96,-48,192,136,-56,104,344,240,128,672,544,160,224,64,112,328,216,144,2032,21
144,112,-32,160,96,-64,168,170,2,126,886,760,79,200,121,153,208,55,104,345,241,143,2160,21
136,137,1,151,103,-48,183,144,-39,128,528,400,120,272,152,144,216,72,80,368,288,136,1904,21
148,120,-28,160,136,-24,192,120,-72,112,408,296,96,264,168,152,176,24,80,328,248,144,1696,21
152,104,-48,176,152,-24,192,144,-48,104,608,504,111,256,145,168,224,56,72,416,344,144,2048,21
152,128,-24,208,120,-88,152,232,80,128,936,808,88,248,160,160,192,32,96,664,568,152,2672,21
159,128,-31,160,112,-48,184,152,-32,112,695,583,121,249,128,176,1273,1097,79,415,336,144,3168,21
153,129,-24,192,168,-24,160,120,-40,96,680,584,120,960,840,144,360,216,112,335,223,129,2881,21
136,104,-32,168,136,-32,152,104,-48,110,696,586,120,280,160,152,223,71,97,369,272,144,2056,21
168,128,-40,160,120,-40,208,168,-40,104,480,376,104,288,184,160,312,152,80,352,272,144,1992,21
152,95,-57,169,145,-24,144,104,-40,120,720,600,128,264,136,144,192,48,80,376,296,144,2040,21
136,72,-64,192,216,24,160,104,-56,112,584,472,96,192,96,176,376,200,88,320,232,128,1992,21
153,105,-48,143,104,-39,192,136,-56,104,344,240,112,208,96,167,232,65,104,288,184,144,1561,21
160,88,-72,160,128,-32,192,128,-64,120,376,256,112,264,152,160,304,144,96,296,200,160,1744,21
152,128,-24,160,136,-24,160,128,-32,112,744,632,103,224,121,160,288,128,88,304,216,152,2104,21
136,120,-16,240,160,-80,191,192,1,88,440,352,88,216,128,160,296,136,88,255,167,153,1832,21
144,112,-32,144,128,-16,159,104,-55,112,336,224,119,272,153,176,280,104,88,344,256,168,1744,21
152,80,-72,152,128,-24,176,135,-41,129,977,848,120,208,88,128,1904,1776,96,328,232,160,3920,21
144,72,-72,176,112,-64,160,136,-24,144,384,240,104,264,160,144,208,64,104,360,256,168,1704,21
144,104,-40,152,128,-24,160,112,-48,104,464,360,111,280,169,136,2032,1896,104,344,240,160,3624,21
152,80,-72,152,136,-16,160,96,-64,128,719,591,121,153,32,160,184,24,112,352,240,136,1856,21
132,240,108,175,152,-23,168,104,-64,144,928,784,112,360,248,160,176,16,96,504,408,127,2591,21
136,56,-80,168,120,-48,216,144,-72,120,344,224,144,232,88,160,240,80,128,312,184,152,1600,21
143,112,-31,136,112,-24,176,120,-56,111,344,233,136,240,104,152,153,1,111,351,240,160,1592,21
152,128,-24,144,88,-56,176,144,-32,128,368,240,144,440,296,136,138,2,102,334,232,160,1800,21
152,79,-73,200,161,-39,168,112,-56,128,424,296,120,320,200,160,161,1,87,295,208,152,1704,21
151,80,-71,152,153,1,223,119,-104,128,520,392,96,936,840,144,344,200,48,240,192,136,2528,21
152,96,-56,168,128,-40,192,128,-64,96,400,304,104,184,80,200,336,136,136,256,120,168,1696,21
152,96,-56,135,111,-24,185,130,-55,127,871,744,112,304,192,168,169,1,87,423,336,159,2263,21
169,113,-56,184,120,-64,216,168,-48,104,1168,1064,136,328,192,136,184,48,88,304,216,152,2537,21
136,96,-40,136,120,-16,200,128,-72,104,400,296,127,304,177,160,200,40,88,304,216,135,1687,21
144,224,80,128,88,-40,176,144,-32,104,384,280,104,237,133,155,250,95,105,369,264,144,1840,21
152,104,-48,144,145,1,191,111,-80,104,336,232,128,328,200,128,192,64,96,408,312,144,1768,21
168,128,-40,160,112,-48,176,152,-24,104,352,248,112,440,328,143,145,2,119,415,296,143,1887,21
144,80,-64,144,128,-16,176,120,-56,112,424,312,112,232,120,160,200,40,104,304,200,151,1639,21
160,112,-48,144,87,-57,209,161,-48,104,408,304,112,240,128,168,224,56,112,640,528,152,2024,21
160,120,-40,143,144,1,176,119,-57,128,825,697,104,240,136,184,368,184,104,424,320,144,2384,21
152,72,-80,144,81,-63,214,175,-39,128,456,328,104,216,112,176,216,40,96,416,320,144,1776,21
144,120,-24,152,96,-56,216,160,-56,128,864,736,96,352,256,143,216,73,113,322,209,158,2288,21
144,168,24,192,176,-16,200,728,528,120,512,392,128,240,112,128,192,64,112,328,216,160,2504,21
143,72,-71,160,120,-40,216,128,-88,119,408,289,95,231,136,145,329,184,88,359,271,137,1784,21
144,280,136,152,136,-16,224,128,-96,128,440,312,120,232,112,168,224,56,96,336,240,152,1928,21
160,119,-41,153,105,-48,264,192,-72,136,376,240,128,272,144,88,824,736,112,352,240,144,2384,21
152,128,-24,168,112,-56,264,152,-112,113,384,271,120,831,711,145,177,32,128,359,231,145,2288,21
152,120,-32,184,127,-57,169,146,-23,167,575,408,119,360,241,176,232,56,104,336,232,152,2048,21
224,225,1,143,103,-40,216,152,-64,135,776,641,104,248,144,160,272,112,88,311,223,161,2248,21
160,119,-41,161,121,-40,224,152,-72,120,392,272,96,280,184,160,168,8,104,392,288,136,1760,21
161,3465,3304,120,2288,2168,119,176,57,95,504,409,95,824,729,103,152,49,87,2552,2465,79,10040,22
95,1871,1776,80,3104,3024,96,168,72,88,336,248,80,520,440,72,776,704,96,152,56,104,7031,22
111,1591,1480,120,152,32,104,2216,2112,104,152,48,88,536,448,128,312,184,96,344,248,80,5383,22
104,816,712,80,775,695,97,1825,1728,96,168,72,112,672,560,112,632,520,87,168,81,88,5144,22
96,616,520,80,720,640,80,1056,976,80,768,688,104,128,24,112,344,232,80,2264,2184,128,6024,22
104,383,279,73,321,248,48,2000,1952,71,160,89,88,520,432,87,520,433,87,1000,913,79,4983,22
72,456,384,63,2783,2720,128,209,81,111,304,193,87,728,641,111,264,153,95,280,185,63,5087,22
119,1208,1089,119,192,73,103,768,665,87,808,721,143,232,89,127,648,521,103,216,113,135,4207,22
103,576,473,111,392,281,111,1320,1209,159,2744,2585,119,239,120,112,673,561,103,1175,1072,112,7231,22
120,2224,2104,120,208,88,136,968,832,176,1312,1136,112,200,88,128,504,376,96,736,640,200,6352,22
144,3552,3408,104,128,24,96,728,632,56,2536,2480,120,160,40,120,520,400,87,160,73,104,7888,22
97,1001,904,96,128,32,80,1112,1032,80,216,136,88,376,288,79,512,433,71,183,112,89,3617,22
88,320,232,88,208,120,79,1104,1025,80,256,176,96,344,248,88,384,296,80,1023,943,113,3752,22
88,488,400,55,184,129,95,2320,2225,87,328,241,111,536,425,80,752,672,119,472,353,111,5191,22
87,368,281,95,247,152,72,1609,1537,87,200,113,111,1152,1041,87,584,497,47,152,105,95,4407,22
104,513,409,71,224,153,71,4103,4032,56,168,112,96,432,336,56,384,328,112,696,584,119,6639,22
96,488,392,72,1880,1808,88,520,432,112,272,160,104,376,272,104,720,616,104,688,584,88,5032,22
143,368,225,143,320,177,103,1136,1033,119,1999,1880,128,736,608,120,176,56,120,272,152,120,5127,22
128,384,256,112,152,40,104,1048,944,104,200,96,120,504,384,112,224,112,120,336,216,144,2992,22
128,328,200,128,184,56,96,584,488,128,424,296,128,448,320,104,648,544,96,224,128,120,2960,22
136,440,304,128,184,56,120,584,464,120,368,248,104,560,456,136,680,544,87,200,113,127,3143,22
167,2136,1969,111,112,1,127,1071,944,88,313,225,95,312,217,103,304,201,95,272,177,103,4623,22
96,328,232,88,1616,1528,64,2056,1992,64,1496,1432,128,129,1,151,1030,879,145,833,688,152,7640,22
112,415,303,81,305,224,80,656,576,88,232,144,104,552,448,80,912,832,72,128,56,87,3287,22
103,464,361,96,152,56,80,856,776,72,264,192,47,408,361,103,408,305,71,288,217,87,2927,22
71,296,225,95,176,81,95,736,641,87,264,177,127,496,369,87,504,417,71,912,841,55,3439,22
71,640,569,87,344,257,95,855,760,104,280,176,104,304,200,96,520,424,104,240,136,88,3271,22
96,536,440,88,1816,1728,80,800,720,120,568,448,88,408,320,88,504,416,80,200,120,104,4936,22
103,2112,2009,71,168,97,95,816,721,71,1320,1249,95,344,249,87,296,209,79,768,689,127,5951,22
88,336,248,88,185,97,95,567,472,104,296,192,136,408,272,88,408,320,96,200,104,112,2512,22
104,416,312,104,208,104,112,760,648,88,728,640,80,168,88,96,552,456,72,184,112,80,3096,22
81,777,696,80,160,80,88,1176,1088,56,464,408,64,511,447,72,201,129,88,352,264,87,3728,22
88,328,240,88,176,88,88,736,648,79,400,321,96,312,216,79,496,417,71,272,201,87,2807,22
79,288,209,71,151,80,96,673,577,71,240,169,87,552,465,71,1720,1649,71,216,145,87,3927,22
120,712,592,88,448,360,88,448,360,64,1040,976,120,152,32,136,448,312,96,944,848,79,4271,22
80,3424,3344,96,311,215,112,1040,928,89,217,128,111,496,385,88,272,184,120,296,176,111,6167,22
128,432,304,96,776,680,72,384,312,103,392,289,80,1136,1056,87,136,49,103,280,177,111,3647,22
103,560,457,71,2416,2345,119,648,529,111,256,145,103,432,329,79,1168,1089,103,1031,928,88,6599,22
120,3017,2897,103,152,49,103,416,313,47,2071,2024,112,137,25,127,359,232,88,433,345,71,6656,22
120,880,760,88,120,32,128,2016,1888,104,232,128,72,536,464,72,232,160,96,1176,1080,79,5271,22
104,432,328,96,360,264,71,536,465,104,368,264,104,592,488,63,592,529,80,928,848,111,3919,22
112,1584,1472,71,168,97,119,504,385,31,456,425,103,608,505,79,344,265,79,304,225,95,4063,22
95,320,225,87,288,201,71,496,425,87,344,257,87,312,225,79,344,265,71,384,313,87,2575,22
87,304,217,87,376,289,63,920,857,103,344,241,87,399,312,72,408,336,88,888,800,112,3751,22
80,2008,1928,96,472,376,96,1728,1632,64,443,379,77,493,416,88,632,544,120,5328,5208,119,11223,22
128,1345,1217,96,184,88,128,808,680,111,1544,1433,111,136,25,135,312,177,127,304,177,111,4744,22
135,991,856,88,161,73,87,688,601,95,1015,920,80,201,121,87,455,368,104,528,424,136,4175,22
112,384,272,112,200,88,128,536,408,104,504,400,112,368,256,96,360,264,96,400,304,136,2888,22
128,320,192,136,336,200,144,720,576,120,856,736,112,504,392,88,1304,1216,112,1976,1864,71,6087,22
112,328,216,88,1912,1824,111,152,41,120,408,288,103,352,249,64,320,256,87,392,305,103,3967,22
128,416,288,112,240,128,111,656,545,79,352,273,111,440,329,80,464,384,79,1024,945,151,3743,22
95,295,200,72,337,265,95,760,665,87,264,177,111,544,433,63,760,697,103,1127,1024,104,4191,22
112,328,216,96,184,88,104,608,504,88,280,192,96,400,304,104,448,344,96,320,224,96,2664,22
112,400,288,80,224,144,80,784,704,80,368,288,80,712,632,88,504,416,104,1488,1384,96,4576,22
128,393,265,104,816,712,128,504,376,136,416,280,120,408,288,96,360,264,111,1120,1009,151,4168,22
119,312,193,103,408,305,79,616,537,79,392,313,95,464,369,79,352,273,119,352,233,111,3007,22
112,385,273,103,159,56,88,936,848,88,256,168,88,504,416,88,264,176,88,320,232,80,2904,22
96,528,432,96,184,88,95,672,577,88,344,256,120,384,264,80,424,344,104,1240,1136,95,3871,22
104,424,320,88,392,304,120,632,512,87,832,745,120,176,56,128,424,296,112,360,248,87,3327,22
104,320,216,112,256,144,104,712,608,72,312,240,96,472,376,80,504,424,71,1792,1721,135,4503,22
111,304,193,119,312,193,135,1912,1777,111,1008,897,127,128,1,111,328,217,119,336,217,95,4423,22
127,376,249,95,2127,2032,120,264,144,80,496,416,96,448,352,72,449,377,111,319,208,120,4599,22
144,976,832,88,160,72,88,2520,2432,80,832,752,128,864,736,72,256,184,120,320,200,111,6039,22
136,552,416,128,1360,1232,152,392,240,128,440,312,144,1624,1480,176,192,16,160,2735,2575,128,7423,22
135,336,201,95,144,49,135,736,601,87,304,217,127,304,177,119,336,217,127,320,193,111,2591,22
135,296,161,151,232,81,159,1232,1073,111,192,81,111,1496,1385,95,200,105,111,807,696,152,4607,22
103,319,216,112,280,168,104,1552,1448,128,488,360,112,536,424,104,448,344,144,312,168,192,4127,22
144,1567,1423,128,697,569,112,648,536,183,408,225,104,544,440,120,288,168,144,1688,1544,135,5975,22
111,304,193,111,168,57,151,2344,2193,87,216,129,111,1288,1177,71,888,817,119,4408,4289,119,9735,22
152,217,65,159,232,73,151,1527,1376,120,480,360,144,384,240,128,368,240,136,256,120,136,3600,22
119,352,233,120,232,112,160,792,632,96,288,192,120,424,304,112,503,391,97,409,312,136,3136,22
120,328,208,128,223,95,192,881,689,136,392,256,112,776,664,120,432,312,152,272,120,128,3432,22
120,304,184,96,544,448,104,584,480,88,280,192,112,360,248,112,448,336,120,336,216,119,2975,22
119,256,137,135,184,49,119,584,465,167,287,120,128,297,169,143,448,305,87,272,185,111,2439,22
95,264,169,135,256,121,135,760,625,95,352,257,111,840,729,127,1079,952,144,209,65,143,3903,22
127,416,289,159,224,65,183,992,809,159,360,201,119,480,361,95,487,392,96,768,672,128,3855,22
128,304,176,160,161,1,143,639,496,112,1008,896,128,129,1,159,471,312,144,672,528,144,3528,22
112,320,208,104,560,456,104,2575,2471,64,288,224,121,401,280,80,408,328,127,328,201,71,4951,22
127,272,145,127,1496,1369,127,2440,2313,127,840,713,151,512,361,143,391,248,136,521,385,159,6631,22
160,416,256,160,161,1,150,1007,857,128,320,192,120,440,320,120,376,256,144,344,200,128,3192,22
192,256,64,216,264,48,168,624,456,128,256,128,128,568,440,112,232,120,112,1128,1016,87,3415,22
128,632,504,112,208,96,120,1304,1184,136,1264,1128,144,200,56,152,2088,1936,128,632,504,103,6431,22
120,287,167,120,161,41,143,736,593,143,288,145,143,488,345,111,232,121,119,1904,1785,151,4247,22
127,296,169,111,128,17,175,2919,2744,128,2496,2368,128,265,137,127,287,160,128,1392,1264,88,7871,22
119,2111,1992,112,184,72,136,1016,880,80,248,168,104,504,400,96,560,464,112,744,632,136,5503,22
96,240,144,136,152,16,104,528,424,104,264,160,104,552,448,96,240,144,112,352,240,95,2423,22
88,248,160,96,184,88,128,1056,928,96,352,256,88,464,376,80,280,200,112,1216,1104,176,3976,22
112,328,216,112,152,40,144,856,712,95,408,313,119,376,257,87,304,217,111,328,217,95,2847,22
119,344,225,111,264,153,111,768,657,87,272,185,88,584,496,87,288,201,87,1104,1017,143,3767,22
159,463,304,136,176,40,144,2000,1856,72,216,144,120,495,375,129,441,312,144,792,648,136,4719,22
136,344,208,136,152,16,152,1784,1632,112,352,240,136,456,320,80,320,240,160,664,504,120,4192,22
144,512,368,120,176,56,128,1192,1064,95,184,89,120,616,496,79,1119,1040,144,713,569,111,4623,22
111,312,201,111,184,73,95,1656,1561,87,592,505,127,432,305,79,3471,3392,144,2456,2312,79,9182,22
112,736,624,136,160,24,128,1568,1440,144,720,576,160,696,536,136,137,1,135,367,232,136,4520,22
112,288,176,112,1896,1784,152,336,184,128,488,360,112,296,184,104,336,232,104,248,144,144,4032,22
112,360,248,112,128,16,103,616,513,111,520,409,104,232,128,88,376,288,96,248,152,103,2583,22
79,280,201,87,144,57,87,776,689,71,464,393,79,432,353,95,1728,1633,87,192,105,103,4119,22
95,328,233,95,176,81,95,632,537,87,504,417,95,504,409,79,264,185,87,352,265,119,2879,22
128,625,497,103,192,89,95,544,449,95,384,289,95,376,281,79,472,393,103,736,633,191,3520,22
112,336,224,104,217,113,111,1328,1217,127,1031,904,112,176,64,120,240,120,112,344,232,136,3808,22
104,720,616,112,688,576,96,1016,920,88,360,272,96,384,288,88,288,200,80,320,240,112,3888,22
112,536,424,80,640,560,104,528,424,64,552,488,96,1112,1016,64,184,120,104,408,304,96,4056,22
104,360,256,96,224,128,120,1112,992,80,216,136,88,528,440,72,216,144,96,1016,920,136,3808,22
144,1016,872,104,216,112,112,528,416,112,336,224,96,360,264,96,648,552,103,280,177,159,3543,22
112,312,200,136,184,48,103,928,825,87,376,289,119,664,545,87,152,65,119,392,273,119,3127,22
127,496,369,111,152,41,127,568,441,87,807,720,96,265,169,95,400,305,95,392,297,151,3231,22
103,256,153,111,168,57,135,735,600,88,553,465,111,223,112,160,489,329,119,560,441,135,3119,22
104,312,208,96,177,81,135,920,785,79,552,473,111,304,193,95,407,312,88,504,416,160,3336,22
88,328,240,104,200,96,128,592,464,80,400,320,120,384,264,88,376,288,104,344,240,128,2752,22
128,312,184,112,176,64,128,584,456,88,496,408,96,240,144,104,648,544,104,320,216,96,2872,22
104,416,312,96,200,104,104,888,784,80,464,384,96,216,120,104,408,304,96,448,352,120,3160,22
103,248,145,151,176,25,135,424,289,111,383,272,104,393,289,96,392,296,79,256,177,112,2384,22
144,360,216,104,160,56,128,824,696,104,752,648,111,216,105,128,456,328,128,376,248,135,3279,22
119,328,209,120,216,96,103,632,529,95,360,265,95,272,177,95,352,257,96,336,240,143,2639,22
119,360,241,119,216,97,143,520,377,71,368,297,111,320,209,79,383,304,56,281,225,119,2567,22
111,344,233,103,296,193,111,560,449,71,424,353,95,440,345,95,240,145,87,336,249,111,2751,22
95,295,200,112,176,64,120,761,641,87,536,449,119,2383,2264,112,264,152,96,304,208,144,4863,22
144,361,217,119,167,48,128,2240,2112,88,360,272,80,272,192,96,400,304,96,336,240,136,4272,22
112,1888,1776,88,560,472,88,200,112,112,424,312,88,368,280,88,264,176,104,336,232,104,4144,22
104,288,184,88,208,120,120,736,616,96,328,232,104,288,184,96,368,272,96,744,648,80,3040,22
120,360,240,104,208,104,120,600,480,103,384,281,104,400,296,79,512,433,88,320,232,103,2887,22
87,240,153,103,216,113,95,632,537,80,280,200,103,328,225,103,536,433,95,280,185,121,2633,22
79,256,177,88,160,72,119,1848,1729,87,648,561,79,192,113,87,448,361,87,368,281,88,4008,22
71,232,161,95,168,73,111,536,425,87,327,240,96,281,185,111,424,313,119,496,377,79,2543,22
119,440,321,103,224,121,127,688,561,95,328,233,111,288,177,103,592,489,95,272,177,103,2935,22
104,257,153,95,176,81,143,2512,2369,79,312,233,95,335,240,72,344,272,104,352,248,95,4383,22
72,208,136,88,136,48,112,552,440,104,264,160,120,320,200,104,352,248,72,408,336,88,2328,22
88,224,136,96,176,80,104,696,592,72,224,152,128,368,240,80,376,296,80,392,312,112,2568,22
80,232,152,96,176,80,112,568,456,88,248,160,104,328,224,96,384,288,88,328,240,136,2400,22
96,272,176,96,200,104,112,808,696,88,288,200,104,464,360,96,328,232,112,831,719,120,3311,22
72,496,424,64,248,184,104,496,392,88,304,216,104,328,224,88,320,232,120,416,296,103,2711,22
96,256,160,79,152,73,111,304,193,95,368,273,79,800,721,95,280,185,87,344,257,95,2599,22
63,208,145,71,152,81,95,512,417,79,448,369,87,488,401,79,1039,960,128,1088,960,98,4033,22
104,265,161,95,152,57,79,847,768,80,1249,1169,71,199,128,96,345,249,95,616,521,65,3738,22
88,224,136,80,136,56,128,472,344,80,464,384,72,280,208,88,432,344,96,256,160,88,2352,22
88,504,416,72,192,120,96,616,520,72,312,240,88,392,304,80,432,352,88,280,192,90,2818,22
72,224,152,72,128,56,96,584,488,56,328,272,64,384,320,64,480,416,96,288,192,104,2520,22
104,1176,1072,88,160,72,96,392,296,72,384,312,96,304,208,104,448,344,96,264,168,120,3248,22
104,240,136,96,168,72,120,544,424,96,368,272,120,296,176,104,448,344,96,288,192,96,2448,22
80,232,152,80,152,72,104,2312,2208,72,400,328,87,368,281,80,296,216,95,415,320,112,4287,22
80,216,136,80,136,56,111,656,545,96,568,472,103,824,721,79,464,385,87,256,169,104,3224,22
87,232,145,87,152,65,95,624,529,71,352,281,103,424,321,79,400,321,87,344,257,81,2609,22
95,240,145,111,136,25,143,1792,1649,79,320,241,111,359,248,88,353,265,95,384,289,92,3676,22
87,224,137,87,144,57,143,560,417,71,424,353,119,248,129,111,432,321,95,311,216,88,2431,22
96,233,137,87,176,89,111,503,392,96,417,321,87,288,201,79,360,281,111,407,296,96,2480,22
88,225,137,95,159,64,112,856,744,72,792,720,96,224,128,88,528,440,104,240,136,96,3120,22
80,344,264,88,184,96,120,472,352,96,416,320,104,240,136,96,504,408,104,264,160,128,2552,22
88,264,176,96,200,104,120,544,424,80,384,304,96,376,280,96,424,328,104,760,656,160,3112,22
72,216,144,72,120,48,104,504,400,88,368,280,104,296,192,72,352,280,112,288,176,112,2256,22
80,208,128,96,152,56,96,560,464,88,472,384,80,384,304,96,368,272,112,376,264,120,2640,22
71,216,145,80,136,56,112,536,424,96,1368,1272,120,168,48,128,344,216,111,392,281,103,3263,22
79,1664,1585,71,160,89,119,440,321,79,400,321,95,2968,2873,79,351,272,96,528,432,120,6631,22
72,224,152,88,144,56,120,473,353,95,599,504,104,249,145,87,344,257,87,288,201,119,2440,22
72,1024,952,96,160,64,80,896,816,80,440,360,72,256,184,64,408,344,96,320,224,91,3595,22
80,232,152,88,144,56,112,640,528,88,272,184,80,312,232,72,400,328,88,296,208,128,2424,22
80,256,176,104,144,40,96,1040,944,96,240,144,96,576,480,80,528,448,120,184,64,112,3080,22
72,224,152,72,136,64,88,576,488,72,352,280,104,328,224,88,416,328,72,344,272,88,2464,22
72,216,144,88,152,64,88,368,280,80,360,280,80,296,216,88,416,328,80,272,192,104,2184,22
72,248,176,88,192,104,120,1448,1328,72,304,232,112,344,232,88,464,376,112,168,56,128,3296,22
103,376,273,103,2200,2097,127,888,761,79,432,353,95,496,401,63,272,209,95,992,897,95,5751,22
119,312,193,119,792,673,127,816,689,79,280,201,127,368,241,95,288,193,95,384,289,151,3391,22
112,2024,1912,80,168,88,136,480,344,80,448,368,104,344,240,96,264,168,95,424,329,80,4232,22
80,248,168,80,144,64,96,1536,1440,64,320,256,80,472,392,72,1128,1056,88,184,96,112,4144,22
80,240,160,64,136,72,80,512,432,80,344,264,80,304,224,72,384,312,88,504,416,90,2514,22
80,224,144,88,120,32,112,560,448,88,400,312,88,384,296,96,600,504,104,648,544,128,3064,22
88,256,168,72,128,56,104,672,568,104,1072,968,87,144,57,96,408,312,95,376,281,88,3144,22
71,216,145,72,104,32,96,448,352,88,480,392,88,424,336,79,464,385,88,320,232,79,2535,22
127,1736,1609,79,160,81,111,624,513,63,392,329,95,568,473,87,392,305,71,392,321,87,4351,22
79,224,145,87,120,33,95,3455,3360,80,496,416,96,400,304,80,984,904,96,705,609,71,6455,22
64,233,169,71,143,72,72,632,560,88,384,296,72,249,177,95,600,505,79,247,168,104,2592,22
80,264,184,88,144,56,80,1152,1072,88,408,320,64,320,256,80,656,576,96,248,152,96,3288,22
104,496,392,72,192,120,88,504,416,72,248,176,104,392,288,72,400,328,72,360,288,104,2696,22
72,232,160,80,144,64,96,576,480,72,408,336,80,408,328,88,392,304,88,312,224,104,2576,22
88,240,152,80,128,48,72,984,912,64,848,784,63,376,313,64,416,352,80,384,304,75,3451,22
96,1248,1152,80,168,88,128,520,392,88,448,360,80,296,216,80,416,336,96,456,360,97,3649,22
87,256,169,96,176,80,87,1576,1489,63,872,809,95,624,529,55,248,193,79,320,241,81,4153,22
71,216,145,71,160,89,87,576,489,95,464,369,71,216,145,71,664,593,87,256,169,71,2623,22
87,640,553,71,160,89,79,920,841,95,944,849,55,336,281,79,384,305,63,872,809,81,4337,22
95,344,249,87,151,64,128,656,528,96,705,609,79,112,33,119,424,305,103,327,224,136,2855,22
88,233,145,95,151,56,96,953,857,87,319,232,96,313,217,103,343,240,104,336,232,128,2776,22
128,376,248,96,208,112,112,536,424,96,344,248,104,320,216,112,400,288,96,360,264,112,2656,22
104,528,424,88,1096,1008,96,1048,952,88,432,344,80,256,176,88,392,304,88,256,168,112,4120,22
88,256,168,80,152,72,96,1560,1464,72,240,168,80,840,760,88,232,144,96,344,248,90,3714,22
96,528,432,72,184,112,64,944,880,96,328,232,80,408,328,72,416,344,88,232,144,96,3136,22
80,296,216,72,160,88,96,1839,1743,64,433,369,63,320,257,72,360,288,88,304,216,84,3796,22
79,256,177,71,136,65,79,1480,1401,79,336,257,71,576,505,71,272,201,79,968,889,88,4112,22
95,1800,1705,103,304,201,119,600,481,87,784,697,103,208,105,95,936,841,87,1055,968,72,5759,22
129,145,16,137,113,-24,103,2471,2368,136,216,80,152,408,256,119,1016,897,151,152,1,103,4624,22
119,120,1,175,160,-15,159,2255,2096,120,312,192,144,256,112,128,336,208,144,240,96,128,3807,22
103,176,73,183,184,1,159,855,696,96,560,464,96,232,136,112,416,304,112,1072,960,96,3591,22
111,112,1,135,136,1,111,624,513,103,679,576,96,208,112,96,328,232,88,320,232,104,2511,22
111,96,-15,160,160,0,183,224,41,160,576,416,103,272,169,103,312,209,87,607,520,96,2343,22
96,144,48,96,304,208,104,240,136,96,568,472,88,256,168,96,376,280,103,407,304,96,2391,22
79,151,72,128,368,240,104,681,577,103,607,504,80,520,440,120,264,144,96,584,488,88,3263,22
112,168,56,112,328,216,87,448,361,95,864,769,39,200,161,79,359,280,80,336,256,104,2807,22
88,112,24,144,256,112,120,184,64,128,536,408,127,336,209,111,671,560,88,496,408,112,2703,22
103,136,33,175,175,0,160,248,88,152,512,360,104,288,184,104,496,392,96,320,224,104,2279,22
111,192,81,127,184,57,143,224,81,135,632,497,79,432,353,103,1231,1128,72,240,168,104,3239,22
96,176,80,120,296,176,96,160,64,144,536,392,88,232,144,112,320,208,96,440,344,79,2239,22
96,160,64,120,568,448,120,168,48,152,848,696,80,176,96,120,448,328,104,216,112,96,2680,22
120,177,57,136,336,200,104,208,104,128,472,344,103,448,345,135,304,169,95,399,304,104,2448,22
96,144,48,120,280,160,128,184,56,152,615,463,112,401,289,103,320,217,87,320,233,87,2351,22
79,207,128,104,241,137,119,160,41,127,495,368,120,224,104,144,384,240,104,288,184,96,2095,22
104,176,72,112,264,152,127,176,49,136,360,224,128,248,120,128,360,232,119,408,289,95,2087,22
119,167,48,144,2239,2095,113,153,40,128,480,352,103,376,273,103,240,137,95,288,193,79,4022,22
79,120,41,151,336,185,127,168,41,119,423,304,112,272,160,104,440,336,96,448,352,104,2311,22
96,153,57,103,240,137,111,152,41,151,463,312,120,281,161,111,495,384,96,257,161,87,2128,22
103,160,57,103,231,128,104,120,16,144,936,792,80,536,456,120,216,96,111,464,353,104,2767,22
119,159,40,128,184,56,120,160,40,144,904,760,120,400,280,96,728,632,80,320,240,80,2935,22
88,200,112,88,224,136,88,136,48,143,384,241,111,320,209,95,624,529,87,327,240,104,2319,22
112,128,16,160,384,224,120,136,16,152,496,344,144,336,192,119,424,305,103,400,297,111,2415,22
112,144,32,152,808,656,-864,-864,0,1120,1952,832,88,304,216,128,503,375,113,417,304,128,3392,22
111,112,1,104,232,128,104,128,24,136,384,248,111,256,145,127,392,265,95,528,433,95,2127,22
96,128,32,120,240,120,112,128,16,160,480,320,112,360,248,128,312,184,112,448,336,87,2183,22
136,136,0,151,319,168,120,184,64,160,681,521,87,296,209,127,344,217,87,375,288,96,2431,22
96,136,40,120,280,160,112,144,32,135,664,529,111,208,97,127,1224,1097,103,271,168,136,3063,22
88,128,40,136,328,192,120,160,40,184,744,560,96,168,72,128,384,256,80,296,216,127,2335,22
119,143,24,120,297,177,143,215,72,160,896,736,88,624,536,120,120,0,104,376,272,88,2759,22
103,168,65,112,288,176,104,136,32,128,1296,1168,103,671,568,112,200,88,104,392,288,112,3263,22
120,184,64,136,296,160,136,184,48,160,632,472,96,328,232,-872,352,1224,128,328,200,103,2407,22
88,137,49,111,375,264,112,209,97,167,775,608,136,369,233,143,279,136,128,344,216,128,2616,22
120,240,120,112,280,168,104,184,80,160,1040,880,95,999,904,112,128,16,136,304,168,112,3287,22
112,168,56,128,264,136,120,168,48,152,368,216,136,280,144,136,800,664,88,264,176,87,2399,22
111,160,49,103,231,128,112,144,32,152,625,473,95,599,504,104,417,313,95,2247,2152,112,4535,22
119,136,17,119,280,161,103,176,73,151,744,593,95,303,208,96,423,327,97,489,392,80,2631,22
112,136,24,112,264,152,96,136,40,135,864,729,95,336,241,111,511,400,80,312,232,112,2671,22
96,152,56,88,240,152,112,144,32,128,464,336,96,376,280,112,1112,1000,87,152,65,103,2743,22
87,112,25,111,287,176,80,120,40,144,1816,1672,120,632,512,128,232,104,112,392,280,103,3694,22
119,120,1,111,240,129,135,136,1,175,440,265,111,432,321,127,536,409,95,359,264,96,2359,22
88,160,72,112,240,128,104,152,48,152,368,216,112,488,376,96,304,208,119,632,513,87,2431,22
112,152,40,96,232,136,96,120,24,184,744,560,88,232,144,112,448,336,80,432,352,88,2448,22
96,96,0,120,296,176,112,184,72,144,496,352,120,1112,992,103,144,41,111,304,193,95,2727,22
80,161,81,103,256,153,103,152,49,143,2399,2256,143,280,137,111,848,737,143,311,168,112,4519,22
127,183,56,136,136,0,168,312,144,176,2240,2064,104,216,112,111,439,328,96,264,168,112,3902,22
95,184,89,175,319,144,136,200,64,176,688,512,96,288,192,144,568,424,80,359,279,128,2734,22
112,113,1,159,1016,857,71,647,576,136,440,304,88,328,240,120,400,280,80,296,216,104,3344,22
103,160,57,95,256,161,79,160,81,119,719,600,96,545,449,103,247,144,88,344,256,-864,1567,22
112,184,72,128,256,128,128,224,96,144,576,432,104,192,88,119,424,305,95,263,168,112,2231,22
104,216,112,144,393,249,111,223,112,152,696,544,104,416,312,128,487,359,80,321,241,112,2864,22
113,193,80,112,1088,976,79,152,73,135,479,344,96,360,264,104,360,256,96,336,240,112,3080,22
88,128,40,128,696,568,95,191,96,120,488,368,96,392,296,88,440,352,88,320,232,88,2743,22
72,152,80,111,360,249,112,200,88,160,520,360,111,655,544,88,1240,1152,112,256,144,136,3519,22
136,136,0,144,376,232,120,224,104,176,392,216,128,472,344,128,312,184,119,272,153,127,2311,22
120,216,96,144,257,113,143,248,105,151,607,456,88,328,240,104,2080,1976,72,160,88,111,4007,22
119,152,33,135,863,728,152,152,0,112,480,368,144,496,352,184,384,200,127,632,505,120,3279,22
127,272,145,127,336,209,127,304,177,159,624,465,95,256,161,119,383,264,104,232,128,104,2511,22
136,216,80,144,168,24,167,264,97,176,1248,1072,95,264,169,119,343,224,88,232,144,136,2871,22
136,200,64,160,176,16,176,200,24,184,1216,1032,88,232,144,120,376,256,87,303,216,72,2775,22
103,184,81,119,136,17,167,168,1,167,719,552,112,520,408,136,352,216,80,528,448,88,2695,22
120,240,120,112,320,208,103,272,169,143,1703,1560,96,488,392,96,256,160,88,776,688,128,4183,22
96,136,40,120,344,224,112,208,96,128,568,440,72,480,408,112,1104,992,87,144,57,119,3103,22
79,112,33,103,328,225,95,304,209,127,479,352,96,360,264,72,727,655,64,481,417,103,2894,22
119,144,25,151,1192,1041,79,231,152,128,440,312,104,423,319,112,393,281,88,336,248,120,3279,22
112,152,40,136,304,168,136,192,56,168,1727,1559,152,456,304,128,344,216,128,304,176,136,3615,22
104,200,96,144,856,712,127,168,41,152,936,784,95,351,256,88,1112,1024,104,160,56,104,3887,22
88,136,48,112,288,176,88,152,64,128,1832,1704,127,312,185,127,351,224,104,321,217,103,3495,22
80,152,72,104,320,216,104,240,136,144,520,376,88,368,280,104,824,720,87,439,352,80,2943,22
120,168,48,144,408,264,104,153,49,159,631,472,96,280,184,96,448,352,96,352,256,96,2536,22
81,129,48,111,416,305,103,208,105,136,464,328,95,288,193,111,583,472,88,328,240,112,2528,22
72,128,56,112,272,160,128,168,40,144,728,584,80,256,176,96,640,544,87,296,209,79,2567,22
120,528,408,128,1168,1040,112,544,432,136,272,136,119,416,297,119,328,209,95,296,201,119,3671,22
120,224,104,136,328,192,128,192,64,176,488,312,120,368,248,96,344,248,96,272,176,104,2320,22
111,223,112,120,297,177,111,191,80,136,1352,1216,128,216,88,128,856,728,88,240,152,104,3479,22
120,216,96,112,552,440,112,200,88,128,1423,1295,104,289,185,128,312,184,79,423,344,128,3543,22
103,160,57,95,232,137,103,135,32,136,1296,1160,88,280,192,104,360,256,80,511,431,105,3079,22
111,112,1,119,312,193,95,144,49,143,1887,1744,80,272,192,128,336,208,88,336,248,104,3503,22
104,128,24,144,312,168,112,144,32,167,472,305,111,312,201,119,368,249,119,312,193,111,2159,22
120,200,80,96,240,144,96,160,64,120,848,728,104,536,432,96,560,464,87,463,376,112,3119,22
104,104,0,88,217,129,71,96,25,119,1231,1112,112,912,800,120,256,136,96,328,232,104,3248,22
79,128,49,87,976,889,111,112,1,127,3871,3744,112,488,376,127,200,73,103,264,161,103,6142,22
119,168,49,135,136,1,135,191,56,152,584,432,120,488,368,120,416,296,112,216,104,128,2327,22
111,176,65,135,136,1,143,160,17,175,1408,1233,103,1703,1600,112,344,232,96,192,96,120,4239,22
103,136,33,111,392,281,103,160,57,127,1320,1193,71,224,153,111,487,376,80,232,152,96,3047,22
136,152,16,160,1264,1104,128,152,24,120,1144,1024,71,200,129,103,367,264,88,296,208,88,3663,22
80,128,48,95,280,185,95,144,49,111,543,432,96,392,296,112,304,192,88,576,488,120,2487,22
95,191,96,112,321,209,103,1951,1848,112,280,168,120,352,232,120,448,328,88,328,240,128,3999,22
103,152,49,103,840,737,87,135,48,120,568,448,88,472,384,120,519,399,81,313,232,96,3095,22
103,216,113,127,328,201,135,184,49,119,1255,1136,80,208,128,104,608,504,80,736,656,88,3623,22
95,112,17,111,911,800,96,152,56,104,1928,1824,96,296,200,112,432,320,80,296,216,80,4207,22
119,200,81,127,328,201,127,216,89,167,456,289,111,456,345,143,335,192,112,296,184,128,2415,22
111,160,49,135,488,353,119,567,448,112,305,193,103,415,312,112,328,216,96,240,144,136,2639,22
104,120,16,119,280,161,119,160,41,143,1656,1513,111,823,712,104,128,24,112,288,176,88,3543,22
111,112,1,159,1472,1313,79,623,544,128,304,176,144,376,232,136,1640,1504,103,160,57,151,4838,22
72,112,40,104,536,432,72,1368,1296,127,360,233,79,464,385,111,240,129,103,280,177,87,3447,22
96,128,32,104,320,216,87,216,129,135,496,361,80,432,352,95,392,297,87,256,169,95,2335,22
88,152,64,120,1720,1600,151,128,-23,151,1848,1697,119,408,289,127,1007,880,96,296,200,120,5679,22
96,144,48,136,352,216,136,160,24,176,1287,1111,80,249,169,111,783,672,88,184,96,120,3279,22
72,176,104,103,808,705,72,136,64,127,432,305,80,576,496,80,136,56,95,319,224,64,2647,22
64,127,63,89,321,232,80,160,80,103,344,241,103,391,288,73,257,184,71,320,249,71,1991,22
88,143,55,88,241,153,71,136,65,112,455,343,89,433,344,79,207,128,80,417,337,79,2111,22
119,175,56,112,441,329,56,176,120,119,383,264,80,409,329,72,312,240,80,280,200,72,2248,22
63,128,65,87,928,841,72,143,71,97,409,312,72,784,712,64,96,32,95,367,272,81,2936,22
65,113,48,88,216,128,71,112,41,104,312,208,87,472,385,72,192,120,71,432,361,64,1913,22
73,145,72,80,232,152,79,144,65,95,255,160,96,441,345,79,544,465,63,311,248,88,2160,22
64,88,24,103,272,169,56,120,64,136,287,151,104,641,537,112,208,96,87,344,257,96,2056,22
113,120,7,161,1360,1199,88,120,32,128,280,152,129,569,440,87,184,97,103,272,169,104,3009,22
64,104,40,88,232,144,79,159,80,129,233,104,127,448,321,96,472,376,72,264,192,79,1991,22
72,144,72,104,680,576,73,137,64,96,279,183,104,584,480,73,161,88,87,327,240,72,2384,22
63,135,72,105,657,552,72,136,64,103,304,201,88,527,439,72,161,89,79,384,305,56,2360,22
63,119,56,80,209,129,63,120,57,95,248,153,95,528,433,88,199,111,72,385,313,79,1887,22
79,120,41,87,1063,976,72,145,73,80,831,751,56,377,321,71,408,337,71,344,273,104,3392,22
72,143,71,137,417,280,111,239,128,144,448,304,72,1305,1233,120,1104,984,87,152,65,79,3887,22
95,128,33,112,440,328,64,160,96,88,600,512,56,616,560,79,104,25,95,320,225,104,2472,22
64,80,16,119,928,809,64,152,88,96,504,408,64,575,511,96,201,105,64,351,287,65,2856,22
71,159,88,104,505,401,72,248,176,103,367,264,72,601,529,88,160,72,88,328,240,72,2440,22
104,112,8,96,240,144,79,119,40,153,313,160,120,432,312,87,288,201,119,424,305,87,2015,22
80,143,63,89,240,151,64,153,89,119,240,121,96,488,392,96,216,120,71,495,424,75,2050,22
120,160,40,103,272,169,72,240,168,167,799,632,96,273,177,111,447,336,80,344,264,104,2639,22
96,152,56,96,232,136,81,208,127,152,455,303,89,529,440,87,151,64,136,345,209,88,2160,22
111,176,65,127,440,313,111,207,96,136,361,225,136,312,176,128,512,384,71,232,161,120,2360,22
111,136,25,104,504,400,80,143,63,169,369,200,112,583,471,137,417,280,103,495,392,96,2743,22
97,144,47,121,313,192,113,160,47,191,271,80,136,553,417,143,208,65,111,343,232,128,2120,22
103,136,33,87,224,137,88,144,56,175,256,81,128,392,264,127,415,288,104,577,473,55,2199,22
72,113,41,120,600,480,64,128,64,135,280,145,120,792,672,119,121,2,118,518,400,120,2672,22
55,110,55,80,305,225,72,159,87,96,297,201,79,1023,944,73,224,151,65,393,328,64,2575,22
104,120,16,96,239,143,72,153,81,112,456,344,63,728,665,88,288,200,56,368,312,64,2416,22
73,137,64,89,480,391,80,176,96,96,528,432,56,793,737,64,136,72,79,391,312,72,2713,22
73,113,40,94,239,145,56,137,81,135,383,248,104,439,335,97,441,344,65,328,263,80,2160,22
96,128,32,80,240,160,71,160,89,128,368,240,104,384,280,95,367,272,73,289,216,71,2007,22
79,128,49,88,248,160,71,168,97,151,744,593,72,552,480,119,224,105,63,448,385,119,2631,22
105,121,16,111,352,241,72,136,64,136,391,255,113,609,496,87,312,225,97,256,159,136,2313,22
56,104,48,96,736,640,79,144,65,135,375,240,80,481,401,80,240,160,79,288,209,104,2472,22
88,128,40,95,232,137,88,159,71,137,505,368,71,487,416,81,169,88,88,327,239,96,2103,22
80,143,63,97,536,439,89,160,71,112,833,721,72,264,192,87,368,281,72,320,248,106,2730,22
88,128,40,89,217,128,71,136,65,128,288,160,104,648,544,112,167,55,105,1105,1000,95,2784,22
57,105,48,96,224,128,80,127,47,128,633,505,103,1376,1273,87,120,33,87,336,249,111,3032,22
71,103,32,104,241,137,88,144,56,119,328,209,111,680,569,97,120,23,103,655,552,73,2344,22
72,127,55,81,577,496,63,144,81,111,384,273,79,400,321,95,448,353,88,479,391,80,2639,22
72,112,40,112,264,152,95,176,81,119,543,424,104,289,185,120,760,640,96,608,512,103,2855,22
80,111,31,113,489,376,88,128,40,151,408,257,111,408,297,87,328,241,120,504,384,112,2488,22
97,104,7,104,273,169,56,120,64,135,640,505,72,351,279,105,1073,968,80,839,759,137,3537,22
104,120,16,120,272,152,72,120,48,167,360,193,112,519,407,97,209,112,79,335,256,112,2047,22
87,176,89,87,239,152,64,161,97,143,367,224,112,505,393,80,328,248,95,656,561,79,2511,22
88,121,33,96,248,152,72,136,64,159,440,281,103,473,370,119,287,168,96,295,199,120,2120,22
71,112,41,120,254,134,113,146,33,183,472,289,136,543,407,113,169,56,112,286,174,113,2095,22
120,128,8,104,239,135,80,112,32,145,345,200,135,568,433,80,320,240,88,287,199,104,2103,22
89,105,16,144,1672,1528,120,121,1,135,695,560,95,408,313,143,432,289,136,384,248,135,3952,22
96,143,47,88,225,137,79,120,41,159,431,272,128,425,297,88,312,224,87,256,169,96,2008,22
111,159,48,73,200,127,73,144,71,120,289,169,119,512,393,89,184,95,112,280,168,80,1848,22
97,145,48,103,248,145,87,143,56,160,425,265,119,367,248,129,248,119,96,456,360,120,2152,22
97,161,64,104,240,136,72,160,88,152,688,536,103,223,120,113,313,200,88,488,400,111,2384,22
79,152,73,95,280,185,7,1199,1192,105,553,448,79,360,281,88,328,240,79,359,280,89,3320,22
96,103,7,113,1193,1080,95,111,16,136,1457,1321,120,384,264,127,991,864,136,256,120,128,4623,22
119,111,-8,127,751,624,72,337,265,113,440,327,87,415,328,113,625,512,88,232,144,103,3014,22
119,128,9,103,272,169,71,135,64,136,569,433,128,408,280,128,489,361,110,238,128,129,2368,22
120,175,55,89,497,408,103,192,89,143,448,305,143,408,265,128,408,280,104,216,112,120,2464,22
127,224,97,112,256,144,119,232,113,184,943,759,129,896,767,88,433,345,87,184,97,111,3279,22
113,209,96,103,511,408,96,121,25,175,368,193,159,448,289,80,248,168,112,328,216,79,2312,22
111,136,25,112,1152,1040,71,161,90,119,551,432,103,280,177,128,376,248,104,224,120,87,2967,22
79,135,56,72,256,184,88,137,49,143,399,256,113,401,288,112,295,183,137,256,119,112,1991,22
79,152,73,103,224,121,103,136,33,144,415,271,137,392,255,97,257,160,104,279,175,97,1952,22
112,129,17,151,952,801,87,119,32,121,584,463,105,376,271,129,281,152,94,206,112,98,2745,22
128,217,89,112,191,79,135,143,8,162,433,271,128,513,385,137,591,454,104,200,96,113,2401,22
136,215,79,120,241,121,159,175,16,185,425,240,120,327,207,120,416,296,113,553,440,111,2463,22
128,1072,944,128,1472,1344,127,143,16,168,393,225,135,440,305,120,304,184,111,311,200,137,4272,22
135,232,97,136,248,112,144,160,16,192,504,312,120,303,183,160,577,417,120,224,104,152,2400,22
128,255,127,113,225,112,144,168,24,184,487,303,161,345,184,128,375,247,137,513,376,111,2479,22
119,199,80,137,185,48,199,192,-7,191,656,465,167,352,185,144,487,343,112,193,81,112,2376,22
112,936,824,128,431,303,176,193,17,128,312,184,168,504,336,87,304,217,160,288,128,152,3120,22
95,183,88,137,241,104,152,160,8,176,624,448,135,375,240,121,272,151,136,232,96,129,2216,22
89,192,103,104,401,297,80,144,64,112,696,584,104,376,272,87,256,169,96,216,120,128,2409,22
103,239,136,88,824,736,65,137,72,112,616,504,80,232,152,95,559,464,104,256,152,112,2975,22
121,185,64,128,232,104,112,151,39,185,1744,1559,129,352,223,96,273,177,119,256,137,127,3320,22
112,184,72,111,224,113,160,328,168,144,800,656,103,304,201,143,304,161,88,247,159,113,2504,22
128,296,168,111,248,137,120,223,103,145,345,200,112,376,264,112,303,191,144,265,121,104,2160,22
79,152,73,111,192,81,152,176,24,168,416,248,144,455,311,129,281,152,159,1263,1104,112,3047,22
72,151,79,104,224,120,112,153,41,160,495,335,112,345,233,136,287,151,145,257,112,127,2039,22
119,207,88,121,281,160,120,184,64,167,439,272,121,448,327,137,289,152,135,215,80,128,2191,22
127,200,73,111,264,153,136,295,159,136,1073,937,96,256,160,120,320,200,127,231,104,129,2768,22
119,183,64,112,161,49,135,152,17,151,456,305,120,352,232,120,256,136,112,320,208,71,1951,22
120,184,64,120,175,55,137,176,39,161,3345,3184,168,935,767,112,257,145,64,223,159,120,5415,22
103,255,152,112,247,135,127,159,32,146,362,216,136,528,392,111,368,257,104,264,160,128,2311,22
119,192,73,88,184,96,88,120,32,152,800,648,144,240,96,144,1624,1480,136,152,16,207,3519,22
153,154,1,158,838,680,80,521,441,88,448,360,127,520,393,104,344,240,104,264,160,79,3168,22
104,176,72,128,216,88,104,128,24,168,352,184,120,584,464,103,255,152,112,281,169,143,2135,22
144,232,88,144,240,96,160,200,40,184,728,544,136,368,232,136,400,264,103,200,97,151,2519,22
152,232,80,144,240,96,144,151,7,217,657,440,136,408,272,119,376,257,127,223,96,136,2423,22
112,208,96,144,200,56,168,169,1,175,1943,1768,120,616,496,127,136,9,159,367,208,176,3815,22
127,144,17,103,288,185,72,112,40,184,447,263,120,449,329,152,368,216,143,416,273,144,2368,22
89,160,71,128,337,209,160,208,48,160,279,119,152,673,521,135,424,289,135,223,88,160,2464,22
127,184,57,128,200,72,135,144,9,175,624,449,127,368,241,168,352,184,151,216,65,175,2263,22
145,256,111,153,305,152,151,175,24,192,441,249,152,352,200,184,488,304,176,192,16,215,2424,22
177,201,24,184,1232,1048,88,328,240,143,399,256,136,569,433,103,423,320,104,193,89,184,3529,22
128,224,96,120,336,216,136,176,40,152,623,471,96,361,265,112,1208,1096,136,175,39,176,3279,22
120,152,32,167,719,552,145,153,8,184,504,320,175,448,273,152,336,184,151,256,105,175,2743,22
152,264,112,151,216,65,191,208,17,248,431,183,177,568,391,128,712,584,160,233,73,167,2799,22
104,129,25,127,280,153,143,136,-7,191,528,337,184,504,320,136,616,480,160,232,72,160,2585,22
102,263,161,120,617,497,175,455,280,120,225,105,126,3984,3858,103,384,281,113,728,615,63,6719,25
137,345,208,87,383,296,152,576,424,112,345,233,136,456,320,95,352,257,113,1407,1294,104,3968,25
120,256,136,129,208,79,113,552,439,128,280,152,136,544,408,104,304,200,104,920,816,103,3167,25
96,248,152,104,248,144,136,688,552,104,296,192,136,1872,1736,104,673,569,103,2399,2296,128,6552,25
95,263,168,96,225,129,135,583,448,114,312,198,123,417,294,72,559,487,113,617,504,79,3055,25
105,273,168,129,256,127,151,623,472,89,257,168,103,463,360,65,345,280,111,424,313,79,2720,25
112,264,152,104,240,136,127,559,432,89,241,152,135,440,305,80,488,408,123,272,149,95,2599,25
114,256,142,104,240,136,136,592,456,96,271,175,136,625,489,103,312,209,104,328,224,95,2719,25
95,248,153,96,256,160,136,519,383,113,281,168,151,616,465,72,623,551,152,416,264,104,3063,25
106,256,150,104,200,96,144,552,408,104,280,176,137,688,551,65,328,263,137,785,648,87,3176,25
108,260,152,113,224,111,151,1128,977,96,272,176,120,536,416,88,520,432,136,1119,983,96,4155,25
88,248,160,104,264,160,130,472,342,88,264,176,120,1080,960,80,280,200,96,368,272,80,3056,25
96,269,173,75,227,152,144,408,264,96,280,184,104,352,248,80,560,480,112,224,112,96,2416,25
103,329,226,87,390,303,136,529,393,111,247,136,161,984,823,56,248,192,136,800,664,88,3615,25
72,223,151,72,176,104,152,825,673,111,239,128,135,520,385,64,328,264,136,281,145,111,2703,25
82,249,167,80,167,87,137,544,407,64,296,232,136,841,705,80,608,528,113,271,158,104,3080,25
96,296,200,80,168,88,136,728,592,104,552,448,104,856,752,72,336,264,113,240,127,96,3272,25
89,257,168,88,184,96,136,632,496,96,344,248,144,448,304,104,480,376,112,752,640,104,3201,25
104,288,184,88,208,120,136,464,328,88,248,160,128,528,400,72,272,200,136,344,208,96,2448,25
120,296,176,112,192,80,144,928,784,120,352,232,128,1000,872,64,224,160,88,656,568,72,3720,25
86,231,145,88,184,96,136,625,489,119,575,456,123,952,829,104,184,80,104,848,744,128,3727,25
114,304,190,103,352,249,135,568,433,113,1064,951,128,288,160,104,400,296,113,384,271,131,3491,25
104,256,152,104,152,48,144,528,384,88,264,176,128,729,601,71,391,320,96,1000,904,112,3432,25
131,289,158,130,231,101,144,1977,1833,103,255,152,136,617,481,79,415,336,104,440,336,120,4344,25
135,312,177,128,199,71,144,617,473,127,328,201,127,560,433,88,264,176,104,368,264,113,2761,25
103,272,169,88,200,112,112,488,376,104,304,200,128,680,552,88,336,248,104,336,232,88,2704,25
129,296,167,112,240,128,136,536,400,104,328,224,127,576,449,88,311,223,97,425,328,96,2808,25
96,248,152,88,168,80,130,543,413,105,305,200,128,528,400,72,272,200,96,248,152,119,2431,25
113,320,207,89,250,161,120,759,639,88,368,280,136,352,216,104,232,128,88,544,456,64,2889,25
127,279,152,88,200,112,128,624,496,104,376,272,144,400,256,88,296,208,104,408,304,128,2711,25
104,248,144,136,233,97,159,560,401,127,200,73,143,472,329,104,312,208,113,2271,2158,137,4433,25
104,240,136,104,399,295,144,457,313,104,272,168,127,424,297,80,264,184,104,416,312,128,2600,25
130,280,150,96,160,64,152,600,448,113,280,167,127,696,569,100,352,252,88,664,576,111,3143,25
103,248,145,104,176,72,127,488,361,103,256,153,144,647,503,113,345,232,95,1047,952,97,3304,25
104,256,152,88,179,91,109,421,312,104,248,144,136,488,352,80,288,208,96,319,223,105,2304,25
94,263,169,104,209,105,122,502,380,89,313,224,151,392,241,80,344,264,96,704,608,104,2831,25
96,240,144,80,160,80,113,560,447,63,752,689,121,432,311,72,424,352,104,264,160,113,2945,25
95,232,137,88,216,128,96,424,328,120,280,160,123,720,597,80,280,200,104,224,120,128,2504,25
96,242,146,84,166,82,136,408,272,104,264,160,128,392,264,80,256,176,72,264,192,120,2112,25
135,359,224,72,256,184,136,1464,1328,104,272,168,128,328,200,72,264,192,96,272,176,80,3295,25
102,302,200,72,160,88,112,976,864,64,360,296,112,328,216,80,240,160,88,304,216,136,2806,25
104,263,159,64,152,88,136,705,569,103,320,217,135,350,215,115,249,134,104,233,129,127,2399,25
114,288,174,104,248,144,144,568,424,136,2152,2016,136,992,856,96,328,232,120,496,376,136,5208,25
104,256,152,96,192,96,136,368,232,123,336,213,128,416,288,112,288,176,131,656,525,136,2648,25
88,248,160,87,127,40,128,449,321,88,296,208,104,336,232,96,304,208,104,304,200,104,2168,25
122,784,662,122,184,62,104,1113,1009,104,671,567,131,424,293,192,280,88,105,384,279,121,3961,25
104,258,154,78,207,129,120,464,344,127,279,152,136,384,248,80,257,177,79,247,168,120,2216,25
87,224,137,87,168,81,103,896,793,123,544,421,135,376,241,88,264,176,95,199,104,136,2807,25
96,240,144,107,193,86,131,696,565,79,336,257,136,408,272,95,288,193,80,224,144,120,2505,25
95,624,529,122,544,422,96,727,631,113,289,176,117,352,235,88,224,136,87,248,161,127,3135,25
106,241,135,87,160,73,104,1328,1224,88,272,184,103,287,184,81,240,159,81,241,160,136,2905,25
104,568,464,88,256,168,128,1256,1128,112,256,144,123,960,837,113,272,159,104,472,368,128,4168,25
115,392,277,128,432,304,143,368,225,128,520,392,144,808,664,128,360,232,104,432,328,128,3440,25
128,328,200,88,288,200,132,568,436,104,288,184,136,384,248,88,368,280,80,208,128,136,2568,25
113,272,159,112,216,104,120,592,472,104,312,208,113,352,239,104,272,168,80,216,136,112,2344,25
120,336,216,88,240,152,95,680,585,88,664,576,113,345,232,103,254,151,81,233,152,112,2864,25
96,304,208,104,196,92,100,845,745,79,263,184,128,626,498,86,262,176,104,248,144,144,2888,25
112,1015,903,80,256,176,114,608,494,104,720,616,130,409,279,87,224,137,87,232,145,143,3607,25
105,264,159,88,176,88,112,441,329,87,248,161,127,344,217,104,216,112,80,264,184,135,2088,25
85,253,168,103,287,184,89,448,359,80,345,265,103,943,840,105,361,256,96,1640,1544,111,4388,25
104,240,136,136,200,64,136,1544,1408,111,264,153,135,344,209,104,304,200,121,376,255,104,3376,25
88,248,160,80,135,55,114,521,407,112,288,176,136,336,200,96,224,128,88,912,824,88,2752,25
88,1248,1160,88,440,352,121,424,303,104,673,569,127,263,136,104,240,136,104,512,408,121,3921,25
88,248,160,72,152,80,144,480,336,80,312,232,120,328,208,96,264,168,96,864,768,128,2776,25
79,224,145,81,136,55,128,392,264,104,239,135,105,313,208,136,264,128,104,335,231,97,2000,25
88,224,136,88,256,168,128,336,208,104,312,208,122,328,206,123,248,125,88,296,208,136,2136,25
105,264,159,96,737,641,143,375,232,96,800,704,136,384,248,80,216,136,80,320,240,128,3224,25
88,417,329,79,183,104,123,416,293,88,272,184,104,370,266,79,246,167,144,296,152,111,2311,25
72,519,447,89,177,88,127,353,226,113,296,183,122,352,230,95,215,120,80,233,153,119,2264,25
91,448,357,63,664,601,113,2176,2063,96,248,152,127,279,152,88,249,161,88,239,151,136,4439,25
80,256,176,71,144,73,135,543,408,103,617,514,136,768,632,95,256,161,103,352,249,128,3064,25
104,264,160,88,168,80,112,408,296,104,424,320,120,776,656,104,192,88,104,305,201,119,2656,25
88,240,152,80,417,337,103,423,320,87,566,479,130,282,152,119,272,153,96,248,152,129,2577,25
80,240,160,72,184,112,112,568,456,113,440,327,120,304,184,104,288,184,72,344,272,112,2480,25
130,488,358,104,352,248,112,320,208,112,384,272,128,240,112,113,272,159,80,328,248,133,2517,25
88,240,152,64,152,88,112,320,208,104,232,128,113,392,279,104,240,136,80,216,136,96,1888,25
104,288,184,120,208,88,104,432,328,112,665,553,111,319,208,114,272,158,114,344,230,131,2659,25
97,409,312,80,216,136,96,776,680,104,289,185,111,288,177,103,231,128,88,336,248,112,2657,25
80,225,145,79,168,89,119,511,392,120,368,248,128,256,128,104,264,160,96,272,176,104,2168,25
103,256,153,64,831,767,136,609,473,135,416,281,113,576,463,95,312,217,95,328,233,112,3440,25
95,232,137,79,168,89,104,560,456,104,304,200,128,288,160,87,272,185,80,264,184,119,2207,25
95,242,147,78,886,808,104,744,640,128,376,248,144,456,312,79,239,160,121,385,264,112,3440,25
104,239,135,112,209,97,152,696,544,120,232,112,123,616,493,96,279,183,97,185,88,128,2584,25
120,320,200,130,568,438,136,496,360,96,600,504,111,320,209,88,240,152,103,216,113,128,2888,25
104,472,368,80,232,152,123,408,285,112,312,200,104,272,168,104,240,136,80,248,168,112,2296,25
112,473,361,80,320,240,113,863,750,105,377,272,112,496,384,95,184,89,96,264,168,135,3112,25
104,255,151,105,529,424,127,1040,913,112,329,217,113,311,198,95,288,193,104,280,176,104,3136,25
80,216,136,65,160,95,114,312,198,104,432,328,127,304,177,96,200,104,113,288,175,128,2040,25
79,215,136,83,177,94,111,255,144,88,313,225,103,496,393,79,271,192,89,400,311,72,2199,25
96,249,153,71,187,116,100,428,328,88,297,209,103,455,352,104,256,152,88,224,136,104,2200,25
79,232,153,82,175,93,113,800,687,112,385,273,103,407,304,81,209,128,79,199,120,80,2487,25
88,240,152,81,176,95,128,617,489,95,368,273,112,343,231,81,224,143,80,193,113,113,2274,25
87,215,128,63,144,81,120,640,520,104,295,191,112,313,201,88,216,128,48,208,160,88,2119,25
130,224,94,128,256,128,136,224,88,128,680,552,143,344,201,160,2168,2008,104,320,216,128,4344,25
112,168,56,128,272,144,128,184,56,136,544,408,136,320,184,152,688,536,112,1216,1104,135,3527,25
113,184,71,95,240,145,120,552,432,136,455,319,138,329,191,144,496,352,127,424,297,128,2808,25
128,232,104,104,288,184,111,183,72,129,257,128,144,360,216,135,384,249,128,296,168,111,2111,25
112,168,56,128,256,128,120,168,48,135,383,248,121,329,208,152,368,216,96,263,167,121,2056,25
120,176,56,112,264,152,112,208,96,136,352,216,144,328,184,128,400,272,128,360,232,112,2200,25
112,160,48,104,256,152,96,152,56,136,352,216,128,288,160,104,384,280,88,288,200,112,1992,25
128,200,72,112,272,160,96,143,47,153,321,168,120,312,192,128,408,280,104,216,112,120,1992,25
136,200,64,128,272,144,103,200,97,144,432,288,136,424,288,128,752,624,128,344,216,144,2768,25
127,192,65,104,272,168,120,271,151,193,1521,1328,128,1040,912,160,496,336,128,320,192,144,4256,25
120,232,112,112,271,159,121,217,96,159,224,65,136,352,216,168,393,225,119,279,160,111,2079,25
136,208,72,96,240,144,104,192,88,160,272,112,119,304,185,152,312,160,112,248,136,136,1912,25
151,199,48,121,273,152,96,296,200,168,1464,1296,128,728,600,127,392,265,112,208,96,160,3720,25
144,224,80,120,528,408,128,288,160,151,369,218,143,311,168,128,848,720,120,328,208,143,3039,25
128,232,104,112,280,168,120,232,112,144,463,319,137,281,144,159,440,281,88,287,199,137,2352,25
136,216,80,104,255,151,129,521,392,160,648,488,112,272,160,96,296,200,88,280,192,104,2592,25
112,185,73,127,279,152,120,224,104,152,624,472,128,264,136,144,344,200,112,240,128,152,2312,25
128,272,144,112,320,208,144,216,72,144,480,336,112,304,192,136,360,224,120,296,176,144,2392,25
127,192,65,112,255,143,105,145,40,167,360,193,128,279,151,129,393,264,120,240,120,136,2000,25
152,200,48,120,256,136,104,184,80,160,368,208,144,328,184,143,328,185,112,232,120,136,2032,25
128,192,64,104,264,160,128,176,48,152,312,160,128,280,152,136,328,192,112,224,112,152,1928,25
143,225,82,103,279,176,168,248,80,160,447,287,97,265,168,128,336,208,96,240,144,136,2176,25
127,208,81,96,400,304,64,192,128,168,504,336,96,311,215,145,1097,952,96,239,143,145,3096,25
128,304,176,144,328,184,135,256,121,168,384,216,128,304,176,128,288,160,104,400,296,128,2392,25
152,232,80,144,319,175,129,273,144,152,280,128,136,864,728,136,1000,864,112,312,200,136,3416,25
144,216,72,112,248,136,120,176,56,176,320,144,152,336,184,128,239,111,105,265,160,120,1920,25
144,200,56,105,256,151,128,239,111,153,401,248,128,288,160,144,247,103,113,232,119,129,1992,25
144,216,72,96,248,152,119,256,137,160,560,400,135,312,177,160,1040,880,112,383,271,129,3144,25
136,192,56,112,280,168,136,272,136,176,320,144,128,392,264,128,256,128,112,416,304,128,2256,25
120,184,64,120,263,143,129,225,96,184,296,112,128,399,271,129,505,376,127,279,152,145,2296,25
137,185,48,111,296,185,113,208,95,176,600,424,104,376,272,144,287,143,121,385,264,136,2473,25
143,183,40,121,273,152,120,216,96,152,296,144,144,440,296,136,640,504,120,328,208,112,2488,25
128,192,64,87,248,161,112,175,63,177,426,249,127,319,192,128,312,184,112,224,112,144,2040,25
128,199,71,113,273,160,128,216,88,168,336,168,144,343,199,120,217,97,112,240,128,152,1976,25
144,192,48,103,288,185,144,232,88,152,400,248,136,335,199,137,369,232,104,248,144,112,2176,25
136,208,72,104,256,152,120,184,64,168,304,136,136,304,168,136,280,144,112,528,416,128,2192,25
144,208,64,120,304,184,136,256,120,160,488,328,136,288,152,144,304,160,88,344,256,120,2312,25
145,200,55,128,279,151,129,721,592,168,952,784,120,271,151,129,265,136,88,248,160,120,3056,25
144,216,72,112,256,144,128,208,80,160,312,152,127,384,257,136,296,160,112,248,136,136,2056,25
152,248,96,112,272,160,127,224,97,160,280,120,128,295,167,137,249,112,111,472,361,120,2160,25
137,249,112,152,776,624,143,440,297,184,327,143,169,832,663,137,377,240,112,272,160,120,3393,25
111,152,41,128,280,152,143,216,73,160,376,216,136,280,144,144,328,184,104,240,136,144,2016,25
136,208,72,112,304,192,120,208,88,160,688,528,120,344,224,136,287,151,121,321,200,135,2495,25
136,216,80,120,344,224,112,223,111,177,353,176,111,296,185,159,303,144,113,225,112,127,2087,25
136,208,72,112,272,160,128,304,176,160,328,168,144,336,192,144,256,112,112,223,111,145,2072,25
127,176,49,112,272,160,143,232,89,168,296,128,136,304,168,128,224,96,120,248,128,136,1888,25
144,280,136,127,320,193,152,264,112,167,384,217,112,296,184,159,344,185,111,240,129,144,2272,25
160,232,72,111,248,137,104,120,16,176,312,136,120,344,224,128,240,112,112,192,80,112,1800,25
144,200,56,112,255,143,113,209,96,136,216,80,128,328,200,128,216,88,96,216,120,119,1759,25
119,135,16,89,265,176,128,191,63,169,761,592,176,487,311,129,713,584,96,224,128,127,2903,25
128,160,32,112,264,152,120,224,104,160,256,96,136,344,208,128,232,104,112,208,96,144,1832,25
144,191,47,97,288,191,113,208,95,161,264,103,160,289,129,144,1264,1120,88,296,208,152,2952,25
135,192,57,104,288,184,128,216,88,152,920,768,136,384,248,144,304,160,112,256,144,128,2688,25
152,208,56,104,280,176,144,216,72,168,640,472,120,1224,1104,112,288,176,104,264,160,136,3256,25
128,216,88,128,320,192,144,272,128,160,375,215,137,361,224,161,264,103,112,304,192,128,2240,25
112,168,56,128,296,168,112,223,111,169,297,128,127,320,193,120,280,160,112,520,408,127,2231,25
152,184,32,96,288,192,131,272,141,176,432,256,112,295,183,160,304,144,129,233,104,120,2128,25
144,208,64,104,264,160,144,240,96,160,327,167,113,328,215,152,689,537,104,1736,1632,144,3936,25
144,160,16,136,288,152,136,208,72,184,360,176,128,360,232,144,328,184,128,288,160,144,2136,25
144,200,56,104,272,168,136,208,72,168,696,528,152,327,175,137,328,191,96,257,161,136,2424,25
145,169,24,96,240,144,112,184,72,168,344,176,112,344,232,176,288,112,128,280,152,128,1977,25
144,183,39,105,240,135,137,161,24,160,280,120,143,272,129,144,368,224,104,280,176,112,1896,25
136,224,88,96,247,151,121,185,64,143,264,121,111,256,145,136,1136,1000,72,288,216,120,2720,25
152,168,16,103,247,144,129,217,88,176,304,128,112,384,272,152,312,160,120,368,248,95,2095,25
168,312,144,128,432,304,112,288,176,128,880,752,153,896,743,144,416,272,145,320,175,152,3696,25
151,208,57,104,240,136,152,192,40,200,504,304,136,296,160,152,696,544,95,808,713,136,3080,25
136,256,120,104,248,144,128,224,96,184,352,168,120,392,272,152,368,216,96,336,240,143,2319,25
160,192,32,112,256,144,96,168,72,168,311,143,121,297,176,136,280,144,113,224,111,151,1879,25
152,232,80,112,272,160,120,240,120,183,312,129,128,376,248,127,248,121,103,216,113,135,2031,25
128,176,48,112,296,184,128,192,64,176,344,168,128,328,200,144,288,144,96,232,136,136,1992,25
120,192,72,135,280,145,128,176,48,152,368,216,176,288,112,152,304,152,127,232,105,136,1976,25
137,159,22,137,273,136,144,240,96,208,249,41,167,335,168,160,272,112,112,231,119,129,1888,25
144,192,48,104,256,152,120,200,80,167,376,209,136,240,104,160,304,144,136,256,120,136,1960,25
129,185,56,104,248,144,120,208,88,160,216,56,144,336,192,105,232,127,112,216,104,120,1761,25
160,208,48,88,248,160,128,168,40,152,264,112,136,256,120,160,384,224,128,312,184,136,1976,25
144,215,71,105,241,136,120,160,40,160,384,224,96,256,160,144,288,144,87,232,145,112,1888,25
112,192,80,104,239,135,137,209,72,168,256,88,128,312,184,136,272,136,104,192,88,112,1784,25
136,184,48,104,263,159,105,217,112,168,272,104,104,296,192,128,568,440,104,256,152,144,2200,25
119,168,49,104,264,160,112,232,120,144,208,64,112,433,321,127,247,120,120,264,144,136,1952,25
145,201,56,111,272,161,120,208,88,159,264,105,95,296,201,136,256,120,104,304,200,120,1921,25
120,200,80,103,232,129,128,168,40,152,256,104,112,416,304,144,368,224,112,463,351,137,2240,25
112,136,24,104,248,144,112,192,80,160,240,80,137,352,215,176,208,32,112,328,216,135,1839,25
127,174,47,88,240,152,120,160,40,160,320,160,128,248,120,128,312,184,103,336,233,184,1974,25
120,527,407,105,241,136,88,208,120,168,328,160,104,656,552,112,296,184,113,192,79,112,2560,25
120,168,48,96,240,144,112,176,64,152,280,128,128,288,160,176,296,120,112,328,216,112,1888,25
104,152,48,88,232,144,112,192,80,168,264,96,96,256,160,152,744,592,112,256,144,144,2240,25
95,136,41,104,239,135,113,193,80,153,368,215,120,272,152,136,280,144,104,320,216,128,1936,25
144,240,96,104,240,136,104,184,80,144,248,104,112,328,216,112,240,128,112,272,160,104,1856,25
128,216,88,96,264,168,144,328,184,184,344,160,136,296,160,120,264,144,128,256,128,128,2096,25
128,232,104,104,248,144,136,201,65,151,471,320,144,448,304,152,920,768,135,312,177,128,2960,25
128,192,64,112,312,200,128,192,64,145,1040,895,120,216,96,136,351,215,105,249,144,112,2664,25
120,175,55,105,240,135,121,193,72,152,248,96,120,296,176,144,320,176,104,184,80,144,1800,25
128,168,40,87,232,145,128,184,56,152,296,144,151,248,97,160,352,192,120,240,120,112,1832,25
128,192,64,104,255,151,121,201,80,136,344,208,159,328,169,167,784,617,104,736,632,112,2952,25
112,184,72,88,216,128,96,200,104,152,248,96,112,280,168,128,264,136,120,304,184,136,1832,25
144,216,72,103,280,177,144,208,64,144,239,95,129,289,160,136,248,112,112,288,176,136,1904,25
120,201,81,119,263,144,167,208,41,160,432,272,168,304,136,184,400,216,128,280,152,120,2208,25
136,192,56,112,248,136,152,192,40,128,368,240,144,320,176,120,328,208,104,376,272,96,2120,25
129,192,63,120,248,128,135,192,57,152,304,152,136,272,136,159,256,97,112,312,200,128,1904,25
104,216,112,112,256,144,120,184,64,136,248,112,152,688,536,144,296,152,128,296,168,72,2256,25
112,152,40,104,264,160,144,176,32,168,312,144,129,401,272,143,255,112,128,248,120,152,1960,25
120,200,80,104,256,152,137,184,47,144,296,152,176,360,184,152,376,224,104,279,175,112,2063,25
120,160,40,112,248,136,112,168,56,144,248,104,136,528,392,160,472,312,88,312,224,96,2232,25
104,136,32,96,256,160,120,184,64,136,232,96,128,568,440,136,848,712,136,344,208,119,2687,25
120,200,80,120,344,224,144,232,88,136,312,176,136,376,240,144,264,120,128,272,144,88,2088,25
136,184,48,96,256,160,112,176,64,144,256,112,144,264,120,143,272,129,120,240,120,104,1752,25
136,160,24,88,232,144,159,248,89,144,233,89,135,303,168,152,823,671,105,257,152,127,2383,25
128,168,40,120,264,144,135,192,57,144,240,96,144,320,176,136,304,168,112,416,304,112,2016,25
120,208,88,96,232,136,103,168,65,136,248,112,120,264,144,152,255,103,97,241,144,104,1720,25
104,144,40,136,327,191,106,153,47,151,400,249,96,295,199,129,417,288,88,272,184,120,2128,25
105,209,104,88,248,160,128,152,24,136,576,440,160,984,824,152,480,328,112,256,144,120,3025,25
104,184,80,96,232,136,120,152,32,145,272,127,136,328,192,128,327,199,129,233,104,104,1832,25
129,161,32,104,240,136,120,160,40,151,256,105,144,216,72,152,272,120,104,232,128,128,1665,25
104,160,56,112,232,120,127,176,49,128,240,112,120,280,160,128,208,80,112,200,88,112,1608,25
119,136,17,104,256,152,128,200,72,152,344,192,136,240,104,136,288,152,112,208,96,96,1768,25
96,176,80,88,216,128,120,152,32,143,265,122,127,287,160,152,280,128,96,240,144,112,1728,25
112,167,55,89,265,176,112,168,56,137,352,215,111,264,153,160,328,168,103,232,129,128,1904,25
128,160,32,95,263,168,121,177,56,136,224,88,144,288,144,152,296,144,104,232,128,128,1768,25
96,256,160,104,288,184,128,176,48,144,319,175,121,265,144,151,240,89,87,368,281,103,2015,25
112,200,88,111,255,144,137,161,24,144,288,144,128,272,144,152,464,312,128,328,200,120,2088,25
96,176,80,96,248,152,120,152,32,152,304,152,120,264,144,135,360,225,80,248,168,112,1864,25
113,193,80,105,256,151,136,224,88,136,335,199,145,577,432,169,696,527,80,280,200,104,2665,25
128,240,112,104,280,176,104,192,88,144,320,176,136,304,168,144,248,104,120,224,104,128,1936,25
136,176,40,88,264,176,120,216,96,128,264,136,112,263,151,161,289,128,112,240,128,104,1816,25
113,177,64,87,248,161,112,224,112,136,216,80,120,280,160,136,232,96,96,208,112,120,1705,25
112,208,96,96,256,160,112,240,128,136,400,264,105,624,519,136,240,104,112,264,152,127,2359,25
129,193,64,88,248,160,112,200,88,143,360,217,112,344,232,161,280,119,88,258,170,126,2009,25
112,144,32,96,248,152,104,152,48,152,240,88,120,296,176,136,232,96,96,233,137,103,1648,25
112,192,80,112,280,168,112,184,72,144,520,376,120,784,664,120,248,128,104,232,128,136,2576,25
112,199,87,89,233,144,112,183,71,129,313,184,120,352,232,144,280,136,96,240,144,136,1936,25
104,160,56,104,280,176,120,208,88,160,304,144,128,304,176,144,224,80,104,264,160,112,1856,25
120,200,80,112,280,168,136,184,48,144,440,296,112,328,216,136,352,216,128,336,208,120,2240,25
128,199,71,113,257,144,152,240,88,152,320,168,160,400,240,128,240,112,128,280,152,144,2080,25
128,168,40,135,303,168,145,193,48,152,416,264,128,344,216,152,264,112,112,240,128,136,2064,25
127,208,81,120,304,184,144,224,80,184,2192,2008,120,328,208,144,896,752,127,328,201,104,4584,25
104,200,96,112,264,152,144,192,48,144,312,168,136,280,144,143,264,121,127,232,105,128,1872,25
144,184,40,120,280,160,151,200,49,152,280,128,136,272,136,144,704,560,112,312,200,112,2344,25
120,160,40,96,256,160,128,200,72,136,232,96,144,312,168,152,528,376,112,272,160,112,2072,25
105,185,80,96,240,144,120,184,64,152,280,128,160,432,272,143,232,89,104,240,136,112,1905,25
96,216,120,96,248,152,104,160,56,160,288,128,128,280,152,160,272,112,96,224,128,96,1784,25
121,152,31,104,240,136,104,175,71,161,258,97,118,255,137,160,263,103,97,233,136,104,1680,25
122,225,103,96,256,160,112,192,80,127,760,633,120,599,479,161,377,216,104,320,216,128,2857,25
129,193,64,104,232,128,111,168,57,136,608,472,120,544,424,136,240,104,104,232,128,112,2329,25
104,168,64,96,248,152,96,176,80,128,256,128,120,272,152,152,240,88,120,192,72,104,1656,25
120,184,64,104,232,128,120,176,56,136,256,120,128,272,144,152,328,176,120,240,120,113,1801,25
120,176,56,104,256,152,120,176,56,144,272,128,128,559,431,161,337,176,120,312,192,104,2192,25
120,232,112,112,272,160,128,184,56,184,720,536,120,712,592,112,272,160,120,272,152,104,2768,25
128,176,48,103,248,145,120,160,40,152,264,112,136,272,136,160,280,120,112,224,112,152,1776,25
136,216,80,104,248,144,128,176,48,144,264,120,136,304,168,160,248,88,104,248,144,120,1824,25
128,160,32,104,248,144,128,184,56,137,256,119,128,264,136,169,632,463,97,344,247,88,2176,25
120,176,56,88,248,160,96,161,65,143,255,112,120,280,160,160,424,264,88,408,320,96,2048,25
111,151,40,96,256,160,96,168,72,136,256,120,120,280,160,152,256,104,104,352,248,112,1831,25
112,168,56,88,248,160,96,200,104,128,272,144,112,312,200,168,560,392,112,408,296,105,2273,25
96,152,56,103,272,169,128,200,72,120,216,96,128,264,136,152,503,351,97,345,248,96,2048,25
112,184,72,104,248,144,120,191,71,129,225,96,120,336,216,184,400,216,113,360,247,112,2056,25
128,184,56,104,256,152,80,144,64,144,296,152,104,296,192,176,496,320,88,296,208,120,2088,25
119,120,1,103,255,152,112,152,40,152,232,80,128,288,160,159,304,145,96,240,144,112,1703,25
136,160,24,96,272,176,88,1896,1808,128,576,448,112,280,168,144,272,128,88,216,128,120,3792,25
136,168,32,112,264,152,128,168,40,152,296,144,152,272,120,160,272,112,96,208,112,136,1784,25
120,200,80,96,255,159,112,153,41,145,416,271,120,600,480,168,615,447,89,281,192,128,2648,25
128,200,72,104,264,160,111,160,49,152,304,152,136,823,687,161,361,200,120,224,104,152,2488,25
120,584,464,104,312,208,111,200,89,136,456,320,128,352,224,160,264,104,120,448,328,112,2728,25
120,176,56,121,280,159,136,208,72,144,384,240,119,384,265,128,264,136,105,232,127,151,2079,25
120,192,72,104,256,152,120,184,64,144,296,152,128,352,224,184,504,320,119,255,136,129,2168,25
127,176,49,96,264,168,135,184,49,152,271,119,161,321,160,168,296,128,112,456,344,119,2087,25
137,225,88,127,335,208,145,225,80,143,456,313,127,288,161,160,248,88,112,352,240,128,2257,25
128,200,72,104,256,152,144,248,104,152,400,248,120,753,633,135,263,128,96,272,176,128,2520,25
120,168,48,112,248,136,112,200,88,144,208,64,136,352,216,168,216,48,112,248,136,88,1728,25
112,168,56,95,256,161,112,160,48,144,328,184,120,328,208,176,248,72,112,271,159,129,1888,25
144,208,64,88,224,136,96,168,72,135,248,113,136,344,208,176,232,56,120,264,144,111,1799,25
113,135,22,81,241,160,112,184,72,152,296,144,112,272,160,160,343,183,121,225,104,128,1824,25
120,184,64,96,224,128,136,256,120,136,328,192,128,392,264,152,272,120,104,264,160,128,2048,25
128,176,48,104,239,135,137,217,80,160,256,96,120,288,168,184,240,56,96,232,136,112,1760,25
152,176,24,80,1104,1024,112,816,704,136,432,296,104,280,176,144,208,64,104,224,120,144,3384,25
136,176,40,112,256,144,128,192,64,143,232,89,144,264,120,168,271,103,137,233,96,88,1712,25
112,208,96,97,256,159,128,176,48,128,256,128,112,248,136,152,256,104,105,232,127,136,1768,25
120,160,40,120,272,152,128,192,64,144,224,80,113,256,143,136,200,64,120,232,112,120,1656,25
136,192,56,96,216,120,120,184,64,128,232,104,120,328,208,200,424,224,88,264,176,144,1984,25
128,168,40,96,240,144,112,160,48,144,256,112,96,304,208,152,208,56,104,256,152,72,1664,25
120,168,48,80,249,169,135,159,24,144,296,152,128,224,96,152,1120,968,80,560,480,87,2863,25
112,184,72,88,232,144,112,200,88,128,256,128,112,344,232,176,288,112,121,264,143,120,1888,25
129,192,63,104,240,136,136,208,72,216,320,104,160,313,153,143,199,56,144,231,87,113,1816,25
112,145,33,103,247,144,104,216,112,144,183,39,145,305,160,144,184,40,112,223,111,128,1631,25
128,176,48,112,248,136,128,200,72,152,224,72,151,288,137,144,208,64,96,208,112,128,1680,25
103,160,57,104,248,144,112,224,112,160,328,168,112,432,320,136,224,88,96,240,144,128,1984,25
128,160,32,96,256,160,112,208,96,136,208,72,128,304,176,144,248,104,88,256,168,112,1752,25
128,168,40,111,256,145,144,184,40,144,504,360,128,376,248,169,600,431,112,472,360,111,2671,25
112,184,72,104,264,160,128,192,64,137,240,103,128,296,168,168,272,104,88,320,232,184,1952,25
152,176,24,104,248,144,120,216,96,128,223,95,137,297,160,168,216,48,104,280,176,81,1737,25
104,144,40,104,256,152,104,160,56,128,256,128,136,360,224,184,280,96,111,264,153,111,1831,25
128,168,40,104,257,153,111,175,64,136,224,88,120,248,128,168,288,120,104,232,128,112,1704,25
136,216,80,88,224,136,112,168,56,128,256,128,104,704,600,176,288,112,112,304,192,112,2272,25
128,152,24,103,312,209,152,184,32,128,288,160,112,376,264,144,400,256,96,264,168,112,2088,25
120,248,128,95,256,161,113,176,63,152,264,112,128,296,168,176,272,96,104,232,128,121,1865,25
105,176,71,128,271,143,145,193,48,151,440,289,144,352,208,135,232,97,136,240,104,144,2048,25
97,137,40,112,256,144,127,215,88,144,289,145,152,248,96,152,344,192,112,263,151,137,1889,25
127,167,40,105,233,128,128,176,48,127,208,81,152,336,184,120,176,56,138,272,134,127,1695,25
120,152,32,112,256,144,136,159,23,176,313,137,136,279,143,146,417,271,104,208,104,127,1911,25
136,168,32,120,248,128,128,160,32,168,224,56,144,296,152,128,480,352,112,255,143,121,1952,25
136,160,24,96,240,144,119,167,48,137,249,112,120,256,136,128,200,72,128,264,136,120,1656,25
128,144,16,104,248,144,128,176,48,135,223,88,145,273,128,168,320,152,120,248,128,112,1744,25
88,144,56,104,240,136,120,152,32,143,199,56,145,297,152,160,232,72,128,224,96,120,1608,25
129,161,32,88,232,144,96,168,72,144,216,72,128,280,152,144,256,112,112,216,104,112,1641,25
108,140,32,105,233,128,120,160,40,128,272,144,167,264,97,127,239,112,128,265,137,120,1693,25
128,160,32,96,232,136,104,168,64,128,208,80,128,280,152,144,536,392,104,240,136,112,1936,25
112,176,64,80,216,136,96,159,63,144,224,80,129,281,152,120,200,80,120,423,303,113,1792,25
120,144,24,88,223,135,113,161,48,144,272,128,120,600,480,129,287,158,129,201,72,112,2000,25
128,176,48,80,224,144,136,200,64,152,272,120,136,312,176,144,295,151,129,225,96,128,1832,25
112,152,40,87,231,144,120,249,129,136,192,56,120,466,346,158,262,104,136,256,120,128,1936,25
127,192,65,104,288,184,136,279,143,49,1753,1704,135,288,153,136,600,464,120,271,151,137,3808,25
160,192,32,120,296,176,144,192,48,136,336,200,120,280,160,136,272,136,136,272,136,121,1961,25
120,208,88,88,255,167,137,273,136,128,264,136,120,328,208,135,247,112,121,257,136,128,1960,25
120,152,32,136,280,144,159,208,49,160,296,136,144,288,144,151,288,137,152,240,88,120,1872,25
120,207,87,121,281,160,128,192,64,136,273,137,135,295,160,127,240,113,128,216,88,112,1816,25
144,263,119,129,281,152,112,152,40,152,384,232,128,352,224,104,464,360,104,216,112,112,2224,25
127,175,48,98,257,159,112,168,56,144,288,144,120,255,135,144,225,81,120,256,136,136,1760,25
111,191,80,104,240,136,128,168,40,143,256,113,112,288,176,112,272,160,112,192,80,127,1734,25
128,176,48,96,248,152,96,210,114,125,221,96,105,257,152,136,272,136,120,232,112,135,1751,25
112,144,32,120,280,160,112,200,88,152,383,231,129,305,176,136,471,335,105,233,128,103,2119,25
128,201,73,103,263,160,127,223,96,121,313,192,113,328,215,127,256,129,128,215,87,121,1920,25
120,136,16,112,272,160,136,183,47,153,304,151,145,257,112,119,224,105,127,223,96,129,1728,25
120,200,80,96,256,160,127,184,57,144,1616,1472,128,288,160,136,255,119,113,193,80,120,3112,25
112,200,88,112,255,143,129,193,64,144,303,159,121,257,136,159,271,112,128,233,105,112,1824,25
120,152,32,119,272,153,136,199,63,145,384,239,129,337,208,120,352,232,96,207,111,113,2016,25
112,176,64,113,257,144,128,176,48,160,464,304,111,304,193,112,296,184,104,184,80,120,1977,25
145,217,72,80,264,184,112,216,104,144,520,376,112,248,136,128,368,240,104,192,88,119,2144,25
119,200,81,104,360,256,120,175,55,145,329,184,104,695,591,113,225,112,104,216,112,120,2320,25
96,176,80,103,232,129,96,168,72,144,319,175,113,241,128,144,256,112,120,200,80,136,1728,25
104,192,88,112,272,160,112,136,24,192,335,143,128,257,129,136,328,192,104,192,88,112,1824,25
120,160,40,104,248,144,112,152,40,152,327,175,128,273,145,152,224,72,128,224,96,120,1728,25
120,160,40,112,248,136,128,160,32,160,488,328,104,480,376,128,296,168,104,192,88,135,2159,25
128,184,56,96,248,152,104,216,112,160,288,128,129,304,175,128,224,96,128,256,128,96,1816,25
120,176,56,112,272,160,104,168,64,151,303,152,121,257,136,120,480,360,112,295,183,113,2064,25
120,200,80,119,304,185,120,1496,1376,136,824,688,112,256,144,136,280,144,96,200,104,112,3672,25
112,184,72,88,1176,1088,112,216,104,143,279,136,137,265,128,136,360,224,112,272,160,112,2864,25
111,216,105,112,256,144,128,192,64,151,280,129,145,352,207,160,248,88,136,280,144,119,1943,25
128,192,64,104,256,152,112,183,71,145,297,152,136,304,168,129,247,118,129,280,151,89,1848,25
112,209,97,105,240,135,104,168,64,152,320,168,112,255,143,137,240,103,113,241,128,112,1785,25
111,151,40,97,233,136,112,152,40,144,288,144,120,272,152,135,199,64,113,249,136,112,1656,25
104,136,32,95,255,160,105,217,112,128,240,112,128,280,152,160,264,104,111,208,97,136,1736,25
160,192,32,96,232,136,136,191,55,154,457,303,136,256,120,151,328,177,104,352,248,144,2152,25
136,208,72,104,248,144,112,176,64,152,431,279,113,217,104,160,264,104,120,208,88,120,1872,25
137,177,40,104,256,152,128,184,56,144,280,136,127,255,128,137,265,128,96,224,128,135,1776,25
81,145,64,96,240,144,96,192,96,136,264,128,127,296,169,144,207,63,120,240,120,129,1713,25
104,128,24,129,272,143,128,201,73,175,295,120,129,312,183,137,248,111,121,248,127,105,1809,25
104,184,80,88,224,136,104,160,56,151,248,97,119,248,129,136,408,272,96,263,167,145,1880,25
105,200,95,120,239,119,80,153,73,144,288,144,120,280,160,136,263,127,120,217,97,120,1760,25
104,168,64,104,247,143,112,185,73,152,279,127,104,424,320,161,233,72,111,240,129,103,1879,25
80,128,48,96,232,136,103,183,80,138,225,87,120,1592,1472,112,312,200,112,192,80,119,2983,25
104,192,88,96,223,127,161,257,96,160,256,96,120,368,248,127,552,425,112,240,128,120,2208,25
104,224,120,152,471,319,113,184,71,137,321,184,144,288,144,120,264,144,120,215,95,129,2096,25
112,168,56,104,272,168,143,216,73,159,280,121,152,248,96,160,280,120,127,232,105,129,1825,25
128,192,64,104,264,160,127,200,73,160,271,111,129,281,152,144,247,103,112,201,89,152,1808,25
104,184,80,119,271,152,113,201,88,144,264,120,128,280,152,136,520,384,120,344,224,128,2192,25
80,208,128,96,240,144,120,232,112,136,247,111,129,369,240,128,272,144,120,256,136,119,1943,25
136,184,48,96,232,136,128,192,64,143,239,96,121,281,160,160,256,96,104,256,152,112,1752,25
96,136,40,103,256,153,88,184,96,152,255,103,120,289,169,144,248,104,104,248,144,112,1728,25
120,208,88,96,232,136,104,168,64,152,327,175,137,297,160,144,648,504,111,304,193,72,2256,25
112,216,104,120,247,127,96,161,65,144,272,128,128,248,120,144,232,88,128,207,79,129,1712,25
135,151,16,105,249,144,111,199,88,153,689,536,120,320,200,119,336,217,88,248,160,88,2280,25
112,167,55,96,233,137,96,176,80,136,272,136,112,264,152,137,240,103,96,216,120,79,1647,25
120,184,64,112,256,144,80,176,96,144,272,128,112,248,136,128,240,112,103,231,128,114,1721,25
88,144,56,104,248,144,96,183,87,153,225,72,112,288,176,96,168,72,112,256,144,79,1591,25
144,146,2,86,230,144,112,176,64,152,279,127,113,257,144,128,288,160,104,224,120,80,1680,25
120,176,56,88,232,144,112,184,72,127,256,129,111,280,169,136,240,104,96,216,120,96,1680,25
96,168,72,96,224,128,104,200,96,144,224,80,120,320,200,128,1136,1008,104,264,160,80,2616,25
129,185,56,112,240,128,96,136,40,144,312,168,104,392,288,152,240,88,112,184,72,143,1832,25
136,152,16,104,232,128,112,192,80,152,223,71,112,313,201,120,248,128,120,224,104,112,1696,25
120,160,40,112,240,128,120,192,72,144,215,71,121,281,160,128,216,88,112,224,112,112,1640,25
106,193,87,88,224,136,112,207,95,137,409,272,112,256,144,136,1320,1184,120,303,183,137,3049,25
104,176,72,104,232,128,128,240,112,127,240,113,128,719,591,161,289,128,136,320,184,128,2344,25
88,160,72,95,232,137,120,256,136,144,255,111,121,448,327,129,256,127,113,257,144,136,2000,25
112,160,48,120,248,128,128,208,80,144,208,64,128,303,175,129,217,88,105,240,135,88,1672,25
88,144,56,104,239,135,129,241,112,144,224,80,112,304,192,128,384,256,96,256,160,96,1888,25
81,128,47,112,240,128,112,208,96,128,264,136,120,272,152,136,296,160,112,216,104,96,1720,25
88,168,80,96,232,136,112,184,72,128,207,79,129,409,280,152,272,120,112,208,96,80,1760,25
111,183,72,97,217,120,96,168,72,128,224,96,120,319,199,129,241,112,96,208,112,88,1648,25
96,168,72,96,224,128,136,232,96,103,208,105,128,400,272,128,272,144,119,233,114,127,1864,25
88,184,96,96,247,151,113,185,72,120,264,144,120,296,176,128,231,103,113,233,120,96,1736,25
88,264,176,95,239,144,113,193,80,136,247,111,145,289,144,128,199,71,112,225,113,112,1768,25
120,192,72,96,231,135,145,233,88,144,288,144,128,344,216,128,392,264,128,224,96,96,2000,25
96,144,48,96,239,143,112,217,105,136,192,56,128,296,168,112,184,72,120,247,127,121,1640,25
120,168,48,128,328,200,128,560,432,144,615,471,112,297,185,113,312,199,96,208,112,104,2592,25
88,144,56,112,240,128,120,184,64,144,240,96,127,287,160,129,185,56,128,208,80,104,1592,25
87,151,64,105,233,128,111,184,73,144,240,96,119,272,153,127,239,112,105,234,129,127,1680,25
80,136,56,103,239,136,104,169,65,136,240,104,96,655,559,162,433,271,128,440,312,120,2432,25
112,168,56,112,240,128,120,193,73,150,238,88,112,281,169,144,256,112,120,232,112,96,1704,25
96,147,51,109,230,121,95,175,80,128,216,88,112,264,152,128,280,152,120,216,96,104,1632,25
104,184,80,88,224,136,112,176,64,128,384,256,128,512,384,136,432,296,95,191,96,73,2176,25
112,168,56,88,232,144,96,240,144,119,199,80,129,289,160,120,232,112,112,256,144,104,1720,25
79,183,104,112,241,129,96,128,32,136,328,192,112,720,608,112,328,216,128,224,96,96,2248,25
96,120,24,112,312,200,72,168,96,191,408,217,113,1488,1375,128,1015,887,97,265,168,120,3896,25
121,169,48,112,240,128,128,224,96,136,192,56,144,288,144,136,184,48,112,248,136,120,1665,25
80,585,505,71,551,480,73,2448,2375,73,392,319,65,832,767,65,2120,2055,65,1079,1014,89,8096,27
64,728,664,81,400,319,73,920,847,64,376,312,81,6008,5927,73,1544,1471,73,1205,1132,107,11288,27
81,528,447,81,688,607,73,840,767,73,376,303,81,488,407,80,504,424,73,911,838,46,4381,27
65,321,256,72,656,584,64,704,640,56,368,312,64,696,632,49,664,615,80,1148,1068,63,4620,27
72,424,352,64,832,768,64,600,536,65,360,295,72,1056,984,80,544,464,80,1772,1692,84,5672,27
64,336,272,88,504,416,63,864,801,72,344,272,72,440,368,72,432,360,56,1087,1031,67,4074,27
72,296,224,80,472,392,65,945,880,63,439,376,72,656,584,57,832,775,48,1277,1229,75,4992,27
96,304,208,96,519,423,65,1001,936,73,368,295,72,672,600,65,367,302,81,477,396,49,3757,27
72,320,248,80,552,472,72,800,728,64,352,288,64,496,432,48,408,360,72,1215,1143,65,4208,27
96,272,176,96,472,376,72,911,839,73,361,288,72,944,872,72,328,256,88,464,376,82,3834,27
88,320,232,80,424,344,72,576,504,72,368,296,72,400,328,72,440,368,88,902,814,59,3489,27
80,248,168,88,384,296,87,608,521,72,496,424,80,1672,1592,81,432,351,72,439,367,64,4343,27
88,328,240,88,352,264,64,728,664,81,432,351,88,1480,1392,71,328,257,96,560,464,78,4286,27
64,271,207,80,529,449,56,560,504,72,312,240,72,632,560,72,592,520,80,399,319,43,3338,27
72,264,192,72,840,768,56,544,488,72,328,256,88,424,336,72,536,464,80,337,257,62,3335,27
88,432,344,64,1312,1248,97,456,359,72,360,288,88,416,328,72,568,496,88,378,290,64,3986,27
72,264,192,88,360,272,80,728,648,64,376,312,80,720,640,73,408,335,88,1095,1007,57,4008,27
99,355,256,64,432,368,56,560,504,56,408,352,72,1056,984,73,400,327,88,474,386,64,3749,27
88,304,216,88,424,336,80,528,448,72,368,296,64,416,352,72,440,368,79,425,346,69,2974,27
88,384,296,72,400,328,72,584,512,72,328,256,72,544,472,72,391,319,89,348,259,54,3033,27
97,568,471,79,344,265,72,936,864,72,480,408,72,680,608,88,352,264,64,985,921,54,4399,27
80,272,192,88,368,280,64,576,512,72,344,272,80,568,488,72,440,368,80,426,346,71,3065,27
88,280,192,72,288,216,64,728,664,72,416,344,56,479,423,89,297,208,80,925,845,40,3453,27
80,584,504,61,296,235,72,520,448,88,336,248,80,584,504,80,344,264,88,523,435,50,3237,27
88,343,255,97,385,288,80,840,760,80,432,352,88,448,360,88,344,256,64,911,847,64,3767,27
96,456,360,80,343,263,73,449,376,72,391,319,73,425,352,72,304,232,80,375,295,64,2807,27
81,553,472,71,376,305,72,456,384,72,360,288,88,823,735,80,329,249,72,367,295,58,3322,27
88,280,192,72,800,728,63,744,681,88,352,264,80,824,744,72,368,296,72,1046,974,66,4480,27
88,311,223,73,489,416,72,536,464,72,528,456,88,423,335,73,449,376,88,463,375,43,3242,27
89,512,423,72,328,256,65,473,408,64,416,352,72,384,312,80,360,280,72,418,346,55,2946,27
71,335,264,73,977,904,81,512,431,72,320,248,72,600,528,88,352,264,72,1015,943,60,4171,27
87,528,441,88,320,232,72,488,416,72,416,344,63,464,401,88,448,360,80,887,807,51,3602,27
80,498,418,53,294,241,72,455,383,81,440,359,81,601,520,88,320,232,88,355,267,68,3031,27
81,569,488,80,376,296,72,456,384,64,440,376,72,488,416,71,432,361,64,1151,1087,53,3965,27
88,336,248,56,312,256,64,568,504,72,384,312,72,336,264,80,311,231,73,928,855,65,3240,27
88,352,264,72,303,231,73,617,544,72,415,343,73,489,416,72,352,280,80,863,783,64,3455,27
88,560,472,72,303,231,97,761,664,64,503,439,73,505,432,72,360,288,72,447,375,46,3485,27
88,744,656,80,248,168,88,528,440,80,336,256,88,400,312,96,439,343,113,1069,956,80,3844,27
88,704,616,64,288,224,64,608,544,72,368,296,80,488,408,80,368,288,88,481,393,58,3363,27
88,816,728,80,648,568,80,376,296,88,376,288,88,960,872,65,360,295,81,389,308,53,3978,27
72,392,320,72,241,169,88,535,447,81,425,344,88,560,472,80,312,232,88,431,343,54,2950,27
80,496,416,64,798,734,41,690,649,72,440,368,72,431,359,88,345,257,96,372,276,52,3624,27
80,600,520,88,280,192,71,680,609,72,895,823,97,425,328,104,615,511,89,335,246,66,3896,27
80,400,320,56,264,208,79,655,576,81,457,376,71,368,297,72,376,304,104,349,245,87,2956,27
81,417,336,80,327,247,81,513,432,72,335,263,88,840,752,85,347,262,102,873,771,76,3728,27
72,560,488,80,232,152,79,512,433,72,384,312,95,400,305,80,624,544,72,476,404,67,3255,27
88,512,424,88,288,200,88,536,448,80,496,416,88,385,297,71,335,264,104,534,430,65,3151,27
81,593,512,88,328,240,64,424,360,72,408,336,88,384,296,64,384,320,88,339,251,69,2929,27
71,559,488,64,209,145,104,664,560,57,319,262,73,417,344,72,367,295,81,960,879,59,3554,27
88,648,560,72,280,208,104,512,408,72,360,288,88,648,560,72,288,216,88,937,849,79,3752,27
120,480,360,88,264,176,96,496,400,80,368,288,88,864,776,72,288,216,88,833,745,66,3659,27
72,304,232,72,272,200,88,504,416,72,344,272,72,400,328,72,296,224,104,416,312,43,2579,27
80,616,536,72,271,199,73,545,472,64,352,288,72,384,312,72,392,320,96,370,274,70,3000,27
64,536,472,72,301,229,67,530,463,73,393,320,72,600,528,80,368,288,64,800,736,54,3582,27
81,608,527,73,272,199,73,544,471,73,368,295,81,448,367,81,368,287,73,365,292,67,3040,27
73,496,423,81,264,183,80,560,480,72,504,432,73,721,648,95,351,256,49,392,343,66,3354,27
73,305,232,87,359,272,73,528,455,72,360,288,72,464,392,65,313,248,63,919,856,44,3292,27
89,376,287,81,280,199,89,576,487,73,344,271,73,408,335,88,336,248,73,389,316,66,2775,27
81,496,415,80,312,232,73,520,447,115,401,286,80,407,327,81,312,231,72,1632,1560,83,4163,27
73,592,519,72,376,304,89,544,455,81,424,343,80,665,585,80,375,295,89,449,360,65,3490,27
73,385,312,81,272,191,81,592,511,73,521,448,71,479,408,89,368,279,81,424,343,64,3105,27
81,312,231,89,280,191,105,544,439,73,368,295,89,464,375,89,328,239,73,1053,980,75,3424,27
72,1520,1448,64,288,224,80,384,304,81,464,383,73,968,895,89,1688,1599,73,408,335,64,5784,27
89,480,391,88,320,232,96,496,400,73,424,351,80,456,376,65,368,303,89,327,238,60,2931,27
80,376,296,88,225,137,95,543,448,80,448,368,73,520,447,80,384,304,113,1173,1060,55,3724,27
79,687,608,80,288,208,72,456,384,80,368,288,72,409,337,63,311,248,64,376,312,68,2963,27
88,465,377,79,407,328,88,440,352,80,607,527,81,505,424,80,320,240,112,409,297,71,3224,27
72,304,232,80,200,120,80,584,504,72,360,288,73,992,919,64,320,256,72,427,355,62,3249,27
80,449,369,55,367,312,72,696,624,72,343,271,73,569,496,64,296,232,88,977,889,64,3761,27
72,384,312,89,312,223,96,408,312,72,392,320,80,704,624,72,304,232,89,390,301,63,2957,27
72,288,216,72,272,200,72,1112,1040,64,480,416,72,416,344,72,312,240,96,439,343,64,3383,27
72,272,200,80,256,176,89,592,503,80,336,256,81,720,639,65,328,263,73,887,814,47,3438,27
73,528,455,72,272,200,80,480,400,80,1752,1672,73,464,391,80,288,208,80,767,687,49,4600,27
81,431,350,81,282,201,95,567,472,65,305,240,71,391,320,71,229,158,91,378,287,64,2647,27
80,247,167,125,221,96,43,300,257,72,416,344,104,504,400,72,296,224,80,847,767,68,2899,27
88,400,312,81,288,207,112,1008,896,72,392,320,80,1016,936,64,288,224,96,533,437,64,3989,27
80,512,432,65,343,278,73,777,704,88,392,304,80,352,272,79,392,313,64,657,593,63,3488,27
88,496,408,80,304,224,72,656,584,72,408,336,80,448,368,80,1056,976,81,1091,1010,82,4541,27
89,361,272,89,257,168,79,455,376,88,368,280,56,776,720,80,328,248,72,412,340,80,3037,27
96,432,336,80,256,176,88,656,568,73,336,263,80,616,536,72,376,304,88,386,298,78,3136,27
72,312,240,72,296,224,104,584,480,72,376,304,72,408,336,72,832,760,88,600,512,72,3480,27
117,520,403,72,304,232,88,752,664,88,496,408,72,352,280,88,744,656,80,664,584,82,3914,27
104,344,240,88,240,152,72,533,461,66,323,257,72,504,432,88,528,440,96,1116,1020,79,3667,27
88,272,184,120,216,96,112,528,416,120,319,199,86,553,467,80,328,248,88,823,735,64,3103,27
88,471,383,97,257,160,88,464,376,80,336,256,72,440,368,80,800,720,72,332,260,64,3164,27
97,473,376,72,264,192,88,608,520,72,416,344,80,784,704,80,320,240,72,826,754,57,3748,27
80,408,328,80,248,168,80,520,440,72,384,312,72,792,720,73,304,231,64,828,764,73,3557,27
80,304,224,88,336,248,88,368,280,80,415,335,89,633,544,72,488,416,80,371,291,68,2983,27
79,288,209,80,233,153,87,1519,1432,71,336,265,72,464,392,64,616,552,64,1219,1155,77,4752,27
80,504,424,88,208,120,96,568,472,72,392,320,80,456,376,80,328,248,88,415,327,64,2935,27
80,448,368,88,296,208,88,520,432,64,424,360,80,720,640,88,304,216,80,825,745,68,3605,27
96,488,392,80,280,200,88,832,744,80,408,328,88,536,448,88,328,240,88,403,315,59,3334,27
88,680,592,104,424,320,96,704,608,72,1272,1200,72,416,344,71,376,305,72,415,343,46,4333,27
71,392,321,72,416,344,72,1248,1176,63,304,241,64,392,328,63,416,353,80,390,310,65,3623,27
96,288,192,80,288,208,63,579,516,85,373,288,80,568,488,96,352,256,72,399,327,57,2904,27
85,237,152,88,232,144,88,536,448,72,288,216,72,443,371,85,301,216,80,337,257,64,2438,27
72,320,248,71,176,105,88,464,376,80,336,256,88,464,376,64,279,215,81,495,414,55,2589,27
104,352,248,71,186,115,94,502,408,72,376,304,72,720,648,64,352,288,72,376,304,53,2917,27
64,296,232,72,224,152,88,384,296,73,320,247,73,384,311,73,297,224,80,455,375,72,2432,27
55,278,223,81,216,135,65,377,312,56,351,295,80,513,433,72,320,248,72,1085,1013,58,3198,27
65,296,231,57,272,215,73,680,607,64,304,240,73,521,448,72,447,375,81,361,280,63,2944,27
65,576,511,57,240,183,96,456,360,65,352,287,65,496,431,73,344,271,73,1080,1007,36,3580,27
72,472,400,65,232,167,81,440,359,65,376,311,73,441,368,64,327,263,81,417,336,59,2764,27
73,360,287,64,216,152,89,352,263,65,376,311,73,376,303,57,360,303,57,815,758,49,2904,27
73,408,335,64,216,152,65,448,383,57,360,303,57,504,447,65,280,215,81,417,336,57,2690,27
65,368,303,73,288,215,73,456,383,57,344,287,57,416,359,64,592,528,65,356,291,46,2866,27
64,328,264,73,264,191,81,552,471,65,832,767,65,800,735,65,376,311,72,424,352,48,3624,27
80,337,257,72,272,200,64,367,303,56,536,480,56,504,448,73,344,271,73,391,318,65,2816,27
73,368,295,73,217,144,80,383,303,57,336,279,65,736,671,72,360,288,65,348,283,59,2807,27
81,440,359,73,880,807,73,848,775,72,536,464,80,3008,2928,81,344,263,81,337,256,56,6449,27
81,344,263,57,248,191,89,816,727,63,592,529,65,448,383,73,312,239,73,351,278,42,3153,27
73,360,287,65,216,151,81,408,327,65,584,519,80,384,304,65,312,247,81,393,312,62,2719,27
80,353,273,63,231,168,88,432,344,73,504,431,56,520,464,73,304,231,72,368,296,50,2762,27
72,384,312,56,320,264,80,497,417,71,367,296,64,400,336,72,360,288,72,338,266,51,2717,27
72,472,400,64,248,184,88,448,360,64,360,296,72,568,496,80,400,320,72,321,249,78,2895,27
88,337,249,63,191,128,80,504,424,73,344,271,80,384,304,64,304,240,72,479,407,44,2587,27
72,352,280,65,208,143,72,592,520,80,464,384,80,384,304,64,336,272,80,339,259,55,2730,27
65,304,239,64,240,176,88,912,824,73,384,311,72,824,752,72,304,232,72,368,296,56,3392,27
81,321,240,65,264,199,72,808,736,81,496,415,56,631,575,73,321,248,80,355,275,60,3256,27
72,392,320,64,240,176,96,343,247,82,425,343,72,576,504,88,632,544,72,463,391,55,3126,27
73,305,232,64,240,176,88,496,408,73,456,383,57,544,487,80,360,280,72,407,335,56,2864,27
80,328,248,88,256,168,88,424,336,72,728,656,80,432,352,88,512,424,73,868,795,73,3621,27
88,329,241,88,272,184,96,344,248,89,400,311,72,792,720,72,336,264,65,450,385,66,2989,27
81,1065,984,72,288,216,87,368,281,96,424,328,64,376,312,104,360,256,81,365,284,46,3292,27
80,528,448,80,240,160,96,360,264,80,472,392,48,1744,1696,72,544,472,80,343,263,51,4282,27
72,392,320,64,264,200,89,344,255,72,448,376,72,393,321,71,351,280,80,407,327,47,2646,27
71,744,673,80,240,160,80,296,216,72,528,456,57,392,335,80,328,248,88,415,327,56,2999,27
96,808,712,72,288,216,88,440,352,72,392,320,56,656,600,80,336,256,72,392,320,49,3361,27
80,576,496,64,280,216,72,1176,1104,72,472,400,73,409,336,87,815,728,89,991,902,61,4780,27
80,544,464,88,272,184,80,319,239,73,401,328,56,528,472,88,312,224,80,477,397,62,2915,27
96,448,352,72,488,416,96,608,512,72,376,304,72,376,304,88,880,792,112,488,376,80,3744,27
88,1080,992,80,392,312,72,576,504,88,448,360,64,504,440,88,440,352,71,932,861,55,4427,27
80,944,864,80,328,248,88,448,360,80,344,264,72,944,872,81,360,279,81,906,825,73,4347,27
95,400,305,87,544,457,88,1264,1176,89,608,519,64,672,608,80,488,408,96,845,749,83,4904,27
96,351,255,81,225,144,88,424,336,80,360,280,63,360,297,96,464,368,80,421,341,54,2659,27
80,472,392,80,232,152,88,336,248,88,488,400,72,496,424,80,416,336,88,406,318,44,2890,27
96,992,896,81,344,263,96,336,240,80,360,280,80,1728,1648,72,344,272,80,431,351,46,4581,27
72,304,232,80,280,200,95,920,825,80,512,432,80,1280,1200,80,384,304,88,1215,1127,66,4961,27
80,344,264,72,376,304,88,640,552,80,344,264,64,512,448,72,488,416,80,889,809,103,3696,27
80,336,256,80,368,288,80,480,400,72,391,319,65,753,688,80,409,329,71,483,412,66,3286,27
88,296,208,80,224,144,72,688,616,81,352,271,64,520,456,80,423,343,89,934,845,67,3504,27
80,296,216,80,312,232,88,408,320,72,376,304,72,432,360,72,336,264,87,386,299,48,2594,27
72,408,336,88,247,159,89,825,736,64,384,320,72,704,632,73,328,255,80,394,314,69,3359,27
71,943,872,79,384,305,96,424,328,80,384,304,55,440,385,72,344,272,88,390,302,66,3375,27
88,640,552,80,240,160,96,912,816,72,368,296,88,456,368,80,336,256,88,407,319,60,3419,27
72,1000,928,64,239,175,97,417,320,63,408,345,56,1376,1320,72,704,632,96,1270,1174,66,5480,27
80,610,530,86,382,296,96,512,416,80,576,496,80,767,687,89,337,248,72,851,779,65,4100,27
87,376,289,120,320,200,88,408,320,80,392,312,64,664,600,96,320,224,88,415,327,64,2959,27
79,472,393,72,255,183,81,545,464,72,375,303,73,513,440,72,368,296,88,407,319,72,3007,27
73,400,327,96,296,200,88,592,504,72,688,616,80,416,336,104,344,240,88,938,850,77,3751,27
88,512,424,88,264,176,96,424,328,87,520,433,80,832,752,80,344,264,95,515,420,65,3476,27
89,321,232,80,263,183,97,664,567,73,369,296,72,648,576,80,480,400,72,445,373,67,3257,27
89,401,312,80,328,248,104,576,472,81,816,735,87,504,417,96,328,232,96,998,902,63,4014,27
80,512,432,79,328,249,72,432,360,88,416,328,80,352,272,88,304,216,95,386,291,62,2792,27
73,361,288,80,216,136,80,1064,984,88,456,368,72,616,544,88,840,752,96,788,692,78,4419,27
80,728,648,73,424,351,88,304,216,72,408,336,72,576,504,96,328,232,88,492,404,58,3318,27
80,664,584,64,288,224,72,447,375,89,328,239,49,625,576,72,367,295,81,446,365,66,3231,27
88,328,240,104,328,224,104,368,264,80,528,448,80,992,912,72,344,272,88,404,316,59,3351,27
81,265,184,96,296,200,87,408,321,71,424,353,71,568,497,80,400,320,88,298,210,67,2726,27
72,240,168,72,224,152,96,776,680,64,495,431,72,754,682,86,333,247,81,397,316,47,3266,27
105,377,272,80,288,208,112,496,384,72,465,393,72,496,424,80,328,248,80,406,326,51,2907,27
72,456,384,72,560,488,72,759,687,81,529,448,72,384,312,80,279,199,88,466,378,55,3488,27
80,352,272,72,448,376,80,368,288,80,392,312,72,424,352,72,344,272,80,384,304,58,2770,27
80,1592,1512,72,592,520,72,792,720,72,432,360,80,448,368,80,336,256,96,376,280,64,4632,27
80,272,192,72,529,457,79,454,375,73,321,248,72,648,576,69,400,331,88,379,291,53,3056,27
80,272,192,96,304,208,79,456,377,96,384,288,73,561,488,80,304,224,80,415,335,59,2755,27
96,359,263,113,848,735,97,945,848,103,440,337,80,447,367,81,368,287,105,351,246,82,3840,27
89,432,343,73,521,448,96,431,335,97,369,272,80,615,535,89,432,343,89,486,397,63,3349,27
89,320,231,88,344,256,89,449,360,88,480,392,87,423,336,88,304,216,81,1055,974,74,3449,27
73,289,216,79,271,192,65,544,479,74,368,294,72,672,600,80,336,256,81,494,413,70,3044,27
81,352,271,81,384,303,65,496,431,81,1272,1191,73,488,415,88,336,248,73,425,352,62,3815,27
72,296,224,89,360,271,81,504,423,64,400,336,73,976,903,81,1256,1175,82,496,414,71,4359,27
81,456,375,73,384,311,97,448,351,89,504,415,73,1153,1080,80,383,303,97,369,272,67,3764,27
73,280,207,81,664,583,89,545,456,88,519,431,81,489,408,80,279,199,72,428,356,59,3263,27
81,288,207,73,280,207,97,896,799,71,360,289,89,408,319,81,272,191,96,859,763,70,3433,27
89,360,271,80,280,200,89,448,359,81,384,303,97,512,415,89,384,295,81,959,878,52,3379,27
73,304,231,81,313,232,88,711,623,72,1297,1225,80,503,423,73,360,287,81,688,607,49,4225,27
81,272,191,114,280,166,112,864,752,97,696,599,89,505,416,96,279,183,113,1223,1110,84,4203,27
89,288,199,96,312,216,80,472,392,73,296,223,97,384,287,89,553,464,96,319,223,70,2694,27
80,288,208,81,248,167,105,440,335,89,344,255,73,504,431,81,352,271,88,391,303,57,2624,27
80,240,160,89,201,112,111,359,248,64,444,380,108,460,352,80,368,288,89,376,287,53,2501,27
73,240,167,72,256,184,113,776,663,65,336,271,129,400,271,81,409,328,128,394,266,64,2875,27
80,288,208,89,256,167,104,568,464,72,280,208,89,568,479,64,368,304,96,422,326,66,2816,27
80,328,248,80,304,224,88,1104,1016,89,912,823,72,432,360,88,344,256,104,360,256,63,3847,27
80,256,176,80,264,184,80,472,392,72,392,320,64,728,664,72,448,376,112,455,343,53,3068,27
72,288,216,56,280,224,88,640,552,72,352,280,89,592,503,64,360,296,80,552,472,50,3114,27
96,656,560,72,368,296,96,400,304,65,336,271,72,496,424,80,265,185,95,871,776,85,3477,27
80,272,192,80,280,200,96,512,416,72,376,304,72,416,344,88,312,224,81,716,635,39,2923,27
76,241,165,85,256,171,72,465,393,70,836,766,64,376,312,72,518,446,76,292,216,81,3065,27
88,242,154,72,207,135,72,685,613,64,699,635,56,343,287,64,732,668,78,488,410,81,3477,27
78,297,219,64,235,171,56,350,294,48,508,460,56,372,316,74,361,287,64,384,320,61,2568,27
64,209,145,72,228,156,56,778,722,56,414,358,64,376,312,82,298,216,65,353,288,71,2727,27
72,238,166,72,241,169,55,297,242,48,478,430,56,399,343,72,564,492,72,370,298,84,2671,27
80,199,119,56,216,160,64,310,246,56,419,363,67,315,248,72,368,296,65,352,287,78,2257,27
80,224,144,59,220,161,63,282,219,24,1975,1951,56,334,278,72,340,268,64,442,378,80,3897,27
96,245,149,89,267,178,72,322,250,50,381,331,60,343,283,64,353,289,67,323,256,64,2298,27
64,264,200,80,262,182,75,247,172,97,365,268,64,340,276,73,338,265,72,852,780,80,2748,27
80,205,125,88,216,128,75,215,140,85,370,285,64,304,240,80,475,395,72,367,295,62,2214,27
91,232,141,80,343,263,88,515,427,64,416,352,72,309,237,72,417,345,66,316,250,72,2620,27
80,218,138,72,251,179,64,295,231,76,401,325,56,344,288,72,408,336,72,332,260,84,2333,27
69,210,141,78,238,160,71,487,416,88,320,232,81,325,244,72,362,290,72,345,273,64,2351,27
80,206,126,72,232,160,64,239,175,91,326,235,80,429,349,72,544,472,72,448,376,91,2515,27
72,192,120,66,225,159,57,212,155,88,330,242,72,343,271,64,370,306,69,375,306,73,2120,27
64,178,114,72,225,153,73,219,146,81,467,386,55,405,350,78,459,381,72,323,251,74,2350,27
81,197,116,72,281,209,80,259,179,64,550,486,71,328,257,73,430,357,80,379,299,80,2504,27
80,200,120,75,203,128,72,201,129,80,334,254,72,344,272,70,398,328,72,417,345,63,2160,27
69,214,145,82,227,145,59,169,110,88,441,353,64,323,259,64,384,320,64,306,242,69,2133,27
76,291,215,72,240,168,69,250,181,72,380,308,51,378,327,72,788,716,74,348,274,92,2767,27
64,213,149,96,220,124,64,209,145,80,316,236,70,366,296,96,489,393,72,369,297,83,2265,27
66,200,134,79,251,172,57,250,193,82,323,241,58,300,242,80,380,300,80,375,295,73,2152,27
74,224,150,88,232,144,64,217,153,76,398,322,64,343,279,80,427,347,56,555,499,72,2468,27
70,297,227,80,232,152,64,192,128,80,359,279,56,392,336,66,2641,2575,72,318,246,73,4504,27
77,211,134,80,230,150,64,250,186,65,282,217,63,336,273,59,356,297,79,445,366,64,2174,27
72,184,112,56,209,153,57,225,168,88,266,178,64,334,270,91,665,574,64,395,331,82,2360,27
72,216,144,72,208,136,65,214,149,76,407,331,72,488,416,74,358,284,80,368,288,71,2330,27
72,188,116,65,209,144,57,220,163,73,253,180,56,376,320,69,638,569,64,345,281,78,2307,27
65,199,134,75,233,158,56,255,199,79,388,309,49,343,294,61,504,443,72,328,256,85,2335,27
70,226,156,72,241,169,56,268,212,64,537,473,62,354,292,72,375,303,73,365,292,77,2443,27
74,218,144,72,240,168,56,266,210,80,233,153,58,625,567,80,502,422,80,535,455,72,2691,27
80,232,152,81,195,114,64,227,163,80,416,336,72,344,272,83,396,313,56,328,272,84,2222,27
72,227,155,85,208,123,64,249,185,72,525,453,64,392,328,72,308,236,72,318,246,67,2294,27
77,190,113,61,221,160,64,219,155,83,293,210,66,328,262,72,375,303,59,618,559,72,2316,27
62,192,130,64,218,154,64,229,165,79,271,192,64,368,304,64,492,428,59,379,320,64,2213,27
87,230,143,80,297,217,52,266,214,72,402,330,64,396,332,54,305,251,59,340,281,61,2297,27
72,187,115,67,251,184,60,257,197,74,374,300,56,364,308,59,355,296,72,373,301,72,2233,27
76,188,112,72,239,167,58,279,221,68,252,184,64,347,283,72,322,250,72,325,253,72,2024,27
72,278,206,80,212,132,64,231,167,56,2481,2425,64,300,236,65,288,223,56,336,280,60,4186,27
72,248,176,72,218,146,75,243,168,72,285,213,64,331,267,64,479,415,64,351,287,72,2227,27
77,195,118,82,250,168,64,212,148,72,368,296,64,338,274,70,356,286,72,322,250,84,2125,27
76,211,135,88,219,131,72,269,197,88,216,128,73,400,327,94,516,422,64,312,248,82,2225,27
65,188,123,72,236,164,56,250,194,80,260,180,67,374,307,87,359,272,73,359,286,72,2098,27
73,189,116,72,235,163,71,206,135,78,270,192,48,541,493,66,338,272,64,428,364,56,2263,27
64,219,155,72,270,198,64,251,187,80,242,162,64,501,437,83,298,215,61,322,261,80,2183,27
72,202,130,72,233,161,64,251,187,72,391,319,79,358,279,68,338,270,72,287,215,66,2126,27
72,206,134,83,246,163,76,270,194,75,213,138,64,342,278,64,346,282,75,338,263,88,2049,27
80,186,106,80,228,148,81,166,85,91,308,217,83,296,213,95,599,504,62,352,290,64,2199,27
64,255,191,83,231,148,72,232,160,75,329,254,66,365,299,72,466,394,64,368,304,66,2312,27
64,208,144,73,201,128,56,173,117,64,290,226,68,323,255,73,353,280,72,317,245,64,1929,27
72,192,120,72,247,175,56,207,151,64,265,201,52,345,293,57,434,377,74,321,247,76,2087,27
72,208,136,75,241,166,72,275,203,76,393,317,72,335,263,72,415,343,49,303,254,63,2233,27
74,172,98,80,242,162,48,200,152,75,268,193,64,314,250,72,399,327,78,326,248,80,2001,27
88,234,146,71,232,161,64,282,218,73,196,123,58,349,291,72,366,294,64,331,267,80,2070,27
64,200,136,72,245,173,56,326,270,72,337,265,56,315,259,72,343,271,64,322,258,79,2167,27
64,186,122,75,256,181,55,466,411,56,287,231,71,355,284,57,457,400,64,348,284,64,2419,27
75,251,176,64,199,135,64,274,210,64,251,187,58,408,350,64,8213,8149,65,293,228,72,9961,27
73,184,111,80,200,120,64,238,174,70,345,275,64,340,276,60,353,293,65,304,239,57,2021,27
83,270,187,72,268,196,64,532,468,88,591,503,72,423,351,83,427,344,64,292,228,82,2885,27
88,231,143,69,219,150,65,316,251,80,274,194,56,375,319,71,325,254,72,395,323,64,2199,27
91,213,122,88,246,158,56,300,244,83,279,196,70,317,247,80,362,282,64,304,240,96,2117,27
71,189,118,75,242,167,63,232,169,75,257,182,56,340,284,72,375,303,72,320,248,76,2031,27
90,229,139,88,242,154,57,260,203,83,253,170,72,370,298,72,527,455,73,334,261,87,2302,27
75,200,125,64,233,169,64,258,194,80,572,492,64,1516,1452,83,921,838,72,323,251,88,4111,27
72,199,127,80,240,160,64,326,262,72,259,187,64,295,231,75,337,262,72,335,263,67,2058,27
80,171,91,76,212,136,73,208,135,72,565,493,57,318,261,64,326,262,73,291,218,73,2164,27
72,195,123,64,226,162,72,229,157,72,456,384,72,370,298,56,791,735,64,400,336,85,2752,27
66,234,168,68,200,132,64,231,167,78,378,300,56,442,386,80,380,300,73,790,717,75,2730,27
57,181,124,64,210,146,56,340,284,56,231,175,54,331,277,72,517,445,71,347,276,64,2221,27
64,239,175,75,203,128,56,224,168,66,303,237,64,360,296,72,351,279,66,345,279,76,2101,27
64,184,120,66,208,142,64,292,228,72,408,336,56,372,316,64,462,398,64,312,248,72,2310,27
64,198,134,64,230,166,54,200,146,69,287,218,56,425,369,72,701,629,72,324,252,63,2428,27
60,317,257,88,251,163,72,271,199,57,332,275,56,338,282,56,348,292,61,278,217,67,2202,27
74,261,187,71,221,150,64,294,230,64,315,251,72,401,329,57,431,374,56,318,262,64,2305,27
88,223,135,80,216,136,64,299,235,82,273,191,56,338,282,66,368,302,65,305,240,72,2094,27
48,214,166,56,193,137,70,224,154,66,226,160,66,340,274,72,343,271,63,272,209,76,1888,27
58,176,118,65,217,152,57,239,182,72,227,155,64,359,295,72,416,344,78,334,256,71,2039,27
59,199,140,64,221,157,64,328,264,88,886,798,66,300,234,56,406,350,64,321,257,72,2733,27
76,184,108,68,200,132,59,201,142,64,247,183,64,381,317,70,708,638,72,361,289,64,2346,27
62,196,134,72,221,149,67,272,205,72,243,171,64,348,284,59,367,308,56,321,265,74,2042,27
80,205,125,64,220,156,58,256,198,86,286,200,56,324,268,84,626,542,64,330,266,72,2319,27
63,244,181,73,232,159,64,326,262,74,217,143,58,358,300,53,1709,1656,64,305,241,80,3471,27
76,207,131,75,229,154,64,348,284,81,271,190,64,327,263,72,551,479,84,484,400,90,2507,27
64,226,162,81,223,142,72,352,280,82,306,224,64,331,267,72,423,351,72,322,250,58,2241,27
62,434,372,88,244,156,57,734,677,78,324,246,74,2418,2344,72,416,344,65,384,319,72,5026,27
73,331,258,64,206,142,64,184,120,80,344,264,56,322,266,64,398,334,64,224,160,72,2081,27
64,209,145,77,210,133,72,209,137,77,264,187,56,349,293,72,363,291,64,296,232,81,1981,27
50,250,200,72,234,162,54,247,193,64,366,302,64,7112,7048,65,346,281,66,349,283,80,8984,27
64,211,147,72,204,132,77,302,225,64,252,188,56,299,243,72,375,303,56,268,212,81,1992,27
64,168,104,72,215,143,56,206,150,80,280,200,56,288,232,77,401,324,72,317,245,64,1939,27
64,184,120,65,212,147,69,254,185,72,741,669,64,309,245,76,388,312,60,338,278,64,2490,27
56,201,145,72,215,143,69,343,274,64,288,224,66,324,258,64,377,313,64,318,254,72,2138,27
64,163,99,64,202,138,64,298,234,69,296,227,56,289,233,64,449,385,63,344,281,86,2127,27
56,192,136,64,241,177,56,359,303,64,336,272,80,296,216,72,376,304,73,280,207,82,2162,27
72,212,140,64,218,154,80,331,251,72,387,315,64,266,202,72,383,311,75,275,200,72,2144,27
67,336,269,80,265,185,64,374,310,81,349,268,76,348,272,73,364,291,64,267,203,72,2375,27
72,181,109,72,219,147,83,275,192,76,235,159,56,355,299,72,352,280,82,299,217,72,1988,27
77,184,107,85,234,149,73,200,127,80,826,746,80,367,287,73,450,377,79,345,266,80,2686,27
64,259,195,83,216,133,83,300,217,83,261,178,72,374,302,80,365,285,78,276,198,72,2123,27
84,175,91,82,234,152,72,232,160,80,264,184,64,357,293,83,394,311,80,314,234,96,2066,27
161,289,128,152,336,184,120,551,431,105,1937,1832,41,439,398,88,369,281,71,352,281,80,4353,27
81,193,112,72,207,135,73,305,232,72,422,350,73,362,289,87,313,226,88,318,230,65,2185,27
72,168,96,81,209,128,64,183,119,81,489,408,72,328,256,71,431,360,73,305,232,71,2184,27
62,166,104,72,209,137,71,176,105,72,504,432,72,344,272,47,584,537,96,368,272,81,2432,27
64,207,143,73,225,152,64,263,199,80,361,281,65,352,287,64,376,312,72,320,248,72,2176,27
56,183,127,64,208,144,80,264,184,88,328,240,80,353,273,63,391,328,72,288,216,80,2095,27
80,200,120,72,248,176,65,288,223,88,704,616,74,360,286,80,368,288,71,312,241,72,2552,27
63,209,146,72,247,175,55,263,208,72,304,232,72,368,296,81,337,256,55,344,289,64,2136,27
73,169,96,71,216,145,72,223,151,56,344,288,81,328,247,72,377,305,79,328,249,72,2057,27
73,144,71,80,240,160,71,184,113,88,360,272,80,304,224,88,344,256,81,288,207,80,1944,27
64,185,121,87,223,136,80,239,159,97,321,224,72,360,288,96,304,208,87,273,186,87,1992,27
72,191,119,81,209,128,71,144,73,88,304,216,87,281,194,79,438,359,80,321,241,88,1976,27
80,192,112,72,208,136,72,168,96,88,407,319,73,288,215,88,313,225,72,271,199,90,1937,27
80,232,152,72,208,136,72,191,119,81,329,248,79,263,184,89,458,369,79,254,175,80,2015,27
72,200,128,72,200,128,65,192,127,96,296,200,72,353,281,80,550,470,72,241,169,88,2120,27
56,240,184,80,207,127,72,226,154,95,567,472,72,384,312,79,296,217,72,295,223,89,2304,27
73,177,104,72,207,135,58,168,110,72,257,185,95,328,233,87,295,208,89,417,328,104,1953,27
88,176,88,80,215,135,73,169,96,96,272,176,80,320,240,90,304,214,80,240,160,88,1784,27
80,192,112,81,200,119,72,168,96,80,328,248,74,280,206,71,304,233,74,264,190,72,1808,27
87,200,113,72,216,144,64,145,81,79,351,272,88,304,216,83,328,245,72,296,224,88,1928,27
72,254,182,65,208,143,73,128,55,73,2537,2464,80,759,679,73,289,216,80,255,175,72,4502,27
80,200,120,72,352,280,72,217,145,87,271,184,73,345,272,79,320,241,71,287,216,88,2080,27
72,200,128,65,192,127,64,177,113,79,360,281,71,255,184,81,320,239,65,248,183,89,1841,27
73,201,128,75,206,131,64,160,96,72,289,217,73,271,198,73,353,280,72,272,200,80,1832,27
80,216,136,64,191,127,72,107,35,86,909,823,64,305,241,65,608,543,63,280,217,88,2704,27
62,182,120,65,201,136,55,184,129,80,223,143,64,368,304,72,281,209,65,280,215,80,1799,27
71,168,97,73,224,151,56,176,120,87,239,152,72,297,225,80,280,200,64,286,222,73,1743,27
55,160,105,63,215,152,55,184,129,80,257,177,72,304,232,79,336,257,64,472,408,80,2008,27
56,168,112,79,207,128,73,192,119,72,352,280,56,369,313,80,367,287,72,273,201,72,2000,27
64,170,106,79,215,136,56,145,89,71,686,615,74,321,247,64,327,263,72,281,209,72,2217,27
63,194,131,71,231,160,64,207,143,72,339,267,78,295,217,71,304,233,78,254,176,80,1904,27
65,200,135,64,192,128,72,192,120,81,297,216,80,311,231,65,425,360,80,336,256,80,2033,27
80,161,81,80,248,168,72,176,104,87,271,184,80,361,281,72,335,263,81,314,233,72,1938,27
72,193,121,79,207,128,72,192,120,87,272,185,80,384,304,71,272,201,72,288,216,79,1887,27
72,239,167,73,217,144,58,200,142,60,759,699,80,305,225,73,376,303,80,245,165,82,2423,27
64,224,160,71,223,152,81,208,127,81,360,279,80,289,209,72,352,280,79,279,200,89,2024,27
72,160,88,80,223,143,73,177,104,84,360,276,72,335,263,82,321,239,72,264,192,80,1920,27
71,192,121,80,224,144,72,184,112,87,289,202,79,391,312,79,312,233,80,442,362,86,2120,27
56,167,111,89,696,607,89,377,288,96,336,240,81,312,231,88,280,192,88,272,184,79,2519,27
80,200,120,72,256,184,80,192,112,88,392,304,72,376,304,80,273,193,72,287,215,72,2048,27
71,167,96,81,256,175,72,255,183,81,353,272,71,344,273,56,304,248,64,312,248,72,2063,27
64,208,144,87,232,145,56,160,104,81,408,327,80,280,200,72,329,257,71,281,210,70,1968,27
89,232,143,80,216,136,73,176,103,80,336,256,72,312,240,80,336,256,73,615,542,72,2295,27
56,191,135,81,233,152,64,199,135,73,320,247,74,320,246,73,377,304,81,464,383,88,2192,27
47,176,129,71,247,176,65,209,144,88,296,208,72,328,256,73,313,240,70,318,248,88,1975,27
71,209,138,71,223,152,56,193,137,63,310,247,64,328,264,64,304,240,72,264,192,72,1903,27
72,200,128,80,232,152,72,264,192,75,320,245,64,360,296,72,320,248,80,271,191,73,2040,27
56,167,111,90,257,167,72,224,152,56,321,265,72,327,255,73,368,295,72,320,248,88,2072,27
72,177,105,69,216,147,56,170,114,78,406,328,72,312,240,80,388,308,76,332,256,88,2089,27
72,191,119,81,209,128,63,168,105,80,440,360,64,376,312,72,336,264,80,312,232,71,2103,27
73,209,136,80,200,120,80,193,113,95,407,312,72,328,256,73,360,287,72,328,256,96,2121,27
72,224,152,79,376,297,72,312,240,80,344,264,80,384,304,71,368,297,74,320,246,88,2416,27
72,208,136,80,215,135,64,177,113,72,352,280,71,383,312,104,385,281,77,319,242,88,2127,27
72,192,120,72,224,152,65,193,128,87,319,232,72,361,289,71,471,400,105,305,200,88,2153,27
72,232,160,72,216,144,71,184,113,87,280,193,88,392,304,79,327,248,82,273,191,96,2000,27
80,200,120,88,240,152,88,215,127,81,305,224,81,320,239,88,344,256,80,647,567,97,2368,27
80,200,120,87,224,137,64,216,152,88,216,128,64,495,431,81,321,240,72,263,191,66,2001,27
64,184,120,88,210,122,70,150,80,72,296,224,71,304,233,80,296,216,73,240,167,88,1768,27
88,185,97,81,208,127,81,183,102,80,281,201,80,328,248,80,304,224,80,273,193,88,1850,27
80,191,111,81,218,137,71,151,80,80,304,224,87,352,265,88,344,256,80,313,233,79,1952,27
80,192,112,80,208,128,64,146,82,103,1926,1823,80,352,272,72,496,424,87,280,193,88,3688,27
56,184,128,73,208,135,56,183,127,73,313,240,72,336,264,80,296,216,80,296,216,80,1896,27
89,888,799,72,1120,1048,79,296,217,88,298,210,95,342,247,88,319,231,73,273,200,87,3623,27
88,208,120,80,232,152,71,175,104,90,401,311,80,320,240,88,328,240,71,279,208,89,2032,27
72,217,145,87,247,160,80,208,128,104,295,191,80,377,297,80,321,241,72,319,247,96,2080,27
88,241,153,80,352,272,73,257,184,79,343,264,72,336,264,79,344,265,80,352,272,64,2289,27
73,216,143,69,247,178,81,249,168,88,256,168,80,487,407,104,713,609,80,1159,1079,89,3416,27
64,207,143,73,224,151,73,241,168,79,360,281,72,360,288,80,368,288,65,320,255,88,2168,27
74,194,120,80,207,127,72,201,129,88,313,225,87,358,271,80,338,258,79,294,215,97,2002,27
89,185,96,88,239,151,80,177,97,96,304,208,88,343,255,80,321,241,72,280,208,87,1936,27
74,185,111,73,216,143,71,200,129,105,321,216,87,327,240,96,303,207,80,256,176,97,1905,27
72,208,136,89,232,143,71,177,106,95,279,184,79,368,289,72,296,224,79,312,233,89,1961,27
72,192,120,72,216,144,81,181,100,74,306,232,81,386,305,71,415,344,72,351,279,73,2120,27
57,177,120,72,208,136,72,185,113,88,408,320,87,383,296,73,320,247,89,312,223,71,2064,27
72,216,144,72,231,159,81,225,144,89,279,190,88,353,265,88,488,400,87,400,313,88,2280,27
83,241,158,89,240,151,80,208,128,104,312,208,88,448,360,81,497,416,87,303,216,96,2345,27
80,224,144,72,216,144,72,176,104,96,336,240,88,344,256,81,328,247,81,272,191,88,1984,27
80,256,176,72,232,160,80,239,159,97,305,208,72,352,280,72,320,248,64,248,184,89,2041,27
88,193,105,79,223,144,64,152,88,96,304,208,79,328,249,88,288,200,80,296,216,96,1880,27
96,208,112,73,208,135,72,177,105,96,335,239,80,329,249,88,319,231,72,256,184,96,1928,27
72,200,128,72,208,136,65,160,95,103,400,297,88,288,200,88,376,288,72,304,232,88,2024,27
88,216,128,81,224,143,72,168,96,103,288,185,72,336,264,96,385,289,80,270,190,89,1976,27
87,223,136,87,233,146,71,143,72,105,344,239,89,664,575,89,344,255,104,336,232,87,2374,27
63,199,136,73,224,151,64,209,145,80,311,231,72,480,408,120,327,207,81,312,231,104,2166,27
56,200,144,80,241,161,80,200,120,112,1312,1200,88,824,736,80,463,383,81,313,232,86,3639,27
72,232,160,72,224,152,65,208,143,81,241,160,71,344,273,80,367,287,80,281,201,95,1992,27
64,209,145,71,223,152,64,176,112,88,265,177,63,399,336,72,320,248,73,281,208,79,1952,27
71,224,153,72,264,192,73,224,151,88,336,248,72,361,289,79,303,224,72,280,208,96,2088,27
79,232,153,80,234,154,78,231,153,99,367,268,79,328,249,1079,360,-719,72,368,296,72,2192,27
80,191,111,80,208,128,80,201,121,79,928,849,72,287,215,80,472,392,83,375,292,80,2742,27
72,216,144,88,224,136,73,193,120,88,312,224,72,369,297,87,311,224,81,249,168,95,1969,27
72,209,137,71,215,144,64,184,120,80,312,232,56,345,289,81,320,239,71,240,169,87,1912,27
87,208,121,79,223,144,64,160,96,103,288,185,72,383,311,81,296,215,80,305,225,87,1950,27
72,201,129,71,231,160,74,168,94,96,336,240,72,336,264,80,360,280,80,296,216,80,2008,27
62,197,135,72,217,145,71,151,80,89,352,263,48,1007,959,80,353,273,64,368,304,89,2734,27
87,287,200,81,288,207,75,249,174,80,520,440,64,335,271,72,328,256,73,313,240,88,2408,27
80,193,113,79,223,144,64,169,105,75,336,261,88,928,840,72,488,416,73,304,231,73,2714,27
72,208,136,73,232,159,64,184,120,63,496,433,72,336,264,81,383,302,73,289,216,80,2208,27
64,191,127,80,233,153,72,200,128,80,328,248,80,352,272,73,313,240,71,287,216,88,1992,27
63,207,144,72,233,161,71,191,120,80,488,408,73,337,264,80,327,247,72,287,215,72,2142,27
88,272,184,72,312,240,89,288,199,88,336,248,87,376,289,72,375,303,73,297,224,96,2352,27
80,256,176,72,864,792,80,432,352,64,1040,976,80,81,1,70,454,384,57,440,383,64,3631,31
64,232,168,64,584,520,72,592,520,72,263,191,73,1417,1344,80,81,1,63,1355,1292,61,4585,31
39,256,217,64,416,352,64,608,544,72,296,224,72,1016,944,64,65,1,63,496,433,63,3216,31
80,184,104,72,728,656,72,448,376,72,656,584,104,144,40,64,288,224,56,1332,1276,64,3844,31
57,465,408,64,328,264,56,680,624,64,272,208,88,440,352,104,288,184,80,1211,1131,84,3768,31
72,256,184,64,368,304,48,560,512,72,312,240,72,552,480,80,400,320,80,479,399,80,3007,31
79,400,321,57,720,663,44,424,380,64,152,88,88,864,776,80,82,2,70,346,276,92,3080,31
69,240,171,65,352,287,72,464,392,56,215,159,88,849,761,64,65,1,55,454,399,74,2713,31
64,192,128,64,464,400,63,456,393,64,144,80,88,416,328,64,408,344,56,291,235,77,2448,31
80,256,176,64,264,200,64,480,416,64,240,176,80,368,288,74,240,166,63,365,302,71,2284,31
88,272,184,65,321,256,56,680,624,72,216,144,136,1296,1160,72,1808,1736,120,775,655,63,5431,31
80,216,136,56,224,168,80,528,448,64,288,224,95,239,144,73,305,232,72,351,279,60,2211,31
80,248,168,55,319,264,73,537,464,47,392,345,112,816,704,64,96,32,80,390,310,66,2864,31
80,231,151,56,216,160,72,712,640,92,648,556,80,136,56,80,328,248,72,440,368,67,2778,31
80,192,112,80,256,176,80,560,480,72,168,96,88,744,656,88,184,96,64,471,407,68,2643,31
72,224,152,72,192,120,72,584,512,64,520,456,88,344,256,72,456,384,56,263,207,73,2656,31
80,224,144,64,232,168,80,552,472,80,176,96,88,656,568,72,112,40,72,416,344,61,2429,31
96,248,152,71,417,346,79,1103,1024,64,1192,1128,112,168,56,72,280,208,80,2009,1929,63,5480,31
80,199,119,73,201,128,80,488,408,96,152,56,112,296,184,80,352,272,64,307,243,61,2056,31
72,184,112,80,216,136,64,480,416,64,152,88,96,520,424,72,209,137,80,338,258,77,2176,31
88,168,80,72,464,392,64,496,432,80,168,88,104,376,272,72,385,313,71,243,172,68,2368,31
95,223,128,89,224,135,65,520,455,81,137,56,96,456,360,56,192,136,80,310,230,66,2128,31
80,591,511,97,241,144,80,495,415,73,144,71,97,417,320,64,176,112,80,335,255,62,2461,31
88,176,88,80,240,160,64,472,408,72,144,72,104,392,288,72,352,280,64,249,185,82,2107,31
81,161,80,80,256,176,72,480,408,72,192,120,88,400,312,64,464,400,56,215,159,60,2228,31
71,240,169,96,207,111,73,441,368,72,127,55,81,833,752,64,1936,1872,104,442,338,82,4308,31
64,184,120,88,376,288,71,432,361,80,207,127,97,320,223,64,440,376,88,426,338,82,2467,31
81,209,128,88,224,136,72,544,472,80,223,143,81,280,199,81,441,360,71,206,135,77,2204,31
80,359,279,80,224,144,73,433,360,80,120,40,80,447,367,73,256,183,81,220,139,58,2117,31
81,184,103,73,200,127,73,496,423,73,136,63,73,464,391,65,248,183,73,255,182,72,2055,31
87,192,105,103,215,112,64,520,456,73,1016,943,97,256,159,73,352,279,72,192,120,79,2822,31
96,184,88,95,191,96,81,568,487,73,112,39,81,632,551,65,312,247,81,210,129,81,2290,31
97,168,71,97,209,112,63,519,456,81,128,47,81,464,383,56,352,296,73,137,64,103,2080,31
73,151,78,82,242,160,72,615,543,97,713,616,96,143,47,73,552,479,81,1020,939,86,3522,31
81,176,95,80,216,136,73,472,399,73,168,95,80,385,305,72,615,543,80,132,52,82,2246,31
105,696,591,81,200,119,72,640,568,81,167,86,82,553,471,89,264,175,73,202,129,86,2808,31
80,152,72,104,215,111,73,480,407,81,168,87,89,640,551,80,361,281,80,242,162,100,2358,31
88,143,55,113,216,103,73,472,399,64,176,112,89,472,383,72,320,248,81,189,108,97,2085,31
89,144,55,105,184,79,81,488,407,73,112,39,73,768,695,81,456,375,89,168,79,75,2395,31
73,136,63,121,208,87,72,496,424,73,128,55,97,424,327,73,456,383,73,168,95,103,2119,31
87,152,65,104,199,95,73,480,407,72,272,200,89,352,263,73,584,511,73,175,102,56,2270,31
89,168,79,105,192,87,81,464,383,73,176,103,89,345,256,72,360,288,72,179,107,82,1966,31
80,176,96,97,192,95,89,720,631,64,344,280,97,192,95,73,368,295,89,1100,1011,68,3160,31
89,128,39,105,168,63,81,464,383,64,105,41,79,479,400,73,376,303,80,102,22,93,1915,31
96,656,560,88,192,104,73,1768,1695,73,768,695,104,106,2,70,326,256,72,94,22,83,3993,31
113,224,111,112,200,88,72,776,704,65,872,807,88,104,16,72,296,224,73,979,906,86,3537,31
81,152,71,96,168,72,64,528,464,64,168,104,72,416,344,64,376,312,64,104,40,79,1991,31
80,128,48,96,168,72,72,512,440,72,448,376,88,104,16,64,320,256,72,111,39,90,1881,31
72,137,65,111,167,56,72,488,416,72,200,128,72,240,168,65,360,295,72,93,21,96,1781,31
80,96,16,112,208,96,80,648,568,72,96,24,81,359,278,81,449,368,64,102,38,77,2035,31
80,103,23,113,185,72,72,560,488,64,480,416,88,136,48,64,448,384,88,751,663,85,2748,31
80,129,49,95,183,88,80,504,424,64,240,176,89,1112,1023,65,384,319,72,111,39,89,2752,31
82,129,47,96,184,88,80,1176,1096,65,1112,1047,73,112,39,216,832,616,81,1104,1023,71,4720,31
72,192,120,32,1664,1632,81,624,543,57,88,31,81,560,479,64,408,344,64,786,722,54,4376,31
72,112,40,112,192,80,72,560,488,72,128,56,80,584,504,64,352,288,88,132,44,91,2151,31
80,112,32,88,160,72,80,840,760,73,392,319,88,568,480,64,552,488,104,927,823,67,3618,31
72,104,32,112,184,72,72,536,464,72,240,168,96,680,584,72,424,352,64,160,96,65,2393,31
97,129,32,96,168,72,80,472,392,72,120,48,88,376,288,56,608,552,73,116,43,86,2075,31
88,144,56,104,184,80,80,511,431,73,137,64,72,576,504,64,432,368,88,127,39,115,2226,31
103,128,25,112,200,88,72,536,464,73,136,63,88,456,368,72,592,520,80,135,55,78,2261,31
72,531,459,85,181,96,80,680,600,96,240,144,88,952,864,72,96,24,80,1409,1329,82,4171,31
80,144,64,112,184,72,72,688,616,80,696,616,96,98,2,62,366,304,64,132,68,66,2374,31
80,128,48,120,175,55,89,465,376,64,80,16,80,488,408,64,456,392,80,103,23,97,1992,31
72,112,40,112,176,64,56,513,457,63,223,160,96,336,240,56,400,344,72,584,512,84,2428,31
80,152,72,104,159,55,65,465,400,64,104,40,72,440,368,64,400,336,72,135,63,89,1944,31
104,192,88,96,168,72,72,736,664,73,312,239,88,248,160,72,480,408,88,1051,963,63,3250,31
64,112,48,88,192,104,72,440,368,80,104,24,72,344,272,64,376,312,80,104,24,97,1769,31
32,34,2,134,230,96,80,487,407,73,137,64,88,351,263,65,337,272,88,747,659,64,2387,31
82,122,40,119,191,72,72,440,368,72,176,104,88,400,312,72,472,400,64,141,77,85,2027,31
72,176,104,80,152,72,72,504,432,80,232,152,72,536,464,64,232,168,64,711,647,39,2582,31
64,112,48,104,168,64,56,424,368,64,112,48,79,639,560,65,384,319,73,125,52,81,2045,31
80,144,64,88,184,96,64,456,392,72,96,24,88,400,312,72,416,344,71,646,575,70,2412,31
31,63,32,153,265,112,71,488,417,72,96,24,96,328,232,64,296,232,88,491,403,72,2099,31
56,168,112,128,192,64,64,512,448,64,136,72,88,448,360,56,400,344,72,135,63,80,2071,31
72,120,48,104,200,96,72,736,664,64,137,73,87,327,240,71,424,353,72,118,46,98,2160,31
72,88,16,128,184,56,72,504,432,72,104,32,80,384,304,72,448,376,63,119,56,82,1913,31
72,168,96,113,159,46,64,481,417,80,120,40,72,352,280,72,464,392,80,152,72,95,1991,31
72,136,64,111,176,65,80,608,528,72,136,64,72,360,288,64,383,319,73,638,565,63,2500,31
136,176,40,104,216,112,72,695,623,73,705,632,80,120,40,71,352,281,64,124,60,91,2479,31
112,151,39,105,177,72,80,640,560,64,304,240,96,248,152,64,368,304,88,658,570,63,2609,31
88,160,72,96,224,128,64,1528,1464,80,791,711,81,369,288,80,304,224,72,607,535,88,4071,31
95,192,97,80,176,96,72,608,536,72,200,128,96,944,848,63,104,41,80,1044,964,68,3336,31
73,113,40,96,192,96,80,495,415,73,152,79,89,313,224,64,472,408,88,375,287,89,2201,31
111,176,65,120,191,71,80,809,729,72,224,152,88,248,160,64,441,377,87,126,39,84,2299,31
128,232,104,88,216,128,72,544,472,72,160,88,80,336,256,64,368,304,80,131,51,100,2087,31
72,152,80,104,199,95,73,529,456,71,184,113,96,328,232,64,335,271,81,121,40,80,1928,31
81,145,64,104,216,112,72,496,424,72,176,104,72,512,440,64,528,464,72,602,530,83,2758,31
80,432,352,72,192,120,56,560,504,72,184,112,88,888,800,80,296,216,80,439,359,72,3063,31
80,119,39,89,184,95,81,513,432,64,208,144,112,464,352,89,280,191,88,415,327,62,2245,31
72,184,112,63,463,400,57,1361,1304,71,1056,985,80,120,40,72,336,264,96,887,791,78,4485,31
73,185,112,87,207,120,73,513,440,63,128,65,112,320,208,72,360,288,72,375,303,58,2146,31
109,149,40,72,232,160,64,720,656,72,159,87,89,368,279,65,528,463,81,224,143,69,2449,31
88,136,48,73,176,103,65,544,479,65,96,31,72,408,336,73,192,119,73,174,101,83,1809,31
81,136,55,88,152,64,73,424,351,72,96,24,87,488,401,73,192,119,80,621,541,68,2177,31
87,103,16,80,168,88,65,408,343,73,360,287,121,177,56,72,399,327,73,736,663,55,2406,31
73,120,47,81,152,71,73,432,359,72,104,32,73,352,279,65,288,223,73,767,694,53,2268,31
57,88,31,97,152,55,65,408,343,73,96,23,80,280,200,65,280,215,73,117,44,91,1512,31
81,104,23,97,176,79,65,416,351,81,82,1,71,430,359,73,224,151,81,645,564,83,2160,31
41,43,2,110,157,47,81,384,303,81,136,55,73,384,311,72,272,200,73,345,272,64,1785,31
65,66,1,111,166,55,72,424,352,72,152,80,97,272,175,64,304,240,73,117,44,101,1602,31
81,104,23,97,176,79,73,544,471,81,112,31,89,728,639,89,113,24,88,902,814,65,2744,31
73,96,23,105,160,55,80,424,344,73,74,1,87,382,295,65,264,199,88,595,507,54,2049,31
72,88,16,105,152,47,64,385,321,79,119,40,96,456,360,72,280,208,80,368,288,63,1911,31
57,80,23,88,144,56,81,416,335,65,80,15,80,416,336,72,241,169,72,121,49,81,1579,31
88,129,41,103,167,64,65,488,423,73,112,39,64,312,248,64,280,216,72,472,400,72,2032,31
87,88,1,103,151,48,73,576,503,72,120,48,80,560,480,72,368,296,88,136,48,95,2094,31
56,58,2,126,174,48,88,520,432,72,103,31,89,313,224,73,313,240,87,982,895,81,2544,31
80,129,49,95,167,72,65,537,472,88,112,24,88,344,256,72,424,352,73,112,39,86,1911,31
80,128,48,104,192,88,73,568,495,72,96,24,72,408,336,80,295,215,90,713,623,80,2480,31
72,96,24,112,224,112,64,696,632,73,112,39,72,392,320,80,376,296,73,117,44,78,2091,31
57,58,1,142,206,64,80,472,392,64,144,80,72,320,248,56,248,192,72,134,62,95,1677,31
81,83,2,111,182,71,72,504,432,72,120,48,71,368,297,56,264,208,80,176,96,82,1779,31
88,104,16,128,168,40,88,440,352,72,105,33,71,967,896,80,440,360,88,111,23,77,2412,31
88,200,112,96,152,56,64,432,368,64,104,40,88,448,360,64,392,328,88,110,22,85,1923,31
104,136,32,112,160,48,72,432,360,72,104,32,88,320,232,80,288,208,89,110,21,99,1649,31
104,136,32,104,160,56,72,536,464,72,144,72,88,519,431,72,305,233,80,215,135,84,2099,31
96,98,2,102,166,64,72,504,432,73,112,39,80,343,263,73,329,256,88,119,31,97,1768,31
101,125,24,112,168,56,72,600,528,72,568,496,88,120,32,72,336,264,73,729,656,85,2731,31
88,89,1,111,151,40,88,480,392,64,144,80,80,336,256,73,368,295,80,119,39,81,1768,31
72,96,24,112,160,48,72,549,477,87,151,64,44,268,224,64,375,311,96,473,377,120,2192,31
88,112,24,112,176,64,72,519,447,73,97,24,88,376,288,72,296,224,88,175,87,100,1851,31
80,120,40,112,160,48,63,528,465,72,104,32,88,280,192,64,304,240,88,148,60,81,1725,31
56,80,24,112,168,56,80,544,464,72,111,39,73,313,240,64,320,256,80,188,108,86,1810,31
80,144,64,88,200,112,72,624,552,65,176,111,72,240,168,72,320,248,80,808,728,72,2584,31
72,96,24,104,152,48,72,496,424,64,88,24,88,312,224,72,328,256,88,169,81,93,1734,31
104,160,56,120,176,56,64,496,432,64,88,24,80,632,552,88,304,216,80,616,536,58,2530,31
24,24,0,24,184,160,72,472,400,72,160,88,96,296,200,72,200,128,96,208,112,104,1648,31
88,144,56,112,192,80,64,528,464,72,112,40,88,312,224,56,272,216,88,137,49,82,1779,31
64,80,16,112,169,57,71,543,472,73,176,103,88,344,256,72,304,232,88,129,41,112,1857,31
96,152,56,112,192,80,64,536,472,72,112,40,88,368,280,64,296,232,72,97,25,118,1871,31
88,112,24,120,176,56,88,480,392,96,184,88,88,360,272,64,272,208,88,497,409,86,2167,31
25,25,0,16,192,176,88,536,448,64,120,56,80,312,232,72,296,224,88,164,76,107,1752,31
64,66,2,118,158,40,80,480,400,72,104,32,88,504,416,64,240,176,88,216,128,104,1872,31
80,136,56,152,192,40,72,464,392,64,121,57,71,287,216,64,200,136,88,173,85,99,1672,31
46,83,37,107,179,72,72,504,432,72,128,56,72,288,216,72,280,208,96,143,47,81,1686,31
88,136,48,104,200,96,72,472,400,88,128,40,80,504,424,80,304,224,88,481,393,79,2304,31
64,76,12,100,156,56,71,488,417,72,112,40,88,304,216,80,328,248,88,154,66,78,1696,31
88,127,39,113,169,56,64,440,376,72,152,80,87,295,208,57,305,248,80,407,327,65,1960,31
88,112,24,104,152,48,72,416,344,63,96,33,88,256,168,64,336,272,88,111,23,88,1567,31
88,111,23,97,193,96,63,576,513,72,120,48,80,280,200,64,264,200,96,175,79,81,1800,31
96,98,2,117,166,49,72,504,432,64,152,88,79,1719,1640,81,105,24,80,559,479,83,3386,31
89,121,32,32,664,632,64,440,376,64,66,2,78,334,256,56,160,104,72,167,95,67,2019,31
89,112,23,113,152,39,65,465,400,64,88,24,80,320,240,64,312,248,96,124,28,99,1672,31
88,136,48,103,168,65,64,416,352,64,104,40,88,375,287,73,353,280,96,135,39,94,1781,31
128,144,16,112,160,48,80,1272,1192,80,1216,1136,88,90,2,62,534,472,72,139,67,80,3635,31
88,175,87,105,169,64,72,472,400,72,104,32,72,392,320,64,224,160,88,174,86,101,1811,31
88,136,48,112,152,40,72,480,408,72,104,32,88,584,496,64,248,184,96,180,84,107,1991,31
55,57,2,127,182,55,80,489,409,72,111,39,97,465,368,64,336,272,89,132,43,91,1863,31
104,143,39,122,161,39,72,456,384,64,120,56,88,343,255,73,289,216,89,148,59,86,1746,31
96,98,2,118,174,56,72,792,720,72,912,840,104,144,40,80,288,208,80,144,64,95,2647,31
87,112,25,143,184,41,64,592,528,72,176,104,88,288,200,56,328,272,96,152,56,119,1951,31
88,89,1,103,167,64,88,704,616,72,120,48,88,335,247,65,273,208,96,149,53,95,1932,31
88,120,32,104,160,56,72,600,528,72,74,2,78,398,320,64,264,200,104,207,103,86,1909,31
88,128,40,111,160,49,64,768,704,72,263,191,105,321,216,63,272,209,104,1314,1210,84,3310,31
96,120,24,96,208,112,80,512,432,64,207,143,105,305,200,64,368,304,88,647,559,46,2413,31
88,111,23,113,185,72,88,496,408,64,208,144,104,224,120,63,320,257,89,149,60,99,1792,31
88,89,1,127,175,48,72,504,432,72,96,24,88,368,280,64,304,240,88,110,22,101,1747,31
96,136,40,120,1583,1463,64,968,904,72,128,56,96,296,200,72,264,192,88,485,397,82,3942,31
72,104,32,104,240,136,72,504,432,72,104,32,88,352,264,64,216,152,88,199,111,86,1805,31
80,128,48,104,152,48,72,616,544,64,80,16,80,344,264,64,328,264,80,121,41,92,1861,31
80,152,72,96,152,56,64,528,464,72,168,96,80,360,280,64,264,200,96,151,55,96,1871,31
88,120,32,112,160,48,64,488,424,72,120,48,96,344,248,64,472,408,96,135,39,97,1936,31
80,160,80,112,176,64,72,712,640,72,448,376,96,120,24,80,320,240,96,128,32,104,2168,31
57,72,15,200,200,0,72,511,439,73,129,56,96,345,249,56,992,936,96,943,847,72,3264,31
57,73,16,136,192,56,64,743,679,73,74,1,79,303,224,64,296,232,79,111,32,81,1873,31
72,136,64,88,896,808,88,1296,1208,72,152,80,80,416,336,72,664,592,80,132,52,61,3753,31
80,112,32,104,232,128,72,1336,1264,68,4712,4644,104,144,40,88,415,327,97,251,154,85,7287,31
81,112,31,89,208,119,82,872,790,73,1160,1087,107,114,7,71,343,272,88,222,134,84,3115,31
89,129,40,96,160,64,72,1048,976,63,847,784,81,96,15,73,256,183,96,1622,1526,52,4210,31
96,144,48,104,199,95,73,512,439,73,112,39,97,761,664,64,87,23,89,289,200,91,2195,31
129,130,1,127,166,39,89,512,423,73,200,127,97,417,320,72,431,359,97,123,26,109,2088,31
88,247,159,81,320,239,73,1816,1743,81,82,1,87,518,431,81,280,199,96,267,171,86,3616,31
89,112,23,122,152,30,65,520,455,65,120,55,89,416,327,73,312,239,89,525,436,65,2222,31
57,88,31,105,160,55,65,449,384,56,95,39,81,392,311,73,208,135,81,544,463,64,2000,31
73,96,23,105,144,39,57,536,479,65,120,55,81,376,295,64,336,272,73,152,79,66,1826,31
89,152,63,88,160,72,65,728,663,73,457,384,96,111,15,73,600,527,72,904,832,82,3194,31
16,16,0,17,200,183,80,488,408,65,96,31,89,888,799,81,433,352,88,142,54,68,2331,31
89,90,1,119,199,80,64,400,336,64,87,23,80,336,256,64,296,232,88,116,28,99,1623,31
73,120,47,105,144,39,73,512,439,65,121,56,80,591,511,64,520,456,88,960,872,81,3049,31
97,392,295,73,272,199,57,672,615,73,136,63,89,1129,1040,72,887,815,97,918,821,98,4504,31
81,104,23,88,144,56,81,456,375,72,368,296,112,344,232,72,536,464,97,141,44,85,2178,31
65,152,87,72,152,80,64,424,360,64,144,80,112,368,256,57,504,447,88,112,24,79,1935,31
80,224,144,81,960,879,65,528,463,72,168,96,88,336,248,72,440,368,88,924,836,63,3643,31
80,104,24,80,152,72,72,408,336,64,88,24,80,544,464,64,304,240,88,129,41,95,1824,31
80,120,40,113,152,39,65,440,375,64,192,128,88,417,329,63,319,256,88,144,56,71,1855,31
80,120,40,104,152,48,64,1448,1384,73,3544,3471,97,112,15,72,304,232,88,127,39,89,5896,31
80,168,88,64,224,160,71,504,433,72,73,1,94,334,240,81,281,200,96,1188,1092,76,2848,31
31,31,0,105,152,47,81,385,304,81,83,2,77,332,255,57,257,200,96,97,1,74,1411,31
81,129,48,104,159,55,65,352,287,89,91,2,86,406,320,56,240,184,80,111,31,84,1572,31
73,145,72,88,152,64,64,368,304,80,81,1,79,343,264,64,248,184,87,119,32,90,1546,31
72,104,32,88,159,71,57,385,328,72,96,24,96,304,208,64,224,160,88,135,47,78,1485,31
80,112,32,112,152,40,72,392,320,64,88,24,96,271,175,65,225,160,87,159,72,82,1481,31
72,96,24,96,153,57,55,383,328,73,144,71,96,360,264,72,224,152,88,137,49,110,1607,31
88,120,32,120,136,16,80,368,288,72,95,23,81,305,224,71,272,201,88,126,38,91,1513,31
73,74,1,119,167,48,72,375,303,73,120,47,97,297,200,72,264,192,88,148,60,84,1529,31
65,105,40,120,160,40,72,376,304,72,96,24,80,344,264,72,240,168,80,164,84,103,1588,31
96,120,24,96,167,71,81,392,311,73,145,72,88,328,240,64,288,224,80,972,892,84,2496,31
48,50,2,126,158,32,72,400,328,72,112,40,72,280,208,64,288,224,80,127,47,84,1499,31
64,65,1,127,167,40,72,360,288,80,144,64,72,391,319,81,345,264,88,127,39,88,1687,31
89,137,48,112,168,56,72,399,327,73,121,48,88,304,216,72,328,256,87,151,64,89,1697,31
112,113,1,127,167,40,72,408,336,72,120,48,80,296,216,64,312,248,80,122,42,95,1633,31
88,112,24,128,176,48,72,408,336,72,192,120,88,864,776,80,336,256,80,653,573,71,2812,31
64,65,1,103,143,40,88,472,384,64,80,16,88,336,248,72,336,264,96,96,0,88,1616,31
67,67,0,112,160,48,80,752,672,88,192,104,88,208,120,72,328,256,88,117,29,90,1914,31
96,97,1,127,167,40,88,432,344,72,136,64,80,248,168,64,264,200,88,150,62,98,1592,31
96,120,24,112,152,40,80,408,328,64,112,48,81,280,199,56,272,216,96,148,52,92,1584,31
80,104,24,103,144,41,80,512,432,72,192,120,88,304,216,64,232,168,88,153,65,103,1744,31
96,97,1,102,151,49,88,616,528,72,392,320,112,113,1,72,279,207,113,137,24,103,1888,31
80,104,24,104,160,56,80,408,328,63,112,49,80,248,168,64,248,184,80,141,61,113,1534,31
64,136,72,80,168,88,72,440,368,71,160,89,88,240,152,64,271,207,81,128,47,89,1632,31
40,42,2,142,206,64,80,1927,1847,66,161,95,80,312,232,64,296,232,96,118,22,97,3159,31
88,111,23,112,161,49,80,423,343,73,145,72,96,223,127,73,241,168,96,143,47,99,1546,31
96,119,23,105,177,72,79,424,345,80,160,80,72,216,144,72,256,184,96,176,80,83,1611,31
105,107,2,94,142,48,80,496,416,80,271,191,104,312,208,73,377,304,96,120,24,114,1939,31
104,106,2,110,126,16,88,464,376,72,96,24,87,472,385,72,264,192,112,169,57,119,1816,31
96,120,24,80,120,40,96,488,392,72,143,71,89,289,200,72,424,352,112,175,63,90,1849,31
112,160,48,96,232,136,88,2008,1920,80,111,31,97,345,248,72,208,136,104,204,100,105,3373,31
104,176,72,111,192,81,80,496,416,72,95,23,89,377,288,88,360,272,95,176,81,90,1962,31
95,191,96,97,169,72,88,536,448,72,527,455,89,91,2,78,294,216,80,727,647,65,2600,31
120,123,3,84,108,24,88,409,321,72,152,80,95,239,144,89,272,183,120,346,226,82,1731,31
96,137,41,103,151,48,80,456,376,64,136,72,104,231,127,81,281,200,96,153,57,81,1626,31
88,135,47,97,145,48,71,488,417,56,168,112,88,224,136,72,344,272,96,158,62,90,1752,31
120,152,32,88,143,55,73,521,448,72,656,584,95,96,1,88,431,343,89,128,39,88,2215,31
112,208,96,112,168,56,71,447,376,64,97,33,80,287,207,65,360,295,89,136,47,88,1791,31
89,145,56,96,151,55,73,457,384,72,167,95,105,200,95,73,312,239,97,144,47,91,1667,31
105,106,1,119,150,31,88,473,385,80,127,47,81,313,232,64,399,335,161,1251,1090,93,2912,31
80,112,32,113,145,32,80,407,327,73,120,47,89,216,127,73,560,487,81,120,39,85,1765,31
88,127,39,121,168,47,73,424,351,81,136,55,97,256,159,73,400,327,97,133,36,91,1735,31
97,161,64,88,519,431,111,656,545,73,224,151,89,192,103,73,368,295,81,840,759,96,3056,31
96,127,31,113,169,56,88,601,513,88,159,71,73,240,167,73,360,287,96,149,53,99,1904,31
105,144,39,97,152,55,81,464,383,73,200,127,89,208,119,81,400,319,96,158,62,83,1809,31
120,144,24,97,153,56,72,455,383,73,160,87,80,277,197,60,387,327,89,145,56,100,1821,31
89,136,47,113,160,47,73,504,431,65,128,63,81,288,207,73,440,367,89,136,47,97,1889,31
81,83,2,110,150,40,72,447,375,73,152,79,172,360,188,73,424,351,89,208,119,112,1936,31
97,120,23,105,144,39,73,456,383,73,120,47,89,353,264,72,496,424,96,167,71,101,1957,31
88,91,3,133,158,25,80,640,560,72,143,71,80,456,376,65,352,287,105,160,55,91,2091,31
105,106,1,110,143,33,88,576,488,64,119,55,89,288,199,73,216,143,95,218,123,104,1770,31
89,105,16,152,154,2,77,413,336,73,75,2,93,349,256,73,272,199,105,176,71,95,1639,31
112,2296,2184,96,239,143,81,624,543,73,152,79,89,304,215,73,328,255,105,559,454,71,4573,31
81,136,55,104,160,56,72,432,360,73,96,23,89,312,223,81,328,247,80,109,29,95,1668,31
89,143,54,97,153,56,73,1336,1263,73,2360,2287,64,97,33,48,48,0,448,491,43,100,4728,31
97,112,15,112,152,40,73,424,351,80,113,33,96,255,159,72,328,256,105,127,22,105,1616,31
80,112,32,113,160,47,73,392,319,73,120,47,96,304,208,73,256,183,96,159,63,99,1602,31
105,144,39,89,153,64,72,487,415,81,192,111,97,248,151,162,255,93,130,196,66,108,1783,31
97,160,63,104,168,64,64,440,376,64,144,80,72,312,240,89,344,255,81,128,47,90,1786,31
89,152,63,113,145,32,73,399,326,72,128,56,96,697,601,80,335,255,120,149,29,97,2102,31
81,136,55,97,144,47,72,496,424,64,112,48,96,280,184,73,248,175,96,138,42,111,1665,31
89,152,63,97,160,63,72,912,840,73,776,703,113,115,2,69,245,176,97,524,427,116,3000,31
88,144,56,104,144,40,65,472,407,80,200,120,112,856,744,89,392,303,104,130,26,100,2438,31
104,153,49,87,143,56,88,528,440,56,152,96,89,496,407,81,328,247,96,132,36,92,2024,31
96,160,64,80,152,72,64,624,560,72,328,256,96,144,48,72,376,304,88,111,23,113,2008,31
97,152,55,96,144,48,72,504,432,72,327,255,97,137,40,72,288,216,96,159,63,82,1793,31
88,200,112,104,200,96,72,680,608,72,136,64,80,288,208,72,344,272,89,132,43,64,2044,31
80,119,39,105,193,88,72,448,376,72,112,40,89,304,215,72,256,184,80,133,53,99,1664,31
80,121,41,103,175,72,72,784,712,81,625,544,87,112,25,71,687,616,96,118,22,86,2708,31
79,104,25,120,137,17,79,511,432,88,144,56,80,296,216,72,376,304,96,122,26,100,1790,31
96,128,32,89,152,63,73,504,431,72,113,41,87,295,208,65,296,231,96,135,39,89,1712,31
96,152,56,104,168,64,57,416,359,72,104,32,80,296,216,72,288,216,88,121,33,94,1639,31
96,424,328,80,168,88,72,1336,1264,57,152,95,96,824,728,72,240,168,88,292,204,100,3536,31
80,112,32,112,143,31,57,473,416,88,192,104,96,408,312,72,216,144,96,509,413,65,2118,31
137,264,127,72,2552,2480,64,976,912,72,112,40,80,672,592,72,447,375,105,128,23,92,5243,31
120,215,95,89,137,48,80,448,368,72,144,72,80,440,360,80,392,312,104,127,23,97,2000,31
96,136,40,96,136,40,64,456,392,72,192,120,109,264,155,89,344,255,112,113,1,87,1728,31
89,136,47,96,152,56,73,399,326,73,145,72,88,672,584,72,272,200,88,160,72,74,2010,31
96,152,56,96,152,56,72,655,583,65,193,128,128,288,160,64,344,280,96,165,69,79,2028,31
88,128,40,88,136,48,72,392,320,80,152,72,88,280,192,72,248,176,104,152,48,100,1588,31
80,160,80,104,167,63,73,385,312,72,184,112,80,304,224,56,312,256,96,146,50,98,1756,31
96,144,48,96,152,56,64,544,480,9,176,167,96,200,104,64,369,305,95,158,63,83,1826,31
80,136,56,112,176,64,64,1472,1408,64,1032,968,112,114,2,62,598,536,96,167,71,121,3816,31
96,152,56,96,152,56,72,512,440,72,224,152,96,424,328,88,288,200,104,240,136,104,2096,31
80,152,72,104,176,72,64,456,392,88,888,800,84,128,44,72,376,304,104,848,744,53,3077,31
80,96,16,112,136,24,80,431,351,73,192,119,89,217,128,72,296,224,88,136,48,80,1584,31
88,144,56,112,144,32,72,488,416,80,184,104,96,400,304,72,313,241,103,126,23,93,1892,31
88,120,32,120,143,23,73,521,448,80,160,80,80,2264,2184,72,2320,2248,82,119,37,80,5727,31
80,120,40,112,152,40,64,456,392,64,128,64,88,1576,1488,72,496,424,96,166,70,91,3185,31
96,167,71,89,609,520,64,672,608,65,152,87,97,544,447,88,512,424,81,638,557,66,3360,31
81,129,48,103,464,361,56,1864,1808,64,1416,1352,96,97,1,79,551,472,88,146,58,85,4752,31
64,152,88,64,176,112,48,447,399,57,96,39,113,409,296,72,328,256,88,90,2,93,1791,31
88,136,48,104,160,56,64,760,696,64,776,712,81,96,15,72,392,320,96,112,16,77,2509,31
64,120,56,96,192,96,72,504,432,64,128,64,88,1304,1216,80,112,32,88,355,267,77,2792,31
88,144,56,96,168,72,72,512,440,64,112,48,88,368,280,71,296,225,88,139,51,100,1839,31
89,97,8,120,168,48,64,464,400,72,74,2,86,342,256,72,216,144,128,129,1,81,1571,31
56,96,40,144,176,32,80,368,288,64,96,32,80,272,192,63,176,113,88,127,39,80,1391,31
80,104,24,104,136,32,72,488,416,64,103,39,81,289,208,72,208,136,88,134,46,88,1550,31
80,112,32,120,143,23,65,369,304,72,104,32,87,272,185,72,200,128,80,135,55,80,1415,31
72,111,39,96,144,48,57,313,256,72,96,24,88,312,224,56,184,128,80,135,55,84,1379,31
65,81,16,144,145,1,70,327,257,72,128,56,88,328,240,55,184,129,80,119,39,90,1402,31
97,98,1,111,143,32,64,344,280,72,88,16,88,327,239,57,129,72,88,167,79,81,1377,31
72,96,24,112,160,48,63,376,313,79,119,40,81,329,248,56,168,112,80,143,63,76,1467,31
48,49,1,127,151,24,72,319,247,73,96,23,97,289,192,64,207,143,89,113,24,93,1317,31
64,111,47,121,122,1,71,334,263,73,97,24,88,343,255,65,177,112,80,129,49,102,1415,31
80,84,4,107,132,25,71,407,336,73,89,16,80,400,320,64,184,120,88,151,63,78,1525,31
97,177,80,72,1248,1176,56,752,696,72,184,112,80,216,136,64,287,223,113,114,1,75,3053,31
88,89,1,95,142,47,73,337,264,64,87,23,81,297,216,56,168,112,96,138,42,85,1343,31
56,58,2,118,150,32,80,400,320,72,144,72,95,368,273,72,280,208,96,134,38,79,1613,31
71,73,2,110,158,48,73,361,288,72,128,56,80,384,304,63,320,257,88,111,23,76,1611,31
80,105,25,103,135,32,72,368,296,80,128,48,80,248,168,64,216,152,88,126,38,78,1404,31
72,87,15,113,153,40,64,496,432,71,128,57,88,360,272,72,336,264,95,135,40,78,1773,31
81,113,32,104,282,178,2,510,508,79,199,120,89,209,120,63,271,208,97,113,16,95,1792,31
47,49,2,127,167,40,63,520,457,80,136,56,80,344,264,63,240,177,103,151,48,85,1692,31
88,127,39,121,145,24,64,488,424,72,120,48,88,312,224,64,272,208,95,126,31,97,1687,31
65,80,15,121,176,55,57,408,351,81,144,63,89,273,184,56,191,135,104,155,51,87,1514,31
88,120,32,112,160,48,56,487,431,72,98,26,87,359,272,56,184,128,96,153,57,105,1666,31
73,74,1,127,166,39,73,529,456,72,128,56,80,303,223,65,232,167,96,136,40,75,1643,31
48,63,15,121,240,119,73,1521,1448,64,119,55,73,328,255,73,336,263,89,94,5,97,2798,31
72,104,32,129,160,31,65,552,487,65,857,792,80,95,15,73,400,327,89,113,24,81,2362,31
49,64,15,129,192,63,65,472,407,73,128,55,88,336,248,65,256,191,89,160,71,84,1692,31
56,95,39,97,136,39,73,513,440,71,119,48,80,312,232,65,216,151,97,184,87,144,1719,31
81,105,24,128,183,55,56,512,456,81,128,47,97,304,207,65,224,159,113,153,40,107,1716,31
89,136,47,113,168,55,65,528,463,73,128,55,81,241,160,72,271,199,105,144,39,84,1700,31
113,152,39,113,192,79,57,1208,1151,89,968,879,96,112,16,49,49,0,279,378,99,110,3169,31
81,184,103,73,184,111,49,496,447,73,97,24,88,287,199,65,200,135,105,168,63,94,1710,31
89,113,24,119,151,32,73,1072,999,65,688,623,89,90,1,76,342,266,97,139,42,80,2675,31
64,169,105,64,144,80,56,399,343,64,96,32,89,280,191,64,208,144,112,151,39,105,1552,31
73,1144,1071,73,232,159,64,536,472,64,120,56,89,272,183,65,304,239,97,120,23,97,2825,31
96,160,64,97,152,55,73,528,455,64,112,48,88,360,272,72,240,168,105,3402,3297,82,5036,31
65,161,96,72,151,79,64,408,344,64,88,24,88,304,216,65,288,223,96,139,43,97,1636,31
113,168,55,97,168,71,65,416,351,65,104,39,81,256,175,65,248,183,112,122,10,94,1576,31
89,120,31,112,152,40,73,432,359,73,88,15,89,408,319,64,249,185,87,169,82,88,1706,31
80,121,41,112,144,32,64,383,319,72,75,3,86,309,223,57,184,127,113,184,71,83,1483,31
105,144,39,128,152,24,73,736,663,73,344,271,97,113,16,72,311,239,89,128,39,72,2000,31
89,145,56,104,183,79,40,480,440,72,96,24,80,504,424,73,368,295,105,143,38,84,2003,31
104,160,56,96,168,72,64,1112,1048,70,201,131,103,463,360,73,369,296,103,236,133,105,2814,31
88,153,65,112,167,55,73,784,711,81,154,73,79,246,167,65,232,167,97,122,25,100,1958,31
97,136,39,112,153,41,63,479,416,73,144,71,105,296,191,64,272,208,96,146,50,94,1720,31
80,127,47,96,136,40,73,504,431,72,160,88,97,512,415,72,296,224,105,127,22,84,1946,31
81,104,23,105,152,47,73,400,327,80,176,96,96,472,376,72,280,208,112,203,91,85,1872,31
97,160,63,103,192,89,72,536,464,72,113,41,87,431,344,73,264,191,112,133,21,81,1910,31
95,119,24,112,136,24,81,544,463,72,176,104,80,287,207,57,314,257,103,126,23,81,1783,31
97,136,39,112,160,48,72,504,432,80,272,192,96,184,88,72,288,216,96,119,23,96,1759,31
80,121,41,103,159,56,72,456,384,81,176,95,88,312,224,64,616,552,96,156,60,102,2098,31
88,145,57,111,159,48,73,544,471,72,392,320,105,128,23,72,336,264,112,116,4,108,1928,31
96,152,56,88,208,120,72,544,472,72,705,633,112,114,2,69,621,552,113,113,0,79,2536,31
88,136,48,112,424,312,72,576,504,72,576,504,96,120,24,64,360,296,112,113,1,85,2390,31
95,127,32,112,152,40,64,696,632,73,304,231,96,465,369,63,431,368,96,99,3,83,2357,31
96,144,48,104,160,56,80,504,424,80,160,80,88,888,800,88,384,296,104,167,63,100,2507,31
96,127,31,145,146,1,70,622,552,72,128,56,96,480,384,72,272,200,112,156,44,79,2010,31
89,152,63,128,160,32,72,488,416,96,97,1,103,455,352,72,440,368,112,154,42,100,2046,31
88,152,64,104,392,288,80,648,568,81,120,39,88,312,224,72,280,208,104,128,24,73,2105,31
88,128,40,104,152,48,72,624,552,72,176,104,80,248,168,72,344,272,96,121,25,82,1875,31
96,144,48,112,153,41,79,903,824,66,336,270,112,160,48,72,448,376,96,540,444,83,2767,31
80,81,1,127,151,24,72,432,360,72,120,48,87,1448,1361,73,352,279,104,151,47,96,2831,31
88,128,40,112,152,40,72,464,392,72,128,56,96,528,432,80,720,640,96,173,77,82,2375,31
72,176,104,80,1280,1200,81,776,695,72,96,24,96,353,257,71,381,310,114,127,13,91,3280,31
104,144,40,113,175,62,81,985,904,64,169,105,111,431,320,72,360,288,112,135,23,65,2464,31
96,97,1,119,151,32,80,440,360,88,128,40,96,320,224,72,281,209,103,130,27,99,1646,31
89,120,31,120,160,40,80,464,384,65,168,103,88,256,168,64,320,256,112,135,23,88,1711,31
87,136,49,96,176,80,73,616,543,72,144,72,88,296,208,56,288,232,104,130,26,85,1871,31
88,128,40,136,184,48,72,576,504,72,488,416,120,144,24,72,328,256,96,128,32,104,2080,31
96,144,48,112,160,48,72,512,440,72,152,80,104,344,240,64,328,264,112,143,31,97,1880,31
96,120,24,136,160,24,88,568,480,72,128,56,96,384,288,64,303,239,113,202,89,99,1964,31
80,136,56,112,128,16,72,520,448,80,143,63,113,361,248,64,264,200,112,153,41,94,1799,31
96,112,16,176,203,27,77,549,472,72,176,104,104,280,176,72,272,200,96,159,63,91,1842,31
104,192,88,144,168,24,81,504,423,80,184,104,120,792,672,64,272,208,128,191,63,91,2394,31
88,112,24,119,160,41,72,568,496,144,704,560,112,113,1,71,311,240,120,175,55,95,2238,31
80,96,16,128,160,32,73,520,447,72,143,71,97,257,160,64,240,176,96,183,87,97,1696,31
64,88,24,136,168,32,72,976,904,81,480,399,87,96,9,72,72,0,216,365,149,87,2332,31
72,224,152,64,2664,2600,73,359,286,89,113,24,104,479,375,65,193,128,104,154,50,101,4287,31
87,144,57,88,168,80,80,712,632,72,192,120,80,1432,1352,68,440,372,97,120,23,96,3304,31
88,120,32,88,168,80,72,512,440,72,104,32,80,368,288,56,360,304,112,145,33,74,1851,31
71,159,88,64,152,88,72,736,664,60,128,68,87,304,217,80,449,369,135,135,0,97,2160,31
80,152,72,104,184,80,72,736,664,72,433,361,103,104,1,63,383,320,120,161,41,98,2251,31
80,216,136,72,352,280,88,440,352,80,136,56,96,280,184,80,272,192,104,156,52,100,1952,31
95,120,25,104,160,56,80,792,712,80,688,608,96,135,39,73,345,272,136,137,1,77,2454,31
96,321,225,87,535,448,64,472,408,80,736,656,96,128,32,72,288,216,112,113,1,68,2661,31
72,176,104,88,224,136,56,584,528,80,968,888,105,106,1,70,270,200,104,121,17,99,2548,31
80,160,80,96,160,64,72,536,464,72,216,144,112,296,184,72,328,256,96,99,3,100,1895,31
86,118,32,120,144,24,72,528,456,72,168,96,88,687,599,80,321,241,104,144,40,101,2211,31
96,136,40,128,129,1,79,551,472,72,224,152,112,392,280,72,304,232,104,169,65,111,2016,31
96,135,39,121,145,24,80,664,584,80,624,544,104,107,3,69,269,200,104,134,30,97,2175,31
112,120,8,135,192,57,64,744,680,72,136,64,96,335,239,82,345,263,96,140,44,106,2118,31
97,152,55,128,152,24,72,568,496,71,136,65,87,304,217,72,256,184,96,135,39,77,1780,31
95,144,49,88,112,24,72,599,527,65,168,103,97,321,224,72,296,224,96,158,62,101,1899,31
103,144,41,120,143,23,73,760,687,81,145,64,88,296,208,72,328,256,96,117,21,78,2011,31
80,104,24,112,136,24,72,520,448,80,136,56,128,344,216,72,776,704,96,191,95,88,2295,31
80,184,104,80,976,896,72,808,736,72,928,856,96,152,56,72,335,263,113,905,792,81,4369,31
73,129,56,112,184,72,72,759,687,81,769,688,104,144,40,72,302,230,106,930,824,37,3254,31
104,152,48,96,143,47,81,441,360,80,104,24,96,248,152,64,256,192,88,111,23,84,1539,31
114,297,183,104,896,792,128,651,523,109,757,648,120,336,216,79,504,425,79,384,305,80,3905,32
80,696,616,88,1209,1121,63,992,929,79,567,488,136,1024,888,80,505,425,95,719,624,96,5808,32
104,288,184,120,616,496,122,679,557,96,336,240,120,977,857,72,296,224,104,392,288,111,3695,32
88,488,400,104,456,352,72,704,632,80,448,368,128,512,384,56,360,304,104,320,216,80,3368,32
96,512,416,64,296,232,63,544,481,112,496,384,113,680,567,88,360,272,96,408,312,88,3384,32
120,376,256,80,296,216,80,496,416,96,344,248,104,656,552,56,424,368,104,360,256,88,3040,32
104,416,312,56,624,568,72,824,752,104,432,328,112,328,216,104,360,256,104,800,696,80,3864,32
80,640,560,72,272,200,72,416,344,144,320,176,114,648,534,80,336,256,88,408,320,88,3128,32
72,464,392,80,296,216,80,456,376,121,361,240,111,463,352,64,320,256,112,568,456,88,3016,32
151,455,304,79,319,240,81,529,448,112,320,208,95,424,329,57,289,232,103,407,304,73,2816,32
70,342,272,55,248,193,79,472,393,88,280,192,79,488,409,72,383,311,80,1265,1185,47,3525,32
64,312,248,64,272,208,56,504,448,113,320,207,129,360,231,88,311,223,145,401,256,103,2583,32
63,616,553,64,560,496,88,392,304,136,320,184,104,808,704,113,184,71,104,416,312,72,3368,32
71,463,392,48,304,256,72,616,544,112,296,184,104,1088,984,128,576,448,122,1088,966,104,4535,32
104,505,401,55,239,184,72,568,496,72,400,328,136,568,432,64,336,272,104,424,320,80,3120,32
80,392,312,56,392,336,96,1507,1411,85,381,296,137,368,231,88,320,232,133,408,275,56,3824,32
88,633,545,55,295,240,64,383,319,81,313,232,160,656,496,56,144,88,96,336,240,80,2840,32
80,488,408,80,328,248,88,608,520,72,384,312,144,400,256,56,184,128,128,313,185,79,2784,32
79,310,231,65,281,216,56,432,376,104,344,240,128,1416,1288,80,131,51,110,517,407,88,3519,32
88,360,272,80,457,377,63,487,424,96,320,224,144,264,120,80,392,312,128,328,200,104,2712,32
131,544,413,121,369,248,104,568,464,152,472,320,184,552,368,136,392,256,128,720,592,72,3689,32
80,313,233,56,240,184,56,432,376,80,424,344,144,464,320,72,288,216,112,431,319,89,2681,32
79,288,209,63,288,225,79,640,561,111,456,345,119,1152,1033,64,144,80,111,352,241,79,3399,32
96,272,176,65,248,183,79,527,448,121,393,272,168,432,264,72,456,384,128,304,176,80,2712,32
72,384,312,80,360,280,88,567,479,81,361,280,136,272,136,56,264,208,128,639,511,105,2952,32
136,480,344,96,384,288,80,584,504,128,328,200,184,1000,816,120,248,128,144,915,771,69,4008,32
80,456,376,64,296,232,48,976,928,64,567,503,169,273,104,48,496,448,176,448,272,88,3600,32
56,256,200,56,216,160,72,480,408,129,416,287,160,752,592,64,264,200,129,840,711,80,3304,32
72,328,256,56,232,176,56,440,384,96,328,232,192,976,784,96,280,184,136,880,744,80,3544,32
128,400,272,80,480,400,105,497,392,121,2319,2198,136,536,400,113,368,255,128,313,185,79,4992,32
80,265,185,78,392,314,87,399,312,144,352,208,200,985,785,113,264,151,123,528,405,79,3264,32
71,567,496,65,225,160,71,392,321,130,432,302,159,512,353,72,192,120,128,720,592,111,3151,32
65,329,264,64,256,192,80,400,320,128,448,320,224,968,744,96,176,80,104,480,376,88,3145,32
80,312,232,56,272,216,88,488,400,80,336,256,208,544,336,104,224,120,128,352,224,104,2632,32
80,448,368,72,264,192,80,480,400,111,496,385,176,368,192,88,168,80,112,304,192,88,2616,32
56,432,376,72,232,160,72,472,400,72,272,200,208,488,280,64,176,112,120,296,176,152,2520,32
104,632,528,96,272,176,64,416,352,104,280,176,192,796,604,100,156,56,128,656,528,104,3312,32
64,408,344,56,256,200,56,576,520,80,280,200,152,1257,1105,79,183,104,104,304,200,104,3368,32
80,424,344,72,224,152,64,656,592,64,375,311,185,337,152,96,184,88,112,320,208,131,2651,32
103,344,241,71,272,201,72,440,368,79,528,449,122,488,366,80,368,288,135,432,297,79,2951,32
80,280,200,88,368,280,48,416,368,80,496,416,136,400,264,80,376,296,40,432,392,111,2879,32
131,360,229,200,480,280,112,688,576,113,352,239,168,536,368,104,488,384,80,528,448,72,3504,32
136,280,144,168,376,208,113,392,279,144,304,160,136,376,240,127,488,361,88,568,480,104,2888,32
88,248,160,80,264,184,80,440,360,128,209,81,127,311,184,96,392,296,80,560,480,112,2536,32
96,393,297,104,288,184,128,599,471,89,248,159,136,448,312,96,345,249,55,847,792,72,3240,32
71,232,161,80,328,248,103,504,401,113,200,87,111,488,377,87,312,225,79,672,593,103,2839,32
126,496,370,63,240,177,80,383,303,136,208,72,137,624,487,64,641,577,131,407,276,89,3088,32
88,248,160,87,280,193,80,528,448,112,216,104,152,560,408,79,399,320,73,545,472,56,2832,32
80,272,192,72,224,152,80,608,528,79,160,81,151,607,456,89,489,400,64,472,408,56,2888,32
81,305,224,72,224,152,80,400,320,104,256,152,136,272,136,80,408,328,56,480,424,64,2409,32
80,216,136,88,248,160,88,328,240,104,328,224,160,488,328,96,368,272,64,496,432,88,2560,32
95,448,353,72,256,184,96,368,272,96,232,136,128,872,744,104,352,248,72,728,656,96,3352,32
95,256,161,114,240,126,96,448,352,121,456,335,128,1456,1328,80,368,288,64,848,784,95,4167,32
120,1072,952,119,472,353,95,584,489,113,224,111,183,632,449,80,376,296,64,1191,1127,49,4600,32
112,337,225,128,288,160,96,528,432,128,192,64,152,632,480,80,344,264,130,432,302,104,2857,32
104,280,176,72,240,168,96,704,608,96,384,288,160,808,648,64,464,400,152,328,176,80,3288,32
88,432,344,64,288,224,80,424,344,120,312,192,128,800,672,104,344,240,112,328,216,104,3032,32
120,288,168,80,216,136,80,535,455,89,449,360,159,296,137,96,352,256,120,280,160,88,2504,32
127,327,200,72,256,184,88,360,272,128,408,280,160,672,512,80,272,192,136,416,280,80,2791,32
114,944,830,112,289,177,103,456,353,143,496,353,167,407,240,128,569,441,64,584,520,79,3824,32
79,360,281,96,311,215,73,977,904,127,336,209,176,799,623,137,360,223,153,385,232,48,3576,32
104,296,192,80,232,152,88,584,496,72,328,256,152,560,408,63,288,225,96,320,224,88,2696,32
63,208,145,56,224,168,56,392,336,119,320,201,136,304,168,56,272,216,113,320,207,72,2112,32
80,272,192,55,207,152,73,649,576,135,224,89,160,512,352,63,263,200,153,424,271,96,2647,32
80,240,160,80,232,152,104,1112,1008,80,151,71,153,529,376,64,312,248,136,352,216,56,2984,32
71,240,169,88,272,184,64,640,576,80,304,224,161,1000,839,64,248,184,144,320,176,96,3120,32
78,630,552,120,288,168,80,649,569,79,312,233,143,383,240,80,312,232,128,496,368,72,3142,32
80,248,168,80,240,160,80,432,352,88,288,200,176,328,152,80,313,233,122,479,357,58,2386,32
96,248,152,88,248,160,96,544,448,88,345,257,158,270,112,56,457,401,152,928,776,72,3112,32
71,263,192,65,241,176,63,568,505,88,440,352,152,599,447,57,360,303,152,345,193,79,2895,32
63,232,169,80,240,160,80,480,400,88,472,384,152,439,287,104,409,305,128,488,360,72,2832,32
71,255,184,64,224,160,80,496,416,95,384,289,144,552,408,56,391,335,128,297,169,96,2695,32
87,271,184,71,216,145,64,368,304,80,728,648,152,904,752,103,520,417,120,256,136,56,3319,32
96,240,144,64,216,152,56,408,352,96,304,208,135,1032,897,56,256,200,129,280,151,72,2808,32
64,224,160,80,216,136,64,400,336,129,480,351,152,376,224,72,320,248,128,416,288,88,2520,32
142,1079,937,88,248,160,88,409,321,132,408,276,183,536,353,72,312,240,159,415,256,103,3510,32
80,224,144,96,265,169,71,392,321,138,472,334,175,608,433,72,344,272,135,320,185,63,2688,32
79,224,145,79,207,128,73,449,376,88,352,264,152,288,136,72,344,272,120,240,120,184,2288,32
88,383,295,73,209,136,71,384,313,183,424,241,144,1280,1136,80,360,280,128,376,248,104,3520,32
72,208,136,79,200,121,80,560,480,88,408,320,183,392,209,88,424,336,127,312,185,104,2608,32
95,222,127,81,241,160,71,336,265,168,328,160,168,616,448,112,304,192,136,280,144,112,2439,32
104,272,168,80,232,152,96,1280,1184,96,176,80,176,664,488,96,480,384,144,400,256,104,3608,32
104,264,160,80,232,152,95,432,337,144,248,104,160,456,296,64,240,176,136,383,247,105,2360,32
104,295,191,81,218,137,87,415,328,136,240,104,168,1296,1128,104,272,168,127,1064,937,127,3927,32
104,232,128,80,217,137,87,384,297,135,295,160,152,425,273,63,271,208,129,858,729,38,2720,32
69,509,440,104,920,816,104,384,280,104,448,344,152,336,184,112,416,304,120,344,224,96,3453,32
104,544,440,96,320,224,114,240,126,120,456,336,104,424,320,112,537,425,79,336,257,122,2979,32
40,369,329,87,248,161,104,319,215,80,409,329,104,352,248,113,584,471,80,335,255,120,2736,32
63,375,312,88,329,241,120,472,352,88,536,448,112,392,280,144,472,328,112,216,104,96,2888,32
71,424,353,80,368,288,72,280,208,80,368,288,112,408,296,152,336,184,88,184,96,122,2490,32
48,240,192,112,464,352,88,296,208,80,624,544,80,4512,4432,144,732,588,100,508,408,120,7496,32
48,440,392,104,365,261,122,355,233,80,432,352,104,384,280,112,664,552,80,480,400,104,3224,32
144,256,112,128,330,202,143,319,176,103,607,504,127,491,364,149,405,256,113,297,184,136,2841,32
56,448,392,113,304,191,111,296,185,80,776,696,72,320,248,160,304,144,72,312,240,152,2912,32
80,280,200,88,744,656,96,280,184,72,408,336,104,200,96,168,400,232,64,464,400,136,2912,32
48,424,376,80,256,176,88,248,160,96,400,304,115,272,157,168,416,248,104,232,128,120,2368,32
56,352,296,88,280,192,80,231,151,73,433,360,128,192,64,144,536,392,56,408,352,136,2568,32
112,632,520,128,456,328,129,304,175,136,304,168,136,290,154,174,447,273,87,319,232,144,2896,32
129,296,167,111,1503,1392,88,241,153,130,368,238,127,304,177,159,392,233,87,303,216,136,3543,32
151,304,153,127,1296,1169,79,392,313,127,352,225,104,352,248,143,456,313,79,464,385,96,3712,32
144,335,191,123,377,254,122,368,246,129,416,287,112,280,168,136,368,232,88,368,280,136,2648,32
120,296,176,129,416,287,104,288,184,128,368,240,129,344,215,113,368,255,128,368,240,128,2576,32
128,304,176,96,392,296,104,336,232,104,1199,1095,137,665,528,175,1424,1249,129,336,207,112,4768,32
112,440,328,128,432,304,128,296,168,136,464,328,104,464,360,136,520,384,144,448,304,129,3193,32
128,264,136,113,440,327,112,456,344,88,304,216,120,440,320,160,272,112,128,361,233,166,2703,32
144,424,280,113,384,271,114,296,182,136,361,225,167,400,233,199,384,185,113,328,215,127,2704,32
113,320,207,119,400,281,87,351,264,128,568,440,105,329,224,128,1040,912,79,352,273,135,3495,32
112,304,192,128,368,240,80,256,176,152,440,288,113,424,311,160,432,272,112,296,184,136,2656,32
112,288,176,128,480,352,104,328,224,128,1120,992,96,184,88,120,480,360,104,360,256,128,3368,32
148,292,144,120,344,224,114,280,166,112,368,256,168,432,264,104,336,232,96,312,216,104,2468,32
129,361,232,131,456,325,136,392,256,104,592,488,120,440,320,104,384,280,112,360,248,136,3121,32
129,328,199,136,384,248,104,320,216,120,344,224,144,521,377,131,360,229,95,383,288,128,2768,32
104,281,177,111,327,216,104,505,401,103,471,368,131,384,253,136,408,272,88,360,272,128,2864,32
103,335,232,123,441,318,128,336,208,127,456,329,135,463,328,168,528,360,105,305,200,151,3015,32
144,352,208,144,407,263,105,281,176,135,440,305,119,784,665,136,368,232,103,272,169,152,3056,32
127,296,169,136,336,200,136,503,367,104,489,385,136,384,248,128,571,443,77,781,704,136,3496,32
113,296,183,104,312,208,96,152,56,119,2256,2137,104,280,176,136,864,728,88,448,360,88,4696,32
120,280,160,128,296,168,106,272,166,152,464,312,112,632,520,128,336,208,104,456,352,112,2848,32
128,344,216,151,376,225,129,432,303,128,984,856,152,256,104,152,448,296,128,304,176,128,3272,32
120,296,176,144,352,208,72,304,232,136,544,408,113,304,191,152,472,320,96,344,248,129,2745,32
122,280,158,144,320,176,114,264,150,143,376,233,136,384,248,136,480,344,111,368,257,152,2624,32
105,241,136,103,279,176,122,321,199,144,344,200,95,392,297,127,527,400,89,345,256,128,2577,32
104,264,160,128,312,184,128,264,136,168,528,360,111,376,265,72,496,424,113,488,375,95,2823,32
130,345,215,127,337,210,129,287,158,128,464,336,112,480,368,112,368,256,104,304,200,128,2713,32
128,400,272,152,552,400,120,352,232,136,376,240,127,392,265,176,456,280,120,416,296,144,3088,32
129,368,239,152,376,224,128,296,168,152,512,360,112,312,200,128,480,352,128,288,160,128,2760,32
120,280,160,216,568,352,128,224,96,123,496,373,104,304,200,112,392,280,64,272,208,120,2656,32
96,352,256,152,410,258,102,334,232,136,456,320,88,432,344,136,496,360,72,368,296,144,2992,32
97,417,320,143,423,280,104,296,192,114,680,566,88,344,256,136,616,480,120,489,369,127,3392,32
104,256,152,128,323,195,110,245,135,136,512,376,56,312,256,152,409,257,103,383,280,112,2552,32
127,304,177,127,320,193,131,344,213,130,616,486,104,456,352,151,592,441,88,464,376,128,3224,32
80,247,167,121,689,568,104,232,128,135,448,313,104,392,288,112,616,504,111,1432,1321,112,4168,32
129,384,255,128,368,240,128,240,112,176,432,256,136,336,200,152,384,232,122,544,422,136,2824,32
64,384,320,105,344,239,144,376,232,88,416,328,136,408,272,168,400,232,112,456,344,144,2928,32
128,336,208,128,320,192,81,224,143,208,504,296,130,376,246,152,552,400,104,376,272,128,2816,32
128,352,224,130,299,169,77,229,152,168,416,248,128,360,232,167,417,250,87,271,184,137,2481,32
136,273,137,119,295,176,112,168,56,152,384,232,136,296,160,160,496,336,104,377,273,135,2424,32
135,272,137,151,488,337,111,367,256,105,505,400,136,360,224,159,392,233,95,471,376,136,2991,32
130,384,254,113,297,184,142,415,273,111,471,360,136,417,281,151,360,209,88,296,208,136,2776,32
143,352,209,143,344,201,89,240,151,160,472,312,136,280,144,151,560,409,128,464,336,104,2816,32
104,352,248,128,457,329,81,247,166,135,368,233,130,352,222,152,408,256,104,312,208,152,2648,32
161,305,144,128,568,440,128,288,160,160,367,207,137,433,296,104,496,392,88,280,192,104,2841,32
112,344,232,128,376,248,73,152,79,128,384,256,112,416,304,96,320,224,104,256,152,104,2352,32
160,368,208,96,288,192,112,312,200,72,416,344,136,288,152,152,488,336,96,304,208,176,2640,32
144,280,136,128,296,168,80,160,80,176,472,296,88,344,256,160,608,448,88,320,232,136,2616,32
119,295,176,137,345,208,104,288,184,80,608,528,152,185,33,167,655,488,114,352,238,168,2896,32
137,297,160,103,287,184,129,320,191,114,416,302,136,417,281,175,527,352,105,513,408,128,2905,32
135,335,200,153,304,151,128,328,200,73,393,320,152,400,248,152,384,232,112,319,207,169,2632,32
121,296,175,73,265,192,80,280,200,80,400,320,136,344,208,151,360,209,71,376,305,160,2481,32
56,520,464,112,488,376,104,303,199,88,544,456,104,361,257,136,536,400,88,311,223,129,3192,32
55,576,521,112,391,279,145,401,256,64,624,560,128,360,232,144,416,272,128,352,224,144,3264,32
80,599,519,128,369,241,103,288,185,104,504,400,176,272,96,128,503,375,97,305,208,104,2944,32
152,304,152,120,296,176,104,216,112,200,496,296,120,376,256,169,360,191,64,399,335,161,2608,32
168,224,56,96,304,208,127,320,193,144,384,240,114,320,206,184,416,232,80,312,232,152,2432,32
129,336,207,113,280,167,64,208,144,128,505,377,103,1423,1320,192,601,409,79,288,209,151,3792,32
121,320,199,128,313,185,103,239,136,152,336,184,137,417,280,191,400,209,95,295,200,159,2479,32
143,303,160,129,354,225,102,222,120,177,449,272,113,367,254,176,353,177,103,312,209,167,2527,32
143,279,136,144,352,208,81,177,96,159,408,249,152,383,231,176,353,177,113,384,271,152,2488,32
96,400,304,113,328,215,88,464,376,120,1088,968,80,216,136,113,1264,1151,88,456,368,127,4343,32
136,248,112,127,336,209,96,202,106,182,430,248,136,336,200,144,296,152,72,336,264,167,2351,32
143,304,161,136,328,192,104,216,112,144,368,224,144,336,192,160,440,280,103,432,329,152,2576,32
167,399,232,120,296,176,113,264,151,152,425,273,135,335,200,152,344,192,144,472,328,136,2671,32
114,291,177,116,307,191,120,272,152,121,489,368,104,288,184,113,584,471,72,393,321,159,2783,32
120,296,176,120,305,185,105,343,238,152,384,232,128,296,168,216,392,176,137,264,127,176,2456,32
128,318,190,123,322,199,104,553,449,128,416,288,128,359,231,129,520,391,88,353,265,135,2976,32
153,384,231,140,369,229,103,400,297,160,360,200,159,384,225,135,504,369,103,384,281,136,2921,32
135,256,121,104,256,152,73,216,143,144,368,224,143,424,281,176,296,120,128,455,327,129,2400,32
168,320,152,128,280,152,56,320,264,160,912,752,80,504,424,128,480,352,64,328,264,122,3266,32
152,296,144,122,296,174,80,216,136,128,416,288,104,368,264,152,287,135,105,281,176,152,2312,32
120,354,234,102,302,200,81,280,199,136,2001,1865,111,351,240,136,296,160,104,408,304,136,4128,32
64,440,376,104,264,160,96,280,184,72,328,256,113,1753,1640,183,1208,1025,87,184,97,103,4560,32
113,623,510,105,313,208,71,168,97,175,487,312,145,433,288,31,2408,2377,120,440,320,135,5007,32
104,328,224,96,256,160,80,164,84,156,1036,880,104,312,208,144,488,344,95,272,177,144,3000,32
128,336,208,126,543,417,112,272,160,121,472,351,123,520,397,249,2105,1856,130,656,526,128,5032,32
136,312,176,129,314,185,119,270,151,168,536,368,112,368,256,152,904,752,104,607,503,137,3448,32
152,344,192,160,440,280,120,376,256,160,536,376,128,360,232,128,1160,1032,96,424,328,160,3800,32
136,289,153,135,287,152,56,160,104,152,624,472,113,344,231,176,352,176,96,352,256,152,2560,32
136,288,152,113,248,135,56,136,80,137,560,423,88,352,264,168,440,272,104,376,272,128,2528,32
144,360,216,112,240,128,72,128,56,152,547,395,125,466,341,147,395,248,80,336,256,130,2602,32
130,232,102,112,256,144,56,120,64,136,496,360,128,320,192,184,272,88,80,288,208,136,2120,32
128,208,80,80,216,136,48,114,66,134,486,352,128,392,264,152,328,176,96,272,176,137,2153,32
112,232,120,96,216,120,56,185,129,103,1183,1080,120,344,224,128,472,344,80,512,432,120,3264,32
79,496,417,87,352,265,63,255,192,88,584,496,88,696,608,176,321,145,103,320,217,136,3160,32
128,263,135,151,376,225,128,176,48,152,463,311,160,385,225,120,320,200,120,296,176,104,2383,32
113,256,143,152,432,280,104,160,56,152,536,384,122,320,198,129,423,294,81,337,256,104,2568,32
128,312,184,113,368,255,104,216,112,113,808,695,152,328,176,152,680,528,56,376,320,120,3208,32
113,304,191,128,352,224,80,168,88,152,416,264,136,400,264,136,264,128,96,368,272,104,2376,32
152,296,144,152,432,280,80,168,88,152,824,672,120,129,9,136,455,319,72,272,200,112,2688,32
88,224,136,136,352,216,104,184,80,128,536,408,88,384,296,96,272,176,80,344,264,96,2392,32
86,302,216,96,304,208,56,136,80,121,600,479,112,304,192,120,304,184,72,344,272,152,2446,32
71,248,177,113,360,247,112,264,152,119,472,353,112,376,264,113,288,175,87,384,297,103,2495,32
80,264,184,111,488,377,112,360,248,88,472,384,96,328,232,87,1240,1153,80,184,104,104,3440,32
104,576,472,117,320,203,88,184,96,128,336,208,120,351,231,136,281,145,56,320,264,72,2440,32
72,208,136,103,320,217,81,191,110,104,401,297,96,352,256,104,440,336,160,384,224,128,2424,32
72,296,224,96,248,152,96,217,121,103,399,296,136,376,240,122,280,158,80,320,240,104,2240,32
72,312,240,104,264,160,64,145,81,95,543,448,120,376,256,160,360,200,104,304,200,80,2384,32
64,240,176,96,280,184,80,201,121,103,455,352,96,336,240,96,272,176,104,264,160,120,2168,32
80,239,159,115,337,222,80,208,128,113,344,231,88,368,280,112,304,192,64,392,328,72,2264,32
72,296,224,152,368,216,88,200,112,72,376,304,131,416,285,96,376,280,80,296,216,136,2464,32
87,304,217,111,287,176,72,225,153,79,464,385,103,351,248,105,488,383,72,449,377,71,2639,32
65,265,200,120,287,167,88,281,193,79,542,463,104,201,97,105,385,280,72,296,224,48,2305,32
79,280,201,95,272,177,79,232,153,95,392,297,127,304,177,113,1288,1175,63,296,233,64,3128,32
57,313,256,122,448,326,68,288,220,88,392,304,128,352,224,104,1008,904,63,248,185,72,3121,32
96,271,175,145,329,184,104,192,88,80,1144,1064,129,633,504,87,271,184,113,208,95,80,3128,32
96,296,200,104,304,200,64,183,119,114,481,367,88,2608,2520,96,855,759,64,369,305,96,5192,32
88,296,208,144,320,176,93,184,91,113,857,744,88,455,367,97,392,295,88,296,208,80,2880,32
56,240,184,128,264,136,80,184,104,97,328,231,104,377,273,79,343,264,80,265,185,79,2080,32
95,263,168,96,249,153,71,159,88,105,385,280,111,536,425,79,359,280,80,377,297,63,2391,32
53,245,192,105,264,159,66,176,110,97,521,424,95,392,297,72,288,216,79,376,297,72,2334,32
80,280,200,99,288,189,87,192,105,104,512,408,80,352,272,87,328,241,104,304,200,64,2320,32
70,279,209,112,288,176,80,202,122,94,422,328,104,344,240,88,328,240,64,296,232,80,2239,32
64,240,176,104,248,144,80,200,120,88,432,344,113,360,247,113,280,167,64,288,224,56,2104,32
56,256,200,96,248,152,64,184,120,104,624,520,79,400,321,96,464,368,96,248,152,88,2512,32
72,216,144,104,256,152,56,120,64,113,432,319,72,296,224,88,464,376,120,296,176,88,2168,32
81,225,144,104,256,152,72,176,104,120,424,304,112,304,192,88,608,520,64,296,232,80,2369,32
96,232,136,104,264,160,80,192,112,113,296,183,104,392,288,144,784,640,56,224,168,80,2464,32
104,256,152,96,256,160,104,241,137,103,455,352,80,320,240,96,249,153,87,383,296,64,2224,32
64,280,216,104,256,152,80,202,122,110,350,240,80,288,208,113,417,304,71,280,209,87,2160,32
79,751,672,128,328,200,114,264,150,144,481,337,112,327,215,129,449,320,71,319,248,88,3007,32
95,224,129,120,496,376,71,176,105,121,360,239,121,328,207,135,928,793,55,328,273,113,2953,32
104,272,168,128,287,159,80,176,96,113,377,264,96,344,248,127,519,392,57,609,552,104,2688,32
89,289,200,111,264,153,72,151,79,138,377,239,112,360,248,168,512,344,104,312,208,115,2380,32
88,264,176,112,255,143,88,176,88,120,376,256,96,329,233,119,367,248,72,233,161,119,2119,32
104,296,192,87,240,153,151,2256,2105,72,1319,1247,113,377,264,152,264,112,137,272,135,88,5112,32
100,236,136,128,280,152,72,152,80,104,354,250,110,310,200,113,288,175,96,248,152,128,1996,32
120,224,104,88,224,136,64,128,64,113,736,623,121,752,631,119,343,224,104,369,265,120,2896,32
129,304,175,113,265,152,128,231,103,120,543,423,129,441,312,128,328,200,112,400,288,88,2600,32
104,216,112,88,240,152,64,192,128,88,392,304,88,424,336,114,368,254,88,240,152,96,2168,32
80,256,176,72,208,136,72,136,64,104,328,224,112,416,304,104,280,176,80,360,280,80,2064,32
80,312,232,88,248,160,96,184,88,64,656,592,112,664,552,168,344,176,72,624,552,88,3120,32
96,280,184,80,313,233,108,231,123,104,337,233,127,431,304,96,256,160,95,295,200,80,2223,32
96,248,152,79,241,162,79,263,184,103,327,224,89,368,279,137,312,175,81,274,193,70,2103,32
88,240,152,97,409,312,48,199,151,104,353,249,114,345,231,103,312,209,63,264,201,55,2177,32
104,344,240,80,240,160,60,256,196,64,423,359,89,416,327,129,200,71,97,297,200,96,2272,32
104,328,224,104,288,184,64,176,112,104,544,440,72,392,320,122,328,206,56,256,200,104,2416,32
103,264,161,96,256,160,56,168,112,96,488,392,80,272,192,136,344,208,56,240,184,104,2136,32
80,256,176,80,216,136,80,168,88,103,695,592,57,305,248,104,280,176,40,416,376,64,2400,32
80,232,152,88,255,167,91,248,157,120,401,281,115,360,245,125,320,195,96,296,200,87,2199,32
56,320,264,104,280,176,57,256,199,104,431,327,97,369,272,47,672,625,127,231,104,96,2655,32
88,240,152,80,240,160,80,210,130,105,358,253,112,368,256,103,303,200,80,353,273,103,2175,32
88,224,136,105,265,160,71,233,162,102,647,545,95,343,248,136,489,353,88,336,248,104,2641,32
64,280,216,144,329,185,98,352,254,88,992,904,80,696,616,160,504,344,80,241,161,135,3529,32
72,424,352,112,312,200,71,209,138,127,367,240,120,417,297,103,263,160,80,329,249,95,2416,32
96,303,207,135,312,177,80,233,153,135,392,257,104,352,248,112,496,384,48,408,360,71,2567,32
80,328,248,104,256,152,82,280,198,113,383,270,112,297,185,104,464,360,55,328,273,80,2416,32
81,257,176,88,896,808,56,1928,1872,88,824,736,128,360,232,113,256,143,96,296,200,88,4905,32
88,216,128,120,271,151,81,609,528,96,544,448,88,352,264,128,437,309,99,411,312,88,2928,32
112,272,160,120,280,160,64,152,88,119,463,344,114,353,239,151,264,113,88,288,200,104,2176,32
95,326,231,122,297,175,80,304,224,120,400,280,113,336,223,104,433,329,71,335,264,88,2519,32
104,248,144,104,248,144,91,352,261,88,440,352,116,400,284,120,1072,952,104,408,304,113,3281,32
88,272,184,200,465,265,103,424,321,113,287,174,152,376,224,114,824,710,113,392,279,88,3128,32
103,239,136,137,304,167,72,352,280,104,304,200,128,313,185,127,719,592,80,337,257,79,2647,32
88,250,162,111,406,295,65,168,103,136,536,400,112,385,273,152,719,567,88,361,273,115,2940,32
72,233,161,103,664,561,56,192,136,111,464,353,104,368,264,112,680,568,48,352,304,80,3033,32
103,272,169,80,216,136,55,136,81,96,512,416,80,296,216,111,480,369,120,280,160,56,2248,32
72,248,176,104,448,344,64,223,159,114,393,279,104,400,296,114,248,134,56,288,232,104,2352,32
80,232,152,113,296,183,82,232,150,88,288,200,80,360,280,120,232,112,64,296,232,80,2016,32
104,199,95,65,857,792,56,280,224,104,528,424,112,352,240,120,296,176,91,296,205,113,2921,32
104,256,152,112,288,176,89,209,120,135,343,208,128,352,224,123,400,277,48,344,296,80,2272,32
104,256,152,104,320,216,80,160,80,129,696,567,129,384,255,145,281,136,113,335,222,104,2536,32
56,336,280,119,426,307,70,238,168,113,432,319,112,336,224,114,344,230,88,321,233,122,2555,32
87,232,145,103,255,152,65,193,128,119,375,256,113,328,215,152,320,168,120,305,185,87,2095,32
127,263,136,152,304,152,89,241,152,104,616,512,160,312,152,127,344,217,79,344,265,104,2528,32
113,256,143,104,240,136,56,120,64,119,472,353,95,280,185,136,304,168,79,256,177,104,2032,32
81,185,104,96,240,144,64,416,352,128,784,656,127,616,489,128,624,496,64,360,296,104,3329,32
104,256,152,160,504,344,88,223,135,137,489,352,104,304,200,128,360,232,72,280,208,128,2544,32
99,392,293,128,295,167,97,249,152,136,392,256,104,567,463,137,337,200,128,488,360,223,2943,32
107,264,157,96,272,176,72,160,88,128,792,664,112,248,136,128,376,248,88,360,272,128,2600,32
96,240,144,104,248,144,80,184,104,127,472,345,104,400,296,144,280,136,120,296,176,128,2248,32
104,240,136,120,272,152,89,295,206,137,513,376,96,416,320,104,336,232,113,320,207,120,2512,32
96,264,168,104,313,209,95,327,232,113,345,232,135,335,200,129,552,423,104,320,216,144,2600,32
115,264,149,95,263,168,56,184,128,144,416,272,104,329,225,112,296,184,79,408,329,143,2303,32
112,273,161,111,295,184,104,256,152,128,383,255,112,345,233,111,439,328,122,296,174,113,2400,32
96,305,209,119,311,192,80,400,320,105,353,248,113,256,143,135,384,249,63,360,297,128,2497,32
102,558,456,112,296,184,104,317,213,147,523,376,136,368,232,176,896,720,186,480,294,112,3550,32
56,400,344,72,259,187,61,237,176,136,488,352,128,360,232,152,1912,1760,128,776,648,128,4560,32
104,808,704,114,456,342,96,176,80,128,600,472,120,448,328,104,336,232,80,432,352,104,3360,32
136,400,264,112,304,192,104,216,112,128,576,448,128,592,464,136,320,184,120,699,579,133,3240,32
104,424,320,128,338,210,78,601,523,110,597,487,176,400,224,128,441,313,112,383,271,136,3320,32
77,356,279,113,265,152,80,312,232,88,536,448,151,384,233,104,856,752,95,311,216,139,3159,32
79,287,208,113,305,192,79,208,129,119,416,297,127,353,226,119,312,193,79,319,240,105,2305,32
137,257,120,112,280,168,87,280,193,113,440,327,128,304,176,136,400,264,104,328,224,152,2441,32
114,281,167,104,272,168,56,168,112,96,360,264,143,304,161,176,1712,1536,72,1032,960,112,4241,32
69,430,361,120,288,168,112,224,112,113,384,271,128,328,200,128,384,256,95,384,289,192,2614,32
136,352,216,176,456,280,112,216,104,112,376,264,152,304,152,136,720,584,112,352,240,112,2888,32
122,216,94,96,240,144,56,136,80,104,416,312,112,392,280,113,328,215,80,456,376,129,2313,32
88,232,144,96,256,160,80,176,96,128,440,312,136,376,240,112,288,176,80,576,496,104,2448,32
113,232,119,104,288,184,80,208,128,136,544,408,104,336,232,120,560,440,88,320,232,128,2616,32
84,268,184,80,256,176,88,192,104,104,424,320,120,320,200,80,344,264,80,304,224,80,2188,32
65,225,160,80,240,160,80,202,122,87,359,272,104,455,351,88,232,144,152,401,249,103,2217,32
56,264,208,88,329,241,79,216,137,87,351,264,80,337,257,55,320,265,135,392,257,87,2296,32
80,257,177,79,264,185,112,152,40,80,408,328,95,320,225,88,344,256,64,288,224,56,2089,32
80,225,145,96,304,208,80,218,138,78,438,360,104,288,184,79,376,297,48,256,208,72,2177,32
71,288,217,80,304,224,80,186,106,86,494,408,120,304,184,122,593,471,95,167,72,80,2416,32
96,248,152,136,304,168,65,115,50,77,606,529,112,735,623,128,392,264,80,232,152,104,2736,32
81,401,320,88,288,200,64,304,240,88,816,728,96,336,240,96,352,256,56,256,200,72,2825,32
96,256,160,104,272,168,64,152,88,89,552,463,72,352,280,120,496,376,72,296,224,64,2440,32
88,256,168,113,296,183,65,208,143,88,976,888,80,176,96,96,663,567,65,321,256,72,2968,32
88,281,193,103,279,176,63,256,193,64,544,480,88,312,224,114,344,230,64,288,224,48,2352,32
80,273,193,113,295,182,80,280,200,88,432,344,88,304,216,113,528,415,64,280,216,80,2472,32
64,321,257,95,247,152,89,248,159,104,552,448,96,560,464,114,465,351,79,231,152,80,2704,32
55,503,448,96,292,196,77,228,151,73,465,392,63,448,385,71,272,201,80,384,304,79,2671,32
64,320,256,128,304,176,80,264,184,96,440,344,128,320,192,88,368,280,72,232,160,72,2320,32
80,328,248,113,305,192,79,254,175,89,416,327,114,297,183,96,392,296,88,288,200,72,2352,32
80,255,175,129,321,192,104,192,88,104,496,392,112,376,264,96,335,239,105,257,152,96,2328,32
96,304,208,113,296,183,103,208,105,96,464,368,136,296,160,96,384,288,104,304,200,80,2336,32
80,328,248,96,256,160,80,171,91,77,453,376,72,880,808,88,376,288,96,320,224,72,2856,32
72,288,216,96,248,152,63,159,96,56,448,392,113,305,192,88,440,352,112,288,176,72,2248,32
103,327,224,114,849,735,79,247,168,48,705,657,112,279,167,152,400,248,88,192,104,80,3079,32
56,225,169,127,328,201,87,178,91,83,406,323,111,296,185,79,280,201,96,232,136,79,2024,32
63,264,201,103,280,177,56,144,88,80,375,295,121,321,200,80,296,216,103,312,209,87,2079,32
48,328,280,88,240,152,80,256,176,112,488,376,104,224,120,113,312,199,64,248,184,128,2224,32
88,248,160,176,640,464,104,192,88,80,793,713,86,351,265,128,544,416,80,184,104,80,3032,32
96,248,152,120,368,248,105,552,447,88,424,336,128,328,200,160,416,256,80,280,200,88,2704,32
80,288,208,112,272,160,56,113,57,88,391,303,104,344,240,72,400,328,80,392,312,104,2304,32
96,640,544,88,296,208,88,192,104,113,464,351,96,336,240,112,344,232,80,264,184,80,2616,32
88,248,160,96,248,152,64,152,88,106,376,270,96,376,280,123,272,149,56,264,208,72,2008,32
80,288,208,96,577,481,95,255,160,104,464,360,114,383,269,96,297,201,80,304,224,64,2632,32
88,352,264,123,305,182,79,223,144,96,368,272,112,353,241,112,304,192,104,287,183,104,2296,32
86,271,185,104,272,168,64,194,130,78,463,385,135,376,241,95,312,217,80,263,183,104,2255,32
113,271,158,130,289,159,95,192,97,103,424,321,131,336,205,127,280,153,88,272,184,104,2168,32
104,320,216,112,296,184,71,216,145,87,432,345,88,328,240,136,360,224,96,264,168,80,2296,32
64,296,232,112,288,176,82,216,134,88,520,432,136,304,168,113,296,183,80,272,192,104,2296,32
96,352,256,88,240,152,72,194,122,88,606,518,111,456,345,88,248,160,112,288,176,96,2480,32
113,408,295,96,256,160,80,216,136,80,519,439,121,257,136,103,656,553,56,312,256,88,2712,32
72,256,184,96,240,144,56,136,80,88,360,272,112,320,208,120,672,552,80,280,200,56,2320,32
96,256,160,96,240,144,88,193,105,111,399,288,128,400,272,96,408,312,80,416,336,113,2425,32
87,247,160,113,264,151,72,193,121,88,335,247,136,352,216,122,288,166,88,344,256,122,2145,32
80,224,144,72,224,152,72,201,129,80,527,447,104,312,208,128,352,224,88,256,168,80,2176,32
48,264,216,88,232,144,56,200,144,104,408,304,120,457,337,119,303,184,104,312,208,48,2224,32
64,240,176,88,256,168,80,177,97,103,383,280,88,304,216,130,457,327,63,351,288,105,2273,32
88,265,177,71,255,184,88,296,208,96,561,465,103,375,272,96,632,536,88,312,224,81,2777,32
87,304,217,96,248,152,63,192,129,83,312,229,136,336,200,130,760,630,79,536,457,71,2759,32
88,360,272,96,272,176,72,280,208,104,480,376,130,343,213,136,585,449,64,384,320,104,2808,32
96,272,176,104,312,208,56,144,88,104,528,424,72,280,208,152,384,232,88,376,288,111,2407,32
80,248,168,164,384,220,72,176,104,104,520,416,104,432,328,136,240,104,80,304,224,104,2408,32
88,247,159,114,401,287,64,240,176,112,488,376,112,568,456,136,552,416,136,472,336,104,3072,32
88,272,184,113,408,295,104,280,176,123,392,269,128,408,280,192,416,224,120,416,296,88,2680,32
128,288,160,112,328,216,65,208,143,128,616,488,136,328,192,152,416,264,104,280,176,88,2552,32
113,265,152,122,304,182,71,199,128,128,608,480,80,320,240,120,328,208,80,296,216,114,2434,32
87,288,201,96,256,160,39,120,81,103,375,272,113,344,231,128,321,193,64,368,304,103,2175,32
128,328,200,135,376,241,104,280,176,130,504,374,112,472,360,144,407,263,89,313,224,95,2775,32
95,560,465,161,432,271,136,408,272,112,634,522,102,422,320,120,360,240,128,296,168,136,3248,32
105,281,176,168,368,200,82,288,206,136,416,280,128,568,440,152,648,496,88,448,360,104,3121,32
104,305,201,143,447,304,80,240,160,112,504,392,152,464,312,88,368,280,64,320,256,96,2744,32
104,312,208,122,296,174,105,312,207,113,576,463,136,256,120,112,328,216,64,432,368,114,2626,32
80,312,232,96,280,184,116,320,204,114,392,278,131,344,213,113,304,191,48,296,248,154,2402,32
104,416,312,128,384,256,96,264,168,129,448,319,152,480,328,120,448,328,56,352,296,112,2904,32
105,248,143,120,304,184,80,200,120,112,488,376,136,336,200,120,312,192,104,384,280,104,2376,32
104,280,176,104,282,178,86,238,152,128,504,376,129,361,232,135,359,224,64,353,289,135,2512,32
88,265,177,113,295,182,104,234,130,135,351,216,143,423,280,120,313,193,127,351,224,131,2363,32
137,416,279,160,368,208,128,232,104,129,1192,1063,136,328,192,129,576,447,64,376,312,104,3592,32
113,984,871,113,320,207,123,240,117,104,608,504,113,401,288,113,295,182,96,296,200,128,3272,32
88,344,256,113,297,184,55,183,128,120,440,320,104,358,254,122,307,185,103,288,185,111,2328,32
96,328,232,104,264,160,56,184,128,131,400,269,112,305,193,143,271,128,56,328,272,114,2194,32
129,344,215,128,313,185,79,240,161,103,416,313,112,312,200,135,455,320,81,257,176,128,2465,32
104,352,248,144,1120,976,80,168,88,111,536,425,111,296,185,152,264,112,104,256,152,104,3096,32
111,280,169,112,312,200,105,248,143,104,1376,1272,160,384,224,176,312,136,128,328,200,128,3368,32
88,569,481,87,319,232,80,272,192,104,848,744,113,288,175,104,520,416,64,336,272,104,3256,32
96,296,200,96,271,175,114,433,319,72,1296,1224,128,376,248,130,232,102,88,360,272,104,3368,32
120,952,832,80,272,192,112,184,72,88,672,584,113,1152,1039,128,392,264,88,304,216,104,4032,32
88,288,200,113,264,151,88,170,82,86,414,328,131,336,205,122,352,230,96,272,176,88,2184,32
106,272,166,113,256,143,64,177,113,80,504,424,135,384,249,122,1064,942,136,408,272,104,3169,32
104,272,168,112,272,160,55,184,129,104,600,496,129,344,215,112,368,256,56,936,880,112,3088,32
128,287,159,105,257,152,63,144,81,104,399,295,114,393,279,128,360,232,88,264,176,95,2199,32
104,280,176,128,744,616,144,1312,1168,40,736,696,136,408,272,128,456,328,96,336,240,112,4384,32
104,360,256,128,328,200,105,1408,1303,80,1184,1104,144,376,232,176,344,168,128,272,144,136,4408,32
96,456,360,113,304,191,80,192,112,104,456,352,128,328,200,144,272,128,64,304,240,72,2384,32
122,375,253,136,304,168,120,200,80,113,393,280,151,359,208,104,337,233,62,327,265,112,2407,32
136,329,193,154,320,166,128,296,168,97,536,439,129,545,416,103,264,161,103,255,152,120,2665,32
103,315,212,117,284,167,80,225,145,111,343,232,152,376,224,88,289,201,79,264,185,95,2191,32
119,319,200,130,417,287,104,224,120,79,528,449,71,344,273,112,280,168,87,400,313,104,2616,32
111,296,185,111,272,161,80,157,77,98,669,571,62,486,424,135,296,161,104,616,512,104,2896,32
80,216,136,120,272,152,80,168,88,136,528,392,144,400,256,144,464,320,88,376,288,104,2528,32
96,248,152,104,264,160,73,232,159,104,376,272,95,384,289,104,384,280,56,448,392,104,2440,32
113,256,143,128,336,208,63,256,193,112,424,312,96,512,416,176,1952,1776,112,480,368,104,4320,32
104,240,136,96,256,160,64,168,104,105,424,319,120,360,240,160,296,136,152,304,152,104,2152,32
120,248,128,72,248,176,64,152,88,97,648,551,72,352,280,128,336,208,64,345,281,103,2432,32
88,336,248,95,247,152,64,200,136,122,712,590,128,352,224,104,360,256,40,312,272,113,2632,32
104,240,136,88,248,160,56,112,56,72,448,376,128,336,208,160,449,289,87,287,200,88,2208,32
104,216,112,88,240,152,64,408,344,112,552,440,137,401,264,119,256,137,95,320,225,152,2545,32
111,304,193,79,256,177,47,136,89,112,864,752,87,392,305,135,440,305,87,247,160,88,2727,32
79,536,457,96,248,152,104,238,134,106,370,264,128,288,160,130,320,190,88,384,296,103,2487,32
103,303,200,81,233,152,72,216,144,128,384,256,136,392,256,152,256,104,80,360,280,96,2240,32
121,258,137,119,224,105,111,328,217,87,680,593,71,320,249,111,424,313,87,560,473,103,2897,36
111,239,128,96,265,169,111,527,416,72,593,521,95,448,353,135,464,329,103,455,352,80,3071,36
120,225,105,119,239,120,88,256,168,112,432,320,96,384,288,112,288,176,96,368,272,128,2320,36
128,224,96,96,208,112,112,712,600,80,424,344,96,624,528,136,336,200,104,304,200,128,2960,36
104,376,272,104,936,832,112,616,504,136,1440,1304,80,336,256,104,464,360,71,320,249,104,4592,36
104,304,200,96,304,208,104,336,232,96,344,248,112,376,264,128,256,128,112,280,168,128,2328,36
120,264,144,95,416,321,96,312,216,96,480,384,88,352,264,128,304,176,128,608,480,104,2840,36
119,240,121,96,240,144,96,248,152,80,416,336,88,480,392,144,320,176,104,696,592,96,2736,36
79,312,233,87,656,569,71,408,337,64,360,296,88,456,368,143,296,153,87,432,345,95,3015,36
127,216,89,95,200,105,95,224,129,127,264,137,103,480,377,151,360,209,103,624,521,119,2487,36
103,184,81,71,168,97,103,280,177,127,288,161,103,560,457,119,312,193,95,647,552,104,2543,36
119,200,81,103,232,129,87,632,545,119,416,297,95,688,593,151,280,129,95,384,289,111,2943,36
119,480,361,119,327,208,96,353,257,103,255,152,96,393,297,127,352,225,79,352,273,111,2623,36
120,232,112,104,273,169,87,288,201,119,231,112,96,352,256,128,440,312,80,360,280,120,2296,36
119,248,129,95,247,152,88,328,240,128,336,208,88,336,248,112,336,224,80,328,248,96,2255,36
119,191,72,112,232,120,88,232,144,136,256,120,80,344,264,152,425,273,71,543,472,104,2327,36
112,240,128,96,248,152,88,296,208,112,256,144,88,376,288,104,456,352,72,344,272,104,2320,36
120,280,160,96,408,312,80,288,208,95,208,113,96,344,248,120,328,208,88,368,280,96,2320,36
104,208,104,96,200,104,72,240,168,120,272,152,80,296,216,128,312,184,88,312,224,96,1936,36
128,208,80,112,224,112,80,248,168,120,448,328,104,320,216,120,760,640,63,376,313,128,2712,36
120,232,112,96,216,120,80,200,120,112,280,168,72,264,192,120,480,360,96,336,240,112,2120,36
120,248,128,96,240,144,87,320,233,103,296,193,88,360,272,119,464,345,80,496,416,96,2520,36
128,208,80,96,168,72,88,224,136,103,224,121,95,352,257,127,736,609,79,528,449,95,2535,36
119,248,129,95,256,161,87,288,201,111,272,161,87,328,241,127,440,313,87,376,289,135,2343,36
127,280,153,95,656,561,111,392,281,135,904,769,95,328,233,135,384,249,87,360,273,87,3391,36
111,208,97,87,264,177,71,256,185,111,256,145,103,344,241,127,352,225,79,296,217,111,2087,36
119,295,176,88,297,209,79,304,225,95,271,176,80,345,265,111,367,256,72,545,473,103,2527,36
119,280,161,103,288,185,87,320,233,95,328,233,79,352,273,111,304,193,79,423,344,88,2383,36
104,240,136,96,200,104,88,240,152,96,376,280,80,280,200,120,392,272,80,504,424,128,2360,36
96,184,88,80,168,88,88,232,144,104,240,136,80,280,200,144,368,224,80,544,464,104,2120,36
128,264,136,104,232,128,80,256,176,104,264,160,88,320,232,152,376,224,104,328,224,120,2160,36
120,264,144,112,232,120,88,296,208,112,352,240,88,400,312,128,384,256,72,336,264,96,2360,36
96,224,128,88,232,144,80,256,176,104,304,200,80,1096,1016,96,1480,1384,80,280,200,88,3960,36
96,216,120,96,224,128,112,520,408,112,296,184,87,384,297,136,376,240,72,384,312,104,2504,36
120,288,168,104,232,128,72,248,176,120,272,152,80,336,256,112,415,303,65,353,288,103,2247,36
113,225,112,87,200,113,87,320,233,95,336,241,71,416,345,119,448,329,63,448,385,95,2488,36
111,208,97,87,176,89,95,240,145,95,320,225,87,664,577,151,368,217,79,360,281,111,2447,36
95,224,129,95,224,129,87,280,193,111,264,153,87,800,713,151,392,241,87,336,249,79,2599,36
104,217,113,95,207,112,88,249,161,95,264,169,87,304,217,119,376,257,87,311,224,104,2032,36
120,257,137,95,232,137,87,304,217,103,272,169,95,359,264,128,353,225,87,344,257,111,2232,36
119,311,192,96,224,128,88,297,209,95,296,201,95,343,248,120,376,256,88,472,384,112,2431,36
112,240,128,120,272,152,96,440,344,104,272,168,80,432,352,112,360,248,80,344,264,96,2456,36
112,216,104,88,216,128,80,216,136,104,312,208,80,400,320,112,288,176,80,256,176,104,2008,36
112,248,136,112,216,104,88,520,432,112,288,176,96,384,288,144,312,168,88,304,216,128,2400,36
96,248,152,104,248,144,88,304,216,104,216,112,88,1032,944,88,360,272,88,312,224,104,2824,36
97,193,96,104,192,88,96,184,88,112,264,152,96,472,376,160,376,216,95,416,321,112,2209,36
96,152,56,104,208,104,80,192,112,103,320,217,87,320,233,112,424,312,80,424,344,71,2111,36
103,176,73,95,168,73,87,216,129,87,296,209,71,304,233,119,552,433,63,400,337,111,2223,36
95,224,129,103,216,113,79,272,193,103,264,161,103,360,257,183,376,193,87,384,297,111,2207,36
119,200,81,95,192,97,95,256,161,103,336,233,87,304,217,127,392,265,87,464,377,95,2239,36
135,256,121,95,216,121,79,280,201,111,296,185,87,280,193,111,384,273,71,392,321,103,2207,36
127,280,153,103,200,97,95,264,169,119,264,145,95,415,320,128,425,297,79,391,312,112,2351,36
112,176,64,96,192,96,96,216,120,112,273,161,71,303,232,144,368,224,88,329,241,111,1968,36
128,232,104,104,201,97,87,255,168,112,672,560,88,376,288,120,784,664,88,328,240,128,2976,36
128,208,80,88,160,72,88,488,400,104,248,144,112,432,320,152,296,144,96,384,288,144,2360,36
128,208,80,104,184,80,96,248,152,104,240,136,96,296,200,128,312,184,96,312,216,128,1928,36
144,304,160,88,184,96,96,280,184,112,360,248,96,432,336,136,568,432,63,488,425,144,2760,36
112,224,112,96,232,136,79,248,169,112,304,192,80,344,264,128,400,272,80,480,400,112,2344,36
113,249,136,96,224,128,80,280,200,112,240,128,87,416,329,127,312,185,80,312,232,87,2120,36
120,232,112,96,192,96,79,280,201,95,288,193,80,288,208,119,391,272,89,393,304,111,2175,36
103,256,153,103,200,97,79,328,249,111,328,217,87,360,273,119,680,561,71,416,345,103,2671,36
95,280,185,79,224,145,87,288,201,95,352,257,79,408,329,143,375,232,80,305,225,111,2343,36
111,384,273,87,216,129,79,256,177,103,247,144,88,385,297,127,360,233,71,320,249,119,2287,36
119,248,129,95,232,137,87,264,177,111,280,169,87,344,257,135,504,369,79,480,401,127,2479,36
120,217,97,95,176,81,79,223,144,112,232,120,96,296,200,144,313,169,79,320,241,127,1904,36
136,248,112,112,184,72,104,241,137,127,240,113,95,335,240,152,856,704,80,353,273,127,2584,36
136,240,104,112,184,72,88,256,168,112,296,184,96,536,440,128,1456,1328,88,416,328,104,3488,36
128,216,88,88,192,104,72,328,256,112,312,200,88,624,536,144,1000,856,96,368,272,120,3160,36
112,176,64,104,192,88,80,240,160,128,320,192,88,344,256,136,432,296,80,400,320,128,2232,36
112,192,80,96,192,96,96,256,160,120,520,400,80,424,344,144,344,200,88,528,440,111,2567,36
120,208,88,96,296,200,96,528,432,120,352,232,88,336,248,144,424,280,80,344,264,96,2584,36
120,200,80,88,184,96,88,232,144,112,360,248,80,368,288,152,312,160,88,368,280,104,2128,36
137,273,136,111,216,105,104,288,184,136,280,144,96,368,272,136,328,192,72,392,320,127,2272,36
111,200,89,112,232,120,71,224,153,111,304,193,87,344,257,119,400,281,87,392,305,79,2175,36
135,208,73,103,200,97,87,232,145,111,368,257,95,304,209,151,736,585,95,344,249,111,2503,36
127,208,81,103,208,105,103,264,161,111,280,169,95,416,321,151,496,345,87,375,288,120,2367,36
135,264,129,103,231,128,96,393,297,103,263,160,104,313,209,135,600,465,95,296,201,119,2479,36
127,272,145,111,272,161,87,279,192,120,289,169,111,344,233,135,560,425,71,328,257,111,2455,36
127,199,72,80,176,96,88,217,129,119,279,160,96,344,248,144,384,240,96,353,257,127,2079,36
104,168,64,96,176,80,80,192,112,112,224,112,88,328,240,128,360,232,80,320,240,120,1888,36
127,224,97,96,448,352,96,224,128,112,232,120,96,328,232,144,416,272,72,296,224,128,2296,36
128,224,96,104,208,104,87,232,145,112,312,200,80,328,248,136,512,376,88,720,632,144,2680,36
112,192,80,96,168,72,88,216,128,112,272,160,80,352,272,144,1288,1144,72,488,416,112,3088,36
128,184,56,88,152,64,88,208,120,112,240,128,104,336,232,144,488,344,80,336,256,136,2080,36
144,224,80,96,208,112,96,264,168,112,312,200,96,352,256,144,376,232,80,328,248,136,2200,36
120,200,80,96,184,88,88,424,336,128,320,192,96,272,176,144,520,376,64,368,304,111,2399,36
120,217,97,87,176,89,88,248,160,120,320,200,95,440,345,135,344,209,95,304,209,128,2177,36
127,184,57,95,176,81,79,208,129,119,208,89,95,400,305,183,600,417,87,488,401,135,2399,36
103,184,81,87,160,73,79,208,129,111,208,97,95,368,273,143,368,225,95,384,289,111,1991,36
103,176,73,95,160,65,95,224,129,127,176,49,95,528,433,143,296,153,103,296,193,135,1991,36
111,200,89,103,296,193,95,312,217,127,296,169,95,384,289,135,752,617,79,368,289,127,2735,36
120,193,73,79,175,96,72,504,432,96,320,224,72,392,320,128,912,784,72,328,256,128,2952,36
64,1288,1224,88,632,544,87,232,145,88,720,632,88,440,352,136,424,288,55,272,217,88,4096,36
89,214,125,111,244,133,105,229,124,103,295,192,126,630,504,128,403,275,164,392,228,117,2524,36
102,159,57,114,192,78,108,335,227,88,447,359,80,280,200,112,345,233,101,253,152,114,2125,36
96,168,72,95,168,73,94,192,98,106,368,262,95,271,176,112,357,245,96,332,236,92,1948,36
96,144,48,104,176,72,82,184,102,98,359,261,89,272,183,104,334,230,80,293,213,99,1861,36
107,162,55,104,176,72,89,174,85,104,248,144,94,256,162,107,480,373,83,344,261,112,1952,36
116,164,48,88,153,65,81,199,118,80,223,143,86,283,197,118,328,210,72,297,225,101,1748,36
112,168,56,87,177,90,76,202,126,105,194,89,88,291,203,105,350,245,82,314,232,96,1792,36
96,152,56,97,197,100,93,216,123,93,269,176,87,251,164,115,389,274,79,326,247,105,1905,36
95,151,56,88,179,91,85,192,107,101,168,67,100,273,173,104,366,262,65,259,194,96,1684,36
101,188,87,84,192,108,80,176,96,111,209,98,104,289,185,103,350,247,78,263,185,97,1764,36
112,170,58,99,188,89,80,192,112,88,227,139,88,275,187,112,438,326,97,262,165,102,1854,36
114,186,72,81,172,91,72,152,80,108,220,112,87,271,184,97,314,217,84,260,176,103,1678,36
96,179,83,75,163,88,80,195,115,96,183,87,88,284,196,116,417,301,92,292,200,112,1825,36
98,210,112,88,177,89,83,212,129,98,300,202,91,307,216,103,302,199,81,258,177,101,1867,36
80,142,62,88,159,71,96,195,99,97,421,324,75,374,299,114,268,154,88,306,218,80,1945,36
85,125,40,75,171,96,72,169,97,88,195,107,96,259,163,104,341,237,83,259,176,87,1606,36
92,192,100,96,181,85,78,203,125,76,180,104,96,285,189,113,336,223,89,286,197,94,1757,36
104,153,49,73,191,118,82,182,100,98,209,111,112,240,128,88,284,196,81,389,308,96,1744,36
104,176,72,88,181,93,80,213,133,94,164,70,84,316,232,104,267,163,80,249,169,103,1669,36
118,185,67,99,181,82,95,184,89,115,209,94,100,331,231,117,229,112,80,313,233,104,1736,36
87,120,33,87,162,75,91,189,98,96,185,89,73,249,176,105,300,195,83,266,183,96,1567,36
110,198,88,88,188,100,75,203,128,93,213,120,72,300,228,101,346,245,72,229,157,79,1756,36
104,200,96,91,187,96,80,210,130,97,219,122,80,381,301,115,246,131,72,422,350,80,1945,36
94,126,32,97,171,74,83,182,99,96,182,86,80,248,168,109,444,335,72,288,216,80,1721,36
96,163,67,86,174,88,89,186,97,96,168,72,94,260,166,98,287,189,85,235,150,84,1557,36
112,197,85,87,175,88,88,200,112,90,162,72,97,291,194,112,216,104,92,293,201,95,1629,36
104,152,48,92,190,98,80,181,101,115,187,72,80,244,164,104,366,262,80,244,164,96,1660,36
128,207,79,85,227,142,81,233,152,106,241,135,99,279,180,122,333,211,85,256,171,108,1884,36
112,200,88,84,183,99,88,200,112,97,201,104,82,285,203,106,248,142,96,248,152,88,1653,36
88,136,48,100,185,85,96,187,91,104,231,127,72,263,191,98,346,248,87,264,177,86,1698,36
106,162,56,90,179,89,96,193,97,92,195,103,86,261,175,111,316,205,79,247,168,82,1635,36
117,157,40,88,176,88,97,201,104,100,182,82,96,288,192,96,306,210,80,268,188,81,1659,36
99,136,37,96,187,91,88,171,83,101,174,73,97,263,166,96,287,191,88,231,143,84,1533,36
72,187,115,95,199,104,81,206,125,96,199,103,85,300,215,130,294,164,83,225,142,80,1690,36
89,148,59,97,177,80,97,156,59,108,182,74,98,267,169,93,273,180,108,261,153,88,1552,36
80,183,103,90,184,94,80,176,96,88,158,70,91,279,188,120,304,184,91,258,167,96,1638,36
81,197,116,88,162,74,80,180,100,104,304,200,88,330,242,83,318,235,96,258,162,96,1845,36
120,175,55,88,184,96,82,170,88,88,193,105,103,324,221,112,224,112,96,272,176,111,1653,36
110,180,70,97,182,85,90,177,87,104,182,78,96,326,230,124,220,96,97,371,274,91,1729,36
63,95,32,88,176,88,83,163,80,79,166,87,80,319,239,56,297,241,76,239,163,55,1510,36
80,183,103,100,208,108,104,201,97,82,188,106,96,877,781,105,426,321,80,271,191,72,2426,36
98,170,72,90,173,83,91,171,80,96,196,100,97,326,229,84,315,231,80,285,205,80,1716,36
104,195,91,88,176,88,95,175,80,104,190,86,111,290,179,118,294,176,96,310,214,113,1743,36
131,206,75,91,186,95,83,171,88,104,216,112,99,263,164,100,368,268,132,281,149,96,1787,36
96,153,57,89,173,84,97,166,69,96,175,79,101,254,153,118,327,209,75,211,136,96,1555,36
112,184,72,88,183,95,72,162,90,96,248,152,88,296,208,96,294,198,88,240,152,105,1712,36
129,190,61,83,167,84,90,177,87,112,210,98,90,294,204,96,365,269,88,286,198,101,1790,36
121,191,70,75,158,83,88,170,82,104,164,60,99,324,225,112,256,144,75,335,260,86,1684,36
100,112,12,91,172,81,86,167,81,80,176,96,60,276,216,96,342,246,71,303,232,97,1645,36
82,157,75,88,171,83,80,169,89,88,265,177,87,270,183,96,361,265,64,288,224,87,1768,36
96,152,56,86,171,85,96,186,90,100,173,73,120,308,188,123,316,193,96,300,204,102,1708,36
101,197,96,75,173,98,80,184,104,96,192,96,91,276,185,109,397,288,72,594,522,109,2122,36
96,181,85,98,186,88,102,353,251,80,351,271,72,289,217,95,318,223,72,271,199,81,2030,36
96,160,64,88,188,100,72,168,96,80,208,128,88,305,217,100,338,238,66,232,166,80,1679,36
106,182,76,81,166,85,100,203,103,89,156,67,97,268,171,106,331,225,75,358,283,84,1748,36
93,147,54,87,187,100,96,190,94,90,170,80,101,298,197,107,292,185,88,422,334,101,1807,36
68,157,89,80,209,129,80,1425,1345,88,552,464,79,353,274,93,303,210,56,294,238,56,3349,36
72,120,48,82,173,91,75,175,100,88,202,114,88,285,197,97,345,248,89,273,184,83,1656,36
107,165,58,86,176,90,83,176,93,86,286,200,58,1196,1138,88,404,316,84,322,238,97,2822,36
105,193,88,95,170,75,87,179,92,91,217,126,91,266,175,100,393,293,74,424,350,83,1925,36
96,161,65,88,195,107,75,167,92,80,200,120,104,258,154,109,340,231,104,349,245,108,1778,36
112,167,55,80,217,137,88,207,119,83,184,101,88,381,293,144,307,163,102,284,182,97,1844,36
112,176,64,88,193,105,80,184,104,98,189,91,94,320,226,111,319,208,106,365,259,107,1853,36
116,164,48,88,170,82,88,168,80,118,225,107,104,272,168,106,349,243,90,256,166,91,1695,36
122,203,81,106,220,114,80,187,107,102,190,88,98,274,176,109,272,163,88,271,183,99,1716,36
87,127,40,90,183,93,99,230,131,112,465,353,67,2104,2037,90,575,485,80,333,253,99,4116,36
96,168,72,95,191,96,79,172,93,96,248,152,73,240,167,97,356,259,92,252,160,98,1725,36
104,168,64,101,214,113,86,195,109,96,240,144,72,219,147,106,392,286,82,273,191,88,1789,36
112,168,56,88,208,120,72,184,112,94,186,92,102,257,155,104,339,235,82,258,176,94,1694,36
104,176,72,98,194,96,102,187,85,88,265,177,96,303,207,118,358,240,88,233,145,97,1813,36
96,136,40,87,192,105,95,170,75,108,172,64,96,275,179,110,391,281,88,232,144,90,1658,36
96,144,48,89,209,120,81,173,92,96,215,119,96,234,138,97,272,175,104,254,150,87,1588,36
104,175,71,88,216,128,88,184,96,90,243,153,90,232,142,104,331,227,88,227,139,112,1720,36
100,177,77,95,191,96,90,206,116,110,182,72,104,277,173,116,240,124,96,318,222,84,1675,36
90,122,32,82,172,90,103,175,72,91,195,104,96,262,166,96,359,263,89,256,167,104,1645,36
98,146,48,88,176,88,96,174,78,91,203,112,88,270,182,112,300,188,96,260,164,104,1633,36
105,181,76,76,167,91,88,209,121,84,233,149,76,468,392,153,623,470,88,276,188,112,2269,36
106,218,112,80,166,86,85,178,93,103,241,138,75,292,217,91,633,542,80,1001,921,72,2801,36
98,179,81,80,176,96,80,167,87,104,183,79,98,249,151,121,313,192,72,367,295,104,1738,36
98,168,70,88,185,97,96,208,112,94,223,129,88,289,201,114,327,213,81,277,196,95,1772,36
112,176,64,96,200,104,88,186,98,117,286,169,91,280,189,112,358,246,105,293,188,104,1883,36
106,146,40,77,165,88,94,195,101,86,288,202,96,296,200,104,336,232,79,287,208,73,1786,36
96,175,79,80,168,88,84,156,72,91,276,185,106,346,240,120,501,381,112,299,187,88,2009,36
85,125,40,87,170,83,80,183,103,96,160,64,81,298,217,116,330,214,72,295,223,99,1660,36
96,152,56,91,202,111,103,184,81,88,266,178,80,264,184,96,353,257,90,388,298,99,1908,36
96,170,74,77,166,89,82,186,104,99,880,781,78,283,205,112,361,249,101,278,177,104,2428,36
91,155,64,99,207,108,80,174,94,80,224,144,94,260,166,91,384,293,79,393,314,96,1893,36
98,169,71,72,192,120,112,193,81,81,299,218,98,298,200,96,280,184,88,313,225,98,1842,36
115,195,80,95,191,96,104,182,78,99,199,100,106,268,162,122,324,202,80,264,184,107,1730,36
92,140,48,94,174,80,88,162,74,99,253,154,116,268,152,123,349,226,98,259,161,88,1693,36
96,170,74,99,179,80,85,173,88,85,712,627,72,325,253,91,252,161,88,476,388,95,2382,36
91,115,24,96,182,86,96,198,102,76,267,191,80,295,215,95,392,297,78,338,260,72,1859,36
96,152,56,92,204,112,85,218,133,72,1932,1860,147,329,182,114,329,215,97,361,264,91,3616,36
83,142,59,83,175,92,96,216,120,72,351,279,82,249,167,96,542,446,96,398,302,80,2153,36
97,147,50,75,193,118,56,160,104,63,295,232,72,259,187,101,301,200,88,244,156,92,1691,36
78,145,67,87,191,104,81,272,191,74,170,96,81,375,294,96,650,554,81,277,196,86,2166,36
96,128,32,97,190,93,91,199,108,83,233,150,63,284,221,97,367,270,90,291,201,88,1780,36
118,158,40,112,185,73,97,169,72,105,206,101,104,281,177,125,257,132,104,281,177,96,1633,36
107,179,72,88,179,91,99,170,71,111,148,37,108,297,189,120,336,216,88,233,145,112,1654,36
112,181,69,88,180,92,79,167,88,112,152,40,96,270,174,98,264,166,96,440,344,96,1750,36
112,168,56,88,176,88,88,152,64,96,175,79,88,296,208,110,388,278,95,389,294,112,1856,36
108,158,50,88,170,82,81,143,62,95,168,73,93,261,168,115,342,227,88,350,262,109,1701,36
112,167,55,88,154,66,96,160,64,96,152,56,96,301,205,104,301,197,79,284,205,104,1623,36
104,152,48,72,174,102,81,162,81,104,163,59,104,272,168,113,286,173,101,342,241,100,1651,36
110,150,40,88,169,81,88,159,71,97,256,159,82,246,164,112,353,241,98,401,303,98,1832,36
120,157,37,96,171,75,90,146,56,96,185,89,111,250,139,102,287,185,95,348,253,104,1648,36
104,148,44,80,181,101,71,148,77,96,162,66,89,257,168,112,336,224,80,365,285,99,1696,36
96,152,56,80,152,72,95,159,64,102,158,56,89,277,188,96,307,211,88,391,303,80,1676,36
97,137,40,80,172,92,94,185,91,100,393,293,83,311,228,96,287,191,94,328,234,106,1919,36
84,108,24,91,165,74,80,153,73,93,184,91,93,249,156,97,413,316,72,273,201,88,1633,36
88,104,16,89,155,66,88,142,54,100,209,109,124,272,148,112,357,245,89,268,179,95,1602,36
104,137,33,96,179,83,80,147,67,105,175,70,80,258,178,112,308,196,84,373,289,111,1688,36
96,120,24,86,183,97,70,122,52,105,167,62,111,247,136,100,280,180,79,331,252,112,1562,36
65,113,48,88,184,96,56,104,48,73,181,108,64,317,253,65,366,301,87,202,115,92,1559,36
86,115,29,72,152,80,72,139,67,96,160,64,88,232,144,105,254,149,88,252,164,110,1414,36
103,167,64,88,170,82,73,142,69,106,143,37,105,262,157,96,286,190,80,334,254,105,1609,36
105,150,45,80,170,90,78,150,72,97,156,59,100,266,166,105,292,187,80,318,238,129,1631,36
123,205,82,82,154,72,88,184,96,101,171,70,98,300,202,98,341,243,88,264,176,92,1711,36
97,142,45,96,198,102,85,201,116,96,149,53,83,365,282,96,294,198,90,315,225,78,1742,36
104,152,48,84,184,100,100,176,76,113,166,53,90,281,191,112,277,165,96,264,168,101,1601,36
104,176,72,89,194,105,76,171,95,105,159,54,95,302,207,110,231,121,96,394,298,103,1730,36
111,137,26,101,197,96,75,158,83,104,161,57,96,272,176,112,427,315,88,534,446,106,1992,36
88,120,32,89,191,102,80,168,88,106,154,48,93,281,188,97,273,176,80,385,305,88,1660,36
107,171,64,80,205,125,78,168,90,98,150,52,85,317,232,112,269,157,86,295,209,82,1657,36
105,161,56,97,202,105,92,167,75,108,172,64,96,253,157,117,277,160,94,239,145,96,1567,36
104,176,72,89,206,117,80,174,94,121,184,63,88,529,441,129,204,75,115,354,239,105,1932,36
109,160,51,82,184,102,87,159,72,97,798,701,80,297,217,112,293,181,87,336,249,99,2326,36
89,158,69,89,174,85,96,152,56,121,187,66,87,267,180,112,317,205,78,261,183,100,1616,36
97,169,72,88,193,105,84,173,89,104,310,206,86,243,157,104,287,183,76,236,160,101,1712,36
112,174,62,91,171,80,88,152,64,112,393,281,74,277,203,104,324,220,83,249,166,91,1831,36
98,170,72,94,181,87,84,176,92,112,183,71,97,264,167,128,284,156,80,244,164,86,1588,36
96,152,56,88,180,92,73,148,75,100,180,80,80,312,232,108,309,201,82,281,199,72,1634,36
112,175,63,88,167,79,81,145,64,112,168,56,99,259,160,112,411,299,80,600,520,125,2050,36
104,200,96,96,174,78,84,209,125,96,184,88,80,317,237,124,1012,888,113,763,650,80,2939,36
108,175,67,88,181,93,83,183,100,96,173,77,96,370,274,104,322,218,64,248,184,81,1733,36
90,154,64,94,202,108,80,180,100,104,152,48,90,322,232,112,304,192,80,280,200,88,1682,36
88,128,40,113,189,76,92,142,50,120,179,59,96,345,249,96,263,167,77,255,178,97,1598,36
108,188,80,89,177,88,96,175,79,120,164,44,82,296,214,106,257,151,64,255,191,80,1592,36
105,201,96,87,196,109,83,195,112,104,403,299,88,376,288,96,392,296,88,325,237,67,2155,36
108,131,23,99,203,104,91,158,67,100,199,99,88,230,142,128,282,154,88,271,183,67,1541,36
101,151,50,86,171,85,88,163,75,104,157,53,83,289,206,86,699,613,79,495,416,97,2222,36
90,151,61,74,170,96,80,144,64,80,160,80,94,348,254,104,361,257,85,230,145,86,1650,36
104,168,64,88,168,80,88,152,64,98,329,231,96,450,354,120,269,149,104,242,138,98,1876,36
115,191,76,80,186,106,104,161,57,92,132,40,108,321,213,128,239,111,80,260,180,89,1579,36
89,153,64,88,176,88,88,153,65,111,154,43,108,259,151,124,323,199,80,280,200,104,1602,36
112,178,66,77,180,103,72,191,119,104,192,88,101,274,173,131,287,156,72,231,159,99,1632,36
130,217,87,72,188,116,72,284,212,104,233,129,88,544,456,112,176,64,89,308,219,98,2048,36
98,149,51,106,178,72,88,155,67,100,159,59,91,251,160,108,262,154,80,241,161,88,1483,36
106,181,75,88,192,104,83,189,106,96,244,148,65,272,207,103,325,222,88,236,148,96,1735,36
96,152,56,96,179,83,88,192,104,96,226,130,126,500,374,98,263,165,96,399,303,80,1991,36
93,126,33,89,177,88,80,165,85,96,184,88,96,272,176,88,302,214,94,318,224,89,1633,36
83,160,77,82,184,102,74,152,78,96,200,104,97,311,214,96,255,159,80,281,201,74,1617,36
90,122,32,80,176,96,92,167,75,87,160,73,96,283,187,104,272,168,84,251,167,73,1504,36
80,151,71,96,183,87,72,160,88,100,170,70,80,752,672,112,346,234,114,563,449,88,2413,36
81,121,40,80,192,112,63,135,72,86,169,83,80,309,229,104,250,146,91,242,151,94,1512,36
85,141,56,89,195,106,82,130,48,96,182,86,103,304,201,101,253,152,81,273,192,84,1562,36
91,166,75,82,174,92,96,188,92,85,244,159,80,290,210,104,354,250,74,314,240,80,1810,36
72,160,88,88,183,95,89,141,52,76,276,200,98,425,327,74,249,175,97,591,494,93,2118,36
80,129,49,82,168,86,73,90,17,72,710,638,65,313,248,88,296,208,80,372,292,85,2163,36
104,136,32,99,181,82,79,109,30,72,344,272,83,391,308,96,491,395,88,274,186,86,2012,36
97,154,57,91,179,88,79,145,66,99,260,161,64,370,306,121,285,164,104,594,490,72,2059,36
102,132,30,74,154,80,80,152,72,104,168,64,96,419,323,98,288,190,106,373,267,88,1774,36
112,172,60,88,185,97,65,153,88,110,202,92,90,326,236,101,301,200,89,255,166,88,1682,36
92,140,48,92,188,96,82,139,57,83,215,132,74,312,238,89,426,337,102,309,207,83,1812,36
120,162,42,89,180,91,83,153,70,100,167,67,97,280,183,102,392,290,88,297,209,93,1724,36
104,144,40,87,180,93,99,166,67,81,162,81,97,296,199,104,349,245,104,328,224,105,1730,36
113,153,40,89,194,105,80,136,56,106,181,75,112,341,229,112,670,558,106,333,227,99,2107,36
104,148,44,88,184,96,90,160,70,96,182,86,108,280,172,112,307,195,104,375,271,85,1721,36
96,125,29,88,171,83,84,164,80,115,163,48,81,281,200,111,337,226,74,623,549,83,1947,36
104,144,40,95,189,94,92,174,82,88,160,72,96,300,204,100,450,350,73,235,162,98,1750,36
121,158,37,96,189,93,74,158,84,91,171,80,96,267,171,104,325,221,96,261,165,88,1617,36
104,175,71,88,192,104,80,168,88,118,291,173,93,293,200,108,368,260,93,272,179,98,1857,36
108,174,66,88,198,110,87,168,81,107,186,79,96,292,196,100,395,295,96,271,175,104,1788,36
96,153,57,99,181,82,95,164,69,104,195,91,96,295,199,98,360,262,81,284,203,88,1720,36
107,156,49,92,196,104,80,146,66,96,168,72,91,270,179,104,326,222,80,274,194,85,1621,36
100,154,54,100,176,76,91,188,97,75,191,116,88,303,215,82,322,240,89,352,263,88,1774,36
107,162,55,92,184,92,89,163,74,103,194,91,94,272,178,99,338,239,91,235,144,89,1637,36
96,176,80,80,192,112,88,175,87,113,237,124,100,284,184,112,337,225,95,239,144,87,1727,36
85,149,64,72,192,120,66,139,73,90,191,101,79,240,161,114,417,303,82,276,194,91,1695,36
107,243,136,96,184,88,86,184,98,96,248,152,80,312,232,104,344,240,96,264,168,87,1866,36
93,167,74,92,187,95,89,171,82,108,259,151,81,281,200,101,288,187,113,280,167,106,1739,36
100,151,51,76,176,100,80,144,64,91,206,115,91,259,168,105,366,261,88,274,186,80,1656,36
85,135,50,90,186,96,80,165,85,83,273,190,88,306,218,92,337,245,101,242,141,117,1761,36
104,166,62,80,176,96,80,173,93,96,200,104,79,268,189,131,366,235,96,277,181,89,1715,36
96,152,56,88,240,152,120,250,130,101,217,116,79,523,444,127,244,117,90,351,261,80,2057,36
102,126,24,88,200,112,80,152,72,104,589,485,80,318,238,111,518,407,73,645,572,103,2651,36
108,133,25,88,185,97,80,165,85,98,183,85,88,298,210,105,326,221,88,307,219,80,1677,36
87,145,58,77,199,122,66,145,79,101,247,146,81,272,191,105,351,246,96,633,537,82,2074,36
79,112,33,91,183,92,75,128,53,88,530,442,62,534,472,66,222,156,88,307,219,68,2084,36
75,115,40,80,187,107,80,142,62,80,192,112,88,342,254,73,547,474,72,394,322,72,1991,36
103,135,32,93,184,91,88,154,66,88,560,472,72,431,359,102,271,169,89,416,327,80,2231,36
105,167,62,88,170,82,81,130,49,84,209,125,109,254,145,103,386,283,80,320,240,101,1737,36
88,128,40,97,185,88,80,178,98,112,232,120,97,368,271,112,376,264,91,291,200,114,1872,36
115,139,24,96,183,87,96,176,80,91,557,466,80,659,579,104,353,249,87,336,249,88,2491,36
113,145,32,80,171,91,80,161,81,106,178,72,80,282,202,113,615,502,92,258,166,80,1890,36
140,218,78,125,1015,890,94,282,188,78,390,312,94,266,172,109,250,141,94,297,203,78,2796,36
125,172,47,94,141,47,109,156,47,109,172,63,109,281,172,140,281,141,110,328,218,110,1641,36
124,172,48,93,156,63,78,125,47,109,156,47,94,266,172,93,265,172,94,265,171,94,1499,36
94,141,47,94,172,78,78,125,47,109,203,94,78,234,156,94,297,203,94,344,250,94,1610,36
109,172,63,78,172,94,78,125,47,94,172,78,93,265,172,110,313,203,93,234,141,78,1531,36
109,156,47,78,172,94,78,140,62,110,188,78,78,281,203,94,328,234,94,391,297,109,1765,36
110,110,0,93,187,94,78,141,63,78,359,281,78,266,188,93,375,282,62,265,203,78,1781,36
109,156,47,78,172,94,62,109,47,109,188,79,78,281,203,93,359,266,78,250,172,78,1593,36
109,156,47,78,172,94,94,156,62,78,156,78,78,266,188,78,344,266,93,234,141,109,1593,36
110,157,47,78,156,78,78,140,62,78,141,63,109,281,172,94,281,187,78,266,188,78,1500,36
78,109,31,94,187,93,78,156,78,94,172,78,78,344,266,94,250,156,78,250,172,62,1530,36
94,156,62,79,172,93,78,156,78,94,172,78,78,360,282,78,343,265,78,281,203,94,1734,36
109,109,0,78,172,94,78,156,78,78,203,125,79,360,281,109,234,125,78,250,172,78,1562,36
78,156,78,78,156,78,79,141,62,94,172,78,78,297,219,93,312,219,78,219,141,94,1547,36
93,109,16,109,203,94,78,140,62,94,172,78,94,328,234,110,235,125,93,265,172,78,1530,36
110,156,46,78,157,79,78,140,62,110,157,47,93,312,219,94,266,172,78,296,218,78,1562,36
94,156,62,94,172,78,62,125,63,94,156,62,94,328,234,110,266,156,78,281,203,94,1578,36
109,172,63,78,156,78,94,156,62,94,172,78,78,328,250,110,235,125,93,312,219,94,1625,36
94,141,47,78,156,78,78,140,62,94,172,78,94,328,234,94,282,188,93,359,266,94,1672,36
94,141,47,94,187,93,94,172,78,94,156,62,110,297,187,110,250,140,94,266,172,94,1563,36
93,156,63,78,156,78,78,172,94,94,156,62,109,328,219,94,266,172,78,297,219,78,1609,36
94,141,47,78,172,94,78,172,94,94,187,93,94,734,640,94,266,172,94,281,187,94,2047,36
94,125,31,94,172,78,78,156,78,94,109,15,94,313,219,93,265,172,78,329,251,78,1547,36
94,125,31,78,172,94,78,172,94,94,109,15,94,297,203,94,219,125,94,250,156,78,1422,36
94,141,47,78,172,94,94,172,78,93,422,329,77,515,438,125,188,63,109,265,156,78,1953,36
94,125,31,94,203,109,62,140,78,94,407,313,78,250,172,109,343,234,78,344,266,109,1921,36
110,157,47,93,187,94,78,172,94,78,187,109,78,313,235,109,312,203,94,281,187,94,1703,36
94,156,62,94,157,63,93,187,94,78,250,172,94,297,203,93,312,219,94,250,156,78,1687,36
110,141,31,94,156,62,78,156,78,94,172,78,109,297,188,140,281,141,110,250,140,94,1547,36
109,156,47,94,172,78,78,156,78,110,203,93,94,282,188,109,265,156,94,266,172,94,1594,36
109,141,32,93,171,78,94,157,63,93,312,219,78,328,250,94,250,156,94,250,156,94,1703,36
94,110,16,93,187,94,78,140,62,110,204,94,78,281,203,109,422,313,93,390,297,94,1828,36
110,156,46,79,157,78,78,156,78,94,187,93,94,297,203,109,282,173,78,265,187,110,1610,36
94,141,47,93,156,63,78,187,109,94,266,172,78,328,250,125,234,109,94,250,156,94,1656,36
109,156,47,94,156,62,94,172,78,110,188,78,93,296,203,110,313,203,78,266,188,93,1640,36
94,125,31,94,172,78,78,172,94,109,156,47,78,328,250,94,234,140,94,391,297,109,1687,36
109,141,32,93,172,79,93,171,78,94,157,63,93,343,250,110,219,109,94,297,203,94,1594,36
78,109,31,94,203,109,78,156,78,94,219,125,94,313,219,109,234,125,94,234,140,110,1578,36
141,188,47,109,171,62,94,141,47,110,172,62,94,297,203,109,250,141,94,265,171,94,1578,36
109,125,16,93,187,94,78,156,78,94,204,110,78,296,218,125,453,328,110,297,187,78,1796,36
94,360,266,78,171,93,94,157,63,78,265,187,78,266,188,78,718,640,94,297,203,78,2312,36
78,125,47,94,156,62,78,141,63,109,172,63,78,312,234,94,203,109,94,250,156,94,1453,36
110,172,62,78,172,94,78,141,63,109,218,109,78,313,235,94,297,203,93,312,219,94,1719,36
109,156,47,94,172,78,93,172,79,109,187,78,94,266,172,125,234,109,94,453,359,109,1749,36
94,141,47,109,203,94,93,156,63,78,797,719,78,296,218,94,266,172,94,234,140,94,2187,36
94,156,62,78,156,78,94,172,78,94,141,47,93,312,219,109,234,125,94,297,203,94,1562,36
94,125,31,94,172,78,94,156,62,109,156,47,110,328,218,110,250,140,109,266,157,93,1546,36
109,140,31,94,172,78,94,172,78,94,141,47,94,359,265,125,219,94,78,234,156,78,1515,36
93,109,16,109,187,78,79,141,62,94,156,62,109,266,157,109,218,109,110,266,156,94,1437,36
94,126,32,93,202,109,79,173,94,93,124,31,94,282,188,125,218,93,94,266,172,94,1485,36
110,141,31,93,172,79,78,140,62,110,203,93,79,266,187,109,406,297,94,266,172,93,1687,36
94,141,47,94,172,78,78,140,62,110,156,46,110,282,172,93,218,125,94,250,156,94,1453,36
110,141,31,94,203,109,78,141,63,94,156,62,94,266,172,109,234,125,94,266,172,93,1500,36
110,110,0,94,187,93,79,173,94,93,218,125,188,1125,937,109,297,188,109,265,156,79,2454,36
94,109,15,110,188,78,78,156,78,94,188,94,78,265,187,110,313,203,93,297,204,78,1594,36
110,172,62,109,188,79,78,171,93,94,141,47,94,359,265,94,203,109,94,282,188,62,1578,36
109,140,31,109,188,79,94,156,62,78,188,110,93,265,172,94,250,156,125,312,187,110,1609,36
93,109,16,109,203,94,62,141,79,78,171,93,94,266,172,94,234,140,79,250,171,78,1452,36
78,140,62,78,172,94,78,140,62,79,157,78,94,265,171,110,235,125,93,234,141,78,1421,36
125,156,31,94,188,94,62,156,94,94,156,62,94,266,172,109,250,141,78,281,203,94,1547,36
109,157,48,93,187,94,78,156,78,78,859,781,110,313,203,125,281,156,94,281,187,78,2312,36
94,125,31,94,172,78,78,140,62,79,235,156,78,296,218,94,219,125,94,250,156,78,1515,36
109,141,32,93,187,94,78,141,63,93,172,79,93,281,188,109,265,156,78,219,141,78,1484,36
94,126,32,93,172,79,93,203,110,93,187,94,109,265,156,94,219,125,94,250,156,78,1500,36
94,125,31,94,172,78,94,141,47,93,171,78,125,282,157,93,249,156,94,313,219,78,1531,36
94,125,31,109,172,63,94,156,62,94,234,140,141,375,234,110,282,172,93,234,141,78,1656,36
110,125,15,110,188,78,78,124,46,110,188,78,94,281,187,125,266,141,94,234,140,94,1500,36
109,140,31,94,172,78,94,141,47,94,172,78,93,328,235,109,218,109,110,266,156,94,1531,36
94,125,31,78,172,94,78,125,47,93,203,110,94,265,171,110,297,187,78,234,156,94,1515,36
109,125,16,125,203,78,94,187,93,78,125,47,78,266,188,109,297,188,78,218,140,94,1515,36
78,94,16,109,187,78,94,172,78,63,156,93,94,391,297,78,249,171,79,250,171,94,1593,36
93,124,31,79,204,125,78,140,62,78,188,110,94,281,187,94,250,156,109,266,157,78,1531,36
110,141,31,78,156,78,78,156,78,94,172,78,109,313,204,124,265,141,125,313,188,93,1609,36
94,125,31,109,171,62,94,141,47,110,235,125,93,265,172,109,328,219,94,266,172,94,1625,36
109,156,47,94,172,78,94,156,62,94,188,94,109,297,188,93,328,235,109,296,187,94,1687,36
110,156,46,79,157,78,78,172,94,109,140,31,94,438,344,125,218,93,78,235,157,93,1609,36
94,125,31,94,188,94,78,156,78,94,172,78,93,296,203,110,282,172,109,265,156,94,1578,36
110,172,62,94,172,78,78,141,63,93,265,172,94,328,234,125,297,172,78,297,219,78,1750,36
94,110,16,93,187,94,78,125,47,109,250,141,94,281,187,110,297,187,109,250,141,78,1578,36
94,125,31,94,188,94,78,125,47,94,187,93,94,282,188,93,249,156,110,250,140,94,1500,36
109,187,78,78,906,828,94,203,109,94,813,719,78,218,140,94,297,203,94,250,156,63,2937,36
110,204,94,77,156,79,78,140,62,94,203,109,94,297,203,110,266,156,94,234,140,78,1578,36
93,156,63,78,156,78,94,156,62,109,188,79,125,281,156,125,250,125,94,219,125,93,1499,36
94,125,31,94,188,94,78,125,47,109,172,63,109,281,172,125,219,94,93,234,141,94,1438,36
109,172,63,93,171,78,94,141,47,125,187,62,110,282,172,109,312,203,109,313,204,93,1671,36
94,110,16,93,171,78,79,172,93,110,203,93,78,282,204,109,234,125,109,250,141,93,1515,36
109,125,16,94,172,78,93,140,47,94,188,94,109,297,188,109,328,219,109,281,172,109,1640,36
110,141,31,78,156,78,94,141,47,109,187,78,110,313,203,124,218,94,125,329,204,140,1625,36
125,156,31,109,188,79,78,140,62,94,203,109,94,297,203,109,250,141,94,234,140,110,1578,36
94,94,0,94,188,94,78,140,62,94,188,94,93,265,172,125,266,141,93,218,125,78,1437,36
109,156,47,78,172,94,63,157,94,93,296,203,125,297,172,94,297,203,93,234,141,94,1703,36
109,172,63,93,171,78,94,172,78,94,203,109,94,391,297,156,312,156,110,235,125,93,1749,36
110,125,15,94,172,78,94,156,62,110,188,78,109,297,188,125,281,156,125,250,125,78,1547,36
110,172,62,78,172,94,78,156,78,94,203,109,94,297,203,94,438,344,124,312,188,78,1828,36
94,141,47,94,188,94,93,187,94,94,141,47,78,359,281,94,375,281,94,187,93,94,1672,36
94,109,15,94,172,78,78,156,78,94,156,62,94,313,219,109,250,141,94,250,156,78,1484,36
110,172,62,94,156,62,94,172,78,109,156,47,94,281,187,110,282,172,93,234,141,94,1547,36
78,109,31,94,187,93,78,141,63,94,187,93,78,266,188,94,266,172,93,234,141,78,1468,36
78,78,0,78,172,94,78,141,63,93,156,63,78,375,297,78,343,265,79,235,156,62,1562,36
94,157,63,94,172,78,78,125,47,78,203,125,62,312,250,94,406,312,94,235,141,93,1703,36
113,168,55,112,264,152,104,1080,976,87,416,329,88,504,416,152,168,16,80,336,256,128,3064,39
104,128,24,88,823,735,113,633,520,88,552,464,96,568,472,152,175,23,80,385,305,112,3376,39
99,106,7,102,389,287,105,977,872,87,688,601,79,504,425,152,136,-16,88,456,368,112,3368,39
137,473,336,111,272,161,96,496,400,112,440,328,87,520,433,128,520,392,96,272,176,120,3113,39
112,136,24,95,720,625,96,552,456,104,352,248,80,544,464,144,248,104,96,328,232,128,3008,39
120,143,23,97,505,408,96,704,608,120,448,328,88,440,352,128,208,80,87,504,417,88,3040,39
104,136,32,112,352,240,88,696,608,96,512,416,80,1024,944,139,146,7,70,486,416,119,3471,39
106,114,8,94,366,272,96,607,511,89,377,288,88,624,536,136,96,-40,79,424,345,112,2720,39
120,143,23,97,385,288,88,647,559,89,865,776,96,528,432,167,170,3,86,382,296,112,3232,39
96,97,1,87,670,583,105,369,264,88,728,640,80,464,384,136,784,648,96,175,79,113,3400,39
88,120,32,104,303,199,97,648,551,80,529,449,80,311,231,129,265,136,79,344,265,104,2624,39
136,168,32,95,288,193,104,712,608,104,472,368,88,744,656,152,153,1,87,583,496,104,3224,39
128,144,16,112,608,496,80,464,384,96,432,336,72,472,400,136,137,1,71,391,320,136,2784,39
112,128,16,128,512,384,88,312,224,88,368,280,79,568,489,144,512,368,88,424,336,120,2944,39
137,139,2,95,453,358,113,440,327,112,552,440,73,521,448,120,560,440,104,535,431,121,3321,39
104,144,40,96,616,520,96,400,304,80,424,344,80,456,376,128,215,87,81,457,376,136,2848,39
136,138,2,94,574,480,104,552,448,128,424,296,88,488,400,128,184,56,88,384,296,96,2840,39
77,144,67,95,144,49,112,1144,1032,87,264,177,80,496,416,120,103,-17,88,248,160,137,2680,39
152,128,-24,96,320,224,88,263,175,113,489,376,88,504,416,127,129,2,63,503,440,112,2448,39
137,138,1,103,679,576,88,552,464,96,1154,1058,94,758,664,136,1351,1215,81,145,64,96,4873,39
103,105,2,103,855,752,111,344,233,120,928,808,103,487,384,136,160,24,97,385,288,120,3384,39
128,129,1,127,239,112,112,647,535,80,945,865,80,320,240,112,312,200,104,504,400,96,3192,39
104,127,23,105,377,272,103,576,473,111,1048,937,88,552,464,128,952,824,95,512,417,128,4272,39
112,113,1,103,271,168,112,552,440,104,504,400,80,296,216,112,504,392,111,464,353,112,2816,39
105,89,-16,111,432,321,96,527,431,97,481,384,72,344,272,120,584,464,88,495,407,121,3073,39
120,122,2,102,502,400,95,455,360,105,473,368,96,1240,1144,105,471,366,89,225,136,120,3608,39
117,176,59,121,721,600,111,223,112,121,368,247,96,281,185,128,376,248,104,400,296,112,2657,39
121,122,1,95,359,264,96,456,360,96,296,200,80,448,368,112,176,64,72,343,271,105,2305,39
129,130,1,95,727,632,96,352,256,79,320,241,80,343,263,113,512,399,97,671,574,122,3177,39
145,146,1,94,286,192,97,488,391,97,353,256,71,568,497,120,495,375,120,512,392,136,2984,39
104,120,16,112,295,183,113,257,144,96,424,328,96,336,240,116,248,132,96,512,416,128,2320,39
144,144,0,128,464,336,96,432,336,104,392,288,88,344,256,112,280,168,104,344,240,112,2512,39
127,168,41,112,1712,1600,120,399,279,105,441,336,72,464,392,136,2504,2368,64,408,344,112,6208,39
104,136,32,80,384,304,128,264,136,96,328,232,80,440,360,112,384,272,72,376,304,128,2440,39
96,152,56,80,652,572,100,428,328,96,591,495,96,233,137,112,272,160,96,528,432,48,2904,39
124,130,6,95,478,383,89,456,367,120,408,288,81,464,383,105,128,23,81,224,143,113,2401,39
105,88,-17,112,1233,1121,120,471,351,129,695,566,97,441,344,121,176,55,97,280,183,113,3497,39
145,147,2,109,605,496,96,344,248,112,256,144,81,439,358,106,249,143,97,305,208,127,2472,39
121,123,2,78,701,623,97,168,71,97,776,679,81,312,231,129,728,599,73,488,415,137,3433,39
137,139,2,86,437,351,113,368,255,121,304,183,80,881,801,144,146,2,94,549,455,129,2953,39
89,129,40,95,375,280,105,448,343,96,384,288,89,248,159,112,352,240,80,296,216,96,2328,39
128,130,2,94,310,216,104,2464,2360,96,672,576,128,359,231,121,265,144,80,352,272,137,4689,39
151,153,2,95,390,295,105,312,207,96,616,520,80,944,864,112,352,240,105,392,287,105,3264,39
116,164,48,96,352,256,89,296,207,113,464,351,80,408,328,128,368,240,72,456,384,112,2620,39
105,191,86,112,529,417,113,360,247,90,400,310,72,416,344,128,584,456,97,880,783,129,3489,39
128,130,2,110,438,328,89,728,639,88,360,272,88,536,448,112,161,49,103,327,224,136,2816,39
144,240,96,128,512,384,112,528,416,128,312,184,96,368,272,144,280,136,88,512,424,144,2896,39
111,122,11,110,318,208,113,328,215,103,368,265,88,296,208,144,944,800,113,184,71,136,2696,39
135,137,2,103,400,297,128,231,103,129,576,447,128,583,455,138,465,327,88,2336,2248,129,4857,39
113,87,-26,130,337,207,113,240,127,104,328,224,112,408,296,128,856,728,80,520,440,128,2904,39
119,135,16,112,440,328,104,256,152,144,576,432,96,352,256,136,856,720,113,328,215,144,3087,39
112,114,2,94,542,448,112,344,232,120,272,152,96,360,264,120,240,120,88,464,376,120,2456,39
128,192,64,121,336,215,112,368,256,104,440,336,88,383,295,153,409,256,96,600,504,105,2833,39
112,135,23,97,433,336,96,328,232,104,464,360,88,488,400,112,832,720,81,504,423,112,3296,39
120,128,8,120,343,223,97,817,720,152,154,2,78,614,536,144,1096,952,89,368,279,120,3640,39
112,113,1,111,1103,992,112,304,192,96,376,280,88,376,288,137,480,343,80,352,272,112,3216,39
136,138,2,102,430,328,96,1872,1776,113,584,471,80,408,328,136,280,144,88,288,200,96,4096,39
125,151,26,130,505,375,136,344,208,104,472,368,80,832,752,145,568,423,104,343,239,129,3344,39
144,160,16,120,360,240,112,488,376,96,952,856,105,312,207,136,3480,3344,97,112,15,96,5960,39
112,114,2,110,383,273,95,351,256,80,568,488,88,280,192,96,1192,1096,88,823,735,120,3831,39
88,112,24,95,1200,1105,113,256,143,120,319,199,97,1032,935,161,249,88,96,472,376,136,3776,39
80,81,1,87,479,392,96,1200,1104,128,272,144,64,328,264,129,711,582,81,497,416,120,3688,39
120,121,1,87,406,319,89,568,479,105,328,223,81,401,320,111,528,417,104,583,479,114,3049,39
120,144,24,96,280,184,96,640,544,120,400,280,80,368,288,127,920,793,104,512,408,135,3399,39
104,105,1,111,335,224,104,568,464,120,896,776,96,384,288,128,351,223,105,481,376,112,3232,39
120,136,16,112,256,144,104,320,216,120,441,321,80,336,256,136,424,288,96,408,312,104,2425,39
129,131,2,102,262,160,88,592,504,112,648,536,87,448,361,112,488,376,104,296,192,144,3009,39
144,176,32,112,431,319,97,369,272,104,464,360,80,304,224,128,760,632,104,247,143,129,2880,39
137,113,-24,96,400,304,112,599,487,112,472,360,89,336,247,144,632,488,112,400,288,136,3088,39
128,152,24,104,320,216,80,208,128,128,632,504,72,312,240,120,1017,897,83,192,109,128,2961,39
105,145,40,128,1279,1151,120,185,65,113,448,335,79,367,288,161,313,152,96,1424,1328,112,4273,39
113,115,2,102,326,224,95,272,177,80,432,352,112,359,247,113,449,336,96,304,208,112,2369,39
112,160,48,127,544,417,128,184,56,112,264,152,72,792,720,120,912,792,120,271,151,129,3256,39
118,136,18,95,431,336,112,232,120,104,464,360,80,336,256,120,552,432,104,744,640,120,3015,39
119,191,72,121,496,375,112,249,137,119,328,209,88,416,328,128,528,400,96,242,146,118,2568,39
129,132,3,106,305,199,97,273,176,120,743,623,88,384,296,96,560,464,81,416,335,104,2917,39
136,137,1,127,295,168,112,136,24,105,1192,1087,105,601,496,128,199,71,105,296,191,136,2992,39
143,160,17,95,2432,2337,104,279,175,104,504,400,96,304,208,136,488,352,80,224,144,112,4503,39
128,144,16,104,816,712,112,208,96,104,448,344,88,337,249,128,680,552,89,256,167,128,3017,39
104,160,56,104,320,216,96,416,320,112,383,271,89,449,360,144,440,296,104,408,304,136,2712,39
112,160,48,104,560,456,96,392,296,112,359,247,88,401,313,128,584,456,80,407,327,121,2984,39
112,240,128,104,1336,1232,112,256,144,120,792,672,96,160,64,144,584,440,104,264,160,128,3760,39
144,144,0,80,695,615,81,937,856,111,888,777,112,943,831,137,224,87,97,369,272,104,4304,39
88,127,39,104,857,753,96,368,272,120,376,256,88,343,255,129,537,408,88,480,392,88,3176,39
96,127,31,105,529,424,120,336,216,104,783,679,97,200,103,129,553,424,96,544,448,112,3184,39
81,128,47,104,448,344,120,400,280,104,1416,1312,96,1024,928,144,304,160,72,376,304,88,4184,39
104,152,48,104,488,384,104,304,200,79,512,433,88,1159,1071,145,146,1,71,295,224,88,3144,39
101,153,52,120,248,128,112,176,64,88,472,384,95,464,369,113,320,207,104,448,344,120,2401,39
96,120,24,104,400,296,112,440,328,104,576,472,87,464,377,112,272,160,80,327,247,97,2696,39
89,129,40,103,303,200,105,337,232,120,656,536,96,456,360,120,608,488,96,360,264,103,2952,39
113,161,48,112,368,256,112,288,176,112,560,448,88,392,304,112,304,192,88,255,167,96,2424,39
150,151,1,111,238,127,97,209,112,112,440,328,103,368,265,128,416,288,64,424,360,103,2349,39
120,136,16,128,607,479,121,376,255,113,489,376,112,504,392,143,1528,1385,88,276,188,140,4056,39
121,104,-17,120,248,128,112,129,17,111,391,280,88,408,320,144,255,111,97,377,280,112,2024,39
129,72,-57,113,281,168,87,168,81,104,480,376,104,352,248,112,305,193,71,463,392,120,2241,39
112,128,16,104,1503,1399,98,233,135,120,320,200,80,328,248,120,336,216,80,304,224,96,3248,39
136,168,32,88,224,136,88,144,56,96,312,216,80,416,336,112,376,264,88,272,184,96,2008,39
120,122,2,110,238,128,96,112,16,96,688,592,96,256,160,112,320,208,96,400,304,80,2216,39
105,106,1,109,334,225,136,138,2,77,437,360,105,257,152,128,360,232,80,264,184,160,2056,39
94,119,25,121,424,303,97,137,40,88,504,416,80,248,168,128,376,248,96,272,176,88,2168,39
143,144,1,111,343,232,104,144,40,57,873,816,88,288,200,112,272,160,80,320,240,72,2456,39
120,135,15,121,617,496,96,160,64,96,360,264,80,288,208,136,296,160,95,304,209,88,2248,39
112,152,40,112,487,375,105,209,104,112,536,424,88,344,256,120,536,416,96,263,167,89,2616,39
88,135,47,121,841,720,104,175,71,122,505,383,96,288,192,120,408,288,112,328,216,112,2792,39
104,144,40,120,488,368,112,160,48,112,416,304,96,256,160,112,328,216,104,304,200,88,2184,39
128,131,3,121,438,317,111,136,25,103,1231,1128,96,152,56,128,912,784,80,336,256,88,3424,39
112,144,32,112,624,512,104,232,128,112,607,495,97,249,152,127,488,361,80,408,328,87,2839,39
96,192,96,128,576,448,88,384,296,136,280,144,80,320,240,112,296,184,80,448,368,80,2576,39
112,144,32,128,607,479,113,208,95,113,465,352,72,264,192,111,1560,1449,120,143,23,80,3471,39
112,144,32,120,415,295,104,193,89,104,352,248,96,263,167,113,513,400,104,320,216,104,2304,39
112,728,616,128,344,216,96,208,112,104,367,263,81,257,176,127,432,305,95,512,417,96,2944,39
137,193,56,112,368,256,120,288,168,104,240,136,88,376,288,120,256,136,104,384,280,96,2201,39
103,143,40,120,353,233,96,264,168,120,416,296,87,456,369,112,360,248,120,463,343,104,2559,39
112,184,72,119,528,409,112,208,96,112,320,208,80,368,288,104,367,263,97,273,176,96,2344,39
112,152,40,127,399,272,113,233,120,112,488,376,88,248,160,112,320,208,96,280,184,80,2200,39
113,160,47,121,321,200,112,176,64,104,496,392,88,296,208,112,560,448,104,168,64,80,2257,39
80,159,79,113,369,256,104,200,96,88,912,824,136,264,128,103,456,353,95,232,137,88,2680,39
112,136,24,120,288,168,112,168,56,120,352,232,96,215,119,113,345,232,88,216,128,200,1920,39
104,239,135,137,345,208,112,216,104,120,352,232,88,256,168,120,360,240,88,264,176,88,2120,39
96,120,24,120,280,160,104,107,3,93,869,776,104,896,792,128,1080,952,104,375,271,97,3824,39
112,672,560,136,264,128,96,560,464,128,696,568,112,312,200,79,1543,1464,97,137,40,88,4272,39
112,144,32,112,224,112,96,143,47,137,377,240,96,296,200,121,943,822,113,265,152,71,2463,39
112,152,40,112,224,112,104,159,55,136,368,232,81,688,607,122,513,391,112,216,104,80,2400,39
112,160,48,120,248,128,103,296,193,104,464,360,87,352,265,120,560,440,113,751,638,89,2920,39
105,161,56,136,303,167,113,169,56,128,720,592,88,303,215,129,521,392,104,303,199,112,2592,39
85,252,167,113,1001,888,104,200,96,160,608,448,96,376,280,120,344,224,88,224,136,88,3093,39
128,168,40,112,279,167,97,209,112,128,648,520,112,199,87,129,777,648,111,344,233,96,2720,39
128,192,64,128,263,135,113,329,216,128,352,224,80,312,232,112,1216,1104,79,159,80,96,2919,39
103,152,49,88,912,824,80,288,208,121,624,503,112,927,815,129,633,504,72,176,104,96,3808,39
96,120,24,112,232,120,88,183,95,113,561,448,96,720,624,120,280,160,80,240,160,128,2464,39
105,153,48,104,223,119,97,153,56,112,687,575,105,289,184,112,400,288,104,655,551,89,2649,39
96,144,48,112,247,135,120,152,32,120,936,816,104,384,280,112,688,576,96,368,272,104,3023,39
112,152,40,120,256,136,112,184,72,120,520,400,96,248,152,112,856,744,96,456,360,88,2760,39
120,159,39,121,489,368,112,256,144,96,768,672,104,352,248,112,368,256,112,344,232,88,2824,39
112,152,40,128,600,472,104,288,184,119,352,233,104,328,224,112,360,248,95,456,361,112,2648,39
105,106,1,103,223,120,96,128,32,96,456,360,80,279,199,112,345,233,96,272,176,80,1889,39
112,152,40,120,472,352,120,304,184,104,536,432,112,375,263,113,489,376,112,303,191,105,2736,39
112,152,40,121,305,184,128,175,47,104,392,288,81,288,207,105,424,319,112,280,168,89,2105,39
81,112,31,105,480,375,97,167,70,114,489,375,73,328,255,104,528,424,97,688,591,113,2905,39
97,152,55,121,352,231,129,312,183,129,384,255,113,328,215,113,400,287,122,400,278,89,2417,39
129,176,47,113,488,375,129,240,111,137,392,255,105,304,199,129,537,408,112,407,295,97,2641,39
104,184,80,137,1000,863,121,544,423,120,336,216,105,320,215,128,416,288,112,256,144,113,3169,39
113,168,55,120,735,615,122,401,279,121,512,391,113,624,511,129,1520,1391,97,120,23,113,4193,39
97,136,39,113,232,119,113,160,47,121,448,327,105,336,231,129,441,312,112,375,263,97,2225,39
136,176,40,105,224,119,113,184,71,128,808,680,113,544,431,113,544,431,120,432,312,105,3017,39
110,169,59,96,223,127,113,168,55,112,616,504,112,433,321,112,279,167,105,360,255,80,2328,39
129,168,39,104,1464,1360,129,192,63,121,328,207,96,292,196,116,308,192,104,264,160,104,3120,39
128,199,71,113,240,127,105,176,71,113,593,480,95,271,176,96,488,392,105,192,87,89,2248,39
120,135,15,128,480,352,113,200,87,137,520,383,88,376,288,113,465,352,111,231,120,113,2520,39
121,168,47,105,216,111,89,152,63,97,920,823,99,584,485,105,536,431,97,272,175,81,2929,39
105,106,1,102,262,160,112,136,24,129,224,95,97,392,295,96,328,232,112,256,144,96,1800,39
113,152,39,96,208,112,88,113,25,103,462,359,81,297,216,112,480,368,113,352,239,112,2176,39
105,128,23,112,216,104,112,160,48,112,1048,936,92,393,301,95,151,56,88,280,192,112,2488,39
97,144,47,112,456,344,120,264,144,112,424,312,80,280,200,112,592,480,96,560,464,104,2824,39
112,144,32,88,328,240,120,200,80,112,464,352,112,280,168,128,368,240,96,305,209,87,2176,39
112,168,56,96,216,120,88,160,72,112,728,616,113,544,431,168,648,480,112,320,208,104,2888,39
89,128,39,96,208,112,96,128,32,96,737,641,96,343,247,104,304,200,120,248,128,104,2200,39
120,144,24,120,384,264,104,184,80,120,464,344,96,704,608,121,320,199,104,296,192,72,2568,39
105,160,55,112,471,359,121,225,104,128,400,272,104,408,304,112,600,488,112,200,88,104,2568,39
96,128,32,112,241,129,95,135,40,112,592,480,128,1296,1168,105,168,63,112,392,280,112,3064,39
88,128,40,96,200,104,95,144,49,104,472,368,96,496,400,121,872,751,113,200,87,96,2608,39
88,112,24,96,224,128,89,160,71,81,903,822,98,249,151,120,552,432,104,344,240,64,2608,39
120,463,343,105,241,136,104,200,96,128,576,448,128,240,112,112,424,312,97,368,271,96,2608,39
81,136,55,79,936,857,105,320,215,152,624,472,88,224,136,112,528,416,104,153,49,95,3016,39
112,152,40,112,448,336,97,216,119,120,584,464,97,312,215,128,487,359,73,530,457,79,2808,39
105,760,655,115,464,349,96,184,88,112,1176,1064,90,368,278,104,304,200,96,472,376,89,3817,39
127,447,320,105,1712,1607,105,200,95,105,729,624,104,727,623,105,495,390,90,210,120,87,4607,39
120,176,56,89,2009,1920,120,319,199,129,528,399,97,400,303,128,504,376,104,200,96,97,4233,39
129,208,79,65,1200,1135,120,160,40,120,400,280,80,320,240,120,448,328,120,256,136,120,3112,39
104,136,32,96,776,680,113,176,63,136,376,240,88,463,375,137,497,360,112,264,152,104,2792,39
80,135,55,113,281,168,96,384,288,96,352,256,96,344,248,112,440,328,96,504,408,112,2552,39
112,135,23,97,528,431,97,353,256,88,632,544,88,392,304,104,424,320,88,416,328,89,2969,39
88,168,80,88,232,144,104,216,112,103,344,241,79,440,361,112,408,296,104,280,176,112,2200,39
127,166,39,104,305,201,112,328,216,104,440,336,96,304,208,120,336,216,96,344,248,112,2335,39
96,248,152,112,440,328,104,344,240,96,368,272,96,304,208,112,519,407,113,553,440,96,2872,39
96,176,80,88,512,424,104,264,160,80,368,288,71,448,377,112,408,296,96,304,208,79,2559,39
80,280,200,104,232,128,72,136,64,88,824,736,96,336,240,104,648,544,96,368,272,88,2912,39
112,176,64,80,208,128,104,288,184,88,2592,2504,81,208,127,111,248,137,88,312,224,88,4120,39
89,112,23,81,1225,1144,72,360,288,96,311,215,73,1145,1072,129,472,343,104,272,168,112,4009,39
111,128,17,120,344,224,119,184,65,88,600,512,80,464,384,87,224,137,104,231,127,89,2264,39
88,152,64,120,504,384,104,231,127,128,369,241,72,472,400,96,176,80,104,352,248,112,2368,39
96,328,232,104,568,464,88,176,88,96,456,360,104,344,240,112,408,296,103,568,465,88,2936,39
112,160,48,104,464,360,112,320,208,103,464,361,96,384,288,112,864,752,96,352,256,104,3112,39
96,160,64,111,456,345,96,1760,1664,80,1192,1112,96,312,216,104,280,176,96,368,272,88,4616,39
96,128,32,97,240,143,112,152,40,104,575,471,89,249,160,112,400,288,64,359,295,81,2184,39
89,128,39,113,353,240,104,255,151,97,1169,1072,96,432,336,136,328,192,96,352,256,88,3105,39
136,160,24,144,208,64,88,192,104,112,200,88,80,408,328,120,984,864,80,528,448,113,2793,39
104,113,9,121,335,214,88,312,224,87,392,305,72,544,472,136,264,128,72,288,216,80,2328,39
96,144,48,104,160,56,96,208,112,113,376,263,80,424,344,120,224,104,64,360,296,113,2009,39
128,192,64,88,368,280,104,168,64,120,344,224,80,408,328,111,520,409,56,392,336,104,2496,39
128,135,7,113,153,40,104,184,80,104,352,248,88,456,368,112,456,344,80,232,152,104,2072,39
97,145,48,104,296,192,96,256,160,104,256,152,64,440,376,128,488,360,80,424,344,96,2401,39
128,184,56,104,304,200,88,312,224,88,336,248,80,344,264,112,400,288,80,272,192,80,2232,39
104,184,80,96,264,168,88,259,171,85,301,216,80,352,272,120,408,288,64,472,408,88,2328,39
96,464,368,113,704,591,72,256,184,113,376,263,72,312,240,113,432,319,72,304,232,96,2944,39
130,184,54,104,176,72,96,225,129,111,311,200,72,352,280,113,336,223,64,296,232,88,1968,39
112,168,56,104,208,104,88,176,88,80,328,248,80,416,336,128,264,136,56,336,280,80,1976,39
96,152,56,104,216,112,113,176,63,113,240,127,88,368,280,120,464,344,80,280,200,128,2024,39
152,224,72,88,152,64,80,192,112,107,408,301,88,320,232,104,360,256,80,271,191,105,2032,39
128,159,31,113,123,10,111,182,71,104,504,400,88,408,320,113,488,375,80,200,120,128,2192,39
120,560,440,112,167,55,128,216,88,120,328,208,96,328,232,128,504,376,80,336,256,113,2552,39
96,184,88,176,168,-8,130,160,30,128,424,296,87,376,289,136,352,216,80,232,152,112,2008,39
113,169,56,104,848,744,88,184,96,113,320,207,56,296,240,112,384,272,64,273,209,79,2553,39
104,168,64,144,160,16,136,168,32,96,424,328,96,352,256,128,344,216,112,328,216,96,2040,39
120,192,72,128,116,-12,147,163,16,81,553,472,88,248,160,136,392,256,80,304,224,88,2056,39
88,144,56,135,143,8,137,169,32,84,352,268,80,312,232,104,712,608,72,272,200,80,2184,39
80,144,64,128,104,-24,136,152,16,104,992,888,96,352,256,104,248,144,64,256,192,104,2352,39
120,208,88,129,113,-16,135,167,32,120,296,176,88,977,889,95,303,208,72,256,184,96,2416,39
136,192,56,175,160,-15,128,136,8,119,231,112,112,561,449,128,256,128,88,280,192,104,1920,39
109,181,72,152,136,-16,192,184,-8,120,440,320,105,1352,1247,128,336,208,104,144,40,122,2895,39
120,296,176,121,104,-17,136,152,16,120,280,160,91,440,349,121,208,87,88,224,136,112,1816,39
104,216,112,136,104,-32,144,152,8,129,472,343,114,416,302,136,1944,1808,88,408,320,96,3808,39
112,152,40,137,128,-9,136,144,8,113,368,255,83,320,237,104,361,257,79,295,216,80,1848,39
136,201,65,151,135,-16,144,152,8,129,416,287,96,320,224,104,416,312,88,192,104,104,1936,39
128,248,120,232,233,1,128,127,-1,129,744,615,96,392,296,120,360,240,80,544,464,104,2752,39
96,144,48,129,114,-15,135,134,-1,112,424,312,104,720,616,112,360,248,80,272,192,128,2296,39
112,169,57,135,231,96,123,105,-18,96,463,367,121,273,152,103,471,368,96,385,289,127,2224,39
96,304,208,121,113,-8,111,128,17,111,304,193,103,280,177,112,320,208,79,240,161,95,1784,39
112,256,144,124,124,0,124,133,9,103,279,176,105,336,231,136,320,184,80,240,160,88,1776,39
119,135,16,130,112,-18,152,136,-16,128,256,128,104,288,184,144,313,169,87,239,152,104,1583,39
128,152,24,144,153,9,128,118,-10,124,314,190,112,319,207,104,529,425,79,207,128,104,1896,39
120,176,56,144,160,16,136,128,-8,121,369,248,103,287,184,128,377,249,79,232,153,79,1808,39
129,160,31,128,137,9,112,128,16,103,303,200,91,400,309,120,344,224,96,280,184,96,1848,39
128,193,65,138,175,37,112,177,65,159,311,152,89,297,208,119,304,185,103,223,120,113,1793,39
104,136,32,160,185,25,167,184,17,112,368,256,79,271,192,137,272,135,88,216,128,88,1720,39
97,137,40,127,144,17,136,144,8,113,296,183,87,479,392,137,776,639,96,137,41,71,2184,39
128,208,80,128,136,8,160,217,57,128,495,367,88,433,345,111,1191,1080,81,264,183,80,3024,39
96,136,40,136,128,-8,136,136,0,103,409,306,86,326,240,131,377,246,129,440,311,87,2039,39
89,177,88,144,128,-16,118,143,25,120,337,217,103,376,273,135,328,193,79,456,377,113,2058,39
89,177,88,151,120,-31,135,168,33,112,392,280,95,288,193,112,328,216,79,240,161,87,1800,39
108,188,80,144,120,-24,136,144,8,121,457,336,103,360,257,143,408,265,79,280,201,87,2044,39
88,144,56,151,136,-15,128,192,64,120,296,176,104,336,232,112,368,256,88,264,176,72,1808,39
120,208,88,176,160,-16,144,176,32,113,328,215,88,264,176,128,383,255,73,425,352,120,2064,39
113,168,55,144,130,-14,125,190,65,136,320,184,104,440,336,120,536,416,95,320,225,113,2217,39
104,160,56,152,136,-16,144,176,32,144,376,232,120,304,184,136,448,312,104,512,408,120,2232,39
114,145,31,136,128,-8,129,152,23,130,360,230,111,256,145,120,344,224,87,224,137,88,1697,39
95,206,111,151,136,-15,144,176,32,104,512,408,88,832,744,112,263,151,89,265,176,80,2470,39
112,144,32,136,130,-6,142,134,-8,120,328,208,88,296,208,128,416,288,88,256,168,80,1784,39
95,224,129,144,104,-40,160,152,-8,130,328,198,72,256,184,120,624,504,104,144,40,120,1952,39
96,152,56,127,145,18,127,135,8,128,1000,872,88,392,304,104,240,136,95,224,129,88,2376,39
112,168,56,160,131,-29,173,181,8,113,496,383,88,256,168,136,848,712,80,320,240,104,2504,39
96,128,32,136,119,-17,152,145,-7,135,328,193,88,472,384,104,408,304,113,192,79,96,1888,39
120,200,80,151,136,-15,144,144,0,128,368,240,97,400,303,88,376,288,72,232,160,80,1936,39
128,184,56,128,129,1,103,127,24,127,456,329,88,264,176,128,400,272,96,200,104,104,1864,39
121,265,144,160,152,-8,168,248,80,136,1920,1784,80,336,256,128,271,143,81,369,288,80,3641,39
104,424,320,120,152,32,104,176,72,128,272,144,96,368,272,120,256,136,72,280,208,64,1992,39
103,191,88,144,152,8,122,152,30,128,267,139,93,373,280,136,232,96,80,576,496,104,2047,39
128,160,32,119,608,489,112,168,56,104,1016,912,104,1104,1000,112,440,328,72,232,160,88,3816,39
105,192,87,144,136,-8,128,144,16,136,928,792,88,224,136,115,400,285,80,508,428,76,2608,39
113,216,103,121,160,39,88,120,32,137,376,239,104,280,176,96,320,224,80,280,200,88,1840,39
136,176,40,96,224,128,104,200,96,104,576,472,96,296,200,113,1072,959,56,656,600,80,3280,39
120,184,64,96,1056,960,96,360,264,96,368,272,104,256,152,96,520,424,80,312,232,104,3160,39
104,168,64,144,128,-16,135,119,-16,129,410,281,103,391,288,104,416,312,88,256,168,88,1976,39
113,200,87,120,104,-16,135,128,-7,112,346,234,73,374,301,104,536,432,87,272,185,80,2040,39
122,152,30,113,96,-17,146,146,0,110,766,656,80,520,440,112,488,376,88,216,128,80,2464,39
88,144,56,123,113,-10,144,135,-9,96,448,352,120,248,128,113,384,271,104,256,152,104,1832,39
96,176,80,144,128,-16,151,130,-21,126,302,176,104,304,200,130,320,190,80,240,160,80,1680,39
117,153,36,152,153,1,151,151,0,113,264,151,104,352,248,128,208,80,88,240,152,128,1649,39
88,128,40,144,136,-8,136,128,-8,104,312,208,104,320,216,96,384,288,104,312,208,88,1808,39
112,144,32,136,104,-32,160,152,-8,135,376,241,97,376,279,112,328,216,72,288,216,96,1864,39
96,144,48,145,120,-25,152,216,64,128,512,384,88,288,200,112,296,184,72,240,168,87,1903,39
122,176,54,137,113,-24,150,207,57,113,488,375,88,296,208,128,384,256,80,208,128,104,1976,39
120,232,112,137,113,-24,151,215,64,127,242,115,78,326,248,120,464,344,96,200,104,88,1880,39
113,144,31,129,120,-9,137,160,23,113,312,199,88,312,224,136,312,176,104,256,152,122,1738,39
102,246,144,136,104,-32,136,168,32,120,336,216,88,368,280,113,656,543,80,336,256,88,2302,39
104,168,64,120,128,8,40,80,40,113,2480,2367,88,192,104,128,352,224,72,224,152,80,3704,39
120,200,80,113,80,-33,112,208,96,104,600,496,80,160,80,136,336,200,80,272,192,64,1920,39
103,167,64,160,144,-16,136,168,32,120,393,273,95,375,280,136,232,96,88,424,336,104,2007,39
121,176,55,152,113,-39,143,167,24,116,608,492,80,248,168,131,648,517,72,360,288,72,2392,39
104,176,72,136,104,-32,120,200,80,122,424,302,80,296,216,104,328,224,64,240,176,88,1856,39
128,200,72,136,113,-23,160,159,-1,128,376,248,96,416,320,136,576,440,80,496,416,96,2432,39
105,152,47,144,127,-17,145,168,23,112,577,465,96,248,152,128,504,376,96,201,105,111,2088,39
80,160,80,152,120,-32,136,168,32,120,328,208,88,408,320,128,256,128,80,288,208,96,1824,39
101,237,136,128,88,-40,128,160,32,136,784,648,104,192,88,136,664,528,80,408,328,96,2629,39
115,168,53,128,96,-32,136,168,32,112,296,184,96,592,496,80,184,104,72,296,224,80,1880,39
96,256,160,146,120,-26,120,584,464,63,824,761,88,184,96,152,376,224,88,192,104,114,2650,39
128,207,79,96,64,-32,136,192,56,80,312,232,80,552,472,120,136,16,104,392,288,104,1959,39
104,144,40,137,104,-33,137,144,7,96,443,347,93,469,376,88,232,144,104,328,224,88,1952,39
88,152,64,138,129,-9,113,113,0,111,902,791,80,320,240,128,472,344,56,424,368,80,2592,39
119,191,72,112,104,-8,128,272,144,104,344,240,88,424,336,104,784,680,72,297,225,79,2495,39
88,144,56,137,121,-16,127,119,-8,96,720,624,88,272,184,128,424,296,80,240,160,105,2145,39
103,215,112,137,313,176,104,200,96,113,344,231,88,336,248,136,320,184,55,233,178,79,2040,39
88,1008,920,128,116,-12,116,148,32,104,680,576,123,480,357,104,168,64,80,713,633,104,3417,39
80,200,120,137,120,-17,64,128,64,96,785,689,111,504,393,80,927,847,64,248,184,64,2976,39
97,131,34,110,310,200,128,136,8,103,335,232,112,441,329,112,727,615,80,248,168,88,2416,39
96,184,88,112,104,-8,104,160,56,120,387,267,85,326,241,113,312,199,87,216,129,95,1784,39
104,184,80,122,87,-35,136,168,32,120,296,176,106,513,407,135,336,201,79,256,177,71,1911,39
88,160,72,104,168,64,88,192,104,113,472,359,80,280,200,120,272,152,72,248,176,104,1896,39
88,200,112,107,89,-18,111,191,80,112,336,224,80,392,312,104,304,200,56,216,160,104,1832,39
88,184,96,113,88,-25,104,192,88,96,392,296,88,392,304,96,208,112,64,248,184,88,1792,39
80,152,72,97,72,-25,120,176,56,104,328,224,72,440,368,113,312,199,72,251,179,76,1807,39
104,185,81,103,87,-16,128,152,24,88,512,424,56,297,241,87,287,200,80,224,144,88,1832,39
86,222,136,120,88,-32,144,152,8,80,280,200,80,320,240,120,336,216,88,208,120,88,1694,39
104,208,104,130,96,-34,120,176,56,105,352,247,72,352,280,121,296,175,72,215,143,97,1792,39
71,184,113,121,104,-17,120,144,24,104,352,248,80,296,216,104,304,200,96,208,112,72,1664,39
94,246,152,80,48,-32,137,136,-1,112,336,224,88,704,616,136,144,8,72,592,520,104,2310,39
80,256,176,115,81,-34,143,175,32,88,416,328,64,440,376,96,560,464,88,249,161,63,2240,39
104,201,97,103,87,-16,136,144,8,96,392,296,80,440,360,113,160,47,80,224,144,79,1727,39
104,256,152,104,64,-40,128,144,16,104,305,201,98,359,261,114,272,158,72,257,185,79,1736,39
112,175,63,113,113,0,95,103,8,104,440,336,80,313,233,112,711,599,80,305,225,87,2247,39
80,289,209,122,79,-43,144,168,24,96,336,240,104,376,272,80,224,144,72,280,208,113,1865,39
79,183,104,145,113,-32,127,143,16,104,385,281,79,392,313,127,543,416,88,200,112,104,2063,39
88,248,160,184,168,-16,104,145,41,127,359,232,73,312,239,96,392,296,72,184,112,56,1864,39
80,168,88,113,81,-32,119,135,16,113,330,217,79,383,304,103,263,160,88,280,192,80,1720,39
80,145,65,111,95,-16,112,152,40,81,497,416,80,271,191,104,384,280,64,273,209,71,1888,39
88,177,89,135,87,-48,129,136,7,104,378,274,73,326,253,113,336,223,72,201,129,111,1752,39
87,159,72,144,114,-30,112,112,0,102,345,243,70,205,135,136,480,344,80,337,257,96,1848,39
96,161,65,103,72,-31,111,144,33,95,319,224,73,608,535,88,152,64,72,329,257,79,1864,39
81,185,104,120,103,-17,120,152,32,89,307,218,79,518,439,112,119,7,80,408,328,105,1897,39
104,191,87,144,152,8,121,105,-16,111,455,344,80,505,425,112,200,88,80,424,344,103,2135,39
104,183,79,104,64,-40,128,137,9,103,335,232,75,513,438,103,392,289,79,232,153,96,1952,39
119,248,129,119,88,-31,127,151,24,104,281,177,79,640,561,104,127,23,88,385,297,103,2023,39
89,240,151,129,96,-33,120,161,41,104,375,271,72,784,712,104,136,32,89,353,264,80,2225,39
102,199,97,79,40,-39,144,176,32,112,303,191,86,473,387,103,431,328,73,169,96,64,1855,39
89,184,95,153,153,0,95,840,745,88,320,232,79,335,256,96,249,153,80,168,88,104,2353,39
71,136,65,119,96,-23,119,111,-8,89,337,248,79,400,321,112,303,191,64,249,185,103,1735,39
96,151,55,136,80,-56,137,145,8,96,319,223,80,624,544,128,144,16,88,385,297,136,1984,39
95,151,56,114,73,-41,111,119,8,104,305,201,64,447,383,114,345,231,71,216,145,87,1743,39
87,200,113,143,112,-31,143,136,-7,104,920,816,87,303,216,105,393,288,63,192,129,79,2335,39
87,213,126,96,56,-40,136,143,7,89,313,224,64,336,272,112,376,264,80,208,128,103,1748,39
88,192,104,96,65,-31,127,168,41,104,247,143,73,401,328,129,248,119,88,144,56,103,1568,39
113,176,63,127,96,-31,127,152,25,144,344,200,71,447,376,128,368,240,80,240,160,72,1895,39
119,176,57,119,80,-39,144,151,7,128,385,257,79,432,353,112,608,496,88,216,128,80,2128,39
120,225,105,120,79,-41,136,193,57,113,312,199,79,304,225,128,376,248,80,207,127,73,1769,39
94,175,81,111,104,-7,128,135,7,105,913,808,63,375,312,89,256,167,64,200,136,88,2246,39
72,191,119,104,81,-23,104,120,16,104,320,216,71,472,401,130,216,86,80,352,272,95,1847,39
96,199,103,144,128,-16,121,145,24,135,432,297,79,288,209,112,392,280,80,208,128,80,1872,39
127,183,56,122,89,-33,136,168,32,80,368,288,88,384,296,130,336,206,80,304,224,104,1936,39
128,184,56,119,96,-23,127,120,-7,119,464,345,80,288,208,128,376,248,64,392,328,104,2024,39
104,175,71,121,105,-16,128,152,24,100,376,276,79,344,265,120,288,168,80,272,192,88,1800,39
80,192,112,112,104,-8,144,192,48,104,392,288,80,344,264,113,288,175,72,208,136,88,1808,39
128,160,32,135,128,-7,135,160,25,104,360,256,80,456,376,128,288,160,64,320,256,72,1944,39
88,168,80,112,96,-16,120,120,0,96,304,208,79,944,865,112,248,136,80,304,224,88,2272,39
103,167,64,131,104,-27,136,192,56,128,249,121,71,455,384,96,296,200,80,280,200,96,1839,39
72,136,64,151,144,-7,119,162,43,102,310,208,80,360,280,112,336,224,88,200,112,64,1712,39
112,208,96,113,104,-9,120,168,48,112,306,194,69,462,393,88,384,296,80,568,488,88,2288,39
72,136,64,151,136,-15,136,129,-7,103,383,280,80,336,256,104,472,368,80,288,208,72,1952,39
88,184,96,129,113,-16,143,150,7,114,705,591,96,311,215,105,353,248,80,159,79,105,2080,39
88,216,128,104,80,-24,136,160,24,104,328,224,72,600,528,114,264,150,88,176,88,104,1928,39
80,160,80,152,144,-8,128,184,56,105,944,839,72,288,216,88,584,496,71,296,225,104,2704,39
96,192,96,136,128,-8,128,160,32,104,304,200,80,472,392,113,312,199,80,208,128,88,1864,39
96,184,88,121,104,-17,128,144,16,112,368,256,79,360,281,113,256,143,64,232,168,104,1752,39
104,192,88,103,96,-7,128,168,40,104,328,224,81,392,311,112,200,88,88,224,136,104,1704,39
88,160,72,152,160,8,112,104,-8,112,672,560,96,200,104,112,472,360,80,400,320,113,2281,39
72,128,56,119,103,-16,113,137,24,104,1512,1408,80,336,256,127,399,272,64,305,241,72,2992,39
112,184,72,80,72,-8,87,151,64,114,321,207,72,456,384,96,296,200,80,232,152,87,1799,39
80,184,104,135,113,-22,112,127,15,111,1424,1313,96,1928,1832,113,144,31,64,200,136,96,4216,39
112,176,64,119,104,-15,120,130,10,110,486,376,80,312,232,104,616,512,64,384,320,80,2288,39
104,184,80,104,96,-8,96,128,32,96,368,272,84,296,212,104,336,232,80,248,168,80,1736,39
96,176,80,128,136,8,120,152,32,120,440,320,88,288,200,122,480,358,80,192,112,104,1968,39
105,248,143,104,88,-16,120,176,56,120,503,383,80,307,227,93,253,160,81,209,128,88,1872,39
113,240,127,113,80,-33,128,176,48,104,776,672,88,296,208,128,392,264,80,216,136,104,2280,39
104,200,96,128,96,-32,153,152,-1,112,456,344,113,256,143,96,400,304,104,232,128,88,1880,39
88,224,136,136,104,-32,153,152,-1,112,488,376,80,464,384,96,408,312,88,208,120,96,2144,39
104,200,96,136,72,-64,144,168,24,128,401,273,79,303,224,120,424,304,80,224,144,104,1896,39
88,224,136,112,80,-32,128,144,16,104,384,280,80,384,304,144,256,112,72,256,184,103,1831,39
120,256,136,128,104,-24,137,127,-10,105,585,480,80,304,224,104,432,328,87,256,169,96,2160,39
128,207,79,113,57,-56,160,216,56,113,336,223,80,456,376,104,416,312,88,408,320,104,2200,39
113,200,87,112,96,-16,104,144,40,97,272,175,88,512,424,120,336,216,88,232,144,120,1912,39
104,184,80,144,88,-56,144,160,16,120,400,280,88,312,224,144,368,224,80,208,128,104,1824,39
80,192,112,152,114,-38,126,118,-8,104,368,264,96,336,240,104,424,320,88,232,144,80,1864,39
80,184,104,128,96,-32,128,136,8,80,339,259,77,397,320,120,312,192,88,280,192,88,1832,39
104,344,240,168,136,-32,130,160,30,128,360,232,80,392,312,113,312,199,80,216,136,104,2024,39
113,336,223,176,144,-32,120,136,16,135,336,201,87,328,241,112,320,208,96,168,72,104,1872,39
112,552,440,128,104,-24,145,136,-9,104,688,584,80,248,168,96,552,456,88,232,144,96,2608,39
104,208,104,129,113,-16,135,167,32,104,296,192,88,376,288,104,1232,1128,104,736,632,128,3256,39
128,136,8,176,160,-16,96,153,57,119,671,552,88,944,856,128,280,152,80,280,200,128,2752,39
105,153,48,151,312,161,103,191,88,130,288,158,80,336,256,104,392,288,104,200,96,96,1968,39
104,201,97,136,111,-25,120,152,32,112,297,185,79,367,288,113,424,311,104,280,176,136,1968,39
128,296,168,152,104,-48,131,201,70,143,239,96,56,433,377,103,432,329,95,247,152,104,2056,39
103,463,360,137,97,-40,143,215,72,152,200,48,80,408,328,120,361,241,79,312,233,103,2159,39
112,184,72,153,136,-17,130,144,14,112,376,264,80,344,264,128,593,465,87,159,72,128,2064,39
104,160,56,136,128,-8,120,176,56,106,384,278,88,401,313,112,367,255,88,257,169,119,1992,39
111,240,129,159,135,-24,129,168,39,114,336,222,88,448,360,113,537,424,78,383,305,80,2327,39
95,191,96,121,104,-17,121,144,23,104,465,361,102,336,234,119,303,184,80,208,128,96,1847,39
80,208,128,97,97,0,119,143,24,88,297,209,96,271,175,104,632,528,104,312,208,96,2056,39
104,201,97,136,80,-56,127,136,9,95,336,241,79,422,343,128,489,361,80,249,169,87,2000,39
104,168,64,120,113,-7,104,121,17,94,670,576,104,385,281,95,496,401,71,168,97,113,2234,39
57,89,32,120,94,-26,90,267,177,72,2257,2185,56,1439,1383,112,105,-7,87,240,153,87,4578,43
80,113,33,135,71,-64,144,248,104,88,1560,1472,56,1016,960,129,112,-17,113,144,31,104,3368,43
80,104,24,120,80,-40,120,224,104,72,296,224,56,816,760,128,128,0,104,240,136,80,1968,43
96,104,8,144,80,-64,120,256,136,88,360,272,56,456,400,104,496,392,56,736,680,72,2560,43
113,112,-1,184,128,-56,113,376,263,88,345,257,55,918,863,105,120,15,97,385,288,103,2487,43
106,89,-17,176,120,-56,136,240,104,96,401,305,27,475,448,113,128,15,96,577,481,111,2141,43
113,104,-9,144,104,-40,112,264,152,96,248,152,80,688,608,113,104,-9,72,528,456,104,2144,43
104,113,9,151,111,-40,128,209,81,103,383,280,88,824,736,120,104,-16,88,392,304,112,2248,43
80,112,32,144,88,-56,120,696,576,80,1064,984,64,787,723,109,101,-8,72,624,552,104,3576,43
136,144,8,184,128,-56,113,296,183,72,1000,928,40,344,304,96,472,376,56,128,72,128,2640,43
103,95,-8,160,104,-56,104,368,264,88,1192,1104,80,616,536,113,105,-8,63,248,185,122,2850,43
119,80,-39,168,112,-56,119,240,121,103,544,441,79,1192,1113,151,136,-15,96,360,264,122,2786,43
120,64,-56,176,112,-64,122,232,110,104,825,721,72,376,304,88,80,-8,112,256,144,88,2033,43
96,80,-16,136,80,-56,144,208,64,88,328,240,64,392,328,114,105,-9,64,320,256,88,1601,43
73,72,-1,144,112,-32,113,176,63,81,264,183,64,401,337,87,104,17,79,288,209,88,1505,43
87,95,8,153,104,-49,137,257,120,80,216,136,72,376,304,80,104,24,72,992,920,160,2304,43
113,120,7,145,89,-56,135,232,97,64,184,120,72,504,432,112,104,-8,96,392,296,88,1713,43
87,80,-7,136,88,-48,129,216,87,63,392,329,104,680,576,104,96,-8,88,377,289,151,2080,43
96,64,-32,160,120,-40,120,216,96,80,256,176,80,488,408,130,736,606,40,439,399,114,2433,43
96,104,8,136,80,-56,136,296,160,64,752,688,63,528,465,79,64,-15,80,304,224,80,2208,43
104,104,0,135,95,-40,144,248,104,72,297,225,63,423,360,107,88,-19,72,752,680,120,2127,43
115,56,-59,184,128,-56,128,201,73,86,199,113,88,376,288,95,136,41,56,376,320,104,1576,43
114,81,-33,168,120,-48,128,200,72,73,240,167,80,480,400,104,184,80,72,624,552,112,2041,43
122,111,-11,152,105,-47,87,168,81,122,952,830,72,424,352,111,80,-31,112,320,208,130,2290,43
121,81,-40,184,111,-73,145,224,79,114,881,767,64,328,264,111,200,89,80,448,368,95,2368,43
113,80,-33,176,111,-65,129,233,104,104,648,544,64,416,352,105,88,-17,72,360,288,88,2024,43
112,80,-32,192,120,-72,144,208,64,88,352,264,72,472,400,152,176,24,122,1208,1086,113,2729,43
103,80,-23,152,112,-40,104,145,41,79,592,513,39,407,368,104,96,-8,72,272,200,88,1792,43
136,104,-32,168,96,-72,161,192,31,80,697,617,64,969,905,104,104,0,71,328,257,104,2594,43
122,104,-18,167,104,-63,119,223,104,80,409,329,79,448,369,87,151,64,57,312,255,114,1865,43
159,95,-64,181,113,-68,143,264,121,88,664,576,80,776,696,144,544,400,63,48,-15,144,2648,43
169,121,-48,192,128,-64,163,201,38,94,343,249,80,1208,1128,104,128,24,64,336,272,128,2593,43
145,104,-41,184,120,-64,152,192,40,93,728,635,72,368,296,120,128,8,72,280,208,136,2056,43
136,80,-56,176,120,-56,136,224,88,91,704,613,80,400,320,111,88,-23,80,264,184,104,1984,43
128,104,-24,192,136,-56,136,224,88,104,728,624,64,408,344,129,112,-17,88,360,272,113,2185,43
120,80,-40,160,96,-64,144,232,88,96,313,217,79,295,216,114,104,-10,64,656,592,136,1912,43
119,79,-40,184,105,-79,143,248,105,63,241,178,71,351,280,103,112,9,87,256,169,103,1495,43
112,55,-57,176,121,-55,135,232,97,88,297,209,71,319,248,143,162,19,77,270,193,96,1552,43
112,80,-32,192,128,-64,144,231,87,89,257,168,88,296,208,144,240,96,71,256,185,151,1639,43
136,96,-40,216,176,-40,168,1088,920,130,552,422,64,272,208,168,248,80,56,384,328,112,2928,43
146,104,-42,232,152,-80,168,320,152,88,424,336,88,784,696,120,128,8,56,175,119,115,2202,43
112,72,-40,160,104,-56,122,196,74,85,260,175,88,440,352,121,104,-17,72,272,200,96,1544,43
144,152,8,160,104,-56,121,184,63,96,720,624,56,184,128,113,128,15,72,368,296,128,1968,43
128,88,-40,176,120,-56,113,257,144,79,768,689,55,296,241,103,112,9,55,399,344,72,2112,43
114,80,-34,160,104,-56,130,200,70,64,689,625,79,255,176,120,113,-7,71,296,225,122,1859,43
119,72,-47,167,112,-55,135,184,49,79,736,657,63,675,612,164,181,17,104,144,40,135,2239,43
104,88,-16,176,120,-56,144,224,80,73,312,239,64,352,288,96,130,34,62,406,344,143,1775,43
122,80,-42,152,96,-56,136,208,72,64,265,201,79,255,176,103,144,41,64,1432,1368,88,2568,43
102,69,-33,161,113,-48,136,192,56,80,648,568,64,608,544,64,128,64,40,608,568,113,2479,43
104,113,9,143,87,-56,121,225,104,55,215,160,96,352,256,113,96,-17,80,288,208,104,1480,43
127,152,25,152,96,-56,136,239,103,89,713,624,72,416,344,96,80,-16,71,255,184,88,2039,43
90,81,-9,168,103,-65,145,168,23,108,937,829,72,480,408,87,64,-23,79,312,233,104,2249,43
81,57,-24,176,128,-48,111,143,32,89,665,576,64,712,648,135,176,41,79,383,304,88,2352,43
80,88,8,152,96,-56,120,176,56,88,848,760,56,424,368,104,256,152,64,264,200,122,2274,43
89,97,8,152,104,-48,128,160,32,80,360,280,80,720,640,128,344,216,80,232,152,144,2161,43
72,64,-8,160,96,-64,130,160,30,104,1064,960,80,536,456,80,120,40,80,680,600,136,2856,43
112,87,-25,127,72,-55,128,160,32,89,312,223,72,769,697,88,79,-9,72,328,256,80,1887,43
97,73,-24,175,120,-55,143,176,33,80,767,687,64,313,249,103,96,-7,95,335,240,88,1968,43
96,64,-32,168,120,-48,119,176,57,87,424,337,72,664,592,72,80,8,79,376,297,135,2039,43
99,80,-19,159,104,-55,125,183,58,105,697,592,63,344,281,112,119,7,113,361,248,80,1968,43
64,72,8,168,88,-80,136,256,120,96,319,223,105,841,736,95,80,-15,96,272,176,88,2016,43
130,112,-18,176,80,-96,168,208,40,113,1096,983,80,376,296,107,88,-19,88,312,224,88,2360,43
79,79,0,168,88,-80,104,241,137,80,816,736,72,480,408,107,88,-19,96,296,200,96,2184,43
111,88,-23,144,80,-64,144,184,40,88,680,592,72,400,328,104,120,16,80,336,256,88,1976,43
95,80,-15,144,88,-56,135,184,49,88,792,704,64,256,192,112,160,48,64,312,248,88,1960,43
127,104,-23,160,104,-56,128,207,79,65,2184,2119,65,841,776,104,114,10,78,295,217,95,3944,43
128,113,-15,143,95,-48,123,192,69,104,792,688,80,1936,1856,144,96,-48,112,256,144,96,3576,43
111,88,-23,159,104,-55,95,184,89,79,615,536,65,521,456,136,88,-48,87,304,217,80,1984,43
88,96,8,168,103,-65,128,265,137,82,312,230,80,807,727,121,152,31,104,257,153,72,2064,43
152,95,-57,185,128,-57,121,345,224,72,344,272,71,1688,1617,120,112,-8,88,256,168,64,3032,43
80,88,8,152,80,-72,128,192,64,80,248,168,88,320,232,120,640,520,72,168,96,88,1824,43
87,63,-24,176,136,-40,96,168,72,88,296,208,104,400,296,113,104,-9,72,264,192,72,1503,43
103,96,-7,168,104,-64,120,195,75,86,285,199,80,455,375,115,176,61,97,281,184,104,1696,43
96,72,-24,168,112,-56,113,144,31,80,656,576,64,448,384,64,80,16,80,232,152,96,1840,43
120,113,-7,159,95,-64,128,280,152,104,584,480,56,315,259,126,108,-18,93,257,164,96,1848,43
97,80,-17,176,120,-56,104,192,88,88,304,216,65,424,359,114,104,-10,72,296,224,80,1600,43
104,88,-16,136,192,56,96,176,80,96,737,641,63,823,760,104,96,-8,96,265,169,79,2456,43
73,56,-17,120,201,81,87,167,80,81,265,184,63,375,312,137,137,0,87,296,209,79,1576,43
116,88,-28,171,111,-60,128,880,752,89,129,40,71,520,449,96,104,8,72,304,232,88,2224,43
71,80,9,168,128,-40,103,175,72,89,345,256,64,552,488,121,104,-17,80,256,176,104,1744,43
127,96,-31,168,120,-48,104,1176,1072,80,96,16,88,704,616,95,88,-7,96,256,160,88,2624,43
113,104,-9,136,96,-40,96,176,80,104,296,192,80,424,344,128,168,40,96,288,192,80,1632,43
113,104,-9,172,175,3,88,856,768,81,161,80,80,312,232,104,113,9,79,351,272,79,2151,43
104,96,-8,192,128,-64,119,224,105,88,872,784,72,400,328,112,113,1,63,263,200,95,2191,43
89,88,-1,176,111,-65,120,186,66,102,279,177,79,352,273,112,104,-8,87,336,249,73,1529,43
96,104,8,167,137,-30,112,216,104,87,367,280,80,1096,1016,88,144,56,72,184,112,88,2336,43
168,88,-80,176,104,-72,136,104,-32,112,1128,1016,80,568,488,104,80,-24,96,224,128,120,2416,43
128,72,-56,160,96,-64,144,146,2,102,206,104,72,440,368,144,96,-48,96,216,120,80,1352,43
120,81,-39,168,111,-57,128,136,8,112,352,240,80,456,376,130,97,-33,127,319,192,112,1664,43
107,87,-20,152,104,-48,104,136,32,112,280,168,89,448,359,104,64,-40,96,224,128,104,1447,43
104,106,2,134,62,-72,136,176,40,88,232,144,72,328,256,128,96,-32,80,224,144,104,1328,43
103,87,-16,145,72,-73,144,192,48,80,200,120,96,392,296,104,107,3,93,197,104,112,1359,43
120,123,3,149,85,-64,128,152,24,112,224,112,105,344,239,128,104,-24,106,320,214,160,1512,43
136,112,-24,168,95,-73,153,154,1,127,183,56,97,448,351,144,120,-24,111,256,145,88,1456,43
120,64,-56,152,88,-64,128,130,2,118,222,104,96,432,336,120,96,-24,95,216,121,81,1329,43
112,114,2,134,62,-72,136,168,32,88,200,112,96,328,232,104,106,2,94,246,152,128,1352,43
136,138,2,158,86,-72,144,148,4,108,572,464,72,248,176,160,224,64,80,656,576,104,2176,43
88,91,3,149,85,-64,129,104,-25,96,1080,984,80,184,104,112,240,128,64,480,416,144,2408,43
120,72,-48,136,64,-72,160,162,2,110,206,96,96,280,184,104,107,3,93,325,232,96,1312,43
119,120,1,144,73,-71,151,166,15,113,905,792,88,232,144,112,114,2,62,278,216,72,1960,43
72,88,16,144,72,-72,145,149,4,75,171,96,72,344,272,104,106,2,78,590,512,72,1592,43
72,112,40,160,80,-80,143,136,-7,113,240,127,88,360,272,104,108,4,92,228,136,104,1368,43
144,72,-72,207,144,-63,152,154,2,110,302,192,88,304,216,168,864,696,72,112,40,120,2072,43
161,163,2,157,85,-72,200,203,3,93,253,160,96,408,312,128,80,-48,96,288,192,136,1616,43
168,519,351,137,97,-40,136,139,3,125,653,528,72,232,160,120,80,-40,88,288,200,80,2088,43
112,255,143,129,72,-57,154,156,2,101,589,488,80,368,288,96,80,-16,96,264,168,96,1880,43
136,88,-48,168,112,-56,136,137,1,79,215,136,72,416,344,104,106,2,94,182,88,88,1344,43
112,115,3,149,76,-73,146,177,31,88,1296,1208,72,160,88,112,114,2,78,310,232,96,2344,43
112,88,-24,152,80,-72,129,88,-41,88,600,512,72,208,136,112,136,24,96,232,136,96,1528,43
104,106,2,142,94,-48,120,122,2,78,622,544,88,160,72,120,122,2,86,230,144,80,1536,43
88,91,3,140,93,-47,128,131,3,77,245,168,88,217,129,127,343,216,88,360,272,128,1608,43
87,90,3,141,85,-56,128,104,-24,88,208,120,88,224,136,120,122,2,78,198,120,97,1128,43
63,79,16,152,112,-40,113,136,23,72,696,624,89,152,63,96,144,48,72,280,208,112,1711,43
96,99,3,133,61,-72,136,139,3,85,213,128,88,296,208,104,108,4,68,252,184,87,1255,43
112,115,3,133,69,-64,152,154,2,94,302,208,72,232,160,97,112,15,80,208,128,89,1281,43
88,112,24,153,96,-57,128,168,40,72,224,152,80,224,144,96,128,32,80,248,168,80,1280,43
136,104,-32,152,96,-56,128,192,64,96,616,520,72,184,112,112,115,3,85,261,176,88,1656,43
128,111,-17,161,90,-71,151,183,32,88,264,176,72,328,256,103,89,-14,103,415,312,88,1568,43
104,120,16,136,64,-72,144,184,40,79,240,161,104,248,144,95,152,57,88,256,168,96,1360,43
96,120,24,136,80,-56,152,152,0,80,224,144,128,296,168,96,136,40,96,344,248,96,1448,43
56,88,32,176,136,-40,136,140,4,68,292,224,89,416,327,120,544,424,87,104,17,152,1872,43
112,113,1,151,95,-56,160,163,3,109,244,135,105,233,128,112,160,48,88,224,136,88,1320,43
128,130,2,166,110,-56,144,168,24,88,288,200,96,440,344,112,114,2,118,230,112,96,1576,43
128,130,2,158,102,-56,152,184,32,104,704,600,88,352,264,104,107,3,77,269,192,88,1936,43
80,105,25,143,87,-56,128,130,2,78,230,152,120,312,192,104,106,2,78,238,160,88,1296,43
96,99,3,117,69,-48,144,145,1,79,255,176,96,288,192,144,147,3,85,341,256,88,1432,43
71,95,24,136,88,-48,120,96,-24,72,448,376,77,184,107,136,336,200,96,416,320,144,1807,43
120,122,2,150,95,-55,135,136,1,55,311,256,85,256,171,112,136,24,96,288,192,96,1440,43
95,97,2,144,71,-73,136,152,16,104,272,168,88,304,216,120,152,32,89,240,151,88,1376,43
120,48,-72,168,144,-24,176,200,24,80,272,192,88,256,168,112,192,80,104,184,80,96,1392,43
88,112,24,152,88,-64,144,146,2,86,687,601,63,279,216,104,152,48,88,256,168,112,1832,43
96,71,-25,177,97,-80,169,170,1,85,990,905,89,184,95,128,592,464,88,263,175,113,2480,43
98,99,1,134,86,-48,112,115,3,77,605,528,72,207,135,137,233,96,96,272,176,80,1697,43
144,89,-55,151,80,-71,127,103,-24,112,528,416,88,448,360,128,95,-33,97,274,177,81,1698,43
120,104,-16,160,88,-72,160,162,2,94,326,232,88,271,183,113,137,24,104,264,160,80,1432,43
120,88,-32,160,88,-72,151,224,73,103,440,337,64,504,440,95,112,17,88,200,112,96,1752,43
112,113,1,151,87,-64,152,128,-24,112,320,208,72,288,216,144,320,176,80,232,152,88,1576,43
121,88,-33,176,112,-64,144,146,2,86,630,544,80,199,119,130,162,32,79,247,168,80,1664,43
128,112,-16,171,96,-75,152,192,40,80,488,408,80,320,240,112,96,-16,96,352,256,88,1744,43
120,72,-48,176,112,-64,144,168,24,88,568,480,88,216,128,120,152,32,88,320,232,88,1696,43
104,106,2,126,54,-72,168,184,16,112,232,120,96,648,552,112,128,16,120,456,336,96,1904,43
112,114,2,102,46,-56,160,176,16,88,248,160,80,544,464,136,152,16,144,400,256,112,1792,43
145,96,-49,168,96,-72,176,178,2,110,230,120,96,345,249,104,105,1,102,270,168,104,1424,43
120,104,-16,144,72,-72,161,184,23,96,216,120,97,240,143,128,152,24,105,280,175,96,1344,43
152,64,-88,160,90,-70,150,198,48,88,936,848,88,432,344,96,88,-8,121,296,175,96,2200,43
152,112,-40,160,81,-79,151,223,72,88,1144,1056,88,176,88,136,160,24,103,424,321,80,2400,43
112,114,2,134,54,-80,184,186,2,102,231,129,111,280,169,127,247,120,112,432,320,96,1640,43
145,80,-65,160,96,-64,152,154,2,102,326,224,88,280,192,120,144,24,112,232,120,96,1408,43
152,80,-72,168,96,-72,136,168,32,80,656,576,88,672,584,112,88,-24,89,424,335,112,2296,43
168,88,-80,184,112,-72,160,192,32,128,336,208,88,368,280,120,122,2,94,270,176,96,1584,43
96,80,-16,112,152,40,111,152,41,80,248,168,88,200,112,144,296,152,88,200,112,88,1416,43
112,80,-32,175,119,-56,137,161,24,96,520,424,80,232,152,120,144,24,104,304,200,128,1688,43
128,88,-40,168,96,-72,136,112,-24,104,824,720,80,496,416,120,96,-24,80,264,184,80,2056,43
112,88,-24,152,96,-56,119,192,73,128,335,207,89,385,296,112,113,1,79,279,200,104,1592,43
120,121,1,151,79,-72,128,160,32,96,400,304,80,584,504,120,123,3,77,293,216,72,1832,43
128,80,-48,152,96,-56,152,184,32,112,360,248,96,448,352,104,88,-16,104,312,208,72,1640,43
128,131,3,141,61,-80,160,208,48,112,504,392,88,360,272,128,130,2,110,270,160,104,1768,43
111,96,-15,128,80,-48,160,184,24,88,408,320,88,272,184,96,144,48,80,240,160,80,1504,43
80,112,32,127,72,-55,184,224,40,96,288,192,88,184,96,144,216,72,88,216,128,104,1416,43
167,135,-32,168,104,-64,144,1376,1232,89,624,535,80,312,232,104,105,1,71,255,184,88,2999,43
120,123,3,117,69,-48,136,184,48,80,384,304,56,416,360,104,107,3,85,229,144,80,1592,43
88,112,24,96,48,-48,144,200,56,72,288,216,80,241,161,199,335,136,96,488,392,96,1808,43
136,96,-40,160,88,-72,152,154,2,86,614,528,80,200,120,120,720,600,73,320,247,96,2288,43
120,122,2,95,38,-57,168,232,64,104,216,112,81,432,351,144,147,3,93,836,743,106,2129,43
96,97,1,151,87,-64,144,208,64,112,240,128,88,448,360,112,96,-16,120,464,344,136,1776,43
144,96,-48,152,88,-64,144,146,2,86,590,504,55,496,441,112,114,2,78,382,304,136,2048,43
127,103,-24,152,88,-64,152,155,3,109,701,592,80,544,464,96,97,1,119,319,200,120,2127,43
176,120,-56,152,72,-80,160,208,48,112,768,656,80,176,96,136,200,64,80,344,264,96,1984,43
128,113,-15,159,87,-72,152,154,2,110,606,496,88,328,240,128,624,496,80,248,168,80,2240,43
113,115,2,133,70,-63,128,168,40,80,544,464,72,192,120,136,840,704,80,168,88,128,2225,43
129,131,2,142,94,-48,136,160,24,96,320,224,72,232,160,120,160,40,104,264,160,104,1465,43
112,88,-24,136,88,-48,128,209,81,111,327,216,88,328,240,104,128,24,88,248,160,96,1512,43
96,72,-24,176,112,-64,152,176,24,96,368,272,88,240,152,120,160,40,80,296,216,88,1512,43
104,88,-16,168,111,-57,129,185,56,112,328,216,81,288,207,128,520,392,80,200,120,96,1816,43
111,88,-23,152,112,-40,128,184,56,96,248,152,96,399,303,97,129,32,96,216,120,136,1512,43
112,114,2,134,78,-56,120,122,2,78,453,375,89,417,328,104,56,-48,104,312,208,64,1616,43
112,96,-16,136,112,-24,136,232,96,113,528,415,80,448,368,89,104,15,80,384,304,97,2001,43
104,107,3,149,101,-48,120,160,40,80,280,200,80,440,360,104,106,2,102,326,224,96,1616,43
104,72,-32,160,112,-48,128,184,56,88,256,168,88,248,160,120,168,48,96,272,176,96,1408,43
104,64,-40,136,88,-48,144,496,352,88,216,128,88,376,288,112,114,2,94,263,169,111,1728,43
104,107,3,141,93,-48,120,840,720,80,120,40,96,376,280,129,216,87,80,288,208,96,2136,43
104,106,2,128,118,-10,121,192,71,80,280,200,88,352,264,144,257,113,79,239,160,72,1616,43
88,112,24,120,73,-47,127,463,336,103,136,33,96,416,320,104,144,40,104,288,184,96,1728,43
79,81,2,134,86,-48,136,192,56,80,224,144,88,448,360,104,177,73,111,391,280,104,1703,43
120,96,-24,152,96,-56,136,138,2,86,390,304,72,808,736,104,80,-24,112,280,168,96,1984,43
128,96,-32,160,104,-56,120,145,25,103,287,184,72,384,312,96,97,1,95,532,437,98,1743,43
112,88,-24,136,64,-72,143,145,2,95,207,112,95,448,353,96,98,2,69,238,169,104,1392,43
104,106,2,110,62,-48,136,138,2,78,182,104,104,247,143,129,130,1,87,351,264,72,1288,43
129,131,2,142,70,-72,144,146,2,110,278,168,88,487,399,120,122,2,87,231,144,80,1545,43
88,90,2,117,62,-55,136,152,16,88,192,104,112,232,120,119,288,169,88,688,600,88,1792,43
96,80,-16,160,88,-72,152,153,1,95,231,136,88,216,128,128,160,32,95,296,201,80,1304,43
111,114,3,118,62,-56,144,145,1,79,159,80,128,192,64,128,176,48,112,255,143,97,1200,43
96,97,1,135,79,-56,136,138,2,110,198,88,96,248,152,112,576,464,80,336,256,104,1776,43
80,82,2,150,94,-56,120,122,2,94,174,80,128,304,176,105,128,23,88,217,129,95,1216,43
72,74,2,150,94,-56,112,136,24,72,160,88,112,328,216,136,280,144,88,648,560,96,1816,43
80,89,9,151,87,-64,136,120,-16,89,224,135,96,336,240,112,136,24,80,224,144,88,1304,43
56,72,16,151,112,-39,112,144,32,126,184,58,104,392,288,120,159,39,104,241,137,80,1384,43
105,106,1,127,71,-56,136,159,23,73,177,104,96,263,167,121,169,48,88,184,96,104,1233,43
96,98,2,134,90,-44,101,132,31,72,168,96,112,295,183,121,145,24,88,240,152,64,1232,43
96,98,2,134,94,-40,112,128,16,72,152,80,104,280,176,113,159,46,105,329,224,79,1319,43
95,96,1,143,71,-72,136,137,1,71,191,120,88,168,80,113,168,55,88,176,88,88,1095,43
89,112,23,120,72,-48,128,130,2,86,463,377,71,279,208,120,232,112,80,384,304,64,1736,43
104,80,-24,168,112,-56,104,106,2,93,774,681,120,752,632,96,120,24,120,208,88,111,2263,43
120,96,-24,144,96,-48,120,50,-70,71,246,175,88,224,136,120,144,24,72,184,112,88,1128,43
88,112,24,136,80,-56,119,121,2,79,191,112,72,2312,2240,104,129,25,87,206,119,89,3240,43
87,90,3,150,95,-55,127,129,2,102,238,136,96,280,184,112,152,40,96,184,88,96,1264,43
104,105,1,159,103,-56,128,130,2,94,230,136,80,208,128,88,136,48,89,168,79,112,1192,43
80,105,25,151,119,-32,104,105,1,71,183,112,104,168,64,104,168,64,96,176,80,88,1112,43
96,97,1,135,95,-40,120,96,-24,72,264,192,80,344,264,88,104,16,96,200,104,88,1288,43
72,74,2,142,102,-40,120,96,-24,80,192,112,111,192,81,104,152,48,96,184,88,96,1088,43
64,66,2,134,70,-64,136,138,2,78,174,96,112,200,88,104,152,48,96,176,80,88,1064,43
96,80,-16,184,144,-40,128,130,2,70,334,264,88,232,144,112,296,184,72,232,160,121,1569,43
112,88,-24,152,96,-56,153,168,15,104,2520,2416,113,1015,902,105,107,2,63,262,199,56,4312,43
80,82,2,134,70,-64,129,130,1,70,182,112,121,200,79,128,200,72,80,192,112,96,1152,43
88,90,2,118,70,-48,136,138,2,78,158,80,97,200,103,96,128,32,72,217,145,79,1080,43
72,56,-16,160,112,-48,113,114,1,78,518,440,112,216,104,96,144,48,80,184,104,80,1424,43
88,90,2,150,86,-64,143,146,3,54,606,552,80,223,143,105,137,32,80,480,400,80,1848,43
88,104,16,136,72,-64,120,122,2,62,174,112,144,145,1,119,167,48,88,177,89,95,1056,43
96,97,1,151,103,-48,121,122,1,94,175,81,95,222,127,105,153,48,96,184,88,113,1169,43
96,98,2,150,95,-55,135,111,-24,96,1144,1048,96,440,344,96,98,2,86,271,185,71,2328,43
112,80,-32,144,88,-56,136,152,16,72,160,88,120,200,80,104,160,56,80,232,152,112,1184,43
120,121,1,151,87,-64,136,168,32,80,208,128,113,184,71,104,136,32,80,192,112,88,1184,43
104,56,-48,160,120,-40,128,152,24,80,136,56,112,168,56,96,136,40,88,184,96,88,1040,43
88,72,-16,152,96,-56,129,130,1,94,166,72,96,176,80,96,160,64,104,240,136,87,1127,43
89,56,-33,152,104,-48,120,144,24,56,128,72,119,232,113,96,97,1,102,191,89,96,1048,43
96,98,2,142,94,-48,128,130,2,70,246,176,72,336,264,120,122,2,94,286,192,96,1408,43
104,72,-32,168,112,-56,144,145,1,71,175,104,112,200,88,112,113,1,95,215,120,112,1144,43
72,74,2,149,110,-39,136,112,-24,88,192,104,120,160,40,128,440,312,80,192,112,88,1368,43
144,104,-40,160,112,-48,128,130,2,94,798,704,55,320,265,112,114,2,94,462,368,104,2144,43
88,90,2,117,70,-47,144,146,2,54,158,104,96,240,144,88,112,24,96,184,88,88,1088,43
72,74,2,150,94,-56,128,130,2,70,158,88,112,400,288,104,106,2,110,182,72,95,1239,43
88,90,2,126,70,-56,144,160,16,80,304,224,128,344,216,104,106,2,78,198,120,96,1368,43
56,80,24,160,88,-72,152,128,-24,104,391,287,121,289,168,127,130,3,86,198,112,112,1416,43
88,88,0,120,63,-57,146,147,1,94,190,96,104,184,80,111,143,32,97,153,56,96,1064,43
80,82,2,136,87,-49,135,119,-16,72,199,127,113,160,47,89,137,48,96,184,88,120,1088,43
87,71,-16,137,89,-48,136,192,56,96,344,248,136,728,592,96,98,2,126,190,64,128,1840,43
136,80,-56,169,71,-98,169,171,2,71,174,103,136,208,72,96,112,16,104,192,88,104,1112,43
104,80,-24,144,80,-64,144,146,2,86,150,64,120,184,64,120,176,56,128,200,72,112,1128,43
120,80,-40,160,80,-80,160,161,1,95,175,80,104,272,168,113,144,31,96,272,176,88,1272,43
96,72,-24,144,72,-72,145,152,7,80,151,71,129,201,72,120,184,64,88,256,168,112,1200,43
80,83,3,148,77,-71,143,128,-15,88,176,88,112,136,24,96,176,80,81,144,63,120,1040,43
104,72,-32,168,104,-64,144,146,2,86,160,74,102,174,72,96,120,24,112,224,112,120,1120,43
104,64,-40,160,96,-64,144,145,1,71,471,400,96,120,24,112,224,112,88,240,152,104,1464,43
128,88,-40,160,96,-64,144,145,1,87,150,63,121,161,40,104,168,64,96,208,112,128,1144,43
88,56,-32,160,96,-64,144,146,2,86,238,152,136,320,184,120,192,72,88,248,160,112,1408,43
88,90,2,126,70,-56,136,138,2,78,182,104,112,176,64,104,128,24,104,216,112,112,1112,43
95,96,1,143,71,-72,144,146,2,70,174,104,104,216,112,131,132,1,100,340,240,40,1215,43
104,64,-40,168,112,-56,152,128,-24,96,224,128,128,208,80,120,122,2,94,222,128,96,1176,43
96,97,1,191,143,-48,136,96,-40,96,472,376,64,288,224,120,144,24,113,265,152,103,1608,43
104,106,2,134,70,-64,160,176,16,88,184,96,104,880,776,128,104,-24,120,584,464,88,2192,43
104,88,-16,128,72,-56,152,120,-32,112,216,104,112,376,264,113,144,31,112,368,256,88,1472,43
112,114,2,118,55,-63,143,145,2,69,246,177,112,272,160,104,352,248,89,216,127,96,1496,43
111,96,-15,136,96,-40,128,130,2,94,534,440,112,920,808,104,88,-16,104,248,144,104,2216,43
96,80,-16,128,72,-56,144,145,1,87,247,160,120,384,264,120,121,1,95,287,192,96,1432,43
96,72,-24,144,88,-56,128,129,1,87,230,143,65,601,536,104,106,2,94,190,96,88,1504,43
120,104,-16,144,80,-64,128,129,1,71,183,112,104,176,72,112,176,64,88,232,144,80,1160,43
119,121,2,119,55,-64,144,145,1,94,207,113,104,176,72,112,168,56,96,192,96,121,1185,43
120,121,1,135,72,-63,143,145,2,95,191,96,95,551,456,104,136,32,95,264,169,96,1576,43
112,88,-24,143,88,-55,127,151,24,90,169,79,113,248,135,96,112,16,104,216,112,88,1160,43
112,114,2,134,86,-48,128,130,2,101,190,89,137,551,414,145,185,40,136,200,64,128,1584,43
120,72,-48,159,88,-71,152,154,2,110,238,128,104,776,672,112,320,208,80,272,192,112,2032,43
136,104,-32,127,80,-47,144,128,-16,104,528,424,111,368,257,95,183,88,89,209,120,112,1712,43
136,80,-56,144,88,-56,145,146,1,110,214,104,97,168,71,136,168,32,112,240,128,112,1216,43
135,96,-39,151,80,-71,160,176,16,120,1520,1400,81,432,351,128,96,-32,105,240,135,111,2751,43
96,128,32,136,55,-81,153,129,-24,104,312,208,112,176,64,144,200,56,96,232,136,112,1344,43
153,81,-72,152,96,-56,152,154,2,102,182,80,120,192,72,128,152,24,96,231,135,122,1210,43
112,72,-40,136,63,-73,177,178,1,119,175,56,152,224,72,128,130,2,111,270,159,88,1200,43
128,88,-40,144,104,-40,160,162,2,126,222,96,128,288,160,120,136,16,120,208,88,120,1328,43
137,72,-65,168,88,-80,160,162,2,86,182,96,120,184,64,128,224,96,96,224,128,95,1231,43
120,88,-32,184,112,-72,160,161,1,127,575,448,104,232,128,111,114,3,110,230,120,88,1600,43
104,64,-40,136,88,-48,152,154,2,86,382,296,160,368,208,120,122,2,158,374,216,128,1680,43
120,88,-32,152,87,-65,137,162,25,87,487,400,112,216,104,128,130,2,95,190,95,112,1472,43
129,80,-49,152,96,-56,136,138,2,110,246,136,112,248,136,160,162,2,110,302,192,112,1384,43
136,79,-57,169,121,-48,144,120,-24,112,248,136,112,1384,1272,120,104,-16,128,200,72,112,2368,43
152,113,-39,110,41,-69,150,190,40,128,130,2,198,694,496,128,129,1,143,223,80,144,1664,43
112,72,-40,152,88,-64,144,146,2,134,582,448,120,200,80,128,130,2,102,246,144,105,1569,43
119,71,-48,160,96,-64,137,160,23,111,114,3,134,206,72,120,152,32,128,216,88,128,1143,43
128,64,-64,176,112,-64,160,162,2,110,582,472,64,424,360,104,106,2,94,246,152,96,1792,43
160,120,-40,168,192,24,103,160,57,96,920,824,88,168,80,112,144,32,88,232,144,104,2040,43
103,104,1,135,71,-64,120,176,56,104,704,600,72,240,168,128,144,16,112,296,184,104,1839,43
128,96,-32,152,96,-56,128,130,2,95,254,159,96,160,64,144,304,160,80,240,160,104,1384,43
128,89,-39,151,111,-40,113,128,15,96,184,88,112,224,112,120,160,40,144,352,208,104,1352,43
127,79,-48,144,81,-63,126,263,137,120,808,688,96,208,112,96,264,168,73,288,215,88,2079,43
160,112,-48,184,816,632,88,144,56,112,488,376,80,154,74,102,142,40,96,168,72,104,2128,43
120,122,2,110,62,-48,137,138,1,94,798,704,80,184,104,112,368,256,80,240,160,88,2000,43
144,72,-72,192,112,-80,144,640,496,72,264,192,96,368,272,112,168,56,113,289,176,87,2000,43
160,113,-47,160,79,-81,152,176,24,112,176,64,128,409,281,104,72,-32,104,272,168,112,1409,43
119,96,-23,151,87,-64,136,138,2,94,159,65,112,279,167,144,121,-23,95,239,144,104,1223,43
95,79,-16,153,80,-73,129,153,24,104,135,31,120,385,265,159,128,-31,128,272,144,111,1343,43
111,113,2,134,71,-63,135,144,9,119,143,24,113,273,160,143,184,41,119,408,289,119,1455,43
113,115,2,150,94,-56,127,130,3,101,158,57,120,208,88,151,183,32,89,249,160,103,1240,43
112,113,1,102,55,-47,143,199,56,113,168,55,113,281,168,127,152,25,87,224,137,119,1311,43
103,87,-16,160,88,-72,144,146,2,102,150,48,113,200,87,144,146,2,79,206,127,136,1159,43
128,129,1,103,46,-57,137,161,24,95,136,41,95,240,145,119,121,2,86,230,144,112,1175,43
112,88,-24,152,87,-65,137,139,2,118,166,48,95,192,97,143,146,3,77,326,249,103,1247,43
87,90,3,126,77,-49,136,139,3,101,149,48,112,168,56,136,138,2,78,183,105,135,1079,43
119,95,-24,136,96,-40,120,123,3,85,150,65,111,168,57,135,160,25,103,495,392,104,1391,43
87,88,1,144,96,-48,151,152,1,96,136,40,127,200,73,135,137,2,94,239,145,136,1184,43
143,112,-31,161,96,-65,145,147,2,78,182,104,95,271,176,121,122,1,126,279,153,127,1336,43
120,96,-24,151,88,-63,127,129,2,103,183,80,95,184,89,111,113,2,86,167,81,120,1080,43
96,97,1,127,79,-48,127,120,-7,103,200,97,103,176,73,112,144,32,72,207,135,128,1151,43
96,72,-24,136,80,-56,128,130,2,85,150,65,96,184,88,144,146,2,102,182,80,119,1063,43
103,106,3,125,78,-47,119,122,3,117,165,48,96,201,105,128,130,2,85,342,257,111,1255,43
128,72,-56,167,96,-71,135,137,2,78,647,569,79,264,185,152,154,2,69,318,249,119,1807,43
111,72,-39,159,87,-72,137,113,-24,104,264,160,96,472,376,119,104,-15,103,232,129,95,1439,43
95,97,2,151,71,-80,152,153,1,63,143,80,112,168,56,95,136,41,87,176,89,95,1039,43
103,106,3,141,77,-64,144,146,2,78,143,65,103,167,64,113,115,2,77,206,129,120,1080,43
72,95,23,145,97,-48,112,128,16,95,223,128,97,512,415,112,153,41,96,240,144,87,1535,43
79,81,2,126,87,-39,112,114,2,69,142,73,112,208,96,104,106,2,78,237,159,112,1087,43
72,74,2,165,109,-56,136,139,3,94,142,48,112,191,79,120,124,4,84,197,113,96,1072,43
111,87,-24,152,88,-64,120,121,1,104,216,112,104,368,264,136,176,40,112,351,239,129,1536,43
122,81,-41,152,88,-64,145,146,1,94,206,112,97,240,143,144,161,17,79,240,161,96,1258,43
95,111,16,153,96,-57,129,105,-24,96,208,112,95,207,112,137,168,31,88,233,145,80,1208,43
80,112,32,135,80,-55,127,130,3,110,206,96,104,191,87,136,273,137,95,584,489,111,1687,43
87,144,57,151,88,-63,119,121,2,87,631,544,96,319,223,129,153,24,111,263,152,80,1799,43
120,97,-23,160,88,-72,104,106,2,69,590,521,79,296,217,111,159,48,88,240,152,120,1696,43
113,114,1,134,71,-63,119,144,25,87,143,56,104,224,120,120,136,16,88,201,113,95,1128,43
48,81,33,152,87,-65,136,140,4,92,237,145,87,200,113,111,223,112,89,200,111,104,1272,43
79,135,56,137,80,-57,120,121,1,72,503,431,105,248,143,136,241,105,106,272,166,127,1727,43
111,112,1,160,112,-48,112,592,480,79,248,169,87,247,160,120,169,49,95,240,145,95,1815,43
88,104,16,128,71,-57,136,185,49,72,120,48,95,280,185,128,130,2,85,301,216,81,1272,43
103,105,2,142,95,-47,120,121,1,95,190,95,96,361,265,127,144,17,120,279,159,96,1391,43
103,120,17,144,96,-48,128,104,-24,87,192,105,96,576,480,143,145,2,110,279,169,127,1639,43
103,88,-15,159,87,-72,136,139,3,70,222,152,120,200,80,127,272,145,104,391,287,76,1475,43
95,97,2,166,95,-71,136,144,8,88,160,72,103,232,129,111,584,473,104,127,23,120,1559,43
95,98,3,142,93,-49,128,131,3,93,262,169,120,200,80,143,256,113,80,255,175,88,1383,43
87,90,3,165,110,-55,112,487,375,81,185,104,95,256,161,120,160,40,111,272,161,119,1679,43
119,96,-23,175,103,-72,136,193,57,112,424,312,95,143,48,145,217,72,95,207,112,113,1496,43
151,152,1,135,56,-79,159,192,33,87,184,97,88,1000,912,103,112,9,120,240,120,96,2032,43
137,139,2,133,54,-79,159,162,3,110,230,120,96,311,215,145,147,2,110,302,192,128,1473,43
103,105,2,142,79,-63,136,152,16,104,207,103,97,201,104,136,160,24,104,216,112,96,1216,43
127,130,3,125,54,-71,135,137,2,87,183,96,103,183,80,136,168,32,88,232,144,105,1192,43
128,129,1,110,39,-71,159,162,3,102,166,64,120,200,80,111,159,48,88,200,112,121,1176,43
120,103,-17,144,73,-71,143,159,16,97,185,88,120,240,120,128,130,2,102,302,200,103,1295,43
104,106,2,166,102,-64,128,131,3,109,404,295,88,232,144,129,257,128,95,183,88,120,1535,43
127,96,-31,152,72,-80,151,153,2,94,151,57,127,216,89,128,167,39,96,264,168,88,1207,43
104,107,3,117,45,-72,152,169,17,103,295,192,96,201,105,127,159,32,89,240,151,96,1312,43
111,87,-24,145,72,-73,144,169,25,95,312,217,112,168,56,143,191,48,104,208,104,128,1335,43
119,96,-23,168,88,-80,159,161,2,95,151,56,95,184,89,143,145,2,102,350,248,113,1288,43
103,105,2,151,71,-80,144,168,24,72,264,192,104,160,56,128,208,80,79,263,184,96,1335,43
118,119,1,151,71,-80,145,147,2,69,262,193,111,184,73,128,160,32,79,207,128,104,1254,43
119,96,-23,175,104,-71,143,143,0,80,168,88,128,288,160,120,144,24,97,297,200,143,1383,43
119,119,0,184,121,-63,119,135,16,112,185,73,104,223,119,145,209,64,80,278,198,89,1359,43
119,95,-24,177,104,-73,144,169,25,112,168,56,127,1888,1761,144,103,-41,121,233,112,120,2880,43
96,81,-15,183,96,-87,167,152,-15,87,271,184,112,153,41,128,184,56,103,192,89,111,1240,43
113,115,2,165,78,-87,159,152,-7,80,200,120,111,143,32,129,185,56,103,208,105,112,1193,43
112,113,1,215,182,-33,104,81,-23,88,312,224,128,199,71,177,248,71,121,257,136,104,1496,43
96,99,3,158,86,-72,143,128,-15,64,184,120,120,231,111,176,241,65,95,207,112,137,1313,43
111,79,-32,193,121,-72,135,136,1,64,160,96,119,207,88,105,153,48,120,224,104,111,1191,43
145,177,32,128,71,-57,176,441,265,72,416,344,104,560,456,112,113,1,127,350,223,128,2256,43
112,89,-23,175,71,-104,177,179,2,78,173,95,129,321,192,119,151,32,121,345,224,127,1456,43
95,72,-23,184,96,-88,159,162,3,77,181,104,112,201,89,151,496,345,80,199,119,96,1503,43
105,106,1,151,79,-72,159,199,40,65,321,256,103,184,81,168,192,24,111,272,161,104,1457,43
119,122,3,173,77,-96,168,170,2,71,279,208,111,176,65,167,287,120,89,321,232,103,1535,43
103,106,3,206,158,-48,128,87,-41,89,241,152,128,168,40,127,296,169,79,303,224,121,1480,43
111,95,-16,168,113,-55,143,145,2,94,166,72,129,177,48,143,223,80,96,361,265,112,1392,43
101,102,1,143,72,-71,168,336,168,95,175,80,112,240,128,136,393,257,87,296,209,127,1741,43
96,119,23,145,64,-81,176,792,616,152,248,96,129,441,312,143,159,16,121,329,208,151,2303,43
112,81,-31,184,96,-88,184,872,688,95,176,81,112,352,240,143,183,40,120,265,145,135,2160,43
135,138,3,157,62,-95,192,194,2,126,230,104,135,271,136,136,139,3,109,262,153,120,1416,43
96,98,2,174,94,-80,159,161,2,55,167,112,111,207,96,145,169,24,111,247,136,136,1279,43
96,97,1,159,71,-88,160,184,24,87,768,681,95,184,89,144,146,2,102,278,176,103,1831,43
119,96,-23,175,103,-72,168,172,4,68,1020,952,96,367,271,122,123,1,94,383,289,135,2399,43
128,96,-32,161,96,-65,144,145,1,103,256,153,112,344,232,144,295,151,129,408,279,96,1736,43
120,122,2,150,85,-65,161,163,2,110,541,431,64,312,248,145,147,2,109,230,121,151,1751,43
128,129,1,159,103,-56,160,162,2,85,334,249,120,144,24,168,192,24,88,199,111,152,1415,43
119,96,-23,192,127,-65,152,158,6,90,771,681,104,760,656,128,130,2,110,405,295,128,2575,43
88,72,-16,184,111,-73,137,139,2,78,269,191,88,177,89,135,264,129,79,311,232,104,1447,43
88,72,-16,168,96,-72,151,128,-23,112,209,97,127,255,128,160,128,-32,128,240,112,135,1263,43
111,88,-23,151,72,-79,159,152,-7,103,296,193,111,224,113,152,153,1,95,238,143,121,1344,43
104,72,-32,152,88,-64,160,162,2,69,262,193,47,608,561,136,223,87,97,600,503,160,2175,43
177,129,-48,184,95,-89,193,194,1,142,206,64,144,1025,881,144,95,-49,152,264,112,104,2112,43
128,129,1,126,45,-81,201,203,2,102,318,216,96,872,776,120,89,-31,143,232,89,127,2015,43
119,80,-39,168,104,-64,151,136,-15,112,215,103,129,393,264,136,138,2,102,253,151,128,1447,43
136,87,-49,168,97,-71,152,153,1,111,295,184,96,272,176,159,192,33,119,352,233,80,1528,43
103,88,-15,151,80,-71,159,143,-16,113,241,128,103,288,185,160,161,1,103,391,288,127,1519,43
119,96,-23,168,96,-72,152,154,2,117,189,72,121,1145,1024,159,112,-47,127,272,145,120,2184,43
111,96,-15,151,95,-56,153,155,2,110,406,296,103,184,81,144,184,40,95,400,305,96,1616,43
96,96,0,144,96,-48,143,120,-23,112,232,120,103,232,129,176,1023,847,97,169,72,151,2119,43
112,114,2,126,61,-65,152,145,-7,119,288,169,104,359,255,137,139,2,118,310,192,104,1520,43
127,88,-39,159,87,-72,145,148,3,100,285,185,104,255,151,152,209,57,119,296,177,120,1488,43
128,96,-32,160,88,-72,167,170,3,110,270,160,104,288,184,151,120,-31,104,304,200,104,1440,43
159,128,-31,183,104,-79,152,154,2,125,510,385,103,72,-31,143,408,265,96,352,256,120,1848,43
135,112,-23,159,88,-71,167,169,2,86,399,313,111,200,89,136,303,167,97,257,160,128,1656,43
104,105,1,151,103,-48,112,159,47,64,385,321,88,176,88,143,400,257,104,792,688,160,2280,43
2568,64,-2504,2584,8,-2576,3751,96,-3655,3767,112,-3655,3656,64,-3592,3647,656,-2991,3392,56,-3336,3424,4480,44
1416,87,-1329,1400,17,-1383,1688,120,-1568,1671,119,-1552,1649,73,-1576,1640,336,-1304,1608,56,-1552,1632,2440,44
1273,73,-1200,1264,16,-1248,2287,72,-2215,2296,224,-2072,2168,56,-2112,2176,376,-1800,2167,56,-2111,2183,3056,44
1848,63,-1785,1856,-8,-1864,3113,105,-3008,3071,1304,-1767,1943,87,-1856,1929,-23,-1952,2183,55,-2128,2184,3767,44
1023,71,-952,1033,-16,-1049,1848,113,-1735,1832,128,-1704,1744,71,-1673,1737,169,-1568,1896,48,-1848,1904,2488,44
1145,73,-1072,1160,1,-1159,1629,78,-1551,1640,409,-1231,1279,64,-1215,1296,119,-1177,1945,64,-1881,1952,2760,44
968,64,-904,983,7,-976,1769,80,-1689,1769,184,-1585,1648,57,-1591,1664,128,-1536,2032,47,-1985,2056,2623,44
962,74,-888,960,31,-929,1345,89,-1256,1351,144,-1207,1192,72,-1120,1199,119,-1080,1624,56,-1568,1648,2233,44
1407,71,-1336,1401,24,-1377,1632,88,-1544,1649,528,-1121,1305,81,-1224,1303,7,-1296,2872,56,-2816,2888,3743,44
1321,88,-1233,1288,-8,-1296,1528,88,-1440,1545,224,-1321,1736,65,-1671,1735,151,-1584,1705,64,-1641,1706,2378,44
922,73,-849,929,16,-913,1336,80,-1256,1384,193,-1191,1168,80,-1088,1175,120,-1055,1264,48,-1216,1279,1889,44
2321,73,-2248,2320,55,-2265,2385,65,-2320,2423,608,-1815,2064,63,-2001,2073,120,-1953,2225,57,-2168,2232,3273,44
1929,96,-1833,1912,97,-1815,1864,47,-1817,1912,993,-919,1304,63,-1241,1297,-7,-1304,1680,64,-1616,1704,3057,44
1072,56,-1016,1104,48,-1056,1129,57,-1072,1183,152,-1031,1215,64,-1151,1215,160,-1055,1287,55,-1232,1304,1896,44
2448,126,-2322,2411,-6,-2417,2456,96,-2360,2457,1088,-1369,1585,64,-1521,1585,-8,-1593,1848,65,-1783,1856,3281,44
1153,72,-1081,1161,3,-1158,1350,78,-1272,1376,143,-1233,1321,73,-1248,1303,48,-1255,1503,87,-1416,1496,2000,44
2088,72,-2016,2080,1,-2079,2190,111,-2079,2192,216,-1976,2023,71,-1952,2032,9,-2023,2359,55,-2304,2400,2935,44
1200,63,-1137,1216,-16,-1232,1257,97,-1160,1273,63,-1210,1321,89,-1232,1311,24,-1287,1648,103,-1545,1624,2047,44
697,88,-609,689,-7,-696,1048,104,-944,1032,72,-960,967,79,-888,968,-8,-976,1457,65,-1392,1480,1873,44
1376,120,-1256,1337,17,-1320,1367,119,-1248,1353,177,-1176,1425,135,-1290,1385,-8,-1393,1657,96,-1561,1625,2281,44
1576,56,-1520,1600,16,-1584,1632,72,-1560,1647,664,-983,1343,71,-1272,1328,8,-1320,1480,32,-1448,1513,2432,44
1537,64,-1473,1561,48,-1513,1561,48,-1513,1608,593,-1015,1328,72,-1256,1321,2,-1319,1525,54,-1471,1528,2409,44
1473,73,-1400,1471,39,-1432,1746,81,-1665,1752,495,-1257,1289,72,-1217,1305,24,-1281,1520,49,-1471,1544,2377,44
1424,65,-1359,1439,16,-1423,1479,96,-1383,1471,271,-1200,1393,73,-1320,1400,47,-1353,1593,40,-1553,1633,2241,44
951,32,-919,992,48,-944,1136,88,-1048,1144,104,-1040,1295,55,-1240,1306,24,-1282,1457,64,-1393,1473,1888,44
808,79,-729,816,-7,-823,968,103,-865,969,97,-872,1016,72,-944,1016,32,-984,1296,55,-1241,1332,1763,44
2617,105,-2512,2599,-8,-2607,3224,144,-3080,3175,1239,-1936,1936,81,-1855,1936,2,-1934,2270,53,-2217,2298,3914,44
960,96,-864,944,-17,-961,1104,88,-1016,1113,249,-864,1320,71,-1249,1313,40,-1273,1705,73,-1632,1728,2328,44
1457,96,-1361,1433,56,-1377,1800,80,-1720,1816,737,-1079,1407,80,-1327,1447,24,-1423,1479,63,-1416,1528,2664,44
1177,72,-1105,1208,64,-1144,1320,80,-1240,1353,544,-809,1065,72,-993,1088,8,-1080,1321,56,-1265,1353,2249,44
832,64,-768,831,1,-830,1174,79,-1095,1215,224,-991,1023,71,-952,1025,65,-960,1287,80,-1207,1272,1856,44
1288,72,-1216,1296,56,-1240,1327,80,-1247,1352,288,-1064,1767,63,-1704,1801,96,-1705,3833,56,-3777,3833,4544,44
864,64,-800,880,16,-864,1048,63,-985,1112,265,-847,992,71,-921,985,48,-937,1265,56,-1209,1297,1880,44
1216,71,-1145,1224,3,-1221,1333,86,-1247,1335,400,-935,1312,72,-1240,1271,143,-1128,1336,65,-1271,1368,2208,44
1833,89,-1744,1823,7,-1816,1928,72,-1856,1953,1265,-688,872,72,-800,872,8,-864,1104,79,-1025,1096,2688,44
3601,88,-3513,3576,-48,-3624,3841,109,-3732,3835,2916,-919,1448,80,-1368,1479,16,-1463,1560,71,-1489,1585,4817,44
960,71,-889,953,24,-929,1088,80,-1008,1113,177,-936,1064,72,-992,1080,7,-1073,1345,57,-1288,1368,1856,44
1121,72,-1049,1111,24,-1087,1232,89,-1143,1239,528,-711,824,80,-744,816,16,-800,1239,48,-1191,1279,2136,44
1384,80,-1304,1385,24,-1361,1521,72,-1449,1568,816,-752,1193,72,-1121,1224,24,-1200,1304,81,-1223,1303,2472,44
1760,72,-1688,1768,24,-1744,1856,80,-1776,1897,1072,-825,969,80,-889,961,41,-920,1223,72,-1151,1232,2673,44
1002,80,-922,992,56,-936,1257,88,-1169,1281,168,-1113,2113,57,-2056,2152,128,-2024,2032,55,-1977,2048,2680,44
801,89,-712,776,48,-728,1063,87,-976,1073,128,-945,1000,80,-920,1000,65,-935,2248,80,-2168,2288,2865,44
750,85,-665,745,-7,-752,887,88,-799,919,127,-792,976,80,-896,960,-8,-968,1177,65,-1112,1159,1589,44
800,88,-712,784,8,-776,881,97,-784,888,72,-816,975,64,-911,960,2,-958,1197,53,-1144,1241,1625,44
848,81,-767,831,23,-808,1048,104,-944,1049,105,-944,1055,64,-991,1055,16,-1039,1264,55,-1209,1296,1744,44
848,73,-775,847,23,-824,888,80,-808,904,120,-784,977,56,-921,992,41,-951,1240,64,-1176,1240,1697,44
1929,65,-1864,1951,-24,-1975,2015,95,-1920,1977,137,-1840,2055,71,-1984,2041,8,-2033,2232,57,-2175,2249,2658,44
1080,70,-1010,1090,-6,-1096,1208,103,-1105,1209,88,-1121,1264,64,-1200,1273,-8,-1281,1496,80,-1416,1512,1903,44
696,72,-624,712,8,-704,880,79,-801,896,97,-799,984,63,-921,992,8,-984,1280,56,-1224,1305,1688,44
1417,104,-1313,1376,16,-1360,1456,96,-1360,1480,73,-1407,1488,63,-1425,1496,-40,-1536,1737,64,-1673,1736,2112,44
592,89,-503,567,8,-559,759,80,-679,760,71,-689,912,48,-864,928,-32,-960,1200,56,-1144,1257,1577,44
1056,64,-992,1072,1,-1071,2239,95,-2144,2241,68,-2173,2373,68,-2305,2353,16,-2337,2489,48,-2441,2497,2857,44
1120,73,-1047,1119,23,-1096,1185,81,-1104,1199,96,-1103,1215,71,-1144,1193,25,-1168,1415,88,-1327,1375,1832,44
630,44,-586,651,32,-619,947,83,-864,961,81,-880,903,55,-848,898,8,-890,1096,40,-1056,1120,1463,44
1136,88,-1048,1120,48,-1072,1576,56,-1520,1622,536,-1086,1120,48,-1072,1144,40,-1104,1234,80,-1154,1208,2104,44
2712,73,-2639,2719,63,-2656,2737,49,-2688,2776,1024,-1752,1815,112,-1703,1754,7,-1747,2136,72,-2064,2112,3512,44
865,72,-793,864,9,-855,1368,79,-1289,1368,128,-1240,1296,56,-1240,1288,32,-1256,1625,56,-1569,1624,2056,44
993,64,-929,993,64,-929,1505,72,-1433,1512,201,-1311,1343,55,-1288,1345,64,-1281,1472,73,-1399,1471,2064,44
976,64,-912,984,40,-944,1129,72,-1057,1136,248,-888,1080,57,-1023,1104,48,-1056,1256,56,-1200,1280,1865,44
944,81,-863,959,32,-927,1191,95,-1096,1176,136,-1040,1129,57,-1072,1159,119,-1040,1329,64,-1265,1337,1921,44
1367,73,-1294,1367,87,-1280,1472,63,-1409,1528,288,-1240,1617,56,-1561,1624,209,-1415,1496,63,-1433,1528,2367,44
1080,71,-1009,1072,15,-1057,1378,81,-1297,1361,409,-952,1392,64,-1328,1399,88,-1311,1440,63,-1377,1433,2224,44
1138,80,-1058,1120,113,-1007,1743,56,-1687,1759,295,-1464,1576,48,-1528,1593,112,-1481,1897,72,-1825,1944,2720,44
889,65,-824,879,63,-816,1105,64,-1041,1144,153,-991,1088,63,-1025,1088,89,-999,1152,56,-1096,1143,1696,44
1017,64,-953,1024,80,-944,1176,72,-1104,1224,225,-999,1063,64,-999,1048,208,-840,1111,56,-1055,1143,1912,44
1696,64,-1632,1689,56,-1633,1992,56,-1936,2040,608,-1432,1528,64,-1464,1536,104,-1432,1688,48,-1640,1728,2728,44
1009,57,-952,1016,71,-945,1497,56,-1441,1512,169,-1343,1423,55,-1368,1424,96,-1328,1521,56,-1465,1527,2087,44
1463,72,-1391,1447,44,-1403,1476,83,-1393,1465,149,-1316,2428,68,-2360,2416,103,-2313,2433,54,-2379,2451,3024,44
864,69,-795,852,43,-809,1248,56,-1192,1280,184,-1096,1193,48,-1145,1216,128,-1088,1265,80,-1185,1289,1897,44
961,80,-881,985,24,-961,1057,72,-985,1080,128,-952,1472,57,-1415,1487,103,-1384,1848,40,-1808,1888,2392,44
784,80,-704,768,48,-720,897,64,-833,920,104,-816,912,72,-840,896,33,-863,1120,72,-1048,1127,1600,44
1081,64,-1017,1089,81,-1008,1224,71,-1153,1224,224,-1000,1112,64,-1048,1105,120,-985,1376,81,-1295,1368,2073,44
680,56,-624,705,16,-689,1000,81,-919,1031,111,-920,1336,65,-1271,1336,55,-1281,1384,65,-1319,1383,1832,44
1015,56,-959,1031,104,-927,1256,71,-1185,1289,280,-1009,1056,60,-996,1068,212,-856,1056,96,-960,1048,1927,44
831,71,-760,841,24,-817,920,80,-840,944,128,-816,992,64,-928,1000,80,-920,1104,65,-1039,1096,1608,44
945,96,-849,928,57,-871,1015,79,-936,1033,129,-904,1136,55,-1081,1168,96,-1072,1258,73,-1185,1255,1840,44
880,63,-817,880,72,-808,1057,64,-993,1082,136,-946,1040,56,-984,1081,136,-945,1312,48,-1264,1342,1917,44
688,40,-648,721,64,-657,872,73,-799,904,104,-800,872,55,-817,864,40,-824,1057,73,-984,1055,1504,44
1112,80,-1032,1112,42,-1070,1143,87,-1056,1167,111,-1056,1168,64,-1104,1153,104,-1049,1288,49,-1239,1303,1840,44
824,63,-761,832,64,-768,849,82,-767,886,87,-799,927,56,-871,944,48,-896,1103,55,-1048,1136,1591,44
1040,64,-976,1056,40,-1016,1192,80,-1112,1225,160,-1065,1137,65,-1072,1135,301,-834,1114,90,-1024,1136,1936,44
913,72,-841,920,48,-872,920,88,-832,944,120,-824,1000,64,-936,1001,80,-921,1112,64,-1048,1128,1664,44
1064,64,-1000,1072,88,-984,1088,73,-1015,1119,167,-952,1073,72,-1001,1088,72,-1016,1328,65,-1263,1327,1928,44
1311,64,-1247,1328,40,-1288,1376,80,-1296,1400,152,-1248,1378,64,-1314,1376,73,-1303,1528,63,-1465,1552,2088,44
904,65,-839,911,48,-863,992,55,-937,1032,248,-784,888,56,-832,905,57,-848,1023,63,-960,1016,1608,44
784,73,-711,784,63,-721,808,64,-744,856,128,-728,824,72,-752,824,48,-776,944,56,-888,953,1457,44
1206,64,-1142,1248,57,-1191,1287,73,-1214,1318,406,-912,1161,56,-1105,1192,145,-1047,1255,96,-1159,1240,2137,44
847,56,-791,863,32,-831,1008,88,-920,1016,112,-904,1105,64,-1041,1136,128,-1008,1232,88,-1144,1224,1792,44
776,64,-712,784,24,-760,858,97,-761,879,111,-768,912,57,-855,911,40,-871,1031,79,-952,1032,1504,44
697,80,-617,680,32,-648,873,88,-785,896,136,-760,792,56,-736,800,89,-711,976,79,-897,1000,1560,44
1384,90,-1294,1366,61,-1305,1416,72,-1344,1480,696,-784,832,72,-760,841,48,-793,969,56,-913,1000,2095,44
1209,65,-1144,1231,32,-1199,1311,80,-1231,1319,208,-1111,1327,55,-1272,1345,88,-1257,1448,80,-1368,1440,2048,44
1464,72,-1392,1464,24,-1440,1505,80,-1425,1521,760,-761,896,65,-831,903,39,-864,1074,64,-1010,1072,2176,44
720,56,-664,728,31,-697,784,72,-712,817,137,-680,888,63,-825,896,40,-856,1016,72,-944,1008,1479,44
1409,64,-1345,1424,112,-1312,1368,80,-1288,1392,91,-1301,1477,53,-1424,1505,24,-1481,1904,72,-1832,1888,2384,44
1305,72,-1233,1304,16,-1288,1448,72,-1376,1464,672,-792,1008,56,-952,1032,57,-975,1367,55,-1312,1401,2401,44
960,87,-873,952,8,-944,1592,81,-1511,1599,71,-1528,1512,72,-1440,1504,24,-1480,1760,80,-1680,1736,2159,44
648,72,-576,648,16,-632,712,88,-624,720,80,-640,720,64,-656,720,8,-712,928,56,-872,944,1328,44
664,64,-600,673,49,-624,775,71,-704,792,88,-704,776,64,-712,792,16,-776,937,64,-873,928,1344,44
744,72,-672,744,48,-696,768,72,-696,784,136,-648,945,64,-881,944,16,-928,1048,48,-1000,1080,1536,44
696,73,-623,712,31,-681,800,64,-736,840,136,-704,801,48,-753,816,48,-768,904,49,-855,927,1376,44
752,64,-688,752,64,-688,800,64,-736,840,104,-736,912,56,-856,920,56,-864,1056,40,-1016,1072,1520,44
656,65,-591,655,2,-653,741,77,-664,760,112,-648,800,56,-744,808,23,-785,961,56,-905,969,1360,44
704,80,-624,688,48,-640,824,64,-760,880,112,-768,936,48,-888,952,96,-856,1120,64,-1056,1120,1632,44
767,64,-703,760,72,-688,823,72,-751,881,104,-777,904,56,-848,929,48,-881,1157,56,-1101,1184,1656,44
1000,64,-936,1024,72,-952,1153,72,-1081,1161,88,-1073,1272,64,-1208,1288,64,-1224,1504,64,-1440,1536,2024,44
839,63,-776,849,48,-801,1153,80,-1073,1160,88,-1072,1096,49,-1047,1111,87,-1024,1304,48,-1256,1320,1783,44
800,72,-728,808,56,-752,952,80,-872,936,128,-808,952,56,-896,968,96,-872,1080,64,-1016,1080,1632,44
696,64,-632,688,56,-632,848,71,-777,865,96,-769,873,41,-832,896,71,-825,1137,51,-1086,1134,1584,44
768,48,-720,792,56,-736,904,80,-824,984,80,-904,1008,56,-952,1016,72,-944,1128,72,-1056,1127,1591,44
1625,89,-1536,1600,32,-1568,2288,56,-2232,2327,104,-2223,2440,49,-2391,2463,71,-2392,2625,64,-2561,2632,3097,44
705,57,-648,704,80,-624,800,80,-720,816,96,-720,840,56,-784,824,64,-760,1176,64,-1112,1176,1673,44
855,79,-776,848,56,-792,929,65,-864,952,126,-826,977,57,-920,992,136,-856,1080,56,-1024,1089,1664,44
935,87,-848,904,73,-831,1088,80,-1008,1096,111,-985,1184,56,-1128,1201,152,-1049,1489,45,-1444,1524,2128,44
1400,64,-1336,1393,80,-1313,1520,72,-1448,1520,216,-1304,1384,56,-1328,1376,144,-1232,1472,72,-1400,1449,2153,44
888,55,-833,905,64,-841,905,81,-824,896,96,-800,1489,56,-1433,1512,56,-1456,1633,64,-1569,1608,2080,44
752,65,-687,759,71,-688,1048,73,-975,1071,79,-992,1072,56,-1016,1104,41,-1063,1383,47,-1336,1408,1840,44
736,72,-664,728,25,-703,871,87,-784,880,88,-792,920,72,-848,912,40,-872,1104,80,-1024,1096,1560,44
736,66,-670,758,54,-704,816,88,-728,832,97,-735,1079,56,-1023,1087,55,-1032,1224,72,-1152,1208,1696,44
856,56,-800,864,72,-792,952,72,-880,976,104,-872,1136,56,-1080,1168,80,-1088,1256,63,-1193,1257,1760,44
895,64,-831,895,112,-783,1272,60,-1212,1340,116,-1224,2616,64,-2552,2633,96,-2537,2608,64,-2544,2576,3152,44
775,71,-704,768,64,-704,848,80,-768,864,72,-792,873,72,-801,872,24,-848,1096,64,-1032,1080,1527,44
912,56,-856,936,65,-871,1032,63,-969,1056,96,-960,1032,72,-960,1040,80,-960,1184,48,-1136,1185,1665,44
888,88,-800,873,73,-800,887,55,-832,928,120,-808,976,72,-904,976,64,-912,1064,40,-1024,1088,1600,44
981,64,-917,1000,80,-920,977,64,-913,1008,120,-888,1225,72,-1153,1216,152,-1064,1432,48,-1384,1448,2048,44
1096,64,-1032,1112,104,-1008,1056,97,-959,1055,111,-944,1504,64,-1440,1504,160,-1344,1480,48,-1432,1496,2144,44
904,72,-832,896,80,-816,920,72,-848,944,121,-823,967,63,-904,968,128,-840,1040,48,-992,1056,1640,44
992,64,-928,1008,72,-936,1024,72,-952,1024,112,-912,1048,64,-984,1049,144,-905,1154,48,-1106,1153,1729,44
887,47,-840,912,88,-824,928,64,-864,960,128,-832,1064,56,-1008,1072,112,-960,1201,48,-1153,1200,1743,44
912,48,-864,944,64,-880,992,64,-928,1016,112,-904,1072,80,-992,1072,72,-1000,1208,48,-1160,1224,1712,44
1120,32,-1088,1161,96,-1065,1120,64,-1056,1145,168,-977,1096,72,-1024,1089,288,-801,1060,40,-1020,1080,1840,44
769,97,-672,744,32,-712,784,73,-711,807,79,-728,904,88,-816,888,8,-880,1120,72,-1048,1112,1561,44
880,64,-816,888,73,-815,863,63,-800,904,88,-816,944,80,-864,936,55,-881,1410,65,-1345,1408,1896,44
880,64,-816,880,64,-816,904,88,-816,920,72,-848,960,80,-880,944,120,-824,1016,48,-968,1016,1552,44
888,88,-800,856,72,-784,907,72,-835,912,88,-824,960,72,-888,960,129,-831,1055,39,-1016,1072,1632,44
873,57,-816,888,96,-792,960,80,-880,960,96,-864,944,72,-872,928,136,-792,1024,56,-968,1016,1609,44
1008,96,-912,984,80,-904,1216,88,-1128,1200,104,-1096,1176,64,-1112,1185,112,-1073,1312,56,-1256,1304,1904,44
784,40,-744,833,88,-745,808,49,-759,839,96,-743,847,71,-776,849,80,-769,935,49,-886,958,1431,44
960,95,-865,952,48,-904,936,89,-847,935,79,-856,1168,72,-1096,1176,80,-1096,1264,64,-1200,1264,1791,44
760,72,-688,760,72,-688,808,64,-744,848,104,-744,889,54,-835,900,106,-794,1033,48,-985,1040,1560,44
801,56,-745,832,72,-760,816,80,-736,816,88,-728,1000,72,-928,984,80,-904,1072,56,-1016,1080,1584,44
872,64,-808,880,88,-792,880,56,-824,936,97,-839,1031,64,-967,1023,56,-967,1249,47,-1202,1264,1736,44
840,48,-792,864,72,-792,808,88,-720,800,80,-720,992,56,-936,1008,64,-944,1136,48,-1088,1152,1608,44
1288,88,-1200,1272,31,-1241,1345,65,-1280,1384,711,-673,793,65,-728,792,32,-760,1016,56,-960,1016,2064,44
753,40,-713,776,97,-679,783,79,-704,816,96,-720,856,48,-808,872,72,-800,1032,48,-984,1024,1504,44
889,80,-809,873,56,-817,1496,80,-1416,1504,104,-1400,1512,64,-1448,1512,128,-1384,1728,64,-1664,1736,2312,44
616,48,-568,632,39,-593,745,74,-671,775,55,-720,792,72,-720,776,40,-736,928,72,-856,920,1320,44
896,80,-816,904,88,-816,856,56,-800,904,128,-776,912,64,-848,912,104,-808,1072,48,-1024,1072,1640,44
704,80,-624,704,56,-648,752,80,-672,792,96,-696,824,72,-752,816,72,-744,960,40,-920,984,1480,44
848,48,-800,872,152,-720,856,80,-776,872,117,-755,827,67,-760,840,113,-727,887,47,-840,904,1528,44
752,72,-680,752,80,-672,760,64,-696,792,97,-695,847,55,-792,856,72,-784,1008,56,-952,1024,1520,44
912,64,-848,912,104,-808,856,64,-792,896,184,-712,880,64,-816,880,80,-800,1025,57,-968,1023,1640,44
768,65,-703,767,71,-696,736,63,-673,785,121,-664,800,72,-728,784,64,-720,1232,48,-1184,1288,1792,44
648,64,-584,655,39,-616,680,80,-600,704,80,-624,1192,64,-1128,1200,8,-1192,1288,88,-1200,1264,1687,44
1008,65,-943,1015,23,-992,1048,72,-976,1080,472,-608,720,72,-648,712,32,-680,872,48,-824,872,1656,44
961,64,-897,960,80,-880,937,64,-873,1000,248,-752,832,72,-760,824,136,-688,872,72,-800,856,1592,44
1616,80,-1536,1624,88,-1536,1577,80,-1497,1568,120,-1448,1665,56,-1609,1664,424,-1240,1624,72,-1552,1624,2544,44
712,48,-664,752,40,-712,768,80,-688,799,104,-695,848,64,-784,848,40,-808,1016,48,-968,1023,1447,44
872,49,-823,911,79,-832,984,72,-912,1024,200,-824,920,64,-856,936,64,-872,1096,64,-1032,1104,1696,44
816,64,-752,816,56,-760,840,80,-760,856,160,-696,840,64,-776,840,64,-776,1023,40,-983,1048,1576,44
792,64,-728,800,72,-728,880,64,-816,888,168,-720,808,56,-752,816,103,-713,897,57,-840,896,1480,44
832,49,-783,847,55,-792,832,72,-760,840,136,-704,848,56,-792,864,64,-800,976,39,-937,995,1466,44
832,56,-776,841,56,-785,1048,80,-968,1056,96,-960,1096,56,-1040,1104,88,-1016,1240,88,-1152,1184,1704,44
656,56,-600,680,72,-608,720,72,-648,744,88,-656,768,65,-703,759,55,-704,936,56,-880,944,1408,44
768,72,-696,767,88,-679,752,71,-681,761,105,-656,808,64,-744,824,64,-760,944,56,-888,944,1464,44
888,64,-824,896,56,-840,960,72,-888,968,88,-880,1056,64,-992,1088,80,-1008,1168,56,-1112,1168,1648,44
871,72,-799,855,56,-799,959,56,-903,983,112,-871,984,64,-920,984,72,-912,1096,48,-1048,1120,1600,44
792,72,-720,792,64,-728,800,64,-736,848,128,-720,856,64,-792,856,64,-792,1008,73,-935,999,1528,44
680,72,-608,673,41,-632,703,55,-648,736,72,-664,784,80,-704,768,41,-727,903,55,-848,904,1320,44
968,79,-889,977,41,-936,1712,72,-1640,1688,72,-1616,1848,72,-1776,1840,97,-1743,1935,39,-1896,1968,2440,44
800,64,-736,800,72,-728,856,72,-784,880,96,-784,976,72,-904,976,56,-920,1640,40,-1600,1696,2168,44
680,56,-624,696,72,-624,728,80,-648,752,80,-672,792,80,-712,776,48,-728,880,64,-816,888,1368,44
680,64,-616,688,24,-664,744,80,-664,768,64,-704,808,72,-736,808,41,-767,919,55,-864,912,1312,44
2057,72,-1985,2057,73,-1984,2024,80,-1944,2048,72,-1976,2120,72,-2048,2112,96,-2016,2288,40,-2248,2320,2825,44
720,64,-656,728,104,-624,752,65,-687,775,103,-672,744,72,-672,736,43,-693,925,53,-872,920,1424,44
1400,56,-1344,1408,104,-1304,1408,72,-1336,1408,111,-1297,1457,65,-1392,1456,64,-1392,1576,56,-1520,1576,2104,44
896,96,-800,848,56,-792,863,72,-791,872,81,-791,1023,71,-952,1024,56,-968,1232,80,-1152,1216,1728,44
1192,80,-1112,1200,81,-1119,1455,79,-1376,1464,72,-1392,1624,71,-1553,1625,89,-1536,1713,56,-1657,1712,2240,44
1272,72,-1200,1280,408,-872,928,71,-857,953,246,-707,923,67,-856,936,64,-872,1008,56,-952,1024,2008,44
864,72,-792,872,88,-784,832,72,-760,848,96,-752,904,64,-840,888,72,-816,1104,48,-1056,1120,1632,44
599,63,-536,624,56,-568,656,88,-568,664,40,-624,720,74,-646,702,14,-688,824,56,-768,832,1223,44
600,48,-552,632,16,-616,704,96,-608,720,72,-648,800,72,-728,800,8,-792,1016,64,-952,1016,1392,44
752,64,-688,752,88,-664,840,64,-776,880,112,-768,969,72,-897,944,16,-928,1056,55,-1001,1049,1520,44
1112,56,-1056,1136,56,-1080,1136,96,-1040,1112,57,-1055,1183,71,-1112,1176,56,-1120,1272,48,-1224,1288,1728,44
783,71,-712,808,56,-752,856,88,-768,872,72,-800,1000,64,-936,1000,48,-952,1104,48,-1056,1128,1575,44
928,40,-888,967,65,-902,975,80,-895,935,87,-848,2336,64,-2272,2336,89,-2247,2375,63,-2312,2384,2872,44
752,73,-679,743,71,-672,762,96,-666,784,57,-727,815,71,-744,816,32,-784,936,67,-869,943,1410,44
775,72,-703,774,56,-718,840,96,-744,832,64,-768,1008,80,-928,976,40,-936,1376,56,-1320,1408,1872,44
761,79,-682,754,33,-721,816,74,-742,838,110,-728,889,65,-824,895,23,-872,1024,80,-944,992,1456,44
768,64,-704,777,88,-689,848,80,-768,864,88,-776,873,64,-809,880,120,-760,912,88,-824,881,1473,44
1048,88,-960,1032,64,-968,1072,64,-1008,1112,192,-920,1024,80,-944,1016,153,-863,1033,63,-970,1024,1728,44
1120,56,-1064,1144,72,-1072,1129,72,-1057,1144,160,-984,1208,58,-1150,1222,254,-968,1136,56,-1080,1128,1856,44
624,48,-576,640,-8,-648,928,64,-864,960,128,-832,880,64,-816,880,32,-848,1040,80,-960,1024,1432,44
952,56,-896,961,104,-857,1040,56,-984,1080,384,-696,752,56,-696,752,24,-728,904,56,-848,928,1664,44
776,72,-704,784,48,-736,1440,72,-1368,1425,152,-1273,2264,58,-2206,2278,22,-2256,2704,48,-2656,2760,3232,44
1784,72,-1712,1792,64,-1728,2048,80,-1968,2072,1128,-944,1072,64,-1008,1072,40,-1032,1224,81,-1143,1207,2736,44
1208,128,-1080,1160,-8,-1168,1408,96,-1312,1424,56,-1368,1472,72,-1400,1465,-40,-1505,1704,80,-1624,1696,2080,44
664,72,-592,664,64,-600,776,96,-680,832,72,-760,768,72,-696,769,48,-721,983,80,-903,984,1488,44
656,64,-592,664,64,-600,672,80,-592,712,64,-648,728,72,-656,719,48,-671,848,56,-792,858,1306,44
624,64,-560,641,64,-577,712,72,-640,759,64,-695,720,72,-648,720,64,-656,792,56,-736,800,1256,44
704,88,-616,696,41,-655,719,71,-648,744,95,-649,753,72,-681,738,40,-698,825,56,-769,842,1305,44
840,64,-776,857,82,-775,894,78,-816,928,96,-832,1568,64,-1504,1608,96,-1512,1664,63,-1601,1665,2208,44
672,80,-592,664,48,-616,744,80,-664,768,64,-704,776,64,-712,768,88,-680,824,64,-760,824,1312,44
806,71,-735,800,64,-736,856,80,-776,880,80,-800,896,64,-832,912,112,-800,952,64,-888,959,1494,44
720,88,-632,688,32,-656,1022,96,-926,1024,88,-936,1048,72,-976,1048,104,-944,1065,72,-993,1064,1616,44
791,63,-728,808,72,-736,840,80,-760,856,96,-760,1144,56,-1088,1161,112,-1049,1256,56,-1200,1288,1823,44
856,72,-784,840,64,-776,872,88,-784,888,88,-800,952,72,-880,952,136,-816,968,48,-920,976,1544,44
840,72,-768,832,72,-760,896,80,-816,912,95,-817,1065,73,-992,1057,96,-961,1160,72,-1088,1152,1712,44
799,64,-735,800,72,-728,832,64,-768,880,128,-752,904,56,-848,912,96,-816,992,55,-937,993,1528,44
792,64,-728,792,81,-711,1003,55,-948,1048,112,-936,1056,64,-992,1072,128,-944,1120,56,-1064,1136,1696,44
1056,80,-976,1056,112,-944,992,64,-928,1024,160,-864,1544,56,-1488,1568,184,-1384,2256,56,-2200,2248,2960,44
688,72,-616,680,88,-592,824,72,-752,832,103,-729,801,57,-744,800,80,-720,992,40,-952,1000,1512,44
832,74,-758,838,72,-766,886,70,-816,928,96,-832,985,56,-929,1000,72,-928,1080,48,-1032,1072,1560,44
856,72,-784,856,80,-776,832,64,-768,856,104,-752,1048,72,-976,1056,104,-952,1208,48,-1160,1224,1768,44
808,56,-752,808,88,-720,840,64,-776,888,112,-776,872,64,-808,872,96,-776,952,56,-896,952,1488,44
897,57,-840,896,80,-816,936,72,-864,952,144,-808,896,65,-831,904,134,-770,1049,41,-1008,1064,1657,44
1808,72,-1736,1816,89,-1727,1815,71,-1744,1832,911,-921,1274,73,-1201,1288,88,-1200,1392,48,-1344,1409,2761,44
671,47,-624,697,72,-625,720,80,-640,744,72,-672,760,63,-697,769,17,-752,904,64,-840,896,1311,44
1152,72,-1080,1151,95,-1056,1193,65,-1128,1232,536,-696,760,72,-688,744,32,-712,888,56,-832,905,1833,44
976,64,-912,984,96,-888,952,64,-888,984,136,-848,984,48,-936,992,128,-864,1032,40,-992,1080,1656,44
838,88,-750,840,72,-768,848,64,-784,896,136,-760,840,56,-784,856,112,-744,952,64,-888,952,1544,44
992,96,-896,968,72,-896,960,72,-888,992,184,-808,936,80,-856,928,160,-768,872,64,-808,864,1592,44
856,96,-760,824,80,-744,840,96,-744,848,120,-728,848,64,-784,872,120,-752,856,64,-792,865,1505,44
1544,64,-1480,1568,80,-1488,1568,64,-1504,1600,785,-815,991,71,-920,993,56,-937,1073,48,-1025,1096,2264,44
952,64,-888,968,104,-864,944,72,-872,976,168,-808,944,64,-880,944,120,-824,960,48,-912,968,1608,44
992,56,-936,1008,80,-928,984,64,-920,1024,152,-872,1008,56,-952,1024,160,-864,1672,57,-1615,1663,2288,44
1592,48,-1544,1615,56,-1559,1647,64,-1583,1679,840,-839,1296,72,-1224,1320,64,-1256,1320,48,-1272,1344,2536,44
840,65,-775,847,111,-736,880,72,-808,912,120,-792,840,64,-776,832,72,-760,968,65,-903,959,1528,44
800,56,-744,824,72,-752,928,72,-856,928,112,-816,1032,56,-976,1048,80,-968,1272,56,-1216,1256,1760,44
776,72,-704,784,56,-728,832,64,-768,881,120,-761,864,56,-808,856,80,-776,1000,64,-936,992,1504,44
792,56,-736,808,72,-736,848,88,-760,872,104,-768,832,57,-775,847,95,-752,1024,64,-960,1024,1560,44
871,63,-808,888,72,-816,1192,64,-1128,1207,144,-1063,1120,56,-1064,1128,128,-1000,1456,96,-1360,1448,2071,44
808,56,-752,824,144,-680,889,80,-809,889,112,-777,848,56,-792,856,88,-768,984,49,-935,1007,1592,44
767,103,-664,736,40,-696,840,72,-768,872,72,-800,984,72,-912,976,72,-904,1175,48,-1127,1175,1654,44
776,65,-711,775,63,-712,1072,80,-992,1105,72,-1033,1088,64,-1024,1096,88,-1008,1296,48,-1248,1312,1792,44
824,64,-760,817,96,-721,928,120,-808,904,40,-864,993,72,-921,984,88,-896,1464,56,-1408,1472,2008,44
855,71,-784,848,56,-792,872,72,-800,911,8,-903,1040,105,-935,1007,47,-960,1104,112,-992,1048,1519,44
872,56,-816,880,152,-728,815,97,-718,815,87,-728,1232,56,-1176,1240,112,-1128,1264,48,-1216,1264,1872,44
712,64,-648,712,96,-616,896,80,-816,904,48,-856,896,88,-808,864,56,-808,968,51,-917,989,1472,44
1920,64,-1856,1952,104,-1848,1904,96,-1808,1904,16,-1888,2200,72,-2128,2186,144,-2042,2200,56,-2144,2208,2760,44
817,57,-760,824,95,-729,832,89,-743,816,72,-744,856,64,-792,856,64,-792,1016,48,-968,1008,1497,44
1071,72,-999,1072,80,-992,1040,104,-936,1024,64,-960,1400,72,-1328,1392,200,-1192,1392,48,-1344,1384,2024,44
1352,64,-1288,1376,120,-1256,1351,112,-1239,1320,608,-712,832,73,-759,815,63,-752,1288,80,-1208,1264,2384,44
1191,64,-1127,1208,72,-1136,1216,81,-1135,1239,55,-1184,1344,71,-1273,1338,224,-1114,1385,57,-1328,1384,2008,44
992,56,-936,1000,95,-905,1009,97,-912,1016,96,-920,1032,56,-976,1032,216,-816,984,64,-920,968,1648,44
1296,48,-1248,1320,160,-1160,1328,64,-1264,1344,488,-856,1016,64,-952,1016,88,-928,1048,72,-976,1056,2040,44
1335,55,-1280,1368,112,-1256,1432,56,-1376,1456,664,-792,840,72,-768,832,96,-736,960,64,-896,960,2079,44
744,64,-680,731,48,-683,896,64,-832,920,72,-848,912,72,-840,896,96,-800,985,40,-945,1000,1456,44
984,96,-888,952,88,-864,960,72,-888,968,96,-872,992,56,-936,1000,200,-800,1024,40,-984,1024,1672,44
919,47,-872,944,96,-848,976,80,-896,976,136,-840,912,64,-848,920,184,-736,912,40,-872,920,1567,44
978,72,-906,976,88,-888,993,56,-937,1041,153,-888,961,80,-881,944,176,-768,1096,64,-1032,1088,1777,44
824,56,-768,832,65,-767,1015,63,-952,1024,144,-880,992,64,-928,984,97,-887,1103,55,-1048,1104,1648,44
1160,72,-1088,1152,96,-1056,1304,64,-1240,1376,400,-976,977,56,-921,992,233,-759,967,63,-904,959,1943,44
833,57,-776,866,64,-802,960,80,-880,1016,114,-902,966,63,-903,967,166,-801,937,41,-896,968,1553,44
1184,47,-1137,1201,129,-1072,1312,64,-1248,1344,496,-848,880,56,-824,888,144,-744,928,72,-856,912,1920,44
713,65,-648,712,64,-648,816,64,-752,856,152,-704,735,72,-663,720,56,-664,840,48,-792,856,1377,44
1545,64,-1481,1544,88,-1456,1520,56,-1464,1560,544,-1016,1144,56,-1088,1153,32,-1121,1440,64,-1376,1448,2352,44
656,56,-600,680,96,-584,687,80,-607,720,56,-664,792,88,-704,760,32,-728,880,56,-824,880,1344,44
1120,40,-1080,1168,200,-968,1016,57,-959,1096,359,-737,816,72,-744,792,56,-736,888,56,-832,880,1720,44
832,104,-728,792,80,-712,864,96,-768,896,88,-808,896,64,-832,888,120,-768,928,64,-864,944,1560,44
1215,103,-1112,1185,314,-871,1007,63,-944,1056,288,-768,856,56,-800,856,120,-736,960,72,-888,952,1968,44
952,72,-880,960,88,-872,1040,56,-984,1104,168,-936,952,64,-888,952,272,-680,824,80,-744,816,1616,44
1616,64,-1552,1624,104,-1520,1624,66,-1558,1654,94,-1560,1680,72,-1608,1672,920,-752,928,64,-864,912,2296,44
930,49,-881,936,104,-832,1008,104,-904,1017,232,-785,832,64,-768,824,144,-680,1008,64,-944,1016,1777,44
888,47,-841,926,88,-838,937,64,-873,969,144,-825,1121,62,-1059,1131,139,-992,1120,48,-1072,1136,1728,44
827,83,-744,816,112,-704,919,80,-839,928,89,-839,911,63,-848,904,96,-808,1016,48,-968,1017,1588,44
944,56,-888,960,64,-896,1184,80,-1104,1208,168,-1040,1096,64,-1032,1088,305,-783,991,71,-920,976,1784,44
736,24,-712,776,64,-712,912,80,-832,920,64,-856,904,72,-832,888,104,-784,976,64,-912,992,1464,44
2138,48,-2090,2152,184,-1968,2560,104,-2456,2576,345,-2231,3047,79,-2968,3040,207,-2833,2897,65,-2832,2919,3951,44
808,96,-712,776,80,-696,832,112,-720,824,-8,-832,896,104,-792,856,48,-808,984,73,-911,975,1480,44
1816,65,-1751,1807,95,-1712,1792,72,-1720,1816,64,-1752,1904,88,-1816,1888,40,-1848,1976,40,-1936,2016,2480,44
712,72,-640,704,48,-656,824,88,-736,808,8,-800,960,88,-872,928,32,-896,1344,56,-1288,1336,1728,44
1312,48,-1264,1345,41,-1304,1335,71,-1264,1376,232,-1144,1344,80,-1264,1320,48,-1272,1431,64,-1367,1424,2008,44
832,56,-776,856,104,-752,952,72,-880,984,136,-848,1113,72,-1041,1112,104,-1008,1272,56,-1216,1280,1880,44
888,88,-800,864,88,-776,1616,72,-1544,1623,96,-1527,1632,64,-1568,1624,87,-1537,1737,65,-1672,1736,2296,44
1088,64,-1024,1096,80,-1016,1136,88,-1048,1160,400,-760,912,64,-848,904,48,-856,1032,56,-976,1032,1832,44
856,65,-791,847,111,-736,928,87,-841,937,105,-832,1112,56,-1056,1128,112,-1016,1200,56,-1144,1208,1800,44
1128,56,-1072,1168,128,-1040,1096,80,-1016,1136,80,-1056,1168,72,-1096,1160,216,-944,1090,56,-1034,1104,1792,44
936,80,-856,922,128,-794,936,72,-864,968,128,-840,1001,88,-913,984,105,-879,1118,63,-1055,1128,1792,44
767,48,-719,791,80,-711,1036,88,-948,1062,40,-1022,1135,95,-1040,1129,105,-1024,1183,64,-1119,1178,1698,44
856,80,-776,832,96,-736,1296,80,-1216,1312,119,-1193,1225,65,-1160,1240,48,-1192,1328,48,-1280,1328,1864,44
920,72,-848,920,104,-816,952,72,-880,960,136,-824,968,56,-912,976,88,-888,1016,56,-960,1048,1632,44
904,56,-848,936,64,-872,952,96,-856,944,72,-872,1048,64,-984,1048,64,-984,1142,56,-1086,1168,1640,44
880,56,-824,888,112,-776,880,72,-808,912,104,-808,904,72,-832,896,120,-776,912,48,-864,937,1521,44
961,48,-913,976,128,-848,928,81,-847,958,87,-871,1008,72,-936,993,144,-849,992,65,-927,991,1616,44
984,72,-912,976,104,-872,960,88,-872,992,120,-872,1096,56,-1040,1096,136,-960,1984,72,-1912,1976,2624,44
752,65,-687,752,135,-617,880,80,-800,888,57,-831,935,79,-856,904,96,-808,1256,64,-1192,1264,1840,44
864,89,-775,855,63,-792,944,80,-864,960,89,-871,967,55,-912,976,129,-847,1023,48,-975,1047,1600,44
937,73,-864,929,88,-841,912,80,-832,928,64,-864,1016,65,-951,1031,111,-920,1064,56,-1008,1072,1609,44
912,72,-840,920,120,-800,928,64,-864,952,128,-824,928,72,-856,920,144,-776,1008,56,-952,1056,1712,44
1376,96,-1280,1360,80,-1280,1352,80,-1272,1368,72,-1296,1496,72,-1424,1496,88,-1408,1592,32,-1560,1624,2144,44
968,65,-903,984,70,-914,1025,65,-960,1056,264,-792,888,90,-798,870,86,-784,927,48,-879,928,1616,44
1000,55,-945,1017,121,-896,952,80,-872,952,128,-824,1288,56,-1232,1288,96,-1192,1312,48,-1264,1320,1904,44
753,62,-691,771,90,-681,793,64,-729,825,96,-729,1033,72,-961,1025,88,-937,1257,56,-1201,1289,1817,44
2536,80,-2456,2520,48,-2472,3016,80,-2936,3016,80,-2936,2960,72,-2888,2952,48,-2904,3120,112,-3008,3080,3600,44
1992,48,-1944,2024,71,-1953,1977,57,-1920,2016,448,-1568,1664,81,-1583,1647,791,-856,1672,88,-1584,1632,3216,44
711,79,-632,712,32,-680,856,111,-745,865,25,-840,984,88,-896,969,-16,-985,1231,104,-1127,1216,1639,44
640,80,-560,640,80,-560,688,64,-624,752,72,-680,728,104,-624,704,2,-702,974,86,-888,968,1456,44
597,72,-525,616,32,-584,728,96,-632,760,48,-712,920,80,-840,920,24,-896,1096,64,-1032,1120,1536,44
584,72,-512,584,40,-544,704,80,-624,752,24,-728,800,88,-712,792,40,-752,936,64,-872,952,1360,44
616,72,-544,608,40,-568,704,111,-593,704,-7,-711,784,104,-680,768,40,-728,840,64,-776,848,1272,44
664,89,-575,632,47,-585,712,72,-640,736,48,-688,1152,72,-1080,1151,80,-1071,1168,64,-1104,1168,1640,44
640,72,-568,640,56,-584,720,72,-648,752,39,-713,913,89,-824,896,48,-848,969,56,-913,984,1416,44
928,80,-848,928,72,-856,984,112,-872,968,40,-928,1080,71,-1009,1097,105,-992,1104,81,-1023,1127,1688,44
609,73,-536,608,24,-584,744,87,-657,745,35,-710,830,93,-737,793,24,-769,897,64,-833,905,1305,44
721,73,-648,704,88,-616,832,72,-760,840,64,-776,880,72,-808,888,40,-848,1008,56,-952,1008,1473,44
736,80,-656,704,56,-648,793,72,-721,808,96,-712,824,56,-768,824,72,-752,960,55,-905,961,1448,44
1120,64,-1056,1120,48,-1072,1216,88,-1128,1225,40,-1185,1304,88,-1216,1272,32,-1240,1440,64,-1376,1448,1872,44
640,72,-568,633,72,-561,736,72,-664,760,40,-720,824,88,-736,800,24,-776,960,57,-903,975,1400,44
704,64,-640,704,73,-631,831,79,-752,856,48,-808,840,80,-760,840,72,-768,1608,48,-1560,1623,2087,44
664,64,-600,664,48,-616,704,80,-624,728,56,-672,776,72,-704,768,32,-736,928,48,-880,952,1352,44
696,64,-632,704,56,-648,792,88,-704,800,26,-774,854,79,-775,879,63,-816,1096,55,-1041,1113,1544,44
640,40,-600,665,80,-585,912,88,-824,903,56,-847,976,64,-912,984,64,-920,1064,40,-1024,1096,1528,44
1192,72,-1120,1192,56,-1136,1264,80,-1184,1264,32,-1232,2232,88,-2144,2216,24,-2192,2336,58,-2278,2350,2760,44
768,72,-696,768,96,-672,808,89,-719,831,55,-776,840,72,-768,832,88,-744,920,56,-864,928,1456,44
816,80,-736,808,80,-728,992,88,-904,984,16,-968,1024,88,-936,992,71,-921,1121,49,-1072,1143,1615,44
680,72,-608,664,64,-600,1448,72,-1376,1448,88,-1360,1424,63,-1361,1417,33,-1384,1688,56,-1632,1680,2128,44
655,64,-591,656,56,-600,920,88,-832,904,56,-848,952,72,-880,952,56,-896,1032,64,-968,1032,1488,44
720,72,-648,721,64,-657,880,105,-775,855,-17,-872,952,104,-848,904,104,-800,968,56,-912,984,1472,44
1160,98,-1062,1136,94,-1042,1184,112,-1072,1168,56,-1112,1257,80,-1177,1264,439,-825,929,81,-848,920,1880,44
705,89,-616,688,88,-600,720,80,-640,744,81,-663,823,63,-760,824,40,-784,984,56,-928,1009,1506,44
968,88,-880,960,32,-928,1048,80,-968,1096,113,-983,1159,55,-1104,1184,272,-912,1048,80,-968,1016,1736,44
1025,96,-929,993,65,-928,1120,80,-1040,1127,88,-1039,1120,80,-1040,1096,336,-760,920,73,-847,919,1737,44
1896,72,-1824,1880,32,-1848,2160,72,-2088,2176,103,-2073,2377,73,-2304,2368,48,-2320,2384,64,-2320,2368,2832,44
976,80,-896,960,8,-952,1007,87,-920,1009,57,-952,1048,80,-968,1032,16,-1016,1200,56,-1144,1208,1592,44
624,64,-560,624,64,-560,760,72,-688,808,64,-744,760,56,-704,776,40,-736,912,64,-848,904,1328,44
688,64,-624,696,80,-616,824,64,-760,887,104,-783,783,64,-719,792,56,-736,888,64,-824,896,1392,44
679,64,-615,688,48,-640,776,64,-712,808,96,-712,808,72,-736,800,63,-737,849,49,-800,888,1344,44
1888,80,-1808,1880,704,-1176,1360,48,-1312,1432,672,-760,896,64,-832,912,64,-848,1008,64,-944,1007,2703,44
919,56,-863,936,72,-864,1544,64,-1480,1584,72,-1512,1560,72,-1488,1552,168,-1384,1592,80,-1512,1568,2152,44
616,71,-545,609,41,-568,688,88,-600,680,16,-664,768,89,-679,759,1,-758,862,54,-808,872,1232,44
736,72,-664,720,73,-647,807,71,-736,832,48,-784,856,80,-776,832,72,-760,920,48,-872,952,1416,44
824,72,-752,832,104,-728,1024,97,-927,999,39,-960,1016,71,-945,1009,112,-897,1057,41,-1016,1065,1601,44
770,80,-690,769,47,-722,866,97,-769,849,16,-833,954,96,-858,921,96,-825,1033,49,-984,1048,1529,44
1440,40,-1400,1472,192,-1280,1864,96,-1768,1863,80,-1783,1960,80,-1880,1968,48,-1920,2384,64,-2320,2408,3008,44
720,72,-648,720,112,-608,753,72,-681,784,57,-727,879,79,-800,863,40,-823,1031,56,-975,1040,1528,44
800,88,-712,784,120,-664,864,96,-768,865,16,-849,975,88,-887,944,103,-841,1033,33,-1000,1064,1608,44
1008,80,-928,1000,89,-911,1015,96,-919,1031,23,-1008,1144,88,-1056,1112,247,-865,1065,73,-992,1056,1752,44
976,56,-920,978,104,-874,968,88,-880,984,88,-896,992,104,-888,952,169,-783,991,71,-920,960,1640,44
872,56,-816,888,96,-792,880,88,-792,896,88,-808,985,88,-897,968,96,-872,1000,64,-936,1016,1592,44
952,56,-896,977,80,-897,1040,112,-928,1048,249,-799,862,71,-791,856,80,-776,1032,56,-976,1048,1752,44
928,88,-840,895,64,-831,944,120,-824,904,56,-848,991,80,-911,992,144,-848,984,72,-912,1000,1624,44
840,120,-720,784,56,-728,783,80,-703,815,48,-767,919,104,-815,871,24,-847,976,64,-912,1016,1512,44
1056,104,-952,1040,96,-944,1152,128,-1024,1144,-16,-1160,1225,128,-1097,1168,288,-880,1160,112,-1048,1104,1944,44
1640,80,-1560,1624,96,-1528,1592,88,-1504,1616,831,-785,905,73,-832,904,72,-832,984,56,-928,1008,2304,44
840,64,-776,840,96,-744,856,88,-768,856,48,-808,1032,72,-960,1024,104,-920,1176,72,-1104,1152,1696,44
913,65,-848,912,120,-792,896,89,-807,919,55,-864,1008,80,-928,1000,96,-904,1096,64,-1032,1088,1657,44
1088,56,-1032,1104,72,-1032,1104,104,-1000,1104,40,-1064,1184,80,-1104,1192,80,-1112,1272,63,-1209,1273,1768,44
823,56,-767,840,105,-735,863,104,-759,870,47,-823,1000,88,-912,984,111,-873,1081,89,-992,1056,1656,44
871,79,-792,856,72,-784,960,72,-888,1000,176,-824,864,80,-784,848,48,-800,968,56,-912,992,1575,44
947,56,-891,976,64,-912,2217,64,-2153,2232,152,-2080,2328,64,-2264,2328,120,-2208,2408,64,-2344,2392,2976,44
889,97,-792,888,160,-728,848,72,-776,864,96,-768,864,64,-800,848,88,-760,944,49,-895,966,1592,44
840,72,-768,840,127,-713,793,65,-728,824,96,-728,832,72,-760,816,64,-752,928,56,-872,936,1488,44
904,64,-840,904,88,-816,912,64,-848,960,160,-800,936,64,-872,936,120,-816,992,56,-936,1008,1624,44
656,57,-599,663,63,-600,792,72,-720,808,64,-744,961,96,-865,927,64,-863,1024,104,-920,1000,1520,44
848,64,-784,864,40,-824,904,72,-832,936,120,-816,896,72,-824,896,120,-776,936,64,-872,944,1496,44
1240,80,-1160,1240,32,-1208,1288,72,-1216,1299,632,-667,775,80,-695,776,32,-744,880,48,-832,904,1880,44
1048,56,-992,1048,48,-1000,1080,64,-1016,1120,440,-680,806,72,-734,799,32,-767,888,80,-808,880,1672,44
1376,72,-1304,1384,96,-1288,1392,56,-1336,1417,384,-1033,1200,72,-1128,1176,24,-1152,1441,56,-1385,1448,2208,44
856,96,-760,832,64,-768,920,56,-864,960,272,-688,760,64,-696,760,64,-696,880,72,-808,888,1576,44
1247,96,-1151,1224,57,-1167,1679,78,-1601,1697,65,-1632,1768,88,-1680,1736,96,-1640,1840,72,-1768,1815,2367,44
872,64,-808,881,88,-793,920,88,-832,952,96,-856,912,88,-824,888,88,-800,959,56,-903,968,1536,44
1001,56,-945,1041,137,-904,960,120,-840,952,216,-736,1944,80,-1864,1944,87,-1857,2393,41,-2352,2472,3209,44
615,64,-551,640,40,-600,688,112,-576,696,8,-688,776,113,-663,735,7,-728,848,64,-784,848,1256,44
1136,72,-1064,1192,96,-1096,1496,64,-1432,1520,72,-1448,2096,80,-2016,2104,64,-2040,2192,64,-2128,2208,2720,44
704,64,-640,712,104,-608,912,64,-848,927,1,-926,1103,127,-976,1040,72,-968,1272,57,-1215,1280,1769,44
824,64,-760,832,48,-784,1088,112,-976,1048,-56,-1104,1176,144,-1032,1120,72,-1048,1216,56,-1160,1231,1671,44
983,72,-911,992,120,-872,1120,104,-1016,1120,-16,-1136,1192,136,-1056,1104,199,-905,1273,65,-1208,1288,1968,44
1056,63,-993,1041,65,-976,1160,72,-1088,1176,16,-1160,1208,104,-1104,1176,8,-1168,1308,80,-1228,1296,1704,44
720,96,-624,704,96,-608,824,96,-728,824,-9,-833,897,121,-776,840,32,-808,960,56,-904,968,1456,44
976,64,-912,984,72,-912,1072,96,-976,1080,-24,-1104,1168,120,-1048,1112,160,-952,1104,64,-1040,1120,1672,44
759,40,-719,791,137,-654,879,135,-744,816,-24,-840,904,88,-816,896,63,-833,993,81,-912,976,1496,44
976,56,-920,993,136,-857,1080,112,-968,1040,120,-920,992,96,-896,960,160,-800,952,88,-864,920,1688,44
720,48,-672,744,80,-664,832,88,-744,856,104,-752,952,72,-880,961,104,-857,944,64,-880,944,1504,44
1256,48,-1208,1320,88,-1232,1256,96,-1160,1248,23,-1225,1545,105,-1440,1520,80,-1440,1648,64,-1584,1632,2136,44
760,96,-664,736,56,-680,776,88,-688,784,-24,-808,1032,112,-920,976,96,-880,1048,56,-992,1064,1544,44
912,56,-856,920,80,-840,960,128,-832,936,-32,-968,1152,103,-1049,1137,193,-944,1136,48,-1088,1152,1728,44
1688,72,-1616,1696,952,-744,984,64,-920,1000,136,-864,928,72,-856,920,111,-809,1385,65,-1320,1400,2872,44
776,56,-720,784,48,-736,880,128,-752,848,-24,-872,952,96,-856,936,160,-776,928,64,-864,928,1456,44
920,80,-840,929,80,-849,944,72,-872,968,113,-855,967,63,-904,969,73,-896,1064,72,-992,1064,1617,44
2192,72,-2120,2240,41,-2199,2367,128,-2239,2326,32,-2294,2551,128,-2423,2559,87,-2472,2928,152,-2776,2847,3487,45
5951,80,-5871,6015,4440,-1575,2103,135,-1968,2032,480,-1552,2032,112,-1920,2008,184,-1824,2040,136,-1904,1984,7551,45
1592,87,-1505,1600,97,-1503,1791,127,-1664,1752,241,-1511,1887,143,-1744,1856,217,-1639,1887,95,-1792,1872,2879,45
1072,80,-992,1088,56,-1032,1192,112,-1080,1168,16,-1152,1512,160,-1352,1464,168,-1296,1496,104,-1392,1479,2175,45
1263,63,-1200,1312,104,-1208,1416,136,-1280,1368,97,-1271,1847,135,-1712,1824,193,-1631,1871,111,-1760,1848,2687,45
1568,79,-1489,1592,113,-1479,1768,143,-1625,1704,97,-1607,1815,175,-1640,1760,225,-1535,1919,71,-1848,1944,2847,45
896,88,-808,936,88,-848,1104,152,-952,1031,24,-1007,1264,144,-1120,1216,72,-1144,1312,79,-1233,1313,1960,45
912,32,-880,999,120,-879,1120,135,-985,1072,1,-1071,1311,175,-1136,1240,113,-1127,1359,55,-1304,1400,2031,45
1008,64,-944,1072,104,-968,1296,143,-1153,1248,97,-1151,1400,160,-1240,1319,144,-1175,1304,80,-1224,1295,2087,45
1446,88,-1358,1462,32,-1430,1518,128,-1390,1494,48,-1446,1686,152,-1534,1646,72,-1574,1742,80,-1662,1734,2334,45
1088,88,-1000,1080,64,-1016,1136,120,-1016,1112,0,-1112,1392,176,-1216,1328,176,-1152,1352,96,-1256,1336,2056,45
1088,95,-993,1096,73,-1023,1136,135,-1001,1088,57,-1031,1311,127,-1184,1264,89,-1175,1383,71,-1312,1392,2039,45
904,80,-824,927,72,-855,1096,104,-992,1056,16,-1040,1288,144,-1144,1247,192,-1055,1440,72,-1368,1408,2088,45
856,55,-801,904,97,-807,1080,127,-953,1048,33,-1015,1215,143,-1072,1176,97,-1079,1327,95,-1232,1304,1951,45
816,88,-728,863,96,-767,1000,88,-912,984,16,-968,1224,120,-1104,1216,80,-1136,1312,88,-1224,1303,1879,45
887,95,-792,928,49,-879,1111,127,-984,1096,17,-1079,1287,151,-1136,1232,73,-1159,1311,87,-1224,1296,1895,45
831,71,-760,880,40,-840,1096,120,-976,1064,1,-1063,1391,151,-1240,1360,48,-1312,1504,88,-1416,1488,2007,45
1000,31,-969,1097,57,-1040,1488,136,-1352,1447,48,-1399,1640,168,-1472,1607,200,-1407,1560,88,-1472,1560,2288,45
1352,96,-1256,1352,48,-1304,1480,136,-1344,1448,0,-1448,1656,144,-1512,1632,192,-1440,1576,104,-1472,1552,2272,45
1056,112,-944,1056,64,-992,1168,136,-1032,1112,0,-1112,1352,152,-1200,1327,112,-1215,1352,64,-1288,1391,2031,45
903,87,-816,928,89,-839,1079,103,-976,1064,-7,-1071,1367,151,-1216,1328,73,-1255,1415,95,-1320,1432,2023,45
936,112,-824,943,16,-927,1080,152,-928,1023,0,-1023,1272,128,-1144,1263,128,-1135,1328,87,-1241,1344,1967,45
800,80,-720,848,40,-808,1040,120,-920,1008,0,-1008,1312,144,-1168,1272,104,-1168,1456,96,-1360,1448,2032,45
967,71,-896,1008,73,-935,1656,111,-1545,1648,-15,-1663,2048,151,-1897,2008,112,-1896,2176,80,-2096,2144,2727,45
960,96,-864,1000,72,-928,1632,128,-1504,1600,0,-1600,2040,136,-1904,1999,136,-1863,1992,80,-1912,1975,2623,45
1400,96,-1304,1424,41,-1383,1615,135,-1480,1584,1,-1583,1839,119,-1720,1848,176,-1672,1944,112,-1832,1912,2592,45
1144,95,-1049,1160,65,-1095,1368,151,-1217,1312,-23,-1335,1608,183,-1425,1568,345,-1223,1408,95,-1313,408,1319,45
968,104,-864,976,56,-920,1127,128,-999,1104,-16,-1120,1344,144,-1200,1320,200,-1120,1360,120,-1240,1327,2063,45
1183,111,-1072,1176,65,-1111,1456,119,-1337,1432,-31,-1463,1743,167,-1576,1696,329,-1367,1575,103,-1472,1560,2423,45
856,120,-736,863,32,-831,1096,104,-992,1104,-40,-1144,1432,200,-1232,1360,56,-1304,1480,128,-1352,1431,2031,45
1016,111,-905,1016,57,-959,1135,129,-1006,1126,-41,-1167,1415,191,-1224,1344,161,-1183,1327,119,-1208,1304,2031,45
1016,104,-912,1040,40,-1000,1256,128,-1128,1248,-32,-1280,1528,152,-1376,1487,40,-1447,1584,112,-1472,1575,2119,45
872,103,-769,896,57,-839,991,135,-856,976,-39,-1015,1231,159,-1072,1200,57,-1143,1319,119,-1200,1304,1895,45
1008,144,-864,984,-24,-1008,1136,136,-1000,1120,-24,-1144,1360,192,-1168,1312,104,-1208,1288,120,-1168,1256,1904,45
856,80,-776,895,80,-815,1064,135,-929,1040,-23,-1063,1344,183,-1161,1272,17,-1255,1463,119,-1344,1432,2023,45
1056,120,-936,1056,48,-1008,1224,168,-1056,1160,-24,-1184,1424,160,-1264,1376,176,-1200,1831,104,-1727,1807,2559,45
1079,95,-984,1096,89,-1007,2599,143,-2456,2552,-64,-2616,3144,240,-2904,3023,104,-2919,3456,112,-3344,3455,4174,45
784,103,-681,824,41,-783,983,159,-824,936,-39,-975,1168,167,-1001,1136,73,-1063,1287,111,-1176,1304,1919,45
880,112,-768,896,96,-800,1016,136,-880,992,-56,-1048,1240,216,-1024,1168,64,-1104,1456,128,-1328,1440,2136,45
928,127,-801,920,33,-887,1136,159,-977,1096,-55,-1151,1351,199,-1152,1264,97,-1167,1343,127,-1216,1320,2007,45
1440,120,-1320,1432,80,-1352,1520,176,-1344,1463,-40,-1503,1728,192,-1536,1655,48,-1607,1839,120,-1719,1831,2527,45
1527,127,-1400,1520,49,-1471,1639,127,-1512,1624,-72,-1696,1920,240,-1680,1792,-23,-1815,2119,135,-1984,2112,2695,45
800,128,-672,823,24,-799,1432,128,-1304,1415,-64,-1479,1768,240,-1528,1671,0,-1671,1936,120,-1816,1919,2495,45
776,128,-648,760,24,-736,952,128,-824,960,-64,-1024,1208,232,-976,1104,24,-1080,1344,136,-1208,1319,1927,45
896,135,-761,888,1,-887,1095,135,-960,1088,-55,-1143,1351,199,-1152,1256,33,-1223,1423,127,-1296,1408,1983,45
952,120,-832,983,24,-959,1056,176,-880,1015,-72,-1087,1304,199,-1105,1241,41,-1200,1616,119,-1497,1616,2223,45
808,135,-673,816,-15,-831,1023,183,-840,968,-71,-1039,1191,223,-968,1104,-56,-1160,1424,160,-1264,1384,1943,45
823,143,-680,824,16,-808,952,176,-776,904,-88,-992,1264,216,-1048,1192,-24,-1216,1448,144,-1304,1432,2015,45
1088,128,-960,1096,-24,-1120,1360,176,-1184,1319,-72,-1391,1904,208,-1696,1799,168,-1631,1815,160,-1655,1759,2503,45
688,128,-560,679,0,-679,848,152,-696,831,-96,-927,1128,224,-904,1039,-64,-1103,1327,151,-1176,1280,1775,45
1735,1144,-591,735,-32,-767,951,151,-800,944,-88,-1032,1312,232,-1080,1208,-87,-1295,1423,143,-1280,1400,2863,45
672,144,-528,680,0,-680,832,128,-704,840,-80,-920,2256,232,-2024,2135,-72,-2207,2368,152,-2216,2343,2847,45
712,160,-552,720,-16,-736,832,152,-680,824,-96,-920,1432,208,-1224,1368,-56,-1424,1888,152,-1736,1840,2344,45
696,135,-561,696,1,-695,880,119,-761,896,-79,-975,1248,239,-1009,1136,-55,-1191,1583,151,-1432,1552,2063,45
752,160,-592,736,-32,-768,928,152,-776,928,-80,-1008,1224,248,-976,1120,-40,-1160,1464,152,-1312,1431,1991,45
832,151,-681,808,-31,-839,1032,151,-881,1016,-87,-1103,1359,247,-1112,1224,41,-1183,1423,151,-1272,1392,2015,45
2296,152,-2144,2271,0,-2271,2464,152,-2312,2447,-64,-2511,2768,208,-2560,2687,-56,-2743,2992,152,-2840,2951,3495,45
680,128,-552,712,0,-712,912,168,-744,872,-72,-944,1240,200,-1040,1168,-16,-1184,1480,144,-1336,1448,2000,45
736,143,-593,712,-31,-743,968,151,-817,928,-55,-983,1263,215,-1048,1184,1,-1183,1423,135,-1288,1400,1959,45
880,120,-760,888,0,-888,1024,168,-856,992,-56,-1048,1456,192,-1264,1408,-24,-1432,1760,152,-1608,1744,2296,45
696,151,-545,688,1,-687,895,167,-728,832,-71,-903,1103,207,-896,1032,-55,-1087,1263,151,-1112,1232,1783,45
944,144,-800,928,40,-888,1256,200,-1056,1175,-56,-1231,1848,192,-1656,1807,-96,-1903,2048,160,-1888,1999,2583,45
856,144,-712,872,0,-872,1056,168,-888,1024,-72,-1096,1344,248,-1096,1248,0,-1248,1536,160,-1376,1496,2144,45
712,160,-552,712,-32,-744,976,160,-816,944,-80,-1024,1592,224,-1368,1495,0,-1495,1728,144,-1584,1679,2255,45
744,144,-600,752,32,-720,928,176,-752,872,-48,-920,1192,184,-1008,1144,40,-1104,1328,112,-1216,1328,1968,45
696,144,-552,680,24,-656,880,152,-728,856,-64,-920,1080,224,-856,1000,-32,-1032,1176,152,-1024,1152,1752,45
1088,136,-952,1104,40,-1064,1424,160,-1264,1408,-32,-1440,2120,200,-1920,2063,72,-1991,2280,152,-2128,2239,2967,45
816,160,-656,824,-24,-848,1008,184,-824,968,-40,-1008,1408,200,-1208,1352,0,-1352,1720,144,-1576,1688,2312,45
744,143,-601,736,1,-735,1016,175,-841,960,-23,-983,1432,191,-1241,1376,-23,-1399,1656,143,-1513,1648,2255,45
800,144,-656,792,64,-728,928,168,-760,896,-32,-928,1064,208,-856,1016,0,-1016,1288,128,-1160,1272,1952,45
1048,152,-896,1047,0,-1047,1264,168,-1096,1223,40,-1183,1471,199,-1272,1424,25,-1399,1599,127,-1472,1584,2295,45
680,152,-528,664,-24,-688,848,184,-664,776,-48,-824,1024,176,-848,975,-16,-991,1144,119,-1025,1136,1679,45
679,135,-544,696,16,-680,888,160,-728,864,-56,-920,1256,200,-1056,1184,-32,-1216,1448,136,-1312,1416,1975,45
688,112,-576,728,64,-664,848,176,-672,816,-72,-888,1064,232,-832,976,-48,-1024,1536,128,-1408,1535,2127,45
624,144,-480,663,0,-663,864,160,-704,823,-56,-879,1112,183,-929,1040,1,-1039,1392,112,-1280,1383,1927,45
688,136,-552,688,1,-687,871,143,-728,856,-24,-880,1072,184,-888,1016,-24,-1040,1224,120,-1104,1216,1752,45
1112,127,-985,1144,57,-1087,1704,184,-1520,1639,264,-1375,1544,159,-1385,1528,49,-1479,1639,111,-1528,1640,2591,45
784,136,-648,792,0,-792,1024,160,-864,992,-24,-1016,1440,200,-1240,1351,0,-1351,1776,128,-1648,1767,2367,45
736,128,-608,760,24,-736,896,176,-720,824,-32,-856,1112,200,-912,1056,0,-1056,1296,112,-1184,1312,1920,45
1128,128,-1000,1111,0,-1111,1256,159,-1097,1224,-31,-1255,1840,208,-1632,1775,-64,-1839,2048,144,-1904,2031,2575,45
640,128,-512,648,0,-648,872,144,-728,840,-64,-904,1104,192,-912,1056,-24,-1080,1248,136,-1112,1248,1760,45
624,135,-489,656,-23,-679,863,175,-688,824,-31,-855,991,183,-808,952,-39,-991,1175,151,-1024,1168,1719,45
688,144,-544,680,0,-680,848,168,-680,808,-56,-864,1120,200,-920,1056,-16,-1072,1256,128,-1128,1255,1823,45
632,144,-488,632,-32,-664,944,152,-792,912,-23,-935,1303,167,-1136,1272,1,-1271,1495,135,-1360,1504,2048,45
696,128,-568,728,40,-688,880,160,-720,847,-32,-879,1144,200,-944,1063,-40,-1103,1272,128,-1144,1271,1855,45
648,136,-512,656,1,-655,839,175,-664,800,-56,-856,1040,200,-840,984,-32,-1016,1152,136,-1016,1160,1720,45
648,136,-512,671,32,-639,864,160,-704,839,-72,-911,1048,208,-840,967,-56,-1023,1176,135,-1041,1152,1695,45
687,143,-544,688,25,-663,871,175,-696,856,-56,-912,1072,200,-872,1032,-23,-1055,1223,135,-1088,1224,1823,45
656,128,-528,656,0,-656,832,168,-664,791,-40,-831,1072,176,-896,1039,0,-1039,1112,152,-960,1095,1679,45
680,136,-544,672,40,-632,920,160,-760,888,-48,-936,1112,176,-936,1104,0,-1104,1248,120,-1128,1232,1816,45
640,136,-504,664,24,-640,936,160,-776,903,-40,-943,1088,175,-913,1048,-23,-1071,1200,135,-1065,1192,1759,45
840,136,-704,840,96,-744,976,168,-808,928,16,-912,1160,184,-976,1104,40,-1064,1192,120,-1072,1192,1952,45
840,112,-728,864,72,-792,952,160,-792,920,0,-920,1264,144,-1120,1240,0,-1240,1440,120,-1320,1448,2056,45
784,119,-665,792,104,-688,857,136,-721,832,1,-831,1032,159,-873,1008,0,-1008,1144,120,-1024,1136,1775,45
672,152,-520,648,0,-648,888,144,-744,848,-24,-872,1088,160,-928,1047,-16,-1063,1192,128,-1064,1152,1696,45
696,112,-584,704,56,-648,872,144,-728,848,-24,-872,1088,152,-936,1048,0,-1048,1160,120,-1040,1160,1720,45
711,112,-599,767,47,-720,840,128,-712,824,-16,-840,976,152,-824,944,0,-944,1096,104,-992,1103,1630,45
704,95,-609,728,1,-727,895,143,-752,856,1,-855,1039,127,-912,1040,64,-976,1224,88,-1136,1232,1751,45
601,112,-489,600,41,-559,727,135,-592,696,-39,-735,951,151,-800,912,-15,-927,1120,103,-1017,1112,1600,45
664,112,-552,688,48,-640,816,144,-672,776,-32,-808,1048,160,-888,1000,-40,-1040,1240,104,-1136,1248,1744,45
624,120,-504,615,40,-575,776,128,-648,751,-32,-783,1008,160,-848,983,-40,-1023,1264,111,-1153,1264,1751,45
575,111,-464,576,25,-551,711,135,-576,688,-32,-720,888,144,-744,872,-24,-896,1088,96,-992,1112,1567,45
544,120,-424,536,0,-536,720,136,-584,696,-32,-728,896,136,-760,856,-24,-880,1032,96,-936,1039,1471,45
615,127,-488,608,41,-567,759,143,-616,728,-47,-775,959,151,-808,920,-32,-952,1121,112,-1009,1104,1599,45
576,136,-440,544,0,-544,712,152,-560,672,-24,-696,896,120,-776,904,-40,-944,1056,104,-952,1056,1504,45
584,120,-464,584,24,-560,728,127,-601,720,-31,-751,960,152,-808,927,-32,-959,1104,95,-1009,1136,1591,45
576,151,-425,568,1,-567,719,143,-576,680,-47,-727,927,159,-768,880,-80,-960,1104,104,-1000,1096,1527,45
552,136,-416,536,0,-536,768,136,-632,744,-40,-784,1048,136,-912,1008,-48,-1056,1256,104,-1152,1240,1664,45
544,127,-417,552,1,-551,736,127,-609,720,-39,-759,1080,151,-929,1000,1,-999,1159,71,-1088,1192,1631,45
536,112,-424,544,-24,-568,792,160,-632,744,-48,-792,960,160,-800,912,-40,-952,1064,104,-960,1056,1480,45
576,135,-441,560,-15,-575,800,167,-633,728,-39,-767,1000,151,-849,952,-31,-983,1200,119,-1081,1168,1655,45
536,120,-416,544,1,-543,783,135,-648,760,-55,-815,967,167,-800,928,-64,-992,1152,112,-1040,1152,1568,45
544,128,-416,528,0,-528,800,144,-656,759,-48,-807,1168,152,-1016,1127,-64,-1191,1504,112,-1392,1503,1927,45
552,135,-417,536,1,-535,824,143,-681,784,-55,-839,1175,167,-1008,1112,-63,-1175,1391,111,-1280,1400,1839,45
560,136,-424,552,-16,-568,792,152,-640,752,-40,-792,992,160,-832,935,-72,-1007,1384,128,-1256,1375,1823,45
560,143,-417,560,1,-559,831,127,-704,816,-47,-863,1087,151,-936,1048,-7,-1055,1311,95,-1216,1328,1791,45
616,136,-480,600,0,-600,808,152,-656,776,-64,-840,1024,160,-864,983,-64,-1047,1232,120,-1112,1223,1663,45
592,151,-441,544,1,-543,760,143,-617,728,-63,-791,1007,183,-824,952,-63,-1015,1391,111,-1280,1392,1855,45
840,168,-672,776,0,-776,1544,184,-1360,1472,-56,-1528,1768,168,-1600,1759,32,-1727,1968,120,-1848,1951,2567,45
607,159,-448,600,0,-600,784,160,-624,744,-56,-800,928,152,-776,920,-40,-960,1112,112,-1000,1112,1599,45
632,128,-504,640,40,-600,848,112,-736,848,-48,-896,1168,192,-976,1119,0,-1119,1288,128,-1160,1288,1840,45
599,151,-448,576,-39,-615,943,167,-776,904,-72,-976,1185,200,-985,1120,-55,-1175,1375,151,-1224,1344,1847,45
640,128,-512,648,64,-584,832,136,-696,808,-64,-872,1016,184,-832,968,0,-968,1256,120,-1136,1248,1816,45
648,128,-520,647,56,-591,888,167,-721,832,-47,-879,1024,159,-865,992,-55,-1047,1199,143,-1056,1160,1711,45
584,128,-456,584,32,-552,848,136,-712,840,-48,-888,1008,168,-840,1008,-32,-1040,1248,112,-1136,1264,1760,45
600,127,-473,600,9,-591,904,143,-761,872,-71,-943,1176,200,-976,1111,-56,-1167,1400,120,-1280,1391,1863,45
576,136,-440,584,0,-584,880,136,-744,864,-72,-936,1064,208,-856,984,-56,-1040,1192,136,-1056,1160,1648,45
592,135,-457,593,1,-592,856,127,-729,840,-39,-879,1032,160,-872,999,0,-999,1136,120,-1016,1135,1639,45
655,143,-512,648,0,-648,976,152,-824,936,-56,-992,1424,184,-1240,1360,64,-1296,2080,144,-1936,2039,2670,45
639,119,-520,656,32,-624,1016,160,-856,976,-47,-1023,1128,167,-961,1088,24,-1064,1296,128,-1168,1280,1863,45
824,136,-688,800,0,-800,1000,144,-856,952,-56,-1008,1296,184,-1112,1224,112,-1112,1360,128,-1232,1343,1991,45
528,127,-401,544,1,-543,903,143,-760,864,-47,-911,1040,151,-889,1016,-23,-1039,1223,135,-1088,1208,1695,45
720,144,-576,712,0,-712,952,192,-760,888,-24,-912,1112,168,-944,1064,24,-1040,1168,152,-1016,1128,1784,45
760,127,-633,776,1,-775,991,167,-824,944,-39,-983,1175,175,-1000,1128,1,-1127,1311,135,-1176,1304,1871,45
672,128,-544,688,8,-680,904,144,-760,880,-56,-936,1192,208,-984,1144,0,-1144,1320,136,-1184,1304,1872,45
664,103,-561,688,33,-655,879,135,-744,864,-47,-911,1112,183,-929,1056,1,-1055,1224,119,-1105,1216,1743,45
3176,105,-3071,3182,55,-3127,3327,160,-3167,3295,-32,-3327,3551,160,-3391,3495,1904,-1591,2031,120,-1911,2023,4495,45
568,112,-456,592,40,-552,784,144,-640,752,-40,-792,936,152,-784,880,-24,-904,1088,136,-952,1056,1576,45
1071,119,-952,1080,1,-1079,1327,135,-1192,1296,-72,-1368,1600,208,-1392,1528,232,-1296,1520,128,-1392,1488,2239,45
584,111,-473,616,49,-567,784,135,-649,800,-47,-847,1088,151,-937,1064,-15,-1079,1215,127,-1088,1208,1719,45
640,120,-520,656,0,-656,848,160,-688,800,-47,-847,1095,175,-920,1024,-56,-1080,1248,136,-1112,1240,1728,45
592,112,-480,600,16,-584,800,136,-664,760,-56,-816,1088,168,-920,1023,0,-1023,232,128,-104,1207,1711,45
568,111,-457,600,1,-599,839,151,-688,808,-79,-887,1104,183,-921,1032,-15,-1047,1231,135,-1096,1200,1687,45
520,128,-392,504,-32,-536,728,128,-600,720,-56,-776,928,160,-768,840,-24,-864,1008,120,-888,992,1416,45
672,119,-553,680,49,-631,800,135,-665,776,-55,-831,1096,183,-913,1048,25,-1023,1223,103,-1120,1248,1807,45
608,120,-488,632,48,-584,816,128,-688,800,-48,-848,1056,160,-896,1000,0,-1000,1392,120,-1272,1392,1920,45
513,120,-393,544,1,-543,799,135,-664,784,-64,-848,1016,160,-856,976,-16,-992,1136,120,-1016,1128,1584,45
960,136,-824,959,0,-959,1144,127,-1017,1136,-71,-1207,1440,175,-1265,1376,289,-1087,1440,136,-1304,1431,2223,45
592,104,-488,664,32,-632,768,144,-624,752,-48,-800,944,176,-768,888,-32,-920,1064,144,-920,1024,1544,45
616,127,-489,600,49,-551,776,88,-688,792,-64,-856,1256,191,-1065,1152,-15,-1167,1512,128,-1384,1495,1999,45
479,135,-344,488,-23,-511,791,103,-688,800,-40,-840,1096,160,-936,1064,-15,-1079,1279,135,-1144,1264,1719,45
1248,120,-1128,1231,32,-1199,1456,168,-1288,1407,-24,-1431,2248,176,-2072,2207,-48,-2255,2367,136,-2231,2343,2903,45
504,120,-384,511,0,-511,688,127,-561,680,-63,-743,872,151,-721,856,-23,-879,976,127,-849,952,1391,45
521,128,-393,512,40,-472,680,112,-568,688,-48,-736,872,136,-736,848,-16,-864,1000,120,-880,992,1464,45
536,128,-408,552,16,-536,720,144,-576,704,-64,-768,968,152,-816,944,-16,-960,1104,112,-992,1103,1575,45
512,143,-369,496,1,-495,736,111,-625,744,-47,-791,952,135,-817,928,-23,-951,1087,111,-976,1088,1519,45
632,128,-504,648,56,-592,776,144,-632,752,-48,-800,1032,168,-864,1008,-56,-1064,1208,136,-1072,1184,1712,45
472,127,-345,465,-23,-488,696,120,-576,695,-72,-767,1288,175,-1113,1240,-39,-1279,1408,135,-1273,1400,1823,45
552,144,-408,552,-24,-576,744,144,-600,720,-48,-768,952,168,-784,928,-48,-976,1096,136,-960,1080,1552,45
600,144,-456,592,0,-592,896,168,-728,847,-32,-879,1104,144,-960,1055,-96,-1151,1384,143,-1241,1352,1823,45
583,159,-424,560,1,-559,855,151,-704,824,-55,-879,1271,183,-1088,1216,-55,-1271,1479,143,-1336,1464,1991,45
512,144,-368,503,-56,-559,736,184,-552,695,-72,-767,944,184,-760,872,-88,-960,1096,152,-944,1087,1535,45
528,127,-401,544,-31,-575,815,167,-648,776,-48,-824,1064,152,-912,1056,-16,-1072,1408,120,-1288,1408,1879,45
552,135,-417,553,1,-552,824,135,-689,808,-39,-847,1032,184,-848,967,-56,-1023,1192,128,-1064,1191,1679,45
544,136,-408,568,16,-552,776,160,-616,744,-56,-800,1240,176,-1064,1176,-80,-1256,1504,128,-1376,1488,1968,45
552,127,-425,553,-15,-568,872,152,-720,816,-56,-872,1120,168,-952,1087,-48,-1135,1336,135,-1201,1312,1775,45
552,143,-409,560,-47,-607,783,159,-624,744,-39,-783,1159,167,-992,1104,-40,-1144,1400,144,-1256,1392,1879,45
536,144,-392,520,-56,-576,816,152,-664,791,-72,-863,1176,184,-992,1119,-56,-1175,1504,152,-1352,1463,1911,45
560,159,-401,536,-39,-575,863,175,-688,808,-72,-880,1056,192,-864,976,-64,-1040,1208,152,-1056,1184,1687,45
616,144,-472,615,-16,-631,752,168,-584,703,-32,-735,1008,152,-856,975,-88,-1063,240,143,-97,1224,1695,45
592,136,-456,591,0,-591,704,200,-504,632,-72,-704,912,200,-712,840,-128,-968,1128,128,-1000,1127,1591,45
640,135,-505,624,33,-591,815,183,-632,760,-55,-815,999,175,-824,984,-95,-1079,1247,135,-1112,1240,1751,45
608,128,-480,600,32,-568,776,144,-632,768,-56,-824,1016,160,-856,1000,-40,-1040,1208,136,-1072,1208,1712,45
560,120,-440,567,0,-567,776,135,-641,752,-47,-799,1016,151,-865,984,-39,-1023,1392,111,-1281,1400,1831,45
536,128,-408,544,1,-543,951,151,-800,896,-56,-952,1128,160,-968,1104,-40,-1144,1312,136,-1176,1312,1792,45
544,135,-409,560,1,-559,816,136,-680,807,-64,-871,1120,176,-944,1047,-40,-1087,1272,135,-1137,1280,1759,45
616,136,-480,592,-24,-616,784,144,-640,752,-32,-784,1024,168,-856,984,-56,-1040,1184,128,-1056,1159,1623,45
543,127,-416,576,24,-552,720,144,-576,688,-63,-751,991,159,-832,952,-48,-1000,1216,120,-1096,1200,1663,45
680,128,-552,688,24,-664,960,200,-760,880,0,-880,1128,152,-976,1112,-112,-1224,1424,136,-1288,1391,1919,45
608,103,-505,632,33,-599,831,167,-664,776,-39,-815,1016,167,-849,976,-64,-1040,1376,120,-1256,1368,1855,45
632,112,-520,656,32,-624,848,168,-680,832,-64,-896,1072,184,-888,1016,-40,-1056,1264,144,-1120,1232,1768,45
600,120,-480,607,40,-567,840,167,-673,800,-47,-847,1127,159,-968,1080,-55,-1135,1264,143,-1121,1232,1759,45
607,135,-472,616,40,-576,792,128,-664,792,-56,-848,1240,176,-1064,1192,-72,-1264,1512,136,-1376,1512,1999,45
584,144,-440,583,0,-583,768,143,-625,744,-71,-815,1024,175,-849,984,-47,-1031,1208,128,-1080,1191,1663,45
560,120,-440,584,40,-544,736,136,-600,728,-72,-800,1008,184,-824,960,-72,-1032,1424,136,-1288,1424,1896,45
632,128,-504,631,16,-615,864,128,-736,863,-64,-927,1168,191,-977,1104,-23,-1127,1360,119,-1241,1352,1847,45
632,136,-496,624,40,-584,784,112,-672,792,-40,-832,1064,184,-880,1008,-32,-1040,1184,136,-1048,1176,1712,45
592,136,-456,583,24,-559,792,120,-672,792,-40,-832,1064,168,-896,960,-24,-984,1184,120,-1064,1183,1687,45
575,119,-456,584,1,-583,791,135,-656,792,-55,-847,1143,183,-960,1096,-47,-1143,1303,127,-1176,1288,1751,45
560,112,-448,607,32,-575,800,136,-664,775,-64,-839,999,208,-791,935,-112,-1047,1248,127,-1121,1240,1679,45
560,112,-448,575,0,-575,856,152,-704,839,-40,-879,1080,159,-921,1056,-63,-1119,1344,135,-1209,1320,1775,45
592,128,-464,608,32,-576,1704,128,-1576,1696,-56,-1752,2120,168,-1952,2080,-24,-2104,2296,120,-2176,2312,2808,45
615,135,-480,616,33,-583,744,119,-625,752,-55,-807,1135,183,-952,1080,-56,-1136,1424,144,-1280,1408,1911,45
536,136,-400,552,-24,-576,760,144,-616,752,-64,-816,992,176,-816,968,-56,-1024,1200,128,-1072,1208,1648,45
568,135,-433,568,-23,-591,776,127,-649,768,-55,-823,1143,183,-960,1088,-39,-1127,1359,135,-1224,1360,1823,45
608,103,-505,665,1,-664,752,153,-599,711,-82,-793,1081,185,-896,1039,-80,-1119,1336,106,-1230,1333,1719,45
599,111,-488,600,33,-567,711,135,-576,688,-31,-719,847,151,-696,800,-39,-839,1039,127,-912,1025,1512,45
544,112,-432,535,0,-535,736,136,-600,711,-64,-775,976,175,-801,904,-31,-935,1160,95,-1065,1176,1599,45
575,111,-464,584,41,-543,751,119,-632,744,-40,-784,920,160,-760,864,-56,-920,1112,112,-1000,1096,1543,45
544,112,-432,520,16,-504,712,120,-592,687,-32,-719,896,135,-761,889,-39,-928,1112,112,-1000,1095,1519,45
520,127,-393,520,1,-519,736,103,-633,736,-39,-775,976,151,-825,928,-23,-951,1136,95,-1041,1152,1567,45
600,136,-464,576,0,-576,760,136,-624,720,-40,-760,992,163,-829,925,-27,-952,1136,96,-1040,1144,1608,45
488,120,-368,495,0,-495,736,128,-608,711,-56,-767,880,152,-728,847,-56,-903,1160,103,-1057,1152,1543,45
527,127,-400,512,0,-512,696,136,-560,672,-40,-712,864,136,-728,816,-40,-856,1072,104,-968,1096,1519,45
576,120,-456,552,24,-528,712,128,-584,696,-40,-736,928,160,-768,880,-80,-960,1112,112,-1000,1096,1520,45
528,127,-401,520,1,-519,704,136,-568,679,-56,-735,920,151,-769,888,-23,-911,1168,87,-1081,1184,1607,45
536,112,-424,552,25,-527,727,143,-584,696,-56,-752,912,144,-768,880,-32,-912,1048,104,-944,1048,1488,45
544,120,-424,543,0,-543,744,128,-616,711,-56,-767,920,183,-737,848,-15,-863,1008,88,-920,1015,1463,45
520,127,-393,512,1,-511,743,143,-600,704,-55,-759,967,159,-808,912,-48,-960,1128,104,-1024,1120,1551,45
536,104,-432,560,32,-528,720,128,-592,704,-48,-752,968,152,-816,904,-16,-920,1104,96,-1008,1119,1567,45
504,112,-392,520,16,-504,720,136,-584,704,-56,-760,864,160,-704,808,-32,-840,1064,112,-952,1064,1512,45
504,128,-376,480,-16,-496,744,128,-616,711,-64,-775,904,176,-728,-153,-40,113,1112,104,-1008,1119,1535,45
512,143,-369,504,1,-503,767,119,-648,752,-55,-807,1047,159,-888,1000,-63,-1063,1247,111,-1136,1240,1655,45
592,120,-472,600,32,-568,712,168,-544,672,-56,-728,880,160,-720,824,-80,-904,1112,104,-1008,1136,1584,45
528,120,-408,519,8,-511,728,136,-592,711,-56,-767,912,175,-737,840,-31,-871,1040,103,-937,1032,1487,45
567,119,-448,576,40,-536,752,128,-624,760,-64,-824,944,176,-768,904,-64,-968,1096,120,-976,1080,1535,45
1560,1136,-424,552,0,-552,728,128,-600,728,-64,-792,952,184,-768,863,-40,-903,1088,112,-976,1079,2535,45
512,119,-393,472,-23,-495,712,103,-609,720,-55,-775,927,175,-752,864,-31,-895,1087,111,-976,1072,1471,45
536,144,-392,504,0,-504,744,144,-600,712,-56,-768,960,144,-816,936,-8,-944,1152,112,-1040,1144,1624,45
592,136,-456,591,24,-567,720,128,-592,695,-72,-767,912,175,-737,864,-63,-927,1104,120,-984,1087,1535,45
543,127,-416,528,0,-528,744,136,-608,736,-64,-800,904,168,-736,864,-64,-928,1072,112,-960,1056,1471,45
496,120,-376,488,0,-488,672,112,-560,688,-72,-760,928,168,-760,879,-24,-903,1024,96,-928,1048,1448,45
536,127,-409,544,1,-543,799,127,-672,784,-39,-823,911,151,-760,896,-63,-959,1103,119,-984,1096,1519,45
568,120,-448,600,32,-568,728,144,-584,696,-48,-744,888,176,-712,824,-48,-872,1240,128,-1112,1224,1728,45
600,120,-480,632,0,-632,840,136,-704,832,-64,-896,1744,200,-1544,1672,-72,-1744,2120,128,-1992,2096,2544,45
552,119,-433,576,17,-559,744,135,-609,728,-79,-807,1008,191,-817,928,-47,-975,1136,119,-1017,1120,1575,45
639,127,-512,680,24,-656,816,152,-664,784,-64,-848,1096,176,-920,1048,-40,-1088,1248,128,-1120,1232,1735,45
568,120,-448,600,48,-552,720,151,-569,696,-71,-767,904,176,-728,839,-64,-903,1144,120,-1024,1127,1607,45
535,119,-416,560,25,-535,735,143,-592,704,-71,-775,903,167,-736,880,-71,-951,1103,119,-984,1120,1551,45
575,144,-431,584,0,-584,736,184,-552,680,-64,-744,896,159,-737,897,-95,-992,1160,119,-1041,1168,1615,45
760,128,-632,783,24,-759,896,144,-752,855,-64,-919,1128,191,-937,1064,-47,-1111,1336,119,-1217,1344,1839,45
560,136,-424,560,0,-560,760,136,-624,760,-88,-848,976,192,-784,936,-72,-1008,1160,136,-1024,1152,1592,45
1144,152,-992,1135,0,-1135,1344,151,-1193,1336,-39,-1375,1968,184,-1784,1911,424,-1487,1664,119,-1545,1672,2663,45
576,144,-432,568,0,-568,760,136,-624,752,-72,-824,1024,176,-848,975,-24,-999,1168,136,-1032,1144,1640,45
568,152,-416,567,16,-551,696,167,-529,664,-87,-751,1088,183,-905,1016,-63,-1079,1312,135,-1177,1304,1807,45
552,136,-416,544,1,-543,775,135,-640,776,-80,-856,1008,176,-832,944,-40,-984,1176,136,-1040,1168,1632,45
536,136,-400,543,0,-543,728,127,-601,728,-79,-807,992,191,-801,928,-39,-967,1144,136,-1008,1143,1615,45
592,128,-464,608,1,-607,823,135,-688,800,-88,-888,1160,200,-960,1080,-56,-1136,1448,120,-1328,1464,1904,45
560,144,-416,568,0,-568,856,120,-736,871,-80,-951,1224,168,-1056,1199,-56,-1255,1512,120,-1392,1495,1911,45
584,151,-433,584,1,-583,815,135,-680,800,-79,-879,1111,207,-904,1040,-15,-1055,1295,127,-1168,1296,1823,45
528,111,-417,568,1,-567,920,135,-785,912,-71,-983,1159,175,-984,1096,-47,-1143,1271,143,-1128,1264,1711,45
624,128,-496,632,56,-576,872,136,-736,863,-56,-919,1056,144,-912,1040,0,-1040,1216,120,-1096,240,768,45
552,127,-425,568,-31,-599,1191,143,-1048,1192,-95,-1287,336,191,-145,1304,-31,-1335,1607,111,-1496,1624,2039,45
632,144,-488,624,0,-624,768,168,-600,728,-16,-744,1016,176,-840,976,-120,-1096,1256,136,-1120,1256,1744,45
551,135,-416,576,25,-551,759,119,-640,768,-63,-831,1031,167,-864,1024,-55,-1079,1199,143,-1056,1184,1655,45
552,136,-416,560,24,-536,752,136,-616,760,-88,-848,976,192,-784,912,-48,-960,1120,144,-976,1120,1616,45
680,151,-529,664,1,-663,856,127,-729,880,-71,-951,1264,199,-1065,1208,-55,-1263,1448,127,-1321,1464,1943,45
696,136,-560,696,40,-656,864,184,-680,832,-48,-880,1168,168,-1000,1152,-16,-1168,1496,136,-1360,1488,2088,45
592,128,-464,591,24,-567,784,143,-641,784,-63,-847,1000,167,-833,968,-79,-1047,1224,144,-1080,1223,1687,45
528,136,-392,536,0,-536,776,136,-640,776,-71,-847,1087,175,-912,1016,-72,-1088,1344,144,-1200,1344,1792,45
528,144,-384,536,0,-536,720,175,-545,688,-95,-783,944,159,-785,904,-63,-967,1184,119,-1065,1216,1655,45
551,167,-384,520,1,-519,735,135,-600,728,-87,-815,1039,191,-848,976,-40,-1016,1288,136,-1152,1280,1783,45
552,128,-424,568,16,-552,800,128,-672,824,-80,-904,1280,184,-1096,1224,-56,-1280,1728,136,-1592,1751,2207,45
640,135,-505,640,57,-583,800,143,-657,776,-63,-839,1047,167,-880,1008,-23,-1031,1191,135,-1056,1200,1751,45
663,143,-520,656,25,-631,799,159,-640,768,-104,-872,1080,208,-872,1008,-80,-1088,1272,144,-1128,1272,1767,45
584,136,-448,584,0,-584,728,168,-560,695,-88,-783,1000,168,-832,968,-64,-1032,1216,152,-1064,1191,1663,45
671,127,-544,696,33,-663,1207,167,-1040,1160,-31,-1191,2167,159,-2008,2152,-95,-2247,2463,159,-2304,2464,2983,45
680,143,-537,688,41,-647,896,151,-745,888,-87,-975,1432,207,-1225,1368,-71,-1439,1544,167,-1377,1512,2063,45
704,152,-552,696,56,-640,1200,160,-1040,1160,-56,-1216,1280,184,-1096,1240,-48,-1288,1424,144,-1280,1415,2007,45
631,135,-496,632,17,-615,840,151,-689,816,-56,-872,1024,184,-840,976,-55,-1031,1151,127,-1024,1184,1687,45
600,136,-464,616,56,-560,800,152,-648,776,-64,-840,1024,168,-856,968,-56,-1024,1192,144,-1048,1192,1728,45
608,127,-481,608,25,-583,808,143,-665,776,-71,-847,1032,176,-856,991,-48,-1039,1160,135,-1025,1152,1639,45
584,136,-448,584,-16,-600,793,144,-649,776,-72,-848,1008,192,-816,944,-56,-1000,1464,120,-1344,1480,1928,45
632,127,-505,640,57,-583,832,144,-688,799,-64,-863,1008,175,-833,960,-31,-991,1216,128,-1088,1207,1743,45
600,144,-456,575,0,-575,744,159,-585,728,-55,-783,983,159,-824,952,-47,-999,1159,119,-1040,1184,1663,45
568,144,-424,560,0,-560,896,136,-760,896,-72,-968,1120,176,-944,1072,-48,-1120,1304,128,-1176,1304,1768,45
584,136,-448,576,24,-552,768,128,-640,784,-72,-856,1544,184,-1360,1471,-48,-1519,1920,128,-1792,1927,2407,45
551,127,-424,568,16,-552,848,144,-704,808,-80,-888,1040,176,-864,968,-40,-1008,1296,128,-1168,1328,1799,45
655,135,-520,664,40,-624,832,176,-656,776,-64,-840,1064,192,-872,984,-40,-1024,1168,144,-1024,1160,1743,45
632,144,-488,616,0,-616,920,176,-744,872,-48,-920,1144,176,-968,1079,-56,-1135,1320,136,-1184,1327,1855,45
799,151,-648,784,1,-783,943,159,-784,920,-32,-952,1152,193,-959,1111,-33,-1144,1296,152,-1144,1264,1855,45
576,144,-432,576,-24,-600,800,160,-640,767,-56,-823,1000,200,-800,936,-104,-1040,1184,144,-1040,1191,1655,45
608,159,-449,584,1,-583,840,151,-689,816,-71,-887,1087,191,-896,1032,-39,-1071,1255,143,-1112,1256,1791,45
592,145,-447,567,-33,-600,847,160,-687,808,-64,-872,1088,176,-912,1039,0,-1039,1208,120,-1088,1208,1712,45
600,143,-457,584,17,-567,951,159,-792,920,-55,-975,1127,167,-960,1096,-55,-1151,1399,135,-1264,1400,1911,45
560,144,-416,543,-32,-575,896,168,-728,848,-56,-904,1000,168,-832,967,-80,-1047,1248,136,-1112,1231,1679,45
575,143,-432,584,-15,-599,799,159,-640,768,-48,-816,960,160,-800,944,-55,-999,1175,143,-1032,1168,1655,45
624,144,-480,640,56,-584,760,144,-616,752,-56,-808,960,168,-792,928,-56,-984,1144,144,-1000,1128,1672,45
616,143,-473,616,-23,-639,824,183,-641,776,-55,-831,983,183,-800,936,-79,-1015,1175,159,-1016,1160,1671,45
584,144,-440,576,16,-560,832,128,-704,824,-80,-904,1088,200,-888,1048,-56,-1104,1376,128,-1248,1376,1856,45
640,127,-513,632,17,-615,864,176,-688,815,-56,-871,1047,184,-863,991,0,-991,1472,119,-1353,1488,2055,45
592,128,-464,592,32,-560,824,144,-680,808,-72,-880,1064,184,-880,1008,-24,-1032,1360,136,-1224,1344,1872,45
576,119,-457,624,1,-623,840,167,-673,808,-55,-863,1032,167,-865,1008,-63,-1071,1248,151,-1097,1240,1727,45
608,144,-464,600,-16,-616,864,168,-696,816,-24,-840,1120,160,-960,1080,-64,-1144,1296,128,-1168,1304,1800,45
688,135,-553,696,1,-695,1296,183,-1113,1240,-23,-1263,1328,175,-1153,1288,49,-1239,1503,128,-1375,1503,2151,45
568,128,-440,600,0,-600,872,144,-728,856,-32,-888,1024,160,-864,984,0,-984,1176,112,-1064,1199,1711,45
576,136,-440,568,0,-568,832,120,-712,832,-56,-888,1088,160,-928,1040,-24,-1064,1368,120,-1248,1384,1840,45
656,127,-529,648,33,-615,856,151,-705,832,-31,-863,1160,159,-1001,1120,-47,-1167,1327,127,-1200,1320,1839,45
728,112,-616,800,1,-799,2415,127,-2288,2399,1,-2398,2479,143,-2336,2479,-24,-2503,2688,152,-2536,2647,3159,45
569,128,-441,552,1,-551,823,143,-680,824,-72,-896,1072,184,-888,1016,-39,-1055,1215,135,-1080,1192,1672,45
528,112,-416,560,-24,-584,864,160,-704,816,-80,-896,1120,184,-936,1072,-32,-1104,1472,120,-1352,1479,1919,45
640,111,-529,672,33,-639,808,128,-680,783,-40,-823,944,167,-777,880,1,-879,1064,112,-952,1063,1575,45
736,120,-616,728,16,-712,992,168,-824,928,0,-928,1064,152,-912,1024,32,-992,1216,136,-1080,1184,1808,45
712,104,-608,719,64,-655,904,128,-776,872,-40,-912,1120,168,-952,1039,0,-1039,1240,112,-1128,1215,1751,45
759,111,-648,760,65,-695,999,135,-864,968,1,-967,1095,175,-920,1032,1,-1031,1255,127,-1128,1216,1831,45
751,103,-648,768,57,-711,927,135,-792,904,1,-903,1063,167,-896,1000,17,-983,1151,127,-1024,1112,1719,45
672,96,-576,672,72,-600,872,136,-736,824,0,-824,976,152,-824,928,0,-928,1120,104,-1016,1127,1687,45
672,119,-553,657,57,-600,911,135,-776,880,-23,-903,1264,167,-1097,1208,1,-1207,1455,119,-1336,1400,1975,45
696,120,-576,672,24,-648,888,160,-728,824,0,-824,1128,152,-976,1104,0,-1104,1352,112,-1240,1328,1896,45
663,111,-552,680,33,-647,887,95,-792,888,1,-887,1055,175,-880,1008,1,-1007,1135,119,-1016,1112,1647,45
632,112,-520,632,32,-600,800,136,-664,767,-16,-783,984,136,-848,959,-16,-975,1248,112,-1136,1231,1727,45
703,111,-592,704,25,-679,920,151,-769,880,1,-879,1223,143,-1080,1184,-23,-1207,1471,103,-1368,1456,1967,45
632,112,-520,639,48,-591,1080,112,-968,1064,-40,-1104,1216,175,-1041,1168,25,-1143,1328,103,-1225,1320,1855,45
688,119,-569,696,65,-631,3671,135,-3536,3631,-7,-3638,3735,143,-3592,3687,-8,-3695,3896,104,-3792,3879,4430,45
768,96,-672,783,96,-687,920,143,-777,880,-15,-895,1152,167,-985,1088,1,-1087,1272,95,-1177,1280,1863,45
615,119,-496,616,24,-592,808,136,-672,760,-16,-776,1008,144,-864,984,-40,-1024,1200,104,-1096,1200,1671,45
640,96,-544,679,56,-623,928,136,-792,895,0,-895,1112,144,-968,1079,0,-1079,1240,112,-1128,1239,1783,45
775,127,-648,768,81,-687,927,175,-752,872,1,-871,1127,151,-976,1104,1,-1103,1319,127,-1192,1328,1991,45
799,119,-680,808,56,-752,1008,128,-880,984,40,-944,1184,152,-1032,1120,88,-1032,1256,96,-1160,1264,1943,45
832,112,-720,840,72,-768,1032,136,-896,1000,40,-960,1224,136,-1088,1216,96,-1120,1384,96,-1288,1384,2072,45
1112,103,-1009,1104,121,-983,1184,128,-1056,1159,96,-1063,1487,128,-1359,1479,216,-1263,1520,71,-1449,1536,2399,45
664,112,-552,664,32,-632,872,120,-752,863,16,-847,984,128,-856,984,32,-952,1128,96,-1032,1144,1680,45
2695,111,-2584,2680,97,-2583,2759,144,-2615,2711,400,-2311,2599,112,-2487,2615,1064,-1551,1711,95,-1616,1720,3743,45
1480,96,-1384,1487,96,-1391,1608,135,-1473,1576,1,-1575,1744,152,-1592,1719,232,-1487,1672,95,-1577,1664,2471,45
872,104,-768,888,88,-800,968,128,-840,944,40,-904,1096,128,-968,1088,104,-984,1096,88,-1008,1120,1800,45
1256,112,-1144,1271,96,-1175,1296,136,-1160,1271,80,-1191,1536,128,-1408,1519,160,-1359,1688,87,-1601,1704,2503,45
1088,120,-968,1080,72,-1008,1232,144,-1088,1200,136,-1064,1536,112,-1424,1543,176,-1367,1968,104,-1864,1999,2863,45
1759,119,-1640,1712,137,-1575,1791,135,-1656,1768,568,-1200,1432,136,-1296,1408,320,-1088,1272,120,-1152,1272,2807,45
1064,112,-952,1072,73,-999,1183,135,-1048,1152,49,-1103,1327,135,-1192,1328,128,-1200,1360,104,-1256,1384,2120,45
816,96,-720,823,64,-759,984,144,-840,951,0,-951,128,136,8,1095,56,-1039,1744,112,-1632,1735,2343,45
847,95,-752,872,72,-800,960,160,-800,904,0,-904,1136,136,-1000,1112,104,-1008,1424,104,-1320,1456,2127,45
760,112,-648,767,40,-727,904,144,-760,871,40,-831,984,127,-857,976,65,-911,1232,87,-1145,1240,1855,45
880,104,-776,904,96,-808,992,136,-856,960,0,-960,1144,144,-1000,1088,104,-984,1184,104,-1080,1184,1872,45
712,119,-593,720,65,-655,904,120,-784,887,0,-887,1072,135,-937,1032,97,-935,1096,104,-992,1103,1743,45
647,119,-528,656,48,-608,872,136,-736,832,0,-832,1088,144,-944,1056,16,-1040,1312,88,-1224,1336,1887,45
728,119,-609,736,49,-687,928,151,-777,896,1,-895,1096,143,-953,1064,33,-1031,1288,103,-1185,1304,1903,45
959,127,-832,984,49,-935,1055,135,-920,1032,24,-1008,1264,128,-1136,1248,200,-1048,1320,104,-1216,1312,2079,45
792,112,-680,815,48,-767,976,120,-856,975,32,-943,1168,152,-1016,1143,56,-1087,1304,120,-1184,1287,1927,45
712,96,-616,712,48,-664,880,144,-736,848,0,-848,1120,152,-968,1072,0,-1072,1272,112,-1160,1280,1832,45
656,120,-536,672,64,-608,824,144,-680,799,0,-799,928,144,-784,911,0,-911,1136,120,-1016,1135,1727,45
680,119,-561,688,73,-615,816,143,-673,816,1,-815,1056,127,-929,1040,1,-1039,1223,135,-1088,1192,1791,45
600,128,-472,576,0,-576,808,160,-648,768,-16,-784,1000,144,-856,960,-40,-1000,1232,128,-1104,1216,1720,45
592,143,-449,552,1,-551,792,159,-633,744,-31,-775,1095,135,-960,1064,-47,-1111,1360,119,-1241,1352,1831,45
792,136,-656,792,32,-760,1008,136,-872,1000,-24,-1024,1328,152,-1176,1320,0,-1320,1480,136,-1344,1480,2048,45
648,143,-505,632,1,-631,999,143,-856,960,-23,-983,1295,143,-1152,1264,-47,-1311,1711,103,-1608,1736,2199,45
608,136,-472,608,0,-608,816,144,-672,784,-32,-816,1056,144,-912,992,-72,-1064,1264,136,-1128,1263,1719,45
600,127,-473,608,25,-583,768,119,-649,760,-39,-799,1080,159,-921,1032,-55,-1087,1359,135,-1224,1352,1823,45
528,120,-408,560,0,-560,784,152,-632,744,-40,-784,1160,144,-1016,1136,-72,-1208,1368,136,-1232,1352,1792,45
640,111,-529,656,65,-591,807,135,-672,784,-23,-807,1088,143,-945,1032,-31,-1063,1295,111,-1184,1304,1815,45
704,120,-584,720,48,-672,896,176,-720,840,-24,-864,1424,152,-1272,1376,-80,-1456,2031,128,-1903,2031,2551,45
664,103,-561,688,49,-639,1599,159,-1440,1560,-15,-1575,1775,143,-1632,1744,-23,-1767,1975,135,-1840,1952,2503,45
623,127,-496,632,65,-567,728,143,-585,704,-23,-727,895,151,-744,856,-71,-927,1063,135,-928,1040,1567,45
712,128,-584,696,72,-624,872,128,-744,864,24,-840,1000,128,-872,976,56,-920,1080,104,-976,1104,1744,45
568,128,-440,552,0,-552,784,128,-656,767,-32,-799,992,143,-849,960,-23,-983,1120,111,-1009,1144,1599,45
616,111,-505,600,25,-575,824,135,-689,800,1,-799,1015,119,-896,1000,1,-999,1127,111,-1016,1136,1639,45
592,128,-464,608,56,-552,744,128,-616,720,-48,-768,960,144,-816,928,-40,-968,1248,112,-1136,1248,1728,45
640,135,-505,632,81,-551,800,151,-649,760,-23,-783,1008,127,-881,992,-63,-1055,3647,127,-3520,3632,4167,45
576,127,-449,584,32,-552,721,114,-607,694,-41,-735,952,135,-817,944,-15,-959,1072,119,-953,1072,1543,45
536,120,-416,520,1,-519,759,129,-630,758,-34,-792,976,136,-840,960,-24,-984,1240,112,-1128,1248,1688,45
584,128,-456,567,0,-567,840,128,-712,839,-40,-879,1144,159,-985,1080,-23,-1103,1336,111,-1225,1360,1823,45
592,128,-464,592,1,-591,823,127,-696,816,-40,-856,1352,176,-1176,288,0,-288,1752,120,-1632,1760,2272,45
600,119,-481,616,25,-591,855,135,-720,832,-31,-863,1063,143,-920,1048,-31,-1079,1207,127,-1080,1208,1695,45
544,120,-424,568,0,-568,784,144,-640,768,-32,-800,920,152,-768,896,-31,-927,1063,111,-952,1080,1544,45
631,135,-496,632,41,-591,855,144,-711,839,-32,-871,1023,159,-864,1000,-55,-1055,1223,143,-1080,1224,1759,45
808,160,-648,800,0,-800,976,160,-816,936,0,-936,1912,136,-1776,1888,-56,-1944,2256,144,-2112,2248,2792,45
568,111,-457,584,1,-583,751,143,-608,728,-39,-767,1016,151,-865,-8,-63,-55,1279,127,-1152,1272,1703,45
896,143,-753,872,1,-871,2175,159,-2016,2136,-15,-2151,2271,143,-2128,2272,-47,-2319,2439,159,-2280,2400,2943,45
1360,144,-1216,1336,0,-1336,1488,160,-1328,1471,-16,-1487,1680,168,-1512,1655,-48,-1703,1904,160,-1744,1871,2439,45
592,120,-472,576,0,-576,760,152,-608,736,-56,-792,1056,144,-912,1024,0,-1024,1672,120,-1552,1680,2160,45
608,127,-481,648,-15,-663,832,152,-680,791,-40,-831,1088,168,-920,1063,0,-1063,1184,127,-1057,1176,1695,45
584,144,-440,568,0,-568,880,144,-736,880,-40,-920,1064,160,-904,1048,-40,-1088,1200,128,-1072,1184,1680,45
616,152,-464,608,24,-584,848,135,-713,840,-23,-863,1376,143,-1233,1336,-31,-1367,1648,136,-1512,1639,2175,45
591,135,-456,616,41,-575,823,127,-696,848,-48,-896,984,168,-816,952,-24,-976,1192,136,-1056,1200,1735,45
672,136,-536,672,32,-640,1160,128,-1032,1144,-32,-1176,1320,168,-1152,1279,-32,-1311,1536,136,-1400,1536,2072,45
640,135,-505,648,41,-607,784,127,-657,752,-47,-799,1024,183,-841,976,-87,-1063,1208,135,-1073,1200,1687,45
608,152,-456,568,0,-568,840,136,-704,-168,-64,104,1024,176,-848,1000,-72,-1072,1400,128,-1272,1391,1847,45
712,127,-585,728,41,-687,864,151,-713,848,41,-807,992,159,-833,944,-127,-1071,1232,128,-1104,1223,1743,45
640,128,-512,656,64,-592,816,128,-688,800,0,-800,968,136,-832,960,-56,-1016,1128,136,-992,1119,1655,45
568,127,-441,576,57,-519,752,103,-649,768,-47,-815,1407,159,-1248,1344,-15,-1359,1567,111,-1456,1600,2095,45
130,94,-36,64,205,141,43,475,432,87,848,761,72,344,272,104,3393,3289,80,280,200,104,5743,46
56,200,144,64,176,112,72,368,296,104,456,352,96,664,568,136,680,544,56,160,104,129,2833,46
131,88,-43,72,184,112,104,216,112,113,424,311,64,304,240,104,969,865,79,271,192,113,2569,46
72,209,137,71,263,192,80,721,641,103,184,81,71,527,456,136,368,232,96,640,544,80,2992,46
72,208,136,72,232,160,72,528,456,79,568,489,72,1817,1745,130,519,389,65,417,352,72,4361,46
55,175,120,65,176,111,65,216,151,64,337,273,80,448,368,128,1472,1344,72,304,232,80,3208,46
56,192,136,56,152,96,72,200,128,80,480,400,64,552,488,128,808,680,80,288,208,64,2736,46
64,200,136,55,168,113,72,216,144,64,512,448,64,680,616,120,832,712,72,536,464,72,3216,46
40,176,136,72,224,152,64,240,176,56,424,368,56,304,248,104,552,448,72,480,408,56,2456,46
63,224,161,47,183,136,56,240,184,64,392,328,64,281,217,112,640,528,71,360,289,79,2399,46
57,185,128,72,184,112,55,184,129,71,344,273,72,327,255,129,353,224,56,817,761,55,2449,46
56,184,128,47,160,113,64,200,136,56,296,240,64,200,136,144,873,729,55,439,384,64,2416,46
55,183,128,64,160,96,66,168,102,56,576,520,64,328,264,122,440,318,64,2344,2280,80,4279,46
63,208,145,71,240,169,63,256,193,55,367,312,72,233,161,112,752,640,63,311,248,65,2432,46
56,216,160,72,944,872,64,296,232,64,1712,1648,64,152,88,114,908,794,60,684,624,64,4976,46
56,176,120,72,184,112,64,192,128,65,1136,1071,64,200,136,130,472,342,64,368,304,71,2799,46
64,192,128,64,208,144,64,224,160,64,392,328,72,192,120,152,584,432,80,408,328,80,2280,46
56,184,128,56,160,104,64,192,128,64,392,328,64,288,224,113,320,207,72,360,288,64,1960,46
56,184,128,56,168,112,64,176,112,72,328,256,72,1071,999,97,449,352,72,384,312,64,2824,46
63,207,144,56,177,121,55,184,129,63,464,401,63,359,296,80,689,609,80,367,287,73,2520,46
56,177,121,79,175,96,72,200,128,72,496,424,56,408,352,104,992,888,80,680,600,72,3200,46
56,184,128,72,199,127,57,185,128,80,2856,2776,64,288,224,120,824,704,72,408,336,80,5024,46
56,176,120,64,192,128,48,176,128,72,1200,1128,72,320,248,104,407,303,73,465,392,64,3000,46
95,128,33,63,168,105,72,80,8,104,296,192,55,304,249,127,416,289,79,320,241,136,1848,46
64,216,152,56,176,120,64,144,80,104,312,208,64,288,224,120,712,592,72,400,328,120,2368,46
56,200,144,64,176,112,64,216,152,128,400,272,71,296,225,120,368,248,64,448,384,122,2226,46
64,200,136,64,216,152,56,240,184,104,2208,2104,80,352,272,129,560,431,80,336,256,104,4216,46
64,217,153,55,175,120,66,192,126,113,2944,2831,64,424,360,123,1145,1022,55,1160,1105,87,6344,46
63,199,136,64,184,120,72,185,113,119,448,329,63,880,817,127,1040,913,63,1112,1049,112,4160,46
56,192,136,64,184,120,72,456,384,80,1040,960,80,640,560,104,800,696,72,256,184,113,3681,46
56,192,136,56,176,120,64,224,160,97,464,367,64,426,362,133,414,281,64,264,200,122,2282,46
56,184,128,56,160,104,56,184,128,72,400,328,64,616,552,120,664,544,64,176,112,113,2497,46
64,208,144,56,160,104,55,192,137,64,592,528,72,352,280,88,568,480,64,216,152,113,2401,46
72,208,136,57,160,103,63,200,137,64,592,528,72,312,240,128,1000,872,80,329,249,130,2931,46
56,184,128,63,192,129,56,271,215,81,385,304,64,320,256,128,1248,1120,72,280,208,120,3000,46
64,192,128,64,184,120,55,169,114,80,382,302,64,264,200,128,1080,952,64,128,64,116,2515,46
56,184,128,56,152,96,56,187,131,70,373,303,80,288,208,128,328,200,71,272,201,136,1920,46
56,176,120,56,167,111,49,169,120,66,1072,1006,64,296,232,129,408,279,64,176,112,104,2568,46
64,192,128,64,168,104,64,176,112,113,472,359,72,640,568,95,680,585,64,200,136,144,2672,46
72,200,128,64,184,120,80,400,320,113,440,327,56,240,184,136,1360,1224,80,352,272,123,3299,46
72,208,136,48,151,103,57,185,128,62,328,266,56,256,200,136,464,328,64,208,144,136,1936,46
65,177,112,64,144,80,56,160,104,64,312,248,63,296,233,129,408,279,80,208,128,120,1825,46
56,168,112,56,152,96,56,160,104,64,336,272,64,288,224,120,328,208,64,192,128,136,1760,46
56,184,128,64,184,120,48,176,128,64,448,384,56,296,240,88,408,320,72,264,192,104,2064,46
54,190,136,49,153,104,64,185,121,57,407,350,80,985,905,127,2528,2401,71,120,49,120,4688,46
47,184,137,63,176,113,55,184,129,75,408,333,72,1904,1832,128,1176,1048,80,496,416,136,4664,46
64,192,128,80,184,104,56,184,128,80,456,376,72,296,224,144,1392,1248,88,208,120,128,3040,46
56,184,128,64,168,104,56,184,128,64,296,232,64,248,184,122,600,478,56,344,288,128,2152,46
56,192,136,64,172,108,44,172,128,73,520,447,64,320,256,113,991,878,56,144,88,136,2647,46
56,192,136,56,144,88,56,176,120,80,376,296,64,248,184,120,1344,1224,80,376,296,120,2976,46
64,196,132,68,172,104,64,168,104,88,336,248,72,313,241,143,679,536,80,304,224,144,2312,46
55,183,128,72,177,105,55,183,128,73,568,495,73,472,399,121,1489,1368,79,352,273,127,3551,46
56,184,128,71,176,105,47,191,144,73,593,520,79,4928,4849,176,1824,1648,88,1256,1168,104,9256,46
64,192,128,64,168,104,64,296,232,56,584,528,72,248,176,136,512,376,80,336,256,80,2416,46
56,192,136,56,152,96,64,192,128,73,368,295,64,320,256,88,544,456,72,304,232,64,2136,46
56,200,144,56,160,104,56,184,128,64,320,256,64,216,152,88,312,224,64,297,233,63,1752,46
47,167,120,56,144,88,56,176,120,64,344,280,64,288,224,72,497,425,64,319,255,64,1999,46
56,176,120,56,137,81,63,176,113,63,375,312,64,337,273,103,304,201,63,407,344,80,1992,46
55,168,113,55,143,88,57,169,112,71,392,321,63,440,377,103,360,257,63,392,329,80,2144,46
56,167,111,56,160,104,56,161,105,72,392,320,55,1768,1713,111,383,272,72,273,201,64,3368,46
55,183,128,56,160,104,48,168,120,64,728,664,64,240,176,104,2344,2240,72,512,440,72,4407,46
56,184,128,56,160,104,64,184,120,75,392,317,56,1016,960,96,1632,1536,72,416,344,80,4064,46
56,176,120,56,152,96,58,184,126,64,376,312,64,264,200,122,304,182,72,344,272,64,1864,46
64,192,128,56,168,112,56,192,136,72,448,376,72,344,272,96,352,256,64,328,264,64,2088,46
6096,184,-5912,6096,144,-5952,6136,176,-5960,6152,352,-5800,6520,216,-6304,7048,928,-6120,6640,664,-5976,6392,9056,46
64,200,136,55,167,112,65,193,128,64,368,304,64,392,328,113,408,295,71,328,257,64,2120,46
56,216,160,80,1224,1144,64,327,263,57,337,280,56,360,304,104,632,528,80,719,639,73,3888,46
65,193,128,64,176,112,58,184,126,64,400,336,72,280,208,56,288,232,64,336,272,88,1945,46
64,232,168,56,168,112,56,384,328,72,544,472,72,328,256,80,416,336,72,400,328,72,2544,46
56,192,136,64,160,96,64,200,136,64,368,304,80,336,256,104,464,360,72,320,248,72,2112,46
56,176,120,72,176,104,56,184,128,64,808,744,80,432,352,80,1464,1384,88,1688,1600,64,4992,46
56,194,138,64,198,134,64,184,120,64,369,305,71,311,240,128,872,744,80,496,416,80,2704,46
48,176,128,64,160,96,56,168,112,72,344,272,72,320,248,113,368,255,64,360,296,72,1968,46
56,184,128,72,160,88,64,185,121,71,408,337,72,359,287,80,3001,2921,56,1319,1263,80,5696,46
55,192,137,55,168,113,48,176,128,74,376,302,79,288,209,136,464,328,64,320,256,88,2072,46
57,193,136,64,168,104,64,280,216,81,664,583,80,472,392,88,1944,1856,56,288,232,64,4073,46
64,192,128,64,168,104,48,160,112,64,296,232,64,192,128,96,552,456,64,520,456,72,2152,46
56,192,136,56,160,104,64,176,112,81,568,487,71,320,249,96,1160,1064,72,424,352,64,3064,46
64,192,128,64,176,112,56,184,128,64,584,520,48,888,840,96,1210,1114,86,374,288,72,3680,46
64,192,128,56,160,104,48,169,121,64,583,519,64,448,384,113,520,407,81,432,351,72,2576,46
56,192,136,64,160,96,64,168,104,80,433,353,63,1871,1808,105,841,736,96,520,424,71,4256,46
56,183,127,64,184,120,72,201,129,55,424,369,55,776,721,120,1160,1040,80,448,368,71,3447,46
10,1363,1353,96,727,631,80,97,17,136,912,776,80,920,840,104,432,328,72,360,288,104,4915,46
63,175,112,64,169,105,55,104,49,103,303,200,64,288,224,104,1128,1024,72,297,225,103,2567,46
95,112,17,71,455,384,64,321,257,104,440,336,71,304,233,119,584,465,70,807,737,104,3127,46
55,192,137,55,159,104,65,145,80,95,248,153,55,272,217,135,312,177,71,264,193,104,1696,46
64,184,120,63,152,89,72,176,104,113,360,247,80,328,248,122,584,462,64,288,224,121,2193,46
56,168,112,64,160,96,64,191,127,112,313,201,72,320,248,136,512,376,80,520,440,129,2313,46
64,184,120,56,136,80,72,168,96,120,288,168,64,295,231,121,360,239,81,209,128,113,1753,46
64,176,112,56,144,88,72,144,72,113,320,207,64,280,216,136,368,232,80,184,104,122,1738,46
56,184,128,56,144,88,64,144,80,113,200,87,64,288,224,168,264,96,104,200,96,130,1554,46
56,160,104,64,144,80,72,128,56,120,232,112,61,288,227,160,304,144,80,232,152,128,1616,46
56,169,113,64,159,95,72,104,32,152,344,192,64,888,824,130,705,575,63,319,256,128,2816,46
47,150,103,65,153,88,80,152,72,139,352,213,64,321,257,151,304,153,63,232,169,112,1776,46
56,169,113,63,143,80,64,129,65,143,305,162,54,358,304,168,841,673,71,183,112,121,2249,46
55,167,112,64,168,104,56,111,55,130,322,192,55,448,393,135,511,376,72,305,233,120,2152,46
56,184,128,48,152,104,56,136,80,135,408,273,72,448,376,128,664,536,64,240,176,120,2352,46
56,168,112,56,160,104,63,144,81,129,328,199,80,304,224,136,800,664,80,248,168,113,2265,46
56,184,128,56,136,80,72,160,88,120,616,496,80,320,240,136,496,360,64,328,264,136,2376,46
64,192,128,48,152,104,80,152,72,128,1408,1280,56,304,248,123,352,229,56,544,488,96,3200,46
56,184,128,48,152,104,72,112,40,104,424,320,64,296,232,136,360,224,72,376,304,96,2000,46
64,192,128,48,137,89,71,151,80,96,1224,1128,56,129,73,103,815,712,72,225,153,112,2985,46
55,183,128,56,152,96,72,136,64,104,1768,1664,40,536,496,104,945,841,63,263,200,113,4096,46
56,169,113,55,136,81,72,120,48,130,463,333,57,1088,1031,120,577,457,55,351,296,96,3000,46
63,191,128,48,152,104,73,129,56,121,1872,1751,64,264,200,104,1376,1272,64,95,31,105,4184,46
56,176,120,56,160,104,72,160,88,104,568,464,72,312,240,136,568,432,64,248,184,112,2304,46
64,192,128,56,160,104,72,160,88,112,448,336,64,320,256,120,416,296,64,344,280,104,2144,46
56,176,120,56,144,88,88,160,72,120,360,240,56,216,160,128,576,448,80,240,160,128,2000,46
64,192,128,56,160,104,56,184,128,104,432,328,56,232,176,136,1048,912,64,264,200,114,2626,46
56,168,112,64,160,96,72,152,80,131,432,301,64,312,248,136,1464,1328,80,256,176,128,3072,46
56,176,120,48,152,104,64,152,88,112,1233,1121,47,1055,1008,136,632,496,56,169,113,119,3688,46
55,175,120,56,161,105,55,135,80,113,2801,2688,56,247,191,113,553,440,63,288,225,128,4488,46
56,600,544,65,264,199,56,176,120,104,1160,1056,72,720,648,136,904,768,56,280,224,129,4233,46
56,184,128,56,152,96,64,136,72,96,2144,2048,64,960,896,128,184,56,88,351,263,137,4248,46
64,192,128,56,152,96,56,96,40,136,384,248,56,272,216,143,1008,865,56,272,216,104,2480,46
56,184,128,56,136,80,72,116,44,100,348,248,64,264,200,96,1608,1512,72,600,528,104,3360,46
57,192,135,56,168,112,64,120,56,104,1088,984,56,209,153,127,367,240,72,224,152,120,2488,46
56,176,120,56,152,96,80,121,41,120,328,208,70,270,200,136,393,257,73,240,167,152,1832,46
56,168,112,64,168,104,80,129,49,129,463,334,64,393,329,312,664,352,71,576,505,119,2680,46
56,184,128,56,161,105,55,116,61,139,396,257,56,872,816,136,872,736,71,320,249,120,3041,46
56,168,112,63,160,97,63,168,105,143,544,401,64,352,288,136,1424,1288,72,248,176,128,3192,46
56,176,120,56,160,104,56,136,80,131,888,757,48,272,224,128,528,400,56,160,104,127,2447,46
56,184,128,56,144,88,64,128,64,114,568,454,64,232,168,136,768,632,72,232,160,136,2392,46
56,160,104,56,152,96,56,128,72,131,408,277,55,288,233,152,640,488,64,216,152,144,2136,46
64,192,128,56,160,104,72,128,56,104,840,736,64,320,256,136,880,744,64,129,65,135,2784,46
56,184,128,56,144,88,64,112,48,112,504,392,64,304,240,176,488,312,72,320,248,136,2192,46
55,167,112,56,160,104,56,130,74,126,495,369,70,415,345,152,488,336,80,240,160,144,2239,46
56,185,129,63,151,88,64,104,40,144,576,432,72,313,241,143,431,288,64,273,209,127,2160,46
55,191,136,56,193,137,55,184,129,127,479,352,56,313,257,103,960,857,64,176,112,111,2607,46
55,184,129,55,152,97,63,152,89,153,456,303,64,287,223,137,369,232,56,192,136,127,1919,46
57,177,120,56,160,104,64,116,52,100,380,280,68,296,228,128,320,192,64,192,128,104,1745,46
64,184,120,64,152,88,80,112,32,111,344,233,64,320,256,128,320,192,64,224,160,152,1808,46
64,168,104,56,136,80,64,120,56,104,336,232,56,288,232,136,280,144,80,224,144,104,1656,46
64,168,104,64,152,88,64,80,16,136,392,256,72,336,264,136,400,264,72,152,80,104,1784,46
58,176,118,56,160,104,48,104,56,112,312,200,64,280,216,128,344,216,64,176,112,112,1664,46
48,152,104,56,129,73,71,111,40,120,393,273,63,287,224,112,272,160,64,160,96,104,1608,46
56,160,104,56,144,88,64,128,64,104,345,241,63,303,240,128,152,24,72,296,224,128,1656,46
48,168,120,56,152,96,56,133,77,107,331,224,72,344,272,152,224,72,56,448,392,96,1896,46
55,192,137,56,168,112,56,88,32,121,1448,1327,56,1112,1056,88,2144,2056,72,264,192,127,5543,46
56,176,120,64,160,96,64,120,56,120,648,528,72,296,224,136,400,264,64,264,200,113,2177,46
56,160,104,72,168,96,80,129,49,127,527,400,80,384,304,131,296,165,80,272,192,112,2048,46
56,176,120,56,144,88,80,144,64,129,400,271,64,376,312,144,1208,1064,64,120,56,129,2697,46
55,168,113,56,136,80,72,136,64,113,264,151,56,360,304,128,280,152,80,304,224,135,1783,46
56,192,136,48,152,104,56,136,80,103,384,281,80,504,424,128,592,464,80,200,120,128,2288,46
56,168,112,56,160,104,64,120,56,120,472,352,56,808,752,104,536,432,72,176,104,128,2568,46
64,184,120,48,152,104,64,128,64,114,432,318,64,392,328,136,2505,2369,64,319,255,128,4240,46
56,169,113,63,167,104,64,97,33,119,495,376,72,297,225,127,471,344,64,168,104,121,1985,46
56,169,113,63,159,96,80,137,57,135,376,241,63,344,281,143,328,185,72,208,136,127,1848,46
54,183,129,55,151,96,81,145,64,128,384,256,64,512,448,130,768,638,72,128,56,127,2398,46
56,168,112,64,152,88,80,152,72,119,392,273,64,416,352,129,608,479,72,296,224,128,2312,46
56,176,120,64,168,104,63,144,81,122,1040,918,64,1000,936,113,680,567,64,247,183,114,3569,46
64,168,104,56,144,88,64,113,49,112,327,215,56,288,232,128,384,256,64,192,128,160,1776,46
55,168,113,56,152,96,64,120,56,104,415,311,73,353,280,128,456,328,64,272,208,114,2050,46
64,192,128,48,144,96,64,120,56,120,544,424,64,632,568,129,232,103,72,289,217,127,2280,46
47,151,104,72,160,88,80,152,72,107,600,493,56,475,419,118,430,312,63,223,160,130,2321,46
55,192,137,56,151,95,64,131,67,104,454,350,63,968,905,119,280,161,78,304,226,128,2608,46
62,167,105,63,151,88,80,112,32,130,472,342,56,361,305,152,751,599,73,304,231,136,2454,46
56,177,121,55,160,105,72,113,41,102,439,337,56,328,272,128,1024,896,63,392,329,152,2785,46
55,184,129,56,136,80,88,152,64,129,456,327,56,360,304,136,880,744,80,224,144,113,2505,46
56,160,104,64,168,104,72,87,15,113,457,344,56,376,320,160,704,544,88,176,88,144,2272,46
56,184,128,40,120,80,80,112,32,113,512,399,64,2216,2152,104,736,632,72,520,448,104,4504,46
56,184,128,64,152,88,72,64,-8,120,1793,1673,31,1495,1464,160,872,712,80,592,512,114,5266,46
64,176,112,64,168,104,64,152,88,129,552,423,56,224,168,160,472,312,64,168,104,144,2056,46
64,1176,1112,48,160,112,64,152,88,104,424,320,64,416,352,144,504,360,64,192,128,112,3136,46
56,184,128,56,152,96,73,128,55,129,408,279,64,528,464,136,640,504,64,176,112,135,2351,46
56,168,112,56,144,88,64,144,80,113,352,239,64,320,256,129,280,151,64,152,88,128,1688,46
56,168,112,48,136,88,80,152,72,136,424,288,64,344,280,128,1568,1440,56,136,80,130,3058,46
56,184,128,39,135,96,65,153,88,113,992,879,88,3840,3752,128,712,584,64,281,217,129,6426,46
56,168,112,56,152,96,80,192,112,81,504,423,64,321,257,127,1928,1801,55,80,25,127,3472,46
55,183,128,56,168,112,57,185,128,58,520,462,55,312,257,151,720,569,64,208,144,120,2416,46
56,177,121,56,168,112,55,186,131,54,614,560,64,344,280,143,896,753,64,240,176,135,2760,46
56,184,128,48,152,104,56,184,128,56,368,312,64,335,271,177,456,279,73,841,768,120,2640,46
64,200,136,56,144,88,56,176,120,64,480,416,64,360,296,135,864,729,64,1040,976,104,3368,46
72,208,136,72,1088,1016,64,584,520,72,2016,1944,56,976,920,113,528,415,104,1760,1656,151,7311,46
56,185,129,64,175,111,64,384,320,136,505,369,63,367,304,112,433,321,63,320,257,127,2496,46
64,216,152,88,441,353,87,279,192,161,393,232,80,616,536,144,176,32,63,352,289,127,2600,46
64,664,600,55,192,137,55,151,96,121,305,184,64,320,256,143,2216,2073,72,136,64,88,4072,46
57,240,183,40,1384,1344,72,416,344,122,296,174,47,399,352,114,361,247,64,311,247,81,3488,46
72,184,112,80,208,128,72,136,64,111,584,473,71,304,233,104,895,791,73,185,112,96,2592,46
64,184,120,56,160,104,63,96,33,112,344,232,72,296,224,128,568,440,56,520,464,104,2272,46
64,176,112,80,184,104,64,264,200,64,440,376,71,288,217,128,400,272,80,352,272,104,2208,46
56,192,136,64,160,96,80,152,72,112,2335,2223,81,649,568,111,113,2,79,415,336,120,4136,46
64,183,119,57,177,120,80,135,55,113,473,360,72,343,271,113,513,400,80,144,64,120,2088,46
72,184,112,56,144,88,80,128,48,128,352,224,64,288,224,136,360,224,88,264,176,104,1824,46
80,192,112,72,184,112,80,136,56,112,840,728,72,256,184,136,240,104,72,271,199,120,2239,46
64,176,112,64,168,104,64,88,24,120,360,240,56,245,189,179,395,216,72,248,176,152,1832,46
64,192,128,64,152,88,72,120,48,111,296,185,47,296,249,112,400,288,64,240,176,128,1824,46
56,168,112,48,136,88,80,128,48,104,264,160,64,320,256,135,640,505,88,128,40,127,1911,46
63,168,105,64,160,96,88,135,47,121,345,224,72,632,560,144,584,440,64,256,192,144,2424,46
72,176,104,64,168,104,80,81,1,134,375,241,88,264,176,159,415,256,73,185,112,112,1776,46
64,159,95,73,162,89,79,122,43,109,477,368,72,264,192,112,312,200,72,209,137,136,1841,46
72,183,111,57,135,78,106,146,40,112,360,248,79,375,296,145,369,224,72,376,304,95,2039,46
64,192,128,56,152,96,80,144,64,112,336,224,72,496,424,104,312,208,71,352,281,128,2112,46
64,192,128,64,176,112,80,128,48,103,976,873,79,296,217,144,552,408,72,128,56,112,2560,46
72,200,128,80,304,224,56,3552,3496,144,1176,1032,72,928,856,152,488,336,80,136,56,119,6903,46
72,176,104,64,160,96,80,368,288,144,536,392,72,272,200,160,496,336,96,120,24,144,2272,46
71,192,121,72,168,96,79,119,40,145,385,240,72,296,224,176,728,552,72,256,184,136,2280,46
80,191,111,81,169,88,88,120,32,120,426,306,78,342,264,136,632,496,72,176,104,160,2216,46
64,184,120,55,151,96,89,137,48,120,312,192,72,632,560,144,328,184,64,184,120,128,2056,46
72,175,103,57,144,87,97,113,16,128,663,535,89,249,160,128,280,152,79,255,176,121,2000,46
72,152,80,72,168,96,87,88,1,71,472,401,72,288,216,112,519,407,73,273,200,112,2072,46
72,176,104,56,152,96,80,96,16,120,464,344,64,4720,4656,127,1912,1785,80,424,344,120,8064,46
72,184,112,64,168,104,72,104,32,104,655,551,72,425,353,128,500,372,100,532,432,111,2679,46
72,192,120,56,151,95,73,74,1,111,447,336,72,192,120,128,376,248,72,216,144,120,1768,46
72,200,128,56,148,92,76,92,16,128,392,264,72,1008,936,144,584,440,80,192,112,144,2760,46
72,184,112,72,176,104,88,127,39,113,337,224,80,255,175,153,409,256,64,184,120,135,1807,46
72,199,127,57,153,96,85,89,4,111,287,176,79,231,152,144,449,305,88,136,48,128,1672,46
72,168,96,64,152,88,80,104,24,111,304,193,71,232,161,128,696,568,72,136,64,128,1920,46
56,152,96,56,128,72,80,120,40,95,272,177,64,216,152,160,416,256,80,176,96,112,1592,46
64,168,104,64,144,80,72,111,39,97,313,216,63,216,153,136,648,512,72,128,56,104,1832,46
64,151,87,65,137,72,80,104,24,112,320,208,64,208,144,144,304,160,72,184,112,112,1520,46
64,160,96,56,151,95,73,89,16,112,296,184,72,272,200,136,759,623,97,352,255,145,2224,46
72,168,96,72,160,88,72,119,47,113,671,558,74,290,216,136,376,240,80,224,144,96,2104,46
80,280,200,56,168,112,72,144,72,119,384,265,64,304,240,144,320,176,72,360,288,136,2096,46
64,176,112,47,136,89,80,120,40,120,344,224,63,1127,1064,112,193,81,72,312,240,120,2528,46
64,144,80,71,160,89,72,128,56,136,383,247,73,353,280,127,224,97,80,288,208,129,1809,46
72,168,96,64,168,104,72,1712,1640,127,584,457,80,352,272,96,424,328,72,328,256,120,3856,46
76,172,96,56,136,80,104,105,1,127,415,288,64,263,199,145,577,432,88,144,56,136,1948,46
71,176,105,56,143,87,88,177,89,136,384,248,80,296,216,168,336,168,80,240,160,119,1871,46
72,168,96,64,143,79,89,129,40,144,400,256,72,272,200,176,392,216,88,183,95,113,1800,46
64,176,112,47,119,72,78,129,51,128,384,256,88,236,148,164,276,112,79,232,153,112,1664,46
65,161,96,56,136,80,80,103,23,113,329,216,80,311,231,145,361,216,88,263,175,113,1777,46
64,168,104,63,144,81,72,111,39,129,297,168,72,840,768,94,160,66,80,328,248,120,2168,46
65,169,104,48,144,96,80,112,32,128,391,263,65,393,328,144,584,440,79,184,105,136,2113,46
72,184,112,55,152,97,96,160,64,128,368,240,70,320,250,176,304,128,88,463,375,113,2064,46
72,176,104,64,160,96,79,128,49,136,384,248,72,959,887,113,177,64,72,432,360,104,2520,46
71,168,97,55,152,97,71,88,17,128,400,272,63,280,217,151,640,489,72,120,48,112,1960,46
64,168,104,56,144,88,72,88,16,144,448,304,72,503,431,145,393,248,72,143,71,169,2056,46
56,167,111,64,145,81,80,81,1,143,1206,1063,73,161,88,160,448,288,72,160,88,152,2520,46
73,185,112,40,135,95,87,177,90,144,458,314,75,278,203,151,352,201,79,272,193,152,2009,46
64,176,112,56,143,87,89,90,1,151,351,200,80,248,168,144,312,168,71,192,121,136,1648,46
72,183,111,57,137,80,80,112,32,120,352,232,80,264,184,160,272,112,88,264,176,136,1720,46
71,184,113,63,144,81,104,160,56,144,336,192,79,264,185,160,272,112,87,232,145,168,1760,46
71,183,112,63,160,97,88,89,1,127,431,304,80,256,176,160,471,311,89,145,56,136,1871,46
72,153,81,80,176,96,88,72,-16,144,360,216,80,232,152,144,249,105,79,207,128,128,1577,46
80,160,80,64,144,80,80,136,56,120,328,208,79,256,177,132,263,131,81,217,136,144,1648,46
72,168,96,56,135,79,81,137,56,104,328,224,71,248,177,160,215,55,89,305,216,128,1664,46
72,192,120,56,152,96,71,168,97,136,608,472,63,199,136,169,313,144,72,160,88,184,1976,46
73,169,96,72,152,80,87,143,56,129,360,231,89,321,232,136,192,56,72,304,232,144,1785,46
73,152,79,73,153,80,88,89,1,119,686,567,81,649,568,128,151,23,73,361,288,112,2353,46
73,184,111,65,144,79,89,97,8,144,328,184,80,248,168,160,384,224,79,168,89,112,1665,46
73,185,112,56,152,96,88,128,40,120,384,264,72,304,232,168,496,328,80,184,104,119,1952,46
64,184,120,47,144,97,80,112,32,120,584,464,72,160,88,144,1151,1007,89,177,88,128,2640,46
72,199,127,57,161,104,80,119,39,128,593,465,88,232,144,159,408,249,72,167,95,145,2024,46
72,184,112,56,136,80,96,97,1,127,359,232,72,216,144,159,992,833,88,200,112,128,2312,46
63,183,120,48,137,89,79,120,41,128,472,344,72,264,192,112,192,80,72,256,184,112,1736,46
65,177,112,56,143,87,73,97,24,128,584,456,88,208,120,152,760,608,80,176,96,160,2305,46
63,176,113,64,161,97,79,120,41,127,373,246,82,261,179,172,325,153,60,174,114,114,1704,46
64,192,128,48,144,96,80,168,88,128,432,304,72,168,96,161,577,416,72,207,135,152,2040,46
72,159,87,73,153,80,96,120,24,128,1160,1032,64,112,48,128,575,447,81,265,184,136,2680,46
64,160,96,56,144,88,64,112,48,128,992,864,72,136,64,120,639,519,88,249,161,128,2560,46
65,153,88,56,136,80,80,120,40,144,408,264,79,407,328,201,624,423,105,257,152,200,2305,46
72,159,87,73,161,88,72,144,72,160,600,440,72,512,440,152,319,167,80,201,121,144,2240,46
57,169,112,64,160,96,88,103,15,162,538,376,64,616,552,160,800,640,88,240,152,144,2770,46
64,160,96,64,152,88,80,168,88,160,440,280,72,328,256,192,520,328,72,192,120,160,2120,46
71,167,96,57,145,88,64,128,64,160,479,319,64,1697,1633,151,616,465,80,120,40,136,3488,46
80,176,96,56,136,80,79,112,33,144,1272,1128,128,519,391,169,801,632,80,160,80,160,3336,46
64,168,104,63,144,81,80,103,23,137,329,192,72,192,120,160,312,152,88,200,112,168,1616,46
64,160,96,63,152,89,79,112,33,143,567,424,81,1073,992,184,752,568,88,392,304,152,3360,46
72,199,127,65,152,87,81,118,37,115,371,256,72,272,200,152,456,304,88,248,160,128,1944,46
64,176,112,64,152,88,80,120,40,96,287,191,81,225,144,144,272,128,72,256,184,136,1624,46
72,208,136,47,136,89,80,136,56,104,344,240,80,224,144,144,512,368,80,128,48,128,1816,46
72,192,120,56,144,88,79,135,56,120,321,201,72,248,176,135,288,153,80,208,128,119,1655,46
64,154,90,50,150,100,89,153,64,104,288,184,88,264,176,144,568,424,79,176,97,120,1873,46
64,168,104,63,160,97,72,128,56,103,480,377,72,560,488,111,344,233,72,328,256,96,2264,46
64,184,120,56,152,96,79,127,48,121,361,240,71,272,201,144,543,399,97,160,63,137,1936,46
64,183,119,65,161,96,80,128,48,136,392,256,79,271,192,185,577,392,95,175,80,161,2048,46
80,192,112,55,135,80,83,145,62,119,580,461,92,1476,1384,183,2399,2216,105,193,88,136,5256,46
96,2672,2576,80,184,104,88,111,23,128,529,401,72,1031,959,192,449,257,88,360,272,128,5464,46
80,184,104,64,152,88,80,96,16,120,368,248,80,208,128,160,320,160,72,160,88,136,1624,46
72,176,104,64,152,88,87,104,17,128,368,240,80,232,152,168,280,112,80,200,120,127,1639,46
72,176,104,63,151,88,89,137,48,95,1696,1601,96,432,336,160,376,216,87,216,129,135,3319,46
72,160,88,64,136,72,103,88,-15,111,336,225,80,592,512,128,231,103,81,281,200,128,1952,46
72,160,88,63,152,89,80,81,1,111,375,264,72,488,416,136,176,40,88,311,223,137,1880,46
81,169,88,63,152,89,88,48,-40,136,463,327,81,369,288,176,304,128,88,296,208,144,1945,46
64,151,87,73,153,80,96,40,-56,152,1160,1008,87,1680,1593,152,776,624,88,256,168,143,4359,46
72,168,96,72,184,112,80,136,56,112,575,463,81,185,104,143,480,337,88,200,112,127,2055,46
72,168,96,72,143,71,105,106,1,127,613,486,82,394,312,136,352,216,88,184,96,128,2088,46
71,168,97,72,152,80,88,168,80,111,2008,1897,72,424,352,136,208,72,96,255,159,129,3512,46
87,186,99,70,166,96,88,128,40,111,424,313,80,1352,1272,127,1003,876,101,181,80,136,3576,46
89,193,104,72,168,96,72,160,88,104,320,216,72,1768,1696,152,711,559,97,161,64,119,3600,46
80,200,120,72,200,128,72,160,88,119,1168,1049,103,848,745,168,336,168,96,736,640,136,3784,46
72,176,104,72,168,96,88,296,208,112,576,464,72,391,319,153,465,312,80,176,96,144,2392,46
102,215,113,80,184,104,79,110,31,130,898,768,135,480,345,135,448,313,96,264,168,144,2743,46
73,193,120,62,158,96,69,130,61,111,376,265,72,344,272,151,520,369,95,320,225,128,2169,46
87,169,82,87,167,80,87,128,41,112,312,200,72,208,136,143,336,193,88,232,144,135,1687,46
66,168,102,64,160,96,88,112,24,96,400,304,80,191,111,137,401,264,87,368,281,128,1928,46
80,183,103,65,161,96,80,128,48,87,384,297,80,264,184,103,408,305,88,296,208,128,1952,46
71,192,121,39,152,113,80,151,71,104,409,305,80,167,87,129,345,216,87,200,113,112,1728,46
88,200,112,79,192,113,80,159,79,128,425,297,103,272,169,168,648,480,96,312,216,136,2344,46
71,184,113,64,160,96,95,136,41,112,352,240,88,288,200,143,504,361,96,319,223,137,2080,46
88,200,112,72,176,104,96,159,63,105,289,184,80,343,263,144,377,233,80,311,231,113,1968,46
73,174,101,75,163,88,93,151,58,105,297,192,80,384,304,135,1256,1121,95,160,65,119,2704,46
72,176,104,72,183,111,88,129,41,119,623,504,81,209,128,135,480,345,104,216,112,135,2151,46
88,224,136,80,192,112,88,168,80,128,272,144,80,344,264,140,280,140,69,272,203,120,1872,46
72,185,113,56,168,112,80,176,96,95,431,336,88,392,304,144,488,344,80,200,120,128,2168,46
81,176,95,73,185,112,80,154,74,110,598,488,72,209,137,120,288,168,72,288,216,104,2002,46
72,184,112,63,168,105,80,224,144,112,647,535,81,1008,927,128,416,288,80,200,120,111,2958,46
80,200,120,56,152,96,80,151,71,104,273,169,88,344,256,128,320,192,64,256,192,128,1824,46
96,208,112,70,183,113,81,153,72,104,287,183,81,321,240,136,448,312,96,232,136,119,1951,46
80,208,128,72,575,503,73,225,152,120,568,448,80,359,279,121,328,207,81,457,376,104,2824,46
88,216,128,80,184,104,72,112,40,111,440,329,64,328,264,136,368,232,80,168,88,112,1928,46
80,208,128,72,184,112,87,176,89,136,552,416,80,432,352,144,335,191,81,217,136,128,2232,46
80,207,127,73,185,112,96,664,568,144,1304,1160,80,328,248,144,1751,1607,81,225,144,128,4792,46
80,200,120,56,168,112,80,152,72,127,624,497,88,768,680,135,335,200,81,225,144,112,2584,46
64,184,120,64,176,112,88,152,64,127,328,201,80,408,328,143,296,153,80,232,152,144,1920,46
96,256,160,88,232,144,80,168,88,144,448,304,80,311,231,145,529,384,96,192,96,152,2288,46
88,208,120,72,168,96,95,152,57,128,632,504,88,952,864,128,552,424,96,224,128,136,3024,46
96,217,121,64,167,103,87,145,58,119,8800,8681,88,296,208,144,360,216,79,222,143,122,10329,46
73,209,136,56,168,112,80,152,72,104,3000,2896,79,344,265,160,376,216,88,240,152,144,4633,46
80,184,104,56,144,88,88,120,32,112,240,128,72,264,192,127,352,225,88,424,336,120,1848,46
79,183,104,57,144,87,79,128,49,104,241,137,72,416,344,119,472,353,79,160,81,120,1864,46
81,177,96,48,135,87,73,128,55,121,241,120,80,272,192,143,391,248,89,161,72,136,1641,46
64,161,97,64,160,96,72,143,71,121,256,135,73,761,688,112,256,144,72,248,176,104,2089,46
63,151,88,57,144,87,73,113,40,104,256,152,72,240,168,128,304,176,88,208,120,112,1528,46
64,160,96,56,143,87,73,121,48,111,240,129,64,255,191,113,225,112,88,264,176,120,1528,46
63,160,97,64,144,80,72,96,24,112,256,144,71,247,176,128,1601,1473,64,160,96,112,2776,46
80,192,112,71,152,81,104,144,40,112,416,304,79,253,174,115,867,752,88,280,192,112,2416,46
72,184,112,64,168,104,80,223,143,153,809,656,72,496,424,136,424,288,88,304,216,110,2718,46
72,168,96,64,168,104,80,151,71,128,737,609,63,136,73,104,279,175,73,233,160,96,1968,46
72,169,97,55,144,89,72,104,32,104,496,392,80,200,120,128,1240,1112,72,103,31,96,2552,46
72,168,96,56,159,103,81,152,71,113,1048,935,49,625,576,128,392,264,104,560,456,72,3176,46
72,168,96,64,160,96,87,128,41,120,312,192,72,247,175,129,353,224,80,192,112,120,1680,46
64,168,104,64,168,104,80,112,32,111,1271,1160,80,120,40,105,449,344,72,279,207,120,2687,46
64,160,96,56,160,104,64,112,48,95,368,273,72,791,719,113,177,64,88,304,216,104,2176,46
65,168,103,48,128,80,81,120,39,113,369,256,61,230,169,146,825,679,88,175,87,129,2144,46
73,177,104,56,160,104,80,128,48,119,1119,1000,88,1009,921,144,167,23,80,281,201,128,3169,46
72,169,97,56,144,88,87,136,49,120,512,392,72,279,207,129,2513,2384,80,160,80,112,4025,46
72,167,95,57,145,88,88,152,64,119,1064,945,79,656,577,151,872,721,72,160,88,135,3351,46
72,183,111,73,169,96,88,143,55,129,688,559,80,361,281,128,456,328,95,199,104,161,2360,46
80,176,96,72,183,111,80,153,73,136,432,296,72,520,448,127,192,65,88,296,208,128,2080,46
73,168,95,57,145,88,87,111,24,137,329,192,64,232,168,96,632,536,80,192,112,127,1936,46
73,185,112,64,176,112,72,168,96,144,464,320,64,272,208,152,248,96,80,256,176,127,1896,46
71,176,105,72,167,95,104,145,41,128,600,472,80,296,216,136,448,312,80,143,63,137,2112,46
88,176,88,71,167,96,81,113,32,136,424,288,72,424,352,135,448,313,87,464,377,111,2327,46
72,175,103,56,145,89,88,120,32,127,424,297,72,311,239,136,361,225,80,176,96,127,1839,46
73,169,96,64,160,96,72,136,64,111,407,296,73,225,152,136,384,248,88,184,96,111,1776,46
72,176,104,56,151,95,97,161,64,120,495,375,81,273,192,128,176,48,88,280,192,103,1815,46
81,177,96,55,135,80,97,113,16,128,416,288,64,543,479,113,257,144,87,232,145,128,2001,46
73,193,120,56,151,95,81,137,56,112,376,264,72,407,335,129,201,72,80,280,200,112,1857,46
64,152,88,71,168,97,80,112,32,120,408,288,64,816,752,128,168,40,79,416,337,104,2344,46
81,177,96,63,168,105,88,136,48,119,568,449,80,784,704,95,208,113,88,248,160,120,2409,46
73,169,96,56,143,87,97,129,32,128,416,288,72,288,216,160,447,287,81,169,88,136,1897,46
72,160,88,64,152,88,88,119,31,129,657,528,72,272,200,135,240,105,80,224,144,112,1936,46
71,176,105,56,160,104,79,144,65,128,640,512,80,200,120,135,480,345,72,176,104,160,2136,46
72,176,104,40,128,88,88,111,23,136,361,225,72,256,184,143,336,193,88,160,72,152,1680,46
71,152,81,48,135,87,89,90,1,134,359,225,80,232,152,136,304,168,88,192,104,120,1584,46
72,176,104,63,160,97,80,81,1,111,759,648,88,518,430,98,754,656,72,280,208,143,2871,46
88,185,97,72,168,96,80,120,40,136,464,328,71,360,289,120,664,544,72,143,71,136,2240,46
65,169,104,72,168,96,72,112,40,120,399,279,81,312,231,128,257,129,64,336,272,120,1873,46
72,200,128,40,126,86,90,114,24,112,440,328,64,232,168,183,392,209,88,216,128,136,1856,46
73,185,112,56,160,104,80,81,1,127,351,224,119,400,281,139,376,237,95,216,121,136,1905,46
72,184,112,48,159,111,80,82,2,127,415,288,64,263,199,129,256,127,80,225,145,144,1728,46
65,168,103,65,177,112,80,81,1,143,503,360,79,728,649,127,160,33,80,336,256,151,2304,46
72,186,114,54,150,96,81,145,64,120,280,160,88,648,560,120,232,112,72,263,191,129,2033,46
81,185,104,57,160,103,96,97,1,143,533,390,74,1506,1432,143,2543,2400,97,257,160,151,5432,46
87,208,121,55,144,89,88,120,32,96,447,351,73,953,880,127,151,24,97,345,248,160,2528,46
104,208,104,55,152,97,111,113,2,127,455,328,80,248,168,160,1000,840,88,135,47,145,2456,46
80,176,96,64,152,88,96,112,16,112,495,383,73,641,568,136,280,144,104,288,184,143,2287,46
80,174,94,58,138,80,96,143,47,129,504,375,64,320,256,137,257,120,80,224,144,136,1896,46
87,183,96,49,137,88,88,128,40,112,816,704,80,239,159,153,672,519,81,137,56,152,2464,46
71,152,81,71,151,80,113,114,1,111,415,304,72,256,184,168,248,80,88,248,160,128,1712,46
73,168,95,57,137,80,112,88,-24,152,535,383,76,712,636,137,161,24,104,360,256,160,2321,46
65,176,111,57,152,95,97,98,1,127,559,432,72,936,864,144,208,64,88,272,184,128,2529,46
80,177,97,55,151,96,89,90,1,111,383,272,72,600,528,120,200,80,88,528,440,120,2249,46
63,184,121,56,167,111,71,145,74,128,439,311,89,688,599,129,233,104,79,295,216,161,2312,46
65,177,112,56,144,88,88,136,48,112,408,296,72,615,543,112,169,57,88,272,184,168,2089,46
81,193,112,56,168,112,88,111,23,128,473,345,72,848,776,112,392,280,88,264,176,176,2625,46
79,192,113,72,168,96,96,128,32,112,680,568,88,968,880,168,216,48,95,352,257,111,2815,46
96,208,112,72,168,96,80,136,56,119,456,337,79,312,233,160,248,88,88,288,200,152,1968,46
80,175,95,65,161,96,95,97,2,127,423,296,80,256,176,160,264,104,88,192,104,136,1704,46
72,169,97,56,151,95,104,105,1,120,344,224,80,232,152,143,192,49,88,224,136,112,1529,46
71,168,97,48,136,88,96,119,23,113,305,192,80,248,168,151,232,81,79,215,136,104,1527,46
73,177,104,56,152,96,80,128,48,95,584,489,72,248,176,143,327,184,80,264,184,136,2016,46
72,167,95,57,144,87,80,113,33,128,1183,1055,80,233,153,144,352,208,72,168,96,143,2503,46
64,168,104,40,136,96,80,168,88,127,647,520,72,855,783,129,281,152,80,280,200,144,2679,46
80,176,96,42,151,109,80,56,-24,129,1801,1672,104,759,655,168,345,177,95,216,121,160,3664,46
80,176,96,55,137,82,102,79,-23,127,440,313,79,215,136,168,312,144,89,265,176,152,1776,46
80,192,112,56,168,112,95,1999,1904,81,433,352,80,410,330,142,350,208,80,191,111,145,3888,46
64,160,96,66,159,93,105,144,39,112,401,289,88,224,136,151,240,89,88,256,168,152,1736,46
80,184,104,64,176,112,88,1744,1656,112,2248,2136,71,400,329,143,423,280,97,192,95,145,5512,46
80,184,104,63,151,88,88,113,25,127,375,248,73,943,870,177,8610,8433,104,520,416,111,11007,46
114,297,183,104,896,792,128,651,523,109,757,648,120,336,216,79,504,425,79,384,305,80,3905,49
80,696,616,88,1209,1121,63,992,929,79,567,488,136,1024,888,80,505,425,95,719,624,96,5808,49
104,288,184,120,616,496,122,679,557,96,336,240,120,977,857,72,296,224,104,392,288,111,3695,49
88,488,400,104,456,352,72,704,632,80,448,368,128,512,384,56,360,304,104,320,216,80,3368,49
96,512,416,64,296,232,63,544,481,112,496,384,113,680,567,88,360,272,96,408,312,88,3384,49
120,376,256,80,296,216,80,496,416,96,344,248,104,656,552,56,424,368,104,360,256,88,3040,49
104,416,312,56,624,568,72,824,752,104,432,328,112,328,216,104,360,256,104,800,696,80,3864,49
80,640,560,72,272,200,72,416,344,144,320,176,114,648,534,80,336,256,88,408,320,88,3128,49
72,464,392,80,296,216,80,456,376,121,361,240,111,463,352,64,320,256,112,568,456,88,3016,49
151,455,304,79,319,240,81,529,448,112,320,208,95,424,329,57,289,232,103,407,304,73,2816,49
70,342,272,55,248,193,79,472,393,88,280,192,79,488,409,72,383,311,80,1265,1185,47,3525,49
64,312,248,64,272,208,56,504,448,113,320,207,129,360,231,88,311,223,145,401,256,103,2583,49
63,616,553,64,560,496,88,392,304,136,320,184,104,808,704,113,184,71,104,416,312,72,3368,49
71,463,392,48,304,256,72,616,544,112,296,184,104,1088,984,128,576,448,122,1088,966,104,4535,49
104,505,401,55,239,184,72,568,496,72,400,328,136,568,432,64,336,272,104,424,320,80,3120,49
80,392,312,56,392,336,96,1507,1411,85,381,296,137,368,231,88,320,232,133,408,275,56,3824,49
88,633,545,55,295,240,64,383,319,81,313,232,160,656,496,56,144,88,96,336,240,80,2840,49
80,488,408,80,328,248,88,608,520,72,384,312,144,400,256,56,184,128,128,313,185,79,2784,49
79,310,231,65,281,216,56,432,376,104,344,240,128,1416,1288,80,131,51,110,517,407,88,3519,49
88,360,272,80,457,377,63,487,424,96,320,224,144,264,120,80,392,312,128,328,200,104,2712,49
131,544,413,121,369,248,104,568,464,152,472,320,184,552,368,136,392,256,128,720,592,72,3689,49
80,313,233,56,240,184,56,432,376,80,424,344,144,464,320,72,288,216,112,431,319,89,2681,49
79,288,209,63,288,225,79,640,561,111,456,345,119,1152,1033,64,144,80,111,352,241,79,3399,49
96,272,176,65,248,183,79,527,448,121,393,272,168,432,264,72,456,384,128,304,176,80,2712,49
72,384,312,80,360,280,88,567,479,81,361,280,136,272,136,56,264,208,128,639,511,105,2952,49
136,480,344,96,384,288,80,584,504,128,328,200,184,1000,816,120,248,128,144,915,771,69,4008,49
80,456,376,64,296,232,48,976,928,64,567,503,169,273,104,48,496,448,176,448,272,88,3600,49
56,256,200,56,216,160,72,480,408,129,416,287,160,752,592,64,264,200,129,840,711,80,3304,49
72,328,256,56,232,176,56,440,384,96,328,232,192,976,784,96,280,184,136,880,744,80,3544,49
128,400,272,80,480,400,105,497,392,121,2319,2198,136,536,400,113,368,255,128,313,185,79,4992,49
80,265,185,78,392,314,87,399,312,144,352,208,200,985,785,113,264,151,123,528,405,79,3264,49
71,567,496,65,225,160,71,392,321,130,432,302,159,512,353,72,192,120,128,720,592,111,3151,49
65,329,264,64,256,192,80,400,320,128,448,320,224,968,744,96,176,80,104,480,376,88,3145,49
80,312,232,56,272,216,88,488,400,80,336,256,208,544,336,104,224,120,128,352,224,104,2632,49
80,448,368,72,264,192,80,480,400,111,496,385,176,368,192,88,168,80,112,304,192,88,2616,49
56,432,376,72,232,160,72,472,400,72,272,200,208,488,280,64,176,112,120,296,176,152,2520,49
104,632,528,96,272,176,64,416,352,104,280,176,192,796,604,100,156,56,128,656,528,104,3312,49
64,408,344,56,256,200,56,576,520,80,280,200,152,1257,1105,79,183,104,104,304,200,104,3368,49
80,424,344,72,224,152,64,656,592,64,375,311,185,337,152,96,184,88,112,320,208,131,2651,49
103,344,241,71,272,201,72,440,368,79,528,449,122,488,366,80,368,288,135,432,297,79,2951,49
80,280,200,88,368,280,48,416,368,80,496,416,136,400,264,80,376,296,40,432,392,111,2879,49
131,360,229,200,480,280,112,688,576,113,352,239,168,536,368,104,488,384,80,528,448,72,3504,49
136,280,144,168,376,208,113,392,279,144,304,160,136,376,240,127,488,361,88,568,480,104,2888,49
88,248,160,80,264,184,80,440,360,128,209,81,127,311,184,96,392,296,80,560,480,112,2536,49
96,393,297,104,288,184,128,599,471,89,248,159,136,448,312,96,345,249,55,847,792,72,3240,49
71,232,161,80,328,248,103,504,401,113,200,87,111,488,377,87,312,225,79,672,593,103,2839,49
126,496,370,63,240,177,80,383,303,136,208,72,137,624,487,64,641,577,131,407,276,89,3088,49
88,248,160,87,280,193,80,528,448,112,216,104,152,560,408,79,399,320,73,545,472,56,2832,49
80,272,192,72,224,152,80,608,528,79,160,81,151,607,456,89,489,400,64,472,408,56,2888,49
81,305,224,72,224,152,80,400,320,104,256,152,136,272,136,80,408,328,56,480,424,64,2409,49
80,216,136,88,248,160,88,328,240,104,328,224,160,488,328,96,368,272,64,496,432,88,2560,49
95,448,353,72,256,184,96,368,272,96,232,136,128,872,744,104,352,248,72,728,656,96,3352,49
95,256,161,114,240,126,96,448,352,121,456,335,128,1456,1328,80,368,288,64,848,784,95,4167,49
120,1072,952,119,472,353,95,584,489,113,224,111,183,632,449,80,376,296,64,1191,1127,49,4600,49
112,337,225,128,288,160,96,528,432,128,192,64,152,632,480,80,344,264,130,432,302,104,2857,49
104,280,176,72,240,168,96,704,608,96,384,288,160,808,648,64,464,400,152,328,176,80,3288,49
88,432,344,64,288,224,80,424,344,120,312,192,128,800,672,104,344,240,112,328,216,104,3032,49
120,288,168,80,216,136,80,535,455,89,449,360,159,296,137,96,352,256,120,280,160,88,2504,49
127,327,200,72,256,184,88,360,272,128,408,280,160,672,512,80,272,192,136,416,280,80,2791,49
114,944,830,112,289,177,103,456,353,143,496,353,167,407,240,128,569,441,64,584,520,79,3824,49
79,360,281,96,311,215,73,977,904,127,336,209,176,799,623,137,360,223,153,385,232,48,3576,49
104,296,192,80,232,152,88,584,496,72,328,256,152,560,408,63,288,225,96,320,224,88,2696,49
63,208,145,56,224,168,56,392,336,119,320,201,136,304,168,56,272,216,113,320,207,72,2112,49
80,272,192,55,207,152,73,649,576,135,224,89,160,512,352,63,263,200,153,424,271,96,2647,49
80,240,160,80,232,152,104,1112,1008,80,151,71,153,529,376,64,312,248,136,352,216,56,2984,49
71,240,169,88,272,184,64,640,576,80,304,224,161,1000,839,64,248,184,144,320,176,96,3120,49
78,630,552,120,288,168,80,649,569,79,312,233,143,383,240,80,312,232,128,496,368,72,3142,49
80,248,168,80,240,160,80,432,352,88,288,200,176,328,152,80,313,233,122,479,357,58,2386,49
96,248,152,88,248,160,96,544,448,88,345,257,158,270,112,56,457,401,152,928,776,72,3112,49
71,263,192,65,241,176,63,568,505,88,440,352,152,599,447,57,360,303,152,345,193,79,2895,49
63,232,169,80,240,160,80,480,400,88,472,384,152,439,287,104,409,305,128,488,360,72,2832,49
71,255,184,64,224,160,80,496,416,95,384,289,144,552,408,56,391,335,128,297,169,96,2695,49
87,271,184,71,216,145,64,368,304,80,728,648,152,904,752,103,520,417,120,256,136,56,3319,49
96,240,144,64,216,152,56,408,352,96,304,208,135,1032,897,56,256,200,129,280,151,72,2808,49
64,224,160,80,216,136,64,400,336,129,480,351,152,376,224,72,320,248,128,416,288,88,2520,49
142,1079,937,88,248,160,88,409,321,132,408,276,183,536,353,72,312,240,159,415,256,103,3510,49
80,224,144,96,265,169,71,392,321,138,472,334,175,608,433,72,344,272,135,320,185,63,2688,49
79,224,145,79,207,128,73,449,376,88,352,264,152,288,136,72,344,272,120,240,120,184,2288,49
88,383,295,73,209,136,71,384,313,183,424,241,144,1280,1136,80,360,280,128,376,248,104,3520,49
72,208,136,79,200,121,80,560,480,88,408,320,183,392,209,88,424,336,127,312,185,104,2608,49
95,222,127,81,241,160,71,336,265,168,328,160,168,616,448,112,304,192,136,280,144,112,2439,49
104,272,168,80,232,152,96,1280,1184,96,176,80,176,664,488,96,480,384,144,400,256,104,3608,49
104,264,160,80,232,152,95,432,337,144,248,104,160,456,296,64,240,176,136,383,247,105,2360,49
104,295,191,81,218,137,87,415,328,136,240,104,168,1296,1128,104,272,168,127,1064,937,127,3927,49
104,232,128,80,217,137,87,384,297,135,295,160,152,425,273,63,271,208,129,858,729,38,2720,49
69,509,440,104,920,816,104,384,280,104,448,344,152,336,184,112,416,304,120,344,224,96,3453,49
104,544,440,96,320,224,114,240,126,120,456,336,104,424,320,112,537,425,79,336,257,122,2979,49
40,369,329,87,248,161,104,319,215,80,409,329,104,352,248,113,584,471,80,335,255,120,2736,49
63,375,312,88,329,241,120,472,352,88,536,448,112,392,280,144,472,328,112,216,104,96,2888,49
71,424,353,80,368,288,72,280,208,80,368,288,112,408,296,152,336,184,88,184,96,122,2490,49
48,240,192,112,464,352,88,296,208,80,624,544,80,4512,4432,144,732,588,100,508,408,120,7496,49
48,440,392,104,365,261,122,355,233,80,432,352,104,384,280,112,664,552,80,480,400,104,3224,49
144,256,112,128,330,202,143,319,176,103,607,504,127,491,364,149,405,256,113,297,184,136,2841,49
56,448,392,113,304,191,111,296,185,80,776,696,72,320,248,160,304,144,72,312,240,152,2912,49
80,280,200,88,744,656,96,280,184,72,408,336,104,200,96,168,400,232,64,464,400,136,2912,49
48,424,376,80,256,176,88,248,160,96,400,304,115,272,157,168,416,248,104,232,128,120,2368,49
56,352,296,88,280,192,80,231,151,73,433,360,128,192,64,144,536,392,56,408,352,136,2568,49
112,632,520,128,456,328,129,304,175,136,304,168,136,290,154,174,447,273,87,319,232,144,2896,49
129,296,167,111,1503,1392,88,241,153,130,368,238,127,304,177,159,392,233,87,303,216,136,3543,49
151,304,153,127,1296,1169,79,392,313,127,352,225,104,352,248,143,456,313,79,464,385,96,3712,49
144,335,191,123,377,254,122,368,246,129,416,287,112,280,168,136,368,232,88,368,280,136,2648,49
120,296,176,129,416,287,104,288,184,128,368,240,129,344,215,113,368,255,128,368,240,128,2576,49
128,304,176,96,392,296,104,336,232,104,1199,1095,137,665,528,175,1424,1249,129,336,207,112,4768,49
112,440,328,128,432,304,128,296,168,136,464,328,104,464,360,136,520,384,144,448,304,129,3193,49
128,264,136,113,440,327,112,456,344,88,304,216,120,440,320,160,272,112,128,361,233,166,2703,49
144,424,280,113,384,271,114,296,182,136,361,225,167,400,233,199,384,185,113,328,215,127,2704,49
113,320,207,119,400,281,87,351,264,128,568,440,105,329,224,128,1040,912,79,352,273,135,3495,49
112,304,192,128,368,240,80,256,176,152,440,288,113,424,311,160,432,272,112,296,184,136,2656,49
112,288,176,128,480,352,104,328,224,128,1120,992,96,184,88,120,480,360,104,360,256,128,3368,49
148,292,144,120,344,224,114,280,166,112,368,256,168,432,264,104,336,232,96,312,216,104,2468,49
129,361,232,131,456,325,136,392,256,104,592,488,120,440,320,104,384,280,112,360,248,136,3121,49
129,328,199,136,384,248,104,320,216,120,344,224,144,521,377,131,360,229,95,383,288,128,2768,49
104,281,177,111,327,216,104,505,401,103,471,368,131,384,253,136,408,272,88,360,272,128,2864,49
103,335,232,123,441,318,128,336,208,127,456,329,135,463,328,168,528,360,105,305,200,151,3015,49
144,352,208,144,407,263,105,281,176,135,440,305,119,784,665,136,368,232,103,272,169,152,3056,49
127,296,169,136,336,200,136,503,367,104,489,385,136,384,248,128,571,443,77,781,704,136,3496,49
113,296,183,104,312,208,96,152,56,119,2256,2137,104,280,176,136,864,728,88,448,360,88,4696,49
120,280,160,128,296,168,106,272,166,152,464,312,112,632,520,128,336,208,104,456,352,112,2848,49
128,344,216,151,376,225,129,432,303,128,984,856,152,256,104,152,448,296,128,304,176,128,3272,49
120,296,176,144,352,208,72,304,232,136,544,408,113,304,191,152,472,320,96,344,248,129,2745,49
122,280,158,144,320,176,114,264,150,143,376,233,136,384,248,136,480,344,111,368,257,152,2624,49
105,241,136,103,279,176,122,321,199,144,344,200,95,392,297,127,527,400,89,345,256,128,2577,49
104,264,160,128,312,184,128,264,136,168,528,360,111,376,265,72,496,424,113,488,375,95,2823,49
130,345,215,127,337,210,129,287,158,128,464,336,112,480,368,112,368,256,104,304,200,128,2713,49
128,400,272,152,552,400,120,352,232,136,376,240,127,392,265,176,456,280,120,416,296,144,3088,49
129,368,239,152,376,224,128,296,168,152,512,360,112,312,200,128,480,352,128,288,160,128,2760,49
120,280,160,216,568,352,128,224,96,123,496,373,104,304,200,112,392,280,64,272,208,120,2656,49
96,352,256,152,410,258,102,334,232,136,456,320,88,432,344,136,496,360,72,368,296,144,2992,49
97,417,320,143,423,280,104,296,192,114,680,566,88,344,256,136,616,480,120,489,369,127,3392,49
104,256,152,128,323,195,110,245,135,136,512,376,56,312,256,152,409,257,103,383,280,112,2552,49
127,304,177,127,320,193,131,344,213,130,616,486,104,456,352,151,592,441,88,464,376,128,3224,49
80,247,167,121,689,568,104,232,128,135,448,313,104,392,288,112,616,504,111,1432,1321,112,4168,49
129,384,255,128,368,240,128,240,112,176,432,256,136,336,200,152,384,232,122,544,422,136,2824,49
64,384,320,105,344,239,144,376,232,88,416,328,136,408,272,168,400,232,112,456,344,144,2928,49
128,336,208,128,320,192,81,224,143,208,504,296,130,376,246,152,552,400,104,376,272,128,2816,49
128,352,224,130,299,169,77,229,152,168,416,248,128,360,232,167,417,250,87,271,184,137,2481,49
136,273,137,119,295,176,112,168,56,152,384,232,136,296,160,160,496,336,104,377,273,135,2424,49
135,272,137,151,488,337,111,367,256,105,505,400,136,360,224,159,392,233,95,471,376,136,2991,49
130,384,254,113,297,184,142,415,273,111,471,360,136,417,281,151,360,209,88,296,208,136,2776,49
143,352,209,143,344,201,89,240,151,160,472,312,136,280,144,151,560,409,128,464,336,104,2816,49
104,352,248,128,457,329,81,247,166,135,368,233,130,352,222,152,408,256,104,312,208,152,2648,49
161,305,144,128,568,440,128,288,160,160,367,207,137,433,296,104,496,392,88,280,192,104,2841,49
112,344,232,128,376,248,73,152,79,128,384,256,112,416,304,96,320,224,104,256,152,104,2352,49
160,368,208,96,288,192,112,312,200,72,416,344,136,288,152,152,488,336,96,304,208,176,2640,49
144,280,136,128,296,168,80,160,80,176,472,296,88,344,256,160,608,448,88,320,232,136,2616,49
119,295,176,137,345,208,104,288,184,80,608,528,152,185,33,167,655,488,114,352,238,168,2896,49
137,297,160,103,287,184,129,320,191,114,416,302,136,417,281,175,527,352,105,513,408,128,2905,49
135,335,200,153,304,151,128,328,200,73,393,320,152,400,248,152,384,232,112,319,207,169,2632,49
121,296,175,73,265,192,80,280,200,80,400,320,136,344,208,151,360,209,71,376,305,160,2481,49
56,520,464,112,488,376,104,303,199,88,544,456,104,361,257,136,536,400,88,311,223,129,3192,49
55,576,521,112,391,279,145,401,256,64,624,560,128,360,232,144,416,272,128,352,224,144,3264,49
80,599,519,128,369,241,103,288,185,104,504,400,176,272,96,128,503,375,97,305,208,104,2944,49
152,304,152,120,296,176,104,216,112,200,496,296,120,376,256,169,360,191,64,399,335,161,2608,49
168,224,56,96,304,208,127,320,193,144,384,240,114,320,206,184,416,232,80,312,232,152,2432,49
129,336,207,113,280,167,64,208,144,128,505,377,103,1423,1320,192,601,409,79,288,209,151,3792,49
121,320,199,128,313,185,103,239,136,152,336,184,137,417,280,191,400,209,95,295,200,159,2479,49
143,303,160,129,354,225,102,222,120,177,449,272,113,367,254,176,353,177,103,312,209,167,2527,49
143,279,136,144,352,208,81,177,96,159,408,249,152,383,231,176,353,177,113,384,271,152,2488,49
96,400,304,113,328,215,88,464,376,120,1088,968,80,216,136,113,1264,1151,88,456,368,127,4343,49
136,248,112,127,336,209,96,202,106,182,430,248,136,336,200,144,296,152,72,336,264,167,2351,49
143,304,161,136,328,192,104,216,112,144,368,224,144,336,192,160,440,280,103,432,329,152,2576,49
167,399,232,120,296,176,113,264,151,152,425,273,135,335,200,152,344,192,144,472,328,136,2671,49
114,291,177,116,307,191,120,272,152,121,489,368,104,288,184,113,584,471,72,393,321,159,2783,49
120,296,176,120,305,185,105,343,238,152,384,232,128,296,168,216,392,176,137,264,127,176,2456,49
128,318,190,123,322,199,104,553,449,128,416,288,128,359,231,129,520,391,88,353,265,135,2976,49
153,384,231,140,369,229,103,400,297,160,360,200,159,384,225,135,504,369,103,384,281,136,2921,49
135,256,121,104,256,152,73,216,143,144,368,224,143,424,281,176,296,120,128,455,327,129,2400,49
168,320,152,128,280,152,56,320,264,160,912,752,80,504,424,128,480,352,64,328,264,122,3266,49
152,296,144,122,296,174,80,216,136,128,416,288,104,368,264,152,287,135,105,281,176,152,2312,49
120,354,234,102,302,200,81,280,199,136,2001,1865,111,351,240,136,296,160,104,408,304,136,4128,49
64,440,376,104,264,160,96,280,184,72,328,256,113,1753,1640,183,1208,1025,87,184,97,103,4560,49
113,623,510,105,313,208,71,168,97,175,487,312,145,433,288,31,2408,2377,120,440,320,135,5007,49
104,328,224,96,256,160,80,164,84,156,1036,880,104,312,208,144,488,344,95,272,177,144,3000,49
128,336,208,126,543,417,112,272,160,121,472,351,123,520,397,249,2105,1856,130,656,526,128,5032,49
136,312,176,129,314,185,119,270,151,168,536,368,112,368,256,152,904,752,104,607,503,137,3448,49
152,344,192,160,440,280,120,376,256,160,536,376,128,360,232,128,1160,1032,96,424,328,160,3800,49
136,289,153,135,287,152,56,160,104,152,624,472,113,344,231,176,352,176,96,352,256,152,2560,49
136,288,152,113,248,135,56,136,80,137,560,423,88,352,264,168,440,272,104,376,272,128,2528,49
144,360,216,112,240,128,72,128,56,152,547,395,125,466,341,147,395,248,80,336,256,130,2602,49
130,232,102,112,256,144,56,120,64,136,496,360,128,320,192,184,272,88,80,288,208,136,2120,49
128,208,80,80,216,136,48,114,66,134,486,352,128,392,264,152,328,176,96,272,176,137,2153,49
112,232,120,96,216,120,56,185,129,103,1183,1080,120,344,224,128,472,344,80,512,432,120,3264,49
79,496,417,87,352,265,63,255,192,88,584,496,88,696,608,176,321,145,103,320,217,136,3160,49
128,263,135,151,376,225,128,176,48,152,463,311,160,385,225,120,320,200,120,296,176,104,2383,49
113,256,143,152,432,280,104,160,56,152,536,384,122,320,198,129,423,294,81,337,256,104,2568,49
128,312,184,113,368,255,104,216,112,113,808,695,152,328,176,152,680,528,56,376,320,120,3208,49
113,304,191,128,352,224,80,168,88,152,416,264,136,400,264,136,264,128,96,368,272,104,2376,49
152,296,144,152,432,280,80,168,88,152,824,672,120,129,9,136,455,319,72,272,200,112,2688,49
88,224,136,136,352,216,104,184,80,128,536,408,88,384,296,96,272,176,80,344,264,96,2392,49
86,302,216,96,304,208,56,136,80,121,600,479,112,304,192,120,304,184,72,344,272,152,2446,49
71,248,177,113,360,247,112,264,152,119,472,353,112,376,264,113,288,175,87,384,297,103,2495,49
80,264,184,111,488,377,112,360,248,88,472,384,96,328,232,87,1240,1153,80,184,104,104,3440,49
104,576,472,117,320,203,88,184,96,128,336,208,120,351,231,136,281,145,56,320,264,72,2440,49
72,208,136,103,320,217,81,191,110,104,401,297,96,352,256,104,440,336,160,384,224,128,2424,49
72,296,224,96,248,152,96,217,121,103,399,296,136,376,240,122,280,158,80,320,240,104,2240,49
72,312,240,104,264,160,64,145,81,95,543,448,120,376,256,160,360,200,104,304,200,80,2384,49
64,240,176,96,280,184,80,201,121,103,455,352,96,336,240,96,272,176,104,264,160,120,2168,49
80,239,159,115,337,222,80,208,128,113,344,231,88,368,280,112,304,192,64,392,328,72,2264,49
72,296,224,152,368,216,88,200,112,72,376,304,131,416,285,96,376,280,80,296,216,136,2464,49
87,304,217,111,287,176,72,225,153,79,464,385,103,351,248,105,488,383,72,449,377,71,2639,49
65,265,200,120,287,167,88,281,193,79,542,463,104,201,97,105,385,280,72,296,224,48,2305,49
79,280,201,95,272,177,79,232,153,95,392,297,127,304,177,113,1288,1175,63,296,233,64,3128,49
57,313,256,122,448,326,68,288,220,88,392,304,128,352,224,104,1008,904,63,248,185,72,3121,49
96,271,175,145,329,184,104,192,88,80,1144,1064,129,633,504,87,271,184,113,208,95,80,3128,49
96,296,200,104,304,200,64,183,119,114,481,367,88,2608,2520,96,855,759,64,369,305,96,5192,49
88,296,208,144,320,176,93,184,91,113,857,744,88,455,367,97,392,295,88,296,208,80,2880,49
56,240,184,128,264,136,80,184,104,97,328,231,104,377,273,79,343,264,80,265,185,79,2080,49
95,263,168,96,249,153,71,159,88,105,385,280,111,536,425,79,359,280,80,377,297,63,2391,49
53,245,192,105,264,159,66,176,110,97,521,424,95,392,297,72,288,216,79,376,297,72,2334,49
80,280,200,99,288,189,87,192,105,104,512,408,80,352,272,87,328,241,104,304,200,64,2320,49
70,279,209,112,288,176,80,202,122,94,422,328,104,344,240,88,328,240,64,296,232,80,2239,49
64,240,176,104,248,144,80,200,120,88,432,344,113,360,247,113,280,167,64,288,224,56,2104,49
56,256,200,96,248,152,64,184,120,104,624,520,79,400,321,96,464,368,96,248,152,88,2512,49
72,216,144,104,256,152,56,120,64,113,432,319,72,296,224,88,464,376,120,296,176,88,2168,49
81,225,144,104,256,152,72,176,104,120,424,304,112,304,192,88,608,520,64,296,232,80,2369,49
96,232,136,104,264,160,80,192,112,113,296,183,104,392,288,144,784,640,56,224,168,80,2464,49
104,256,152,96,256,160,104,241,137,103,455,352,80,320,240,96,249,153,87,383,296,64,2224,49
64,280,216,104,256,152,80,202,122,110,350,240,80,288,208,113,417,304,71,280,209,87,2160,49
79,751,672,128,328,200,114,264,150,144,481,337,112,327,215,129,449,320,71,319,248,88,3007,49
95,224,129,120,496,376,71,176,105,121,360,239,121,328,207,135,928,793,55,328,273,113,2953,49
104,272,168,128,287,159,80,176,96,113,377,264,96,344,248,127,519,392,57,609,552,104,2688,49
89,289,200,111,264,153,72,151,79,138,377,239,112,360,248,168,512,344,104,312,208,115,2380,49
88,264,176,112,255,143,88,176,88,120,376,256,96,329,233,119,367,248,72,233,161,119,2119,49
104,296,192,87,240,153,151,2256,2105,72,1319,1247,113,377,264,152,264,112,137,272,135,88,5112,49
100,236,136,128,280,152,72,152,80,104,354,250,110,310,200,113,288,175,96,248,152,128,1996,49
120,224,104,88,224,136,64,128,64,113,736,623,121,752,631,119,343,224,104,369,265,120,2896,49
129,304,175,113,265,152,128,231,103,120,543,423,129,441,312,128,328,200,112,400,288,88,2600,49
104,216,112,88,240,152,64,192,128,88,392,304,88,424,336,114,368,254,88,240,152,96,2168,49
80,256,176,72,208,136,72,136,64,104,328,224,112,416,304,104,280,176,80,360,280,80,2064,49
80,312,232,88,248,160,96,184,88,64,656,592,112,664,552,168,344,176,72,624,552,88,3120,49
96,280,184,80,313,233,108,231,123,104,337,233,127,431,304,96,256,160,95,295,200,80,2223,49
96,248,152,79,241,162,79,263,184,103,327,224,89,368,279,137,312,175,81,274,193,70,2103,49
88,240,152,97,409,312,48,199,151,104,353,249,114,345,231,103,312,209,63,264,201,55,2177,49
104,344,240,80,240,160,60,256,196,64,423,359,89,416,327,129,200,71,97,297,200,96,2272,49
104,328,224,104,288,184,64,176,112,104,544,440,72,392,320,122,328,206,56,256,200,104,2416,49
103,264,161,96,256,160,56,168,112,96,488,392,80,272,192,136,344,208,56,240,184,104,2136,49
80,256,176,80,216,136,80,168,88,103,695,592,57,305,248,104,280,176,40,416,376,64,2400,49
80,232,152,88,255,167,91,248,157,120,401,281,115,360,245,125,320,195,96,296,200,87,2199,49
56,320,264,104,280,176,57,256,199,104,431,327,97,369,272,47,672,625,127,231,104,96,2655,49
88,240,152,80,240,160,80,210,130,105,358,253,112,368,256,103,303,200,80,353,273,103,2175,49
88,224,136,105,265,160,71,233,162,102,647,545,95,343,248,136,489,353,88,336,248,104,2641,49
64,280,216,144,329,185,98,352,254,88,992,904,80,696,616,160,504,344,80,241,161,135,3529,49
72,424,352,112,312,200,71,209,138,127,367,240,120,417,297,103,263,160,80,329,249,95,2416,49
96,303,207,135,312,177,80,233,153,135,392,257,104,352,248,112,496,384,48,408,360,71,2567,49
80,328,248,104,256,152,82,280,198,113,383,270,112,297,185,104,464,360,55,328,273,80,2416,49
81,257,176,88,896,808,56,1928,1872,88,824,736,128,360,232,113,256,143,96,296,200,88,4905,49
88,216,128,120,271,151,81,609,528,96,544,448,88,352,264,128,437,309,99,411,312,88,2928,49
112,272,160,120,280,160,64,152,88,119,463,344,114,353,239,151,264,113,88,288,200,104,2176,49
95,326,231,122,297,175,80,304,224,120,400,280,113,336,223,104,433,329,71,335,264,88,2519,49
104,248,144,104,248,144,91,352,261,88,440,352,116,400,284,120,1072,952,104,408,304,113,3281,49
88,272,184,200,465,265,103,424,321,113,287,174,152,376,224,114,824,710,113,392,279,88,3128,49
103,239,136,137,304,167,72,352,280,104,304,200,128,313,185,127,719,592,80,337,257,79,2647,49
88,250,162,111,406,295,65,168,103,136,536,400,112,385,273,152,719,567,88,361,273,115,2940,49
72,233,161,103,664,561,56,192,136,111,464,353,104,368,264,112,680,568,48,352,304,80,3033,49
103,272,169,80,216,136,55,136,81,96,512,416,80,296,216,111,480,369,120,280,160,56,2248,49
72,248,176,104,448,344,64,223,159,114,393,279,104,400,296,114,248,134,56,288,232,104,2352,49
80,232,152,113,296,183,82,232,150,88,288,200,80,360,280,120,232,112,64,296,232,80,2016,49
104,199,95,65,857,792,56,280,224,104,528,424,112,352,240,120,296,176,91,296,205,113,2921,49
104,256,152,112,288,176,89,209,120,135,343,208,128,352,224,123,400,277,48,344,296,80,2272,49
104,256,152,104,320,216,80,160,80,129,696,567,129,384,255,145,281,136,113,335,222,104,2536,49
56,336,280,119,426,307,70,238,168,113,432,319,112,336,224,114,344,230,88,321,233,122,2555,49
87,232,145,103,255,152,65,193,128,119,375,256,113,328,215,152,320,168,120,305,185,87,2095,49
127,263,136,152,304,152,89,241,152,104,616,512,160,312,152,127,344,217,79,344,265,104,2528,49
113,256,143,104,240,136,56,120,64,119,472,353,95,280,185,136,304,168,79,256,177,104,2032,49
81,185,104,96,240,144,64,416,352,128,784,656,127,616,489,128,624,496,64,360,296,104,3329,49
104,256,152,160,504,344,88,223,135,137,489,352,104,304,200,128,360,232,72,280,208,128,2544,49
99,392,293,128,295,167,97,249,152,136,392,256,104,567,463,137,337,200,128,488,360,223,2943,49
107,264,157,96,272,176,72,160,88,128,792,664,112,248,136,128,376,248,88,360,272,128,2600,49
96,240,144,104,248,144,80,184,104,127,472,345,104,400,296,144,280,136,120,296,176,128,2248,49
104,240,136,120,272,152,89,295,206,137,513,376,96,416,320,104,336,232,113,320,207,120,2512,49
96,264,168,104,313,209,95,327,232,113,345,232,135,335,200,129,552,423,104,320,216,144,2600,49
115,264,149,95,263,168,56,184,128,144,416,272,104,329,225,112,296,184,79,408,329,143,2303,49
112,273,161,111,295,184,104,256,152,128,383,255,112,345,233,111,439,328,122,296,174,113,2400,49
96,305,209,119,311,192,80,400,320,105,353,248,113,256,143,135,384,249,63,360,297,128,2497,49
102,558,456,112,296,184,104,317,213,147,523,376,136,368,232,176,896,720,186,480,294,112,3550,49
56,400,344,72,259,187,61,237,176,136,488,352,128,360,232,152,1912,1760,128,776,648,128,4560,49
104,808,704,114,456,342,96,176,80,128,600,472,120,448,328,104,336,232,80,432,352,104,3360,49
136,400,264,112,304,192,104,216,112,128,576,448,128,592,464,136,320,184,120,699,579,133,3240,49
104,424,320,128,338,210,78,601,523,110,597,487,176,400,224,128,441,313,112,383,271,136,3320,49
77,356,279,113,265,152,80,312,232,88,536,448,151,384,233,104,856,752,95,311,216,139,3159,49
79,287,208,113,305,192,79,208,129,119,416,297,127,353,226,119,312,193,79,319,240,105,2305,49
137,257,120,112,280,168,87,280,193,113,440,327,128,304,176,136,400,264,104,328,224,152,2441,49
114,281,167,104,272,168,56,168,112,96,360,264,143,304,161,176,1712,1536,72,1032,960,112,4241,49
69,430,361,120,288,168,112,224,112,113,384,271,128,328,200,128,384,256,95,384,289,192,2614,49
136,352,216,176,456,280,112,216,104,112,376,264,152,304,152,136,720,584,112,352,240,112,2888,49
122,216,94,96,240,144,56,136,80,104,416,312,112,392,280,113,328,215,80,456,376,129,2313,49
88,232,144,96,256,160,80,176,96,128,440,312,136,376,240,112,288,176,80,576,496,104,2448,49
113,232,119,104,288,184,80,208,128,136,544,408,104,336,232,120,560,440,88,320,232,128,2616,49
84,268,184,80,256,176,88,192,104,104,424,320,120,320,200,80,344,264,80,304,224,80,2188,49
65,225,160,80,240,160,80,202,122,87,359,272,104,455,351,88,232,144,152,401,249,103,2217,49
56,264,208,88,329,241,79,216,137,87,351,264,80,337,257,55,320,265,135,392,257,87,2296,49
80,257,177,79,264,185,112,152,40,80,408,328,95,320,225,88,344,256,64,288,224,56,2089,49
80,225,145,96,304,208,80,218,138,78,438,360,104,288,184,79,376,297,48,256,208,72,2177,49
71,288,217,80,304,224,80,186,106,86,494,408,120,304,184,122,593,471,95,167,72,80,2416,49
96,248,152,136,304,168,65,115,50,77,606,529,112,735,623,128,392,264,80,232,152,104,2736,49
81,401,320,88,288,200,64,304,240,88,816,728,96,336,240,96,352,256,56,256,200,72,2825,49
96,256,160,104,272,168,64,152,88,89,552,463,72,352,280,120,496,376,72,296,224,64,2440,49
88,256,168,113,296,183,65,208,143,88,976,888,80,176,96,96,663,567,65,321,256,72,2968,49
88,281,193,103,279,176,63,256,193,64,544,480,88,312,224,114,344,230,64,288,224,48,2352,49
80,273,193,113,295,182,80,280,200,88,432,344,88,304,216,113,528,415,64,280,216,80,2472,49
64,321,257,95,247,152,89,248,159,104,552,448,96,560,464,114,465,351,79,231,152,80,2704,49
55,503,448,96,292,196,77,228,151,73,465,392,63,448,385,71,272,201,80,384,304,79,2671,49
64,320,256,128,304,176,80,264,184,96,440,344,128,320,192,88,368,280,72,232,160,72,2320,49
80,328,248,113,305,192,79,254,175,89,416,327,114,297,183,96,392,296,88,288,200,72,2352,49
80,255,175,129,321,192,104,192,88,104,496,392,112,376,264,96,335,239,105,257,152,96,2328,49
96,304,208,113,296,183,103,208,105,96,464,368,136,296,160,96,384,288,104,304,200,80,2336,49
80,328,248,96,256,160,80,171,91,77,453,376,72,880,808,88,376,288,96,320,224,72,2856,49
72,288,216,96,248,152,63,159,96,56,448,392,113,305,192,88,440,352,112,288,176,72,2248,49
103,327,224,114,849,735,79,247,168,48,705,657,112,279,167,152,400,248,88,192,104,80,3079,49
56,225,169,127,328,201,87,178,91,83,406,323,111,296,185,79,280,201,96,232,136,79,2024,49
63,264,201,103,280,177,56,144,88,80,375,295,121,321,200,80,296,216,103,312,209,87,2079,49
48,328,280,88,240,152,80,256,176,112,488,376,104,224,120,113,312,199,64,248,184,128,2224,49
88,248,160,176,640,464,104,192,88,80,793,713,86,351,265,128,544,416,80,184,104,80,3032,49
96,248,152,120,368,248,105,552,447,88,424,336,128,328,200,160,416,256,80,280,200,88,2704,49
80,288,208,112,272,160,56,113,57,88,391,303,104,344,240,72,400,328,80,392,312,104,2304,49
96,640,544,88,296,208,88,192,104,113,464,351,96,336,240,112,344,232,80,264,184,80,2616,49
88,248,160,96,248,152,64,152,88,106,376,270,96,376,280,123,272,149,56,264,208,72,2008,49
80,288,208,96,577,481,95,255,160,104,464,360,114,383,269,96,297,201,80,304,224,64,2632,49
88,352,264,123,305,182,79,223,144,96,368,272,112,353,241,112,304,192,104,287,183,104,2296,49
86,271,185,104,272,168,64,194,130,78,463,385,135,376,241,95,312,217,80,263,183,104,2255,49
113,271,158,130,289,159,95,192,97,103,424,321,131,336,205,127,280,153,88,272,184,104,2168,49
104,320,216,112,296,184,71,216,145,87,432,345,88,328,240,136,360,224,96,264,168,80,2296,49
64,296,232,112,288,176,82,216,134,88,520,432,136,304,168,113,296,183,80,272,192,104,2296,49
96,352,256,88,240,152,72,194,122,88,606,518,111,456,345,88,248,160,112,288,176,96,2480,49
113,408,295,96,256,160,80,216,136,80,519,439,121,257,136,103,656,553,56,312,256,88,2712,49
72,256,184,96,240,144,56,136,80,88,360,272,112,320,208,120,672,552,80,280,200,56,2320,49
96,256,160,96,240,144,88,193,105,111,399,288,128,400,272,96,408,312,80,416,336,113,2425,49
87,247,160,113,264,151,72,193,121,88,335,247,136,352,216,122,288,166,88,344,256,122,2145,49
80,224,144,72,224,152,72,201,129,80,527,447,104,312,208,128,352,224,88,256,168,80,2176,49
48,264,216,88,232,144,56,200,144,104,408,304,120,457,337,119,303,184,104,312,208,48,2224,49
64,240,176,88,256,168,80,177,97,103,383,280,88,304,216,130,457,327,63,351,288,105,2273,49
88,265,177,71,255,184,88,296,208,96,561,465,103,375,272,96,632,536,88,312,224,81,2777,49
87,304,217,96,248,152,63,192,129,83,312,229,136,336,200,130,760,630,79,536,457,71,2759,49
88,360,272,96,272,176,72,280,208,104,480,376,130,343,213,136,585,449,64,384,320,104,2808,49
96,272,176,104,312,208,56,144,88,104,528,424,72,280,208,152,384,232,88,376,288,111,2407,49
80,248,168,164,384,220,72,176,104,104,520,416,104,432,328,136,240,104,80,304,224,104,2408,49
88,247,159,114,401,287,64,240,176,112,488,376,112,568,456,136,552,416,136,472,336,104,3072,49
88,272,184,113,408,295,104,280,176,123,392,269,128,408,280,192,416,224,120,416,296,88,2680,49
128,288,160,112,328,216,65,208,143,128,616,488,136,328,192,152,416,264,104,280,176,88,2552,49
113,265,152,122,304,182,71,199,128,128,608,480,80,320,240,120,328,208,80,296,216,114,2434,49
87,288,201,96,256,160,39,120,81,103,375,272,113,344,231,128,321,193,64,368,304,103,2175,49
128,328,200,135,376,241,104,280,176,130,504,374,112,472,360,144,407,263,89,313,224,95,2775,49
95,560,465,161,432,271,136,408,272,112,634,522,102,422,320,120,360,240,128,296,168,136,3248,49
105,281,176,168,368,200,82,288,206,136,416,280,128,568,440,152,648,496,88,448,360,104,3121,49
104,305,201,143,447,304,80,240,160,112,504,392,152,464,312,88,368,280,64,320,256,96,2744,49
104,312,208,122,296,174,105,312,207,113,576,463,136,256,120,112,328,216,64,432,368,114,2626,49
80,312,232,96,280,184,116,320,204,114,392,278,131,344,213,113,304,191,48,296,248,154,2402,49
104,416,312,128,384,256,96,264,168,129,448,319,152,480,328,120,448,328,56,352,296,112,2904,49
105,248,143,120,304,184,80,200,120,112,488,376,136,336,200,120,312,192,104,384,280,104,2376,49
104,280,176,104,282,178,86,238,152,128,504,376,129,361,232,135,359,224,64,353,289,135,2512,49
88,265,177,113,295,182,104,234,130,135,351,216,143,423,280,120,313,193,127,351,224,131,2363,49
137,416,279,160,368,208,128,232,104,129,1192,1063,136,328,192,129,576,447,64,376,312,104,3592,49
113,984,871,113,320,207,123,240,117,104,608,504,113,401,288,113,295,182,96,296,200,128,3272,49
88,344,256,113,297,184,55,183,128,120,440,320,104,358,254,122,307,185,103,288,185,111,2328,49
96,328,232,104,264,160,56,184,128,131,400,269,112,305,193,143,271,128,56,328,272,114,2194,49
129,344,215,128,313,185,79,240,161,103,416,313,112,312,200,135,455,320,81,257,176,128,2465,49
104,352,248,144,1120,976,80,168,88,111,536,425,111,296,185,152,264,112,104,256,152,104,3096,49
111,280,169,112,312,200,105,248,143,104,1376,1272,160,384,224,176,312,136,128,328,200,128,3368,49
88,569,481,87,319,232,80,272,192,104,848,744,113,288,175,104,520,416,64,336,272,104,3256,49
96,296,200,96,271,175,114,433,319,72,1296,1224,128,376,248,130,232,102,88,360,272,104,3368,49
120,952,832,80,272,192,112,184,72,88,672,584,113,1152,1039,128,392,264,88,304,216,104,4032,49
88,288,200,113,264,151,88,170,82,86,414,328,131,336,205,122,352,230,96,272,176,88,2184,49
106,272,166,113,256,143,64,177,113,80,504,424,135,384,249,122,1064,942,136,408,272,104,3169,49
104,272,168,112,272,160,55,184,129,104,600,496,129,344,215,112,368,256,56,936,880,112,3088,49
128,287,159,105,257,152,63,144,81,104,399,295,114,393,279,128,360,232,88,264,176,95,2199,49
104,280,176,128,744,616,144,1312,1168,40,736,696,136,408,272,128,456,328,96,336,240,112,4384,49
104,360,256,128,328,200,105,1408,1303,80,1184,1104,144,376,232,176,344,168,128,272,144,136,4408,49
96,456,360,113,304,191,80,192,112,104,456,352,128,328,200,144,272,128,64,304,240,72,2384,49
122,375,253,136,304,168,120,200,80,113,393,280,151,359,208,104,337,233,62,327,265,112,2407,49
136,329,193,154,320,166,128,296,168,97,536,439,129,545,416,103,264,161,103,255,152,120,2665,49
103,315,212,117,284,167,80,225,145,111,343,232,152,376,224,88,289,201,79,264,185,95,2191,49
119,319,200,130,417,287,104,224,120,79,528,449,71,344,273,112,280,168,87,400,313,104,2616,49
111,296,185,111,272,161,80,157,77,98,669,571,62,486,424,135,296,161,104,616,512,104,2896,49
80,216,136,120,272,152,80,168,88,136,528,392,144,400,256,144,464,320,88,376,288,104,2528,49
96,248,152,104,264,160,73,232,159,104,376,272,95,384,289,104,384,280,56,448,392,104,2440,49
113,256,143,128,336,208,63,256,193,112,424,312,96,512,416,176,1952,1776,112,480,368,104,4320,49
104,240,136,96,256,160,64,168,104,105,424,319,120,360,240,160,296,136,152,304,152,104,2152,49
120,248,128,72,248,176,64,152,88,97,648,551,72,352,280,128,336,208,64,345,281,103,2432,49
88,336,248,95,247,152,64,200,136,122,712,590,128,352,224,104,360,256,40,312,272,113,2632,49
104,240,136,88,248,160,56,112,56,72,448,376,128,336,208,160,449,289,87,287,200,88,2208,49
104,216,112,88,240,152,64,408,344,112,552,440,137,401,264,119,256,137,95,320,225,152,2545,49
111,304,193,79,256,177,47,136,89,112,864,752,87,392,305,135,440,305,87,247,160,88,2727,49
79,536,457,96,248,152,104,238,134,106,370,264,128,288,160,130,320,190,88,384,296,103,2487,49
103,303,200,81,233,152,72,216,144,128,384,256,136,392,256,152,256,104,80,360,280,96,2240,49
90,82,-8,88,232,144,104,496,392,128,1504,1376,136,352,216,136,1216,1080,80,784,704,112,4778,118
57,128,71,56,208,152,48,232,184,57,1104,1047,72,336,264,88,1320,1232,72,480,408,128,3936,118
96,128,32,64,224,160,64,288,224,104,448,344,72,320,248,128,496,368,72,256,184,112,2272,118
104,152,48,48,208,160,64,576,512,104,2224,2120,80,496,416,112,528,416,72,256,184,112,4552,118
104,144,40,56,192,136,56,288,232,64,376,312,64,360,296,104,1368,1264,88,168,80,144,3040,118
112,144,32,48,200,152,56,216,160,120,920,800,72,288,216,128,560,432,64,312,248,96,2736,118
72,136,64,56,216,160,48,224,176,48,384,336,56,200,144,96,472,376,66,600,534,128,2360,118
112,128,16,58,240,182,48,192,144,56,848,792,96,304,208,128,544,416,72,560,488,152,2968,118
112,120,8,57,232,175,66,232,166,128,408,280,56,248,192,128,368,240,64,568,504,136,2312,118
96,136,40,48,304,256,64,256,192,128,-48,-176,1072,1224,152,128,952,824,88,424,336,152,3400,118
128,184,56,167,152,-15,120,1352,1232,104,216,112,72,272,200,144,400,256,96,312,216,128,3016,118
120,144,24,63,208,145,72,264,192,104,432,328,80,272,192,151,536,385,88,280,192,136,2272,118
104,152,48,72,248,176,72,232,160,104,392,288,72,224,152,127,440,313,80,304,224,128,2120,118
128,144,16,64,232,168,60,352,292,56,352,296,64,256,192,136,456,320,65,280,215,168,2240,118
104,112,8,47,192,145,64,240,176,119,320,201,64,232,168,120,280,160,80,440,360,120,1936,118
128,136,8,56,208,152,64,200,136,104,248,144,72,240,168,128,416,288,80,312,232,104,1864,118
112,144,32,56,200,144,72,160,88,136,896,760,80,192,112,144,1024,880,80,600,520,144,3360,118
112,152,40,55,200,145,71,176,105,80,224,144,80,232,152,152,328,176,95,240,145,151,1703,118
119,152,33,64,224,160,67,144,77,111,512,401,80,320,240,128,328,200,96,288,192,128,2096,118
112,152,40,57,216,159,72,208,136,88,272,184,80,248,168,144,288,144,96,296,200,143,1823,118
128,184,56,72,360,288,71,144,73,120,1200,1080,80,144,64,127,1032,905,71,376,305,112,3552,118
112,119,7,56,193,137,72,168,96,104,280,176,79,240,161,120,312,192,72,232,160,88,1632,118
119,176,57,47,192,145,64,216,152,88,264,176,56,232,176,111,272,161,65,352,287,96,1800,118
96,152,56,64,592,528,55,232,177,57,416,359,64,280,216,128,288,160,55,296,241,112,2368,118
88,152,64,63,224,161,64,200,136,96,344,248,72,240,168,136,424,288,80,232,152,144,1960,118
55,128,73,47,240,193,71,200,129,80,192,112,63,712,649,120,1256,1136,71,224,153,144,3096,118
87,144,57,47,656,609,64,160,96,120,928,808,64,240,176,128,496,368,64,352,288,136,3112,118
87,168,81,55,216,161,66,160,94,64,240,176,71,248,177,104,280,176,79,264,185,103,1679,118
103,168,65,55,216,161,71,192,121,73,272,199,68,688,620,103,1248,1145,71,296,225,119,3199,118
71,128,57,55,256,201,65,192,127,47,232,185,65,240,175,135,272,137,71,216,145,127,1663,118
119,160,41,88,1456,1368,63,168,105,80,176,96,47,864,817,103,648,545,79,304,225,80,3856,118
95,176,81,66,216,150,87,128,41,95,992,897,71,279,208,120,496,376,80,217,137,151,2655,118
120,144,24,63,208,145,66,168,102,74,216,142,73,232,159,135,248,113,71,232,161,151,1599,118
136,144,8,66,216,150,72,200,128,80,248,168,95,224,129,136,392,256,63,344,281,144,1912,118
23,72,49,47,200,153,55,144,89,66,208,142,47,224,177,95,336,241,55,240,185,80,1504,118
80,152,72,56,497,441,47,232,185,47,248,201,47,264,217,95,616,521,79,208,129,127,2344,118
88,176,88,55,288,233,73,232,159,96,408,312,64,344,280,119,336,217,63,296,233,127,2207,118
72,145,73,55,216,161,64,176,112,71,240,169,71,-744,-815,1143,1424,281,79,320,241,119,1896,118
55,136,81,63,224,161,63,200,137,87,432,345,63,448,385,79,288,209,79,256,177,111,2095,118
95,144,49,73,208,135,87,143,56,112,969,857,75,248,173,127,336,209,64,264,200,119,2431,118
111,176,65,55,232,177,68,192,124,63,304,241,79,336,257,127,272,145,79,296,217,135,1943,118
119,176,57,67,200,133,71,168,97,79,176,97,71,232,161,119,248,129,75,256,181,103,1559,118
79,151,72,65,241,176,71,336,265,127,560,433,63,1312,1249,95,368,273,63,224,161,151,3343,118
79,152,73,55,200,145,71,152,81,64,224,160,63,543,480,112,385,273,87,256,169,119,2031,118
96,160,64,48,192,144,65,168,103,57,216,159,48,264,216,112,537,425,63,280,217,111,1928,118
79,143,64,40,184,144,56,161,105,79,208,129,71,304,233,95,256,161,67,280,213,127,1663,118
103,119,16,48,185,137,63,167,104,64,208,144,80,249,169,103,264,161,79,240,161,135,1567,118
79,143,64,56,201,145,74,112,38,95,720,625,63,439,376,120,785,665,87,231,144,-824,1807,118
87,159,72,48,361,313,67,968,901,71,1104,1033,75,224,149,103,336,233,87,256,169,127,3535,118
87,151,64,67,201,134,71,151,80,80,217,137,79,288,209,111,336,225,79,224,145,103,1671,118
87,119,32,64,200,136,72,112,40,112,680,568,72,208,136,120,352,232,72,456,384,160,2287,118
96,144,48,48,200,152,65,136,71,104,1456,1352,112,448,336,120,280,160,72,240,168,104,3008,118
104,120,16,56,216,160,88,136,48,96,816,720,72,232,160,120,400,280,88,248,160,128,2296,118
80,160,80,56,264,208,56,328,272,80,1048,968,68,296,228,104,256,152,75,248,173,120,2720,118
88,120,32,66,224,158,72,232,160,72,224,152,80,257,177,119,263,144,80,280,200,104,1704,118
88,160,72,80,833,753,71,1311,1240,120,272,152,88,264,176,128,288,160,64,360,296,160,3648,118
88,168,80,65,280,215,66,288,222,104,312,208,74,256,182,104,304,200,80,305,225,151,2064,118
96,112,16,56,216,160,64,200,136,72,185,113,72,255,183,104,280,176,66,313,247,111,1672,118
87,143,56,56,313,257,55,351,296,104,1504,1400,65,224,159,112,280,168,74,256,182,120,3191,118
112,144,32,56,200,144,69,184,115,104,872,768,72,320,248,144,304,160,64,-736,-800,1128,2416,118
104,144,40,48,216,168,64,360,296,120,256,136,80,296,216,160,328,168,72,320,248,136,2056,118
112,160,48,56,216,160,56,184,128,88,184,96,67,256,189,144,280,136,67,296,229,136,1712,118
112,136,24,64,488,424,57,304,247,48,336,288,72,256,184,160,368,208,72,280,208,120,2288,118
128,160,32,66,264,198,69,272,203,88,984,896,64,288,224,144,336,192,76,280,204,112,2696,118
129,120,-9,66,216,150,72,184,112,112,304,192,65,232,167,144,320,176,67,264,197,152,1792,118
128,160,32,80,256,176,66,680,614,128,1096,968,72,232,160,136,360,224,72,-792,-864,1128,3120,118
144,184,40,56,200,144,65,208,143,128,280,152,56,824,768,136,584,448,64,184,120,136,2600,118
152,168,16,96,1096,1000,65,248,183,120,208,88,64,280,216,120,624,504,67,248,181,136,3008,118
112,136,24,48,208,160,64,176,112,88,248,160,56,312,256,128,424,296,56,248,192,104,1856,118
96,136,40,65,344,279,56,248,192,80,312,232,65,288,223,120,456,336,56,264,208,120,2168,118
120,160,40,57,224,167,64,280,216,96,248,152,72,376,304,120,472,352,68,320,252,128,2208,118
120,136,16,64,216,152,75,224,149,88,264,176,64,320,256,128,504,376,56,224,168,120,2008,118
120,176,56,56,560,504,48,184,136,120,224,104,64,360,296,128,464,336,56,-744,-800,1120,2344,118
104,176,72,48,192,144,67,192,125,96,232,136,80,688,608,112,496,384,56,256,200,128,2360,118
104,200,96,64,232,168,56,288,232,128,256,128,72,392,320,120,640,520,56,280,224,120,2408,118
104,208,104,64,536,472,67,224,157,112,224,112,76,360,284,112,576,464,48,288,240,120,2536,118
104,208,104,56,304,248,56,200,144,112,248,136,80,256,176,128,560,432,56,272,216,120,2168,118
112,216,104,56,208,152,68,200,132,120,288,168,75,256,181,56,912,856,72,160,88,112,2352,118
96,176,80,48,200,152,56,176,120,88,392,304,56,336,280,104,696,592,32,336,304,72,2384,118
80,160,80,56,216,160,56,192,136,72,256,184,64,264,200,80,568,488,80,320,240,128,2104,118
88,160,72,56,200,144,73,184,111,104,232,128,57,1120,1063,104,552,448,56,176,120,112,2736,118
128,200,72,32,184,152,56,144,88,72,208,136,74,272,198,112,640,528,56,248,192,120,2016,118
120,176,56,56,208,152,65,176,111,120,224,104,72,280,208,104,688,584,72,192,120,152,2096,118
136,160,24,56,1304,1248,56,128,72,128,1216,1088,68,280,212,128,344,216,56,320,264,120,3872,118
104,168,64,56,664,608,64,216,152,104,304,200,64,288,224,112,400,288,56,320,264,96,2456,118
96,200,104,48,296,248,56,216,160,88,288,200,64,256,192,120,440,320,56,280,224,112,2088,118
193,130,-63,264,200,-64,136,960,824,168,320,152,96,808,712,151,159,8,80,449,369,96,3122,118
104,112,8,175,159,-16,169,225,56,152,920,768,64,336,272,120,272,152,80,248,168,120,2392,118
88,144,56,55,200,145,47,160,113,81,176,95,63,256,193,128,376,248,55,280,225,103,1695,118
112,152,40,55,216,161,55,152,97,74,176,102,55,288,233,120,392,272,55,232,177,128,1736,118
112,128,16,55,208,153,39,128,89,128,1256,1128,64,224,160,144,448,304,73,272,199,112,2776,118
88,136,48,47,216,169,47,120,73,79,208,129,39,312,273,1112,1488,376,71,368,297,-856,1992,118
82,160,78,55,224,169,55,168,113,96,816,720,72,264,192,143,280,137,63,272,209,83,2267,118
83,152,69,55,208,153,74,192,118,79,224,145,63,888,825,112,432,320,72,328,256,75,2499,118
88,192,104,63,800,737,47,232,185,79,320,241,55,288,233,95,472,377,63,296,233,79,2679,118
73,153,80,55,312,257,55,288,233,63,296,233,55,312,257,103,424,321,56,296,240,87,2168,118
79,168,89,63,240,177,55,240,185,79,272,193,55,288,233,111,352,241,55,312,257,81,1953,118
96,184,88,64,512,448,55,248,193,81,336,255,72,288,216,71,792,721,64,392,328,83,2835,118
64,160,96,55,216,161,55,216,161,76,247,171,64,289,225,79,776,697,74,368,294,103,2375,118
87,143,56,48,209,161,55,176,121,55,224,169,71,288,217,80,448,368,55,296,241,75,1859,118
76,168,92,47,200,153,63,159,96,74,161,87,63,256,193,95,472,377,55,320,265,79,1815,118
55,136,81,47,216,169,55,192,137,64,192,128,63,264,201,104,456,352,55,288,233,75,1819,118
56,153,97,55,232,177,47,192,145,73,295,222,56,249,193,80,360,280,64,312,248,81,1874,118
55,200,145,55,216,161,55,200,145,75,232,157,55,256,201,87,424,337,39,296,257,82,1906,118
64,168,104,55,496,441,47,336,289,64,248,184,63,248,185,95,368,273,47,312,265,87,2263,118
55,168,113,47,216,169,55,176,121,79,264,185,63,264,201,103,288,185,47,280,233,95,1751,118
79,184,105,47,207,160,64,193,129,63,151,88,64,305,241,96,328,232,47,264,217,95,1727,118
74,159,85,48,225,177,47,168,121,88,272,184,63,320,257,88,392,304,55,328,273,111,1975,118
64,160,96,55,216,161,55,192,137,72,248,176,63,264,201,81,384,303,55,296,241,95,1855,118
88,175,87,48,217,169,47,240,193,63,208,145,64,288,224,95,504,409,47,304,257,87,2023,118
74,159,85,48,217,169,63,216,153,55,296,241,63,248,185,87,344,257,55,304,249,87,1871,118
55,127,72,65,217,152,55,176,121,72,272,200,71,1104,1033,87,184,97,63,272,209,55,2407,118
95,144,49,55,192,137,47,151,104,74,152,78,74,289,215,87,248,161,47,264,217,74,1514,118
79,136,57,64,208,144,55,151,96,72,152,80,48,289,241,103,392,289,55,224,169,81,1633,118
83,153,70,47,200,153,55,159,104,65,160,95,56,265,209,-897,256,1153,55,288,233,95,1576,118
1111,1184,73,39,200,161,39,127,88,88,169,81,55,304,249,111,344,233,55,247,192,97,2672,118
96,161,65,55,192,137,55,135,80,76,176,100,75,248,173,128,329,201,63,280,217,87,1608,118
96,145,49,55,208,153,55,151,96,80,232,152,64,249,185,135,280,145,64,280,216,111,1656,118
96,128,32,56,209,153,47,160,113,63,184,121,63,248,185,103,392,289,63,296,233,87,1704,118
96,144,48,56,208,152,56,289,233,73,191,118,56,337,281,119,360,241,63,248,185,111,1888,118
56,144,88,48,200,152,48,152,104,56,136,80,65,273,208,103,240,137,55,280,225,95,1520,118
74,152,78,48,193,145,47,159,112,65,176,111,76,264,188,112,329,217,55,-745,-800,1088,1616,118
96,160,64,56,209,153,55,184,129,55,208,153,71,264,193,111,255,144,56,296,240,96,1672,118
96,136,40,56,209,153,63,183,120,80,176,96,73,1425,1352,103,783,680,80,136,56,144,3192,118
81,135,54,48,192,144,48,160,112,56,160,104,64,288,224,104,264,160,56,281,225,87,1567,118
96,160,64,48,184,136,56,144,88,80,176,96,64,257,193,111,264,153,63,263,200,96,1544,118
80,144,64,40,176,136,56,144,88,104,193,89,39,1416,1377,95,367,272,68,264,196,136,2840,118
88,176,88,56,320,264,56,264,208,66,232,166,48,257,209,79,263,184,56,281,225,79,1872,118
73,216,143,48,416,368,40,224,184,88,297,209,55,231,176,104,257,153,55,279,224,88,2008,118
72,192,120,56,248,192,56,288,232,96,296,200,69,297,228,95,400,305,63,256,193,111,2088,118
104,184,80,56,200,144,64,184,120,80,257,177,63,264,201,111,344,233,63,296,233,103,1832,118
80,200,120,56,224,168,64,208,144,72,200,128,80,281,201,119,327,208,64,320,256,104,1864,118
104,200,96,56,216,160,64,208,144,80,216,136,68,264,196,104,632,528,56,240,184,96,2072,118
75,176,101,56,232,176,64,240,176,75,192,117,56,304,248,104,272,168,72,337,265,111,1864,118
104,184,80,48,209,161,68,191,123,72,209,137,74,-696,-770,1111,1231,120,64,280,216,112,1720,118
80,168,88,56,208,152,66,184,118,104,208,104,56,280,224,112,273,161,79,279,200,112,1712,118
104,168,64,56,216,160,56,192,136,112,800,688,56,272,216,112,336,224,56,288,232,96,2368,118
96,160,64,48,192,144,64,160,96,80,208,128,48,1496,1448,144,400,256,56,264,208,88,2968,118
96,136,40,48,208,160,64,168,104,88,208,120,48,936,888,104,200,96,56,264,208,104,2224,118
80,136,56,40,192,152,56,184,128,76,216,140,75,296,221,-896,264,1160,56,248,192,96,1632,118
96,160,64,56,208,152,65,192,127,69,184,115,80,320,240,112,288,176,76,272,196,104,1728,118
112,192,80,64,640,576,104,272,168,112,1064,952,64,760,696,104,288,184,69,272,203,96,3584,118
104,136,32,48,208,160,56,160,104,88,208,120,88,280,192,128,280,152,75,264,189,104,1640,118
96,144,48,48,200,152,56,168,112,56,176,120,40,1096,1056,104,312,208,67,240,173,88,2424,118
88,144,56,74,1344,1270,56,200,144,112,320,208,56,280,224,128,248,120,56,304,248,104,2944,118
104,136,32,40,184,144,56,144,88,72,168,96,65,304,239,96,208,112,64,208,144,120,1472,118
88,160,72,48,184,136,48,176,128,88,184,96,64,288,224,120,248,128,56,256,200,80,1576,118
96,136,40,56,200,144,56,168,112,72,192,120,64,352,288,104,224,120,80,248,168,104,1624,118
88,152,64,48,216,168,65,192,127,68,152,84,72,304,232,120,392,272,73,224,151,128,1760,118
112,168,56,32,192,160,48,152,104,56,168,112,56,392,336,104,368,264,56,248,192,96,1784,118
96,200,104,32,208,176,56,200,144,88,168,80,64,312,248,112,248,136,72,272,200,96,1704,118
112,120,8,48,200,152,48,128,80,104,176,72,64,792,728,96,216,120,72,248,176,96,1976,118
96,160,64,40,208,168,56,176,120,72,1128,1056,73,224,151,144,280,136,72,320,248,88,2584,118
104,120,16,40,192,152,56,160,104,80,216,136,72,304,232,104,256,152,72,296,224,96,1640,118
104,168,64,56,208,152,56,152,96,72,416,344,120,272,152,112,512,400,56,296,240,96,2120,118
88,120,32,40,192,152,80,160,80,64,968,904,68,240,172,104,272,168,80,304,224,56,2312,118
96,160,64,48,184,136,67,128,61,64,160,96,96,680,584,104,280,176,80,264,184,88,1944,118
68,160,92,48,328,280,48,664,616,40,248,208,48,320,272,128,368,240,80,736,656,136,2960,118
96,192,96,24,192,168,68,160,92,88,152,64,152,840,688,128,320,192,88,232,144,88,2176,118
104,184,80,56,272,216,56,328,272,112,264,152,72,280,208,120,312,192,72,280,208,96,2016,118
104,176,72,56,728,672,64,184,120,88,240,152,72,296,224,120,360,240,68,312,244,96,2392,118
112,160,48,48,208,160,56,304,248,128,288,160,75,328,253,104,264,160,72,360,288,80,1992,118
136,144,8,73,656,583,56,160,104,112,256,144,64,752,688,112,256,144,80,312,232,96,2632,118
76,152,76,56,224,168,48,184,136,48,168,120,56,288,232,88,376,288,48,264,216,88,1744,118
48,192,144,48,288,240,48,216,168,96,320,224,56,248,192,80,280,200,56,336,280,88,1968,118
80,168,88,48,200,152,56,168,112,77,240,163,56,320,264,104,432,328,56,544,488,128,2200,118
88,200,112,48,208,160,48,512,464,104,232,128,56,392,336,88,288,200,64,304,240,88,2224,118
72,216,144,48,216,168,56,176,120,80,216,136,56,264,208,104,424,320,56,272,216,88,1872,118
88,200,112,48,216,168,64,184,120,88,224,136,64,272,208,112,368,256,64,288,224,96,1848,118
79,136,57,47,192,145,48,168,120,72,128,56,103,296,193,128,240,112,72,224,152,96,1480,118
79,136,57,55,200,145,64,72,8,83,191,108,104,265,161,136,280,144,63,232,169,95,1471,118
71,119,48,48,185,137,55,144,89,55,152,97,95,288,193,127,304,177,71,256,185,88,1536,118
135,183,48,168,137,-31,159,136,-23,95,136,41,191,344,153,151,216,65,151,296,145,135,1583,118
143,200,57,183,144,-39,199,152,-47,127,120,-7,183,368,185,151,352,201,175,288,113,151,1775,118
120,160,40,88,209,121,95,144,49,79,592,513,87,232,145,119,472,353,87,272,185,119,2200,118
96,137,41,55,176,121,95,136,41,71,216,145,103,263,160,136,465,329,87,288,201,119,1800,118
1095,1143,48,40,184,144,50,128,78,80,144,64,112,441,329,127,632,505,79,343,264,96,3111,118
144,144,0,176,184,8,104,168,64,120,344,224,58,464,406,104,464,360,48,216,168,40,2024,118
80,112,32,40,168,128,56,136,80,72,224,152,88,928,840,128,296,168,72,232,160,136,2232,118
96,112,16,48,200,152,56,144,88,72,192,120,112,240,128,104,272,168,88,248,160,96,1504,118
104,128,24,60,216,156,32,152,120,72,160,88,72,304,232,128,272,144,80,264,184,96,1592,118
112,136,24,40,184,144,48,112,64,64,168,104,120,280,160,136,288,152,72,248,176,112,1528,118
120,128,8,48,176,128,72,128,56,48,376,328,120,176,56,128,280,152,80,240,160,112,1616,118
112,120,8,40,168,128,80,352,272,136,208,72,176,264,88,144,360,216,88,224,136,144,1840,118
120,128,8,60,296,236,88,152,64,128,160,32,144,1456,1312,128,552,424,112,200,88,128,3072,118
128,144,16,32,184,152,88,128,40,112,152,40,144,904,760,112,216,104,88,224,136,128,2080,118
144,648,504,264,168,-96,168,160,-8,152,832,680,80,208,128,152,392,240,88,176,88,128,2712,118
144,152,8,112,256,144,72,216,144,136,904,768,72,240,168,144,336,192,88,216,128,120,2440,118
136,144,8,56,200,144,64,112,48,96,176,80,112,288,176,144,224,80,72,208,136,128,1480,118
136,136,0,56,200,144,72,88,16,104,192,88,120,264,144,136,208,72,88,264,176,128,1480,118
136,120,-16,58,184,126,80,96,16,104,184,80,144,248,104,160,232,72,80,216,136,144,1424,118
144,144,0,48,192,144,64,80,16,112,176,64,112,248,136,144,224,80,96,256,160,120,1440,118
136,152,16,168,216,48,104,152,48,96,176,80,104,256,152,144,328,184,80,224,144,128,1632,118
112,144,32,72,1056,984,88,152,64,96,304,208,120,312,192,128,264,136,80,256,176,136,2624,118
112,136,24,64,208,144,80,120,40,88,272,184,112,208,96,128,360,232,88,224,136,120,1648,118
144,176,32,56,304,248,48,200,152,120,800,680,80,200,120,128,360,232,74,232,158,128,2400,118
96,232,136,72,576,504,48,152,104,96,264,168,120,240,120,144,272,128,72,208,136,120,2064,118
112,192,80,88,624,536,72,152,80,96,264,168,112,232,120,152,280,128,96,272,176,136,2152,118
128,176,48,80,288,208,72,296,224,120,248,128,88,336,248,120,248,128,88,256,168,104,1952,118
128,184,56,80,264,184,72,144,72,120,264,144,104,208,104,144,216,72,96,256,160,128,1664,118
120,144,24,64,208,144,72,104,32,88,200,112,120,240,120,152,216,64,88,248,160,144,1504,118
112,152,40,64,352,288,72,384,312,88,280,192,64,248,184,136,320,184,88,256,168,120,2112,118
136,144,8,56,208,152,72,128,56,80,240,160,120,240,120,120,200,80,88,216,128,136,1512,118
96,152,56,64,232,168,65,88,23,80,208,128,120,248,128,128,200,72,80,208,128,136,1472,118
120,144,24,48,200,152,64,112,48,72,184,112,128,288,160,128,344,216,96,256,160,136,1664,118
136,168,32,56,208,152,72,104,32,64,312,248,104,240,136,120,232,112,72,208,136,136,1608,118
136,120,-16,66,192,126,72,88,16,88,176,88,104,256,152,104,232,128,75,224,149,120,1408,118
144,144,0,56,192,136,64,88,24,80,184,104,136,248,112,120,344,224,74,272,198,120,1592,118
120,128,8,56,184,128,72,112,40,88,184,96,128,304,176,112,312,200,104,280,176,136,1640,118
144,152,8,40,160,120,80,104,24,72,176,104,120,280,160,136,336,200,80,256,176,120,1584,118
136,144,8,64,192,128,72,104,32,80,176,96,120,272,152,128,256,128,88,296,208,104,1544,118
144,152,8,40,168,128,80,120,40,88,152,64,120,296,176,144,192,48,96,248,152,136,1464,118
136,136,0,56,192,136,80,120,40,73,168,95,128,288,160,128,296,168,80,304,224,120,1624,118
128,112,-16,56,200,144,64,104,40,88,152,64,112,312,200,136,176,40,96,232,136,104,1392,118
120,128,8,72,192,120,80,88,8,88,168,80,120,272,152,136,200,64,80,232,152,104,1384,118
136,320,184,168,136,-32,96,1600,1504,88,192,104,80,240,160,128,232,104,80,184,104,112,3016,118
112,168,56,56,200,144,64,120,56,64,176,112,128,264,136,120,408,288,80,200,120,136,1672,118
137,128,-9,64,184,120,80,104,24,72,176,104,104,256,152,128,200,72,64,264,200,128,1440,118
136,128,-8,73,232,159,64,176,112,96,216,120,120,320,200,104,824,720,104,112,8,136,2144,118
136,128,-8,56,192,136,64,96,32,64,168,104,112,272,160,128,216,88,80,296,216,112,1480,118
72,136,64,48,168,120,64,120,56,64,144,80,96,264,168,144,208,64,80,248,168,112,1400,118
120,120,0,48,168,120,80,96,16,72,168,96,128,272,144,112,208,96,80,224,144,104,1360,118
96,112,16,56,192,136,72,136,64,64,128,64,136,272,136,144,2392,2248,96,216,120,80,3528,118
96,128,32,48,184,136,64,112,48,72,136,64,120,312,192,128,520,392,80,208,128,96,1696,118
128,112,-16,64,192,128,72,96,24,67,296,229,112,1536,1424,128,952,824,88,192,104,88,3464,118
120,128,8,48,168,120,56,72,16,88,168,80,120,264,144,128,240,112,80,224,144,112,1376,118
96,136,40,48,168,120,80,88,8,80,184,104,104,240,136,112,256,144,80,232,152,144,1448,118
128,112,-16,56,192,136,64,104,40,96,200,104,120,248,128,144,224,80,80,240,160,152,1472,118
144,152,8,73,256,183,64,400,336,88,184,96,67,280,213,112,216,104,80,176,96,144,1808,118
136,160,24,56,192,136,64,96,32,80,160,80,96,232,136,152,224,72,80,256,176,128,1448,118
144,144,0,40,176,136,56,128,72,67,160,93,112,280,168,136,232,96,72,208,136,152,1480,118
120,144,24,56,192,136,72,112,40,72,160,88,112,280,168,104,224,120,80,200,120,120,1432,118
120,112,-8,23,168,145,56,144,88,120,184,64,96,1144,1048,120,192,72,88,192,104,136,2272,118
127,112,-15,64,200,136,80,144,64,104,176,72,120,312,192,120,408,288,88,200,112,136,1688,118
119,104,-15,56,200,144,56,72,16,88,176,88,104,272,168,152,280,128,72,232,160,104,1440,118
96,120,24,64,184,120,68,80,12,88,184,96,104,256,152,136,384,248,80,224,144,120,1552,118
112,144,32,56,184,128,80,112,32,64,504,440,96,768,672,112,256,144,72,240,168,112,2320,118
104,104,0,47,184,137,75,112,37,80,168,88,128,296,168,144,264,120,80,248,168,104,1480,118
135,120,-15,48,176,128,72,104,32,64,168,104,104,280,176,144,256,112,80,280,200,120,1504,118
112,144,32,47,192,145,65,96,31,63,1472,1409,96,240,144,128,256,128,74,240,166,104,2744,118
128,160,32,64,200,136,73,112,39,72,160,88,120,248,128,144,272,128,64,224,160,120,1496,118
96,144,48,56,184,128,73,112,39,72,152,80,128,256,128,136,216,80,72,240,168,104,1408,118
88,144,56,68,192,124,64,80,16,88,168,80,104,256,152,136,224,88,72,248,176,80,1392,118
80,144,64,48,152,104,72,128,56,72,128,56,112,264,152,136,256,120,72,232,160,104,1408,118
88,136,48,55,192,137,65,144,79,80,120,40,112,312,200,128,632,504,72,280,208,96,1912,118
112,128,16,65,192,127,80,128,48,80,344,264,104,352,248,104,280,176,56,256,200,72,1752,118
88,128,40,64,200,136,64,112,48,64,168,104,88,296,208,120,320,200,68,336,268,80,1640,118
72,136,64,64,192,128,72,136,64,64,152,88,104,288,184,128,224,96,72,256,184,80,1464,118
96,144,48,64,192,128,64,128,64,64,144,80,104,288,184,104,248,144,74,256,182,96,1496,118
95,128,33,56,200,144,72,120,48,56,144,88,96,224,128,136,272,136,65,216,151,96,1400,118
96,128,32,56,192,136,64,128,64,80,144,64,88,288,200,128,240,112,80,200,120,104,1424,118
88,128,40,64,216,152,72,104,32,80,216,136,104,264,160,128,320,192,80,200,120,128,1576,118
80,112,32,55,184,129,56,128,72,72,160,88,88,288,200,80,256,176,67,200,133,104,1432,118
80,128,48,48,192,144,56,96,40,71,152,81,80,296,216,112,224,112,64,312,248,96,1496,118
120,160,40,48,184,136,67,128,61,65,144,79,96,1624,1528,104,272,168,76,224,148,112,2848,118
120,128,8,56,192,136,55,152,97,75,128,53,96,256,160,128,248,120,71,232,161,104,1440,118
104,136,32,56,192,136,72,152,80,74,128,54,112,304,192,136,192,56,88,232,144,119,1455,118
112,152,40,55,208,153,68,168,100,72,192,120,119,264,145,80,1320,1240,67,232,165,76,2612,118
80,120,40,47,192,145,68,152,84,64,120,56,112,256,144,120,288,168,75,328,253,104,1560,118
96,136,40,48,192,144,67,152,85,64,112,48,119,304,185,136,232,96,71,264,193,103,1495,118
80,144,64,74,608,534,64,184,120,80,200,120,39,240,201,120,248,128,74,224,150,112,1960,118
87,152,65,56,200,144,67,160,93,88,144,56,96,320,224,136,352,216,75,256,181,120,1704,118
88,160,72,64,336,272,56,208,152,88,272,184,39,1544,1505,56,208,152,56,224,168,63,3015,118
87,128,41,47,200,153,55,640,585,64,128,64,128,904,776,71,200,129,72,232,160,64,2496,118
96,152,56,65,328,263,87,232,145,88,112,24,96,1056,960,120,224,104,55,200,145,71,2375,118
96,160,64,48,184,136,56,136,80,76,104,28,112,320,208,151,264,113,64,240,176,96,1504,118
104,176,72,63,224,161,64,160,96,79,136,57,104,288,184,120,440,320,71,216,145,96,1736,118
87,168,81,47,200,153,64,144,80,75,160,85,87,304,217,151,328,177,79,256,177,119,1679,118
104,168,64,71,336,265,63,240,177,88,200,112,63,1328,1265,119,240,121,63,264,201,79,2855,118
72,136,64,47,184,137,55,136,81,55,208,153,95,320,225,96,264,168,79,248,169,88,1584,118
104,144,40,47,192,145,55,192,137,55,464,409,64,232,168,96,272,176,63,440,377,72,2008,118
88,136,48,47,208,161,64,144,80,55,136,81,95,264,169,120,256,136,67,232,165,103,1479,118
79,160,81,47,184,137,74,168,94,71,112,41,103,312,209,111,248,137,68,256,188,95,1535,118
134,150,16,64,240,176,72,200,128,120,736,616,72,224,152,160,1032,872,96,152,56,144,2878,118
111,168,57,63,216,153,56,144,88,128,248,120,56,1024,968,136,256,120,80,272,192,136,2464,118
120,136,16,56,192,136,56,176,120,104,160,56,128,328,200,144,240,96,104,280,176,128,1640,118
121,121,0,64,216,152,56,136,80,104,208,104,72,320,248,130,296,166,72,320,248,113,1730,118
128,128,0,64,192,128,64,168,104,111,176,65,80,328,248,104,296,192,80,272,192,126,1686,118
88,80,-8,56,184,128,72,152,80,104,184,80,121,1064,943,144,552,408,80,304,224,160,2680,118
129,128,-1,48,176,128,64,136,72,88,122,34,134,334,200,152,336,184,96,288,192,152,1672,118
136,112,-24,64,184,120,79,167,88,89,105,16,130,352,222,144,296,152,80,264,184,152,1632,118
129,128,-1,64,192,128,72,184,112,88,176,88,129,312,183,136,312,176,96,312,216,160,1776,118
192,232,40,96,224,128,88,144,56,151,152,1,168,352,184,200,288,88,152,216,64,176,1784,118
152,208,56,64,176,112,87,144,57,136,137,1,200,303,103,184,264,80,112,280,168,152,1664,118
160,160,0,72,224,152,72,160,88,113,1376,1263,104,344,240,184,464,280,104,248,144,168,3144,118
176,216,40,80,240,160,104,160,56,176,816,640,112,648,536,176,544,368,120,232,112,200,3056,118
149,165,16,80,216,136,104,128,24,176,200,24,200,328,128,168,328,160,152,272,120,184,1821,118
216,160,-56,81,216,135,132,128,-4,200,201,1,239,695,456,184,448,264,152,240,88,184,2272,118
176,200,24,72,232,160,72,176,104,180,376,196,200,592,392,177,376,199,152,240,88,200,2392,118
160,131,-29,77,237,160,113,112,-1,161,360,199,200,593,393,167,359,192,152,280,128,200,2272,118
176,175,-1,80,200,120,96,168,72,120,200,80,192,312,120,184,264,80,160,272,112,224,1815,118
160,152,-8,64,200,136,80,153,73,144,144,0,159,279,120,184,257,73,119,216,97,175,1576,118
167,127,-40,80,201,121,95,151,56,136,160,24,185,273,88,159,240,81,130,272,142,160,1584,118
127,112,-15,71,176,105,103,151,48,120,177,57,184,299,115,157,317,160,111,296,185,176,1704,118
158,127,-31,64,176,112,80,136,56,111,152,41,176,304,128,168,392,224,128,304,176,160,1751,118
152,152,0,64,192,128,96,128,32,127,192,65,175,304,129,168,256,88,113,328,215,160,1712,118
152,152,0,80,192,112,96,160,64,112,112,0,184,360,176,184,240,56,111,296,185,160,1672,118
144,112,-32,72,184,112,88,152,64,136,104,-32,192,368,176,168,224,56,112,272,160,176,1592,118
80,319,239,89,217,128,88,128,40,144,1473,1329,79,151,72,168,360,192,80,1072,992,160,3880,118
145,144,-1,64,176,112,88,144,56,112,113,1,151,327,176,168,376,208,104,272,168,176,1728,118
137,136,-1,64,176,112,80,129,49,111,167,56,160,336,176,160,240,80,112,248,136,160,1592,118
153,152,-1,64,208,144,72,123,51,101,133,32,176,312,136,168,1832,1664,129,368,239,176,3304,118
184,136,-48,72,200,128,81,145,64,153,153,0,151,327,176,200,520,320,128,312,184,176,1969,118
144,128,-16,72,168,96,72,152,80,120,121,1,159,303,144,200,272,72,130,256,126,152,1552,118
152,135,-17,72,200,128,80,137,57,111,144,33,151,320,169,167,256,89,103,256,153,151,1599,118
144,111,-33,72,201,129,72,128,56,103,120,17,143,320,177,151,710,559,114,250,136,176,2016,118
120,96,-24,81,185,104,80,144,64,103,95,-8,168,345,177,152,208,56,122,248,126,152,1473,118
152,127,-25,57,169,112,87,144,57,121,122,1,166,342,176,160,400,240,104,208,104,160,1672,118
130,129,-1,56,183,127,81,161,80,96,97,1,191,343,152,176,208,32,129,296,167,120,1537,118
144,129,-15,80,176,96,88,144,56,129,111,-18,177,354,177,191,247,56,119,272,153,152,1585,118
152,152,0,72,200,128,80,160,80,136,136,0,152,336,184,184,312,128,112,263,151,137,1696,118
112,144,32,72,1112,1040,88,144,56,137,192,55,128,968,840,152,248,96,88,264,176,129,3201,118
137,136,-1,72,200,128,88,144,56,168,584,416,144,464,320,168,256,88,112,240,128,168,2192,118
177,176,-1,80,192,112,104,128,24,144,176,32,177,328,151,200,264,64,136,240,104,184,1688,118
169,169,0,63,191,128,80,136,56,104,184,80,152,264,112,184,288,104,113,272,159,160,1664,118
153,152,-1,64,176,112,104,160,56,152,176,24,185,336,151,176,360,184,96,272,176,160,1792,118
176,144,-32,64,176,112,104,130,26,126,182,56,185,328,143,144,256,112,131,281,150,167,1664,118
160,129,-31,87,215,128,88,120,32,114,160,46,179,297,118,159,311,152,104,304,200,168,1704,118
153,136,-17,71,209,138,79,112,33,128,160,32,176,280,104,175,232,57,127,263,136,144,1536,118
152,168,16,88,208,120,105,152,47,104,161,57,178,280,102,159,224,65,143,246,103,153,1592,118
169,168,-1,80,209,129,96,136,40,127,151,24,185,297,112,159,1568,1409,128,256,128,178,2963,118
176,112,-64,96,200,104,104,128,24,129,152,23,143,281,138,158,263,105,128,248,120,119,1503,118
145,145,0,80,208,128,104,122,18,94,174,80,136,264,128,160,256,96,119,256,137,143,1568,118
144,128,-16,80,192,112,88,144,56,112,112,0,160,320,160,160,248,88,112,264,152,176,1584,118
128,128,0,72,200,128,88,144,56,88,120,32,159,312,153,176,1792,1616,113,272,159,152,3120,118
136,96,-40,80,200,120,80,112,32,136,137,1,151,1343,1192,176,208,32,122,248,126,152,2496,118
128,127,-1,80,216,136,107,136,29,113,264,151,113,512,399,176,304,128,128,296,168,121,1976,118
145,144,-1,72,168,96,88,144,56,104,120,16,176,329,153,159,247,88,128,280,152,120,1552,118
159,158,-1,64,176,112,87,127,40,114,115,1,157,279,122,167,327,160,120,272,152,144,1598,118
111,135,24,73,209,136,64,96,32,112,248,136,107,1456,1349,144,233,89,94,230,136,113,2720,118
96,152,56,72,248,176,56,136,80,96,152,56,104,248,144,160,392,232,72,224,152,112,1664,118
124,160,36,72,200,128,72,96,24,104,160,56,120,1000,880,136,280,144,88,240,152,96,2232,118
104,136,32,64,192,128,88,88,0,88,160,72,120,232,112,176,272,96,80,200,120,103,1383,118
123,123,0,61,189,128,80,113,33,79,135,56,113,272,159,136,248,112,88,256,168,112,1448,118
104,128,24,80,192,112,88,104,16,104,181,77,123,275,152,136,208,72,104,248,144,120,1456,118
115,114,-1,54,166,112,80,120,40,96,200,104,120,328,208,176,352,176,104,224,120,136,1640,118
144,128,-16,72,176,104,88,131,43,101,126,25,128,288,160,127,231,104,80,232,152,112,1424,118
128,144,16,64,192,128,64,144,80,88,122,34,158,702,544,122,280,158,96,224,128,120,1928,118
115,114,-1,70,198,128,80,136,56,80,137,57,143,335,192,136,241,105,87,263,176,112,1536,118
105,105,0,72,183,111,88,160,72,72,105,33,103,305,202,134,214,80,105,249,144,119,1440,118
120,112,-8,64,192,128,88,128,40,96,136,40,145,299,154,134,197,63,104,225,121,127,1416,118
120,120,0,63,176,113,88,144,56,87,95,8,160,333,173,133,203,70,81,1201,1120,79,2351,118
95,112,17,80,376,296,40,848,808,80,1752,1672,80,416,336,120,248,128,88,243,155,157,4152,118
113,192,79,80,248,168,80,328,248,96,240,144,80,1088,1008,136,480,344,104,240,136,152,2968,118
145,144,-1,88,248,160,104,184,80,104,136,32,137,256,119,144,248,104,104,248,144,104,1568,118
127,159,32,88,264,176,80,256,176,88,1336,1248,88,240,152,136,296,160,96,248,152,104,2903,118
151,129,-22,79,199,120,80,144,64,120,124,4,124,324,200,152,208,56,88,240,152,120,1488,118
120,144,24,64,192,128,96,176,80,96,112,16,152,312,160,144,176,32,113,291,178,93,1496,118
104,120,16,80,200,120,80,160,80,128,689,561,80,256,176,151,287,136,104,233,129,143,2088,118
129,128,-1,72,208,136,72,128,56,112,200,88,113,952,839,112,240,128,80,240,160,80,2176,118
91,131,40,72,704,632,136,848,712,122,1007,885,107,257,150,122,272,150,104,280,176,72,3571,118
114,113,-1,64,199,135,80,136,56,112,384,272,112,600,488,152,248,96,96,232,136,123,2035,118
120,136,16,80,200,120,96,152,56,96,130,34,142,302,160,152,496,344,103,231,128,139,1786,118
129,129,0,71,183,112,96,176,80,105,105,0,143,326,183,137,217,80,96,288,192,129,1553,118
88,128,40,72,192,120,72,152,80,72,992,920,72,368,296,104,240,136,96,280,184,136,2488,118
32,112,80,64,1048,984,80,160,80,96,152,56,80,280,200,114,449,335,87,279,192,129,2609,118
95,136,41,72,224,152,80,160,80,104,121,17,111,655,544,123,304,181,88,216,128,104,1920,118
112,145,33,63,167,104,88,168,80,73,120,47,114,276,162,117,444,327,80,256,176,130,1706,118
112,152,40,63,176,113,80,151,71,72,123,51,133,269,136,129,289,160,79,240,161,103,1503,118
112,143,31,56,185,129,79,159,80,80,112,32,129,289,160,135,191,56,89,248,159,120,1447,118
88,96,8,63,192,129,72,144,72,79,113,34,134,281,147,133,221,88,105,273,168,104,1424,118
128,127,-1,57,177,120,80,160,80,88,130,42,126,302,176,128,184,56,96,272,176,104,1456,118
131,131,0,61,189,128,88,151,63,81,113,32,111,329,218,135,223,88,96,215,119,137,1488,118
137,136,-1,72,192,120,104,168,64,80,1808,1728,80,256,176,136,312,176,88,192,104,136,3200,118
119,104,-15,64,168,104,80,152,72,80,152,72,152,368,216,128,296,168,104,232,128,152,1624,118
127,116,-11,67,202,135,80,144,64,97,113,16,152,304,152,152,232,80,80,312,232,128,1551,118
111,111,0,65,193,128,88,144,56,103,120,17,152,336,184,136,248,112,96,272,176,112,1536,118
160,128,-32,64,176,112,113,176,63,104,105,1,151,359,208,129,232,103,104,248,144,144,1568,118
154,128,-26,64,1336,1272,104,176,72,128,264,136,129,720,591,122,248,126,104,256,152,128,3256,118
86,254,168,80,216,136,56,136,80,80,344,264,80,191,111,123,849,726,63,336,273,80,2406,47
71,184,113,80,122,42,69,150,81,80,224,144,64,168,104,143,280,137,55,168,113,79,1375,47
72,128,56,79,136,57,64,136,72,80,192,112,80,168,88,135,240,105,63,144,81,88,1232,47
80,640,560,55,168,113,47,136,89,95,288,193,65,152,87,135,280,145,72,200,128,71,1935,47
79,160,81,71,135,64,64,145,81,88,216,128,79,176,97,128,1072,944,55,176,121,63,2143,47
64,128,64,72,168,96,47,127,80,80,225,145,63,152,89,127,264,137,63,151,88,89,1304,47
71,208,137,71,152,81,55,168,113,87,224,137,63,159,96,136,281,145,64,152,88,80,1424,47
72,505,433,56,832,776,39,160,121,79,320,241,56,119,63,131,273,142,55,160,105,88,2457,47
71,175,104,64,145,81,63,160,97,79,200,121,63,176,113,104,912,808,48,176,128,63,2007,47
67,168,101,63,135,72,72,161,89,79,184,105,79,199,120,120,224,104,64,145,81,79,1295,47
71,175,104,48,121,73,55,135,80,65,233,168,71,160,89,112,248,136,63,144,81,72,1288,47
96,184,88,72,952,880,39,122,83,54,718,664,55,159,104,97,313,216,56,175,119,80,2703,47
79,167,88,72,152,80,64,176,112,88,249,161,79,511,432,136,504,368,56,1105,1049,79,2943,47
80,169,89,40,112,72,80,167,87,72,185,113,63,183,120,120,249,129,63,208,145,79,1352,47
79,519,440,56,208,152,41,313,272,87,416,329,63,144,81,127,374,247,49,162,113,71,2207,47
88,177,89,87,168,81,79,143,64,96,560,464,56,120,64,136,296,160,64,168,104,64,1696,47
79,167,88,80,144,64,96,152,56,80,520,440,48,129,81,112,376,264,63,207,144,80,1775,47
55,151,96,64,143,79,57,168,111,81,185,104,64,247,183,73,201,128,72,208,136,128,1431,47
63,175,112,64,144,80,56,135,79,97,233,136,80,183,103,105,257,152,72,144,72,64,1335,47
72,176,104,56,144,88,64,136,72,80,224,144,64,176,112,113,520,407,64,272,208,72,1720,47
73,160,87,56,131,75,61,173,112,104,281,177,71,200,129,129,615,486,56,184,128,80,1824,47
80,216,136,80,152,72,80,144,64,88,697,609,55,135,80,120,320,200,48,513,465,87,2264,47
72,184,112,72,144,72,88,152,64,96,505,409,55,143,88,122,400,278,56,184,128,80,1792,47
73,152,79,80,136,56,80,152,72,80,192,112,80,200,120,121,1232,1111,48,161,113,63,2288,47
80,160,80,72,136,64,80,136,56,88,576,488,56,136,80,104,280,176,55,128,73,80,1632,47
81,160,79,64,144,80,72,152,80,88,184,96,80,200,120,120,224,104,56,120,64,88,1272,47
79,191,112,88,216,128,56,160,104,88,1465,1377,55,136,81,119,343,224,56,152,96,72,2735,47
80,200,120,64,144,80,64,216,152,80,284,204,55,156,101,128,280,152,64,129,65,71,1480,47
80,176,96,64,160,96,56,160,104,96,249,153,63,167,104,120,281,161,79,231,152,80,1504,47
88,176,88,64,160,96,72,160,88,88,233,145,79,208,129,136,647,511,72,176,104,56,1816,47
83,180,97,63,215,152,88,152,64,80,593,513,55,121,66,134,333,199,57,153,96,72,1819,47
64,144,80,72,152,80,56,144,88,80,224,144,80,184,104,129,256,127,64,177,113,71,1352,47
80,264,184,64,184,120,48,240,192,80,256,176,57,160,103,128,311,183,64,169,105,72,1656,47
79,175,96,64,161,97,71,128,57,71,783,712,48,136,88,104,352,248,64,176,112,80,1991,47
80,152,72,56,168,112,48,128,80,96,216,120,64,184,120,131,224,93,64,144,80,88,1304,47
88,160,72,56,152,96,56,128,72,88,200,112,80,217,137,135,223,88,56,144,88,88,1312,47
80,184,104,56,144,88,48,112,64,88,248,160,88,201,113,114,1135,1021,48,600,552,64,2688,47
64,121,57,55,128,73,63,143,80,80,201,121,71,191,120,139,264,125,64,168,104,80,1296,47
56,168,112,72,168,96,64,168,104,96,224,128,64,176,112,120,272,152,64,168,104,72,1416,47
80,168,88,40,152,112,40,136,96,88,216,128,64,232,168,112,224,112,64,168,104,80,1376,47
80,168,88,48,136,88,56,152,96,80,200,120,72,225,153,119,1167,1048,56,168,112,56,2272,47
65,144,79,56,136,80,64,160,96,80,184,104,64,192,128,90,216,126,48,216,168,88,1336,47
56,168,112,56,160,104,48,144,96,104,280,176,64,144,80,136,464,328,56,184,128,64,1608,47
89,185,96,64,144,80,64,144,80,88,248,160,56,160,104,144,368,224,56,168,112,72,1489,47
64,120,56,72,136,64,64,144,80,96,208,112,72,176,104,136,328,192,56,160,104,80,1352,47
81,176,95,40,104,64,80,160,80,80,208,128,72,192,120,128,480,352,80,200,120,80,1600,47
72,152,80,64,136,72,56,160,104,80,200,120,80,192,112,137,272,135,64,144,80,80,1336,47
88,144,56,56,136,80,64,136,72,88,192,104,72,176,104,136,376,240,72,200,128,64,1424,47
88,176,88,72,144,72,64,144,80,88,240,152,88,161,73,127,279,152,56,168,112,96,1408,47
96,152,56,80,176,96,96,136,40,88,800,712,48,152,104,56,896,840,56,168,112,72,2552,47
80,152,72,80,136,56,96,120,24,72,567,495,40,104,64,112,321,209,64,168,104,80,1648,47
72,152,80,48,136,88,48,136,88,96,232,136,80,184,104,128,256,128,56,136,80,88,1320,47
72,128,56,56,128,72,72,152,80,80,200,120,56,160,104,130,768,638,56,432,376,64,2032,47
80,906,826,62,174,112,56,160,104,80,624,544,48,144,96,136,416,280,72,224,152,72,2720,47
64,136,72,64,152,88,48,168,120,80,216,136,80,178,98,134,254,120,56,152,96,80,1336,47
88,168,80,72,152,80,80,144,64,96,544,448,64,168,104,119,272,153,47,543,496,93,2084,47
80,159,79,65,145,80,63,144,81,80,208,128,64,168,104,136,240,104,64,160,96,88,1312,47
80,160,80,48,128,80,72,152,80,80,192,112,72,184,112,138,1040,902,64,704,640,64,2624,47
80,184,104,56,152,96,64,152,88,72,232,160,64,172,108,140,348,208,55,184,129,80,1504,47
80,496,416,64,192,128,64,192,128,80,232,152,80,152,72,144,280,136,56,144,88,88,1776,47
88,168,80,56,136,80,64,152,88,104,225,121,70,167,97,128,792,664,48,144,96,72,1856,47
72,184,112,80,240,160,64,192,128,96,328,232,104,168,64,144,272,128,56,160,104,80,1624,47
96,200,104,80,184,104,80,160,80,88,896,808,72,152,80,104,408,304,80,184,104,72,2256,47
80,168,88,80,144,64,64,144,80,80,216,136,72,194,122,126,334,208,64,216,152,88,1504,47
72,160,88,56,144,88,56,160,104,80,264,184,72,160,88,136,280,144,56,136,80,104,1408,47
81,416,335,72,176,104,56,176,120,89,248,159,80,184,104,128,248,120,64,144,80,80,1672,47
72,312,240,64,168,104,80,168,88,104,592,488,64,168,104,130,272,142,64,152,88,88,1920,47
80,168,88,80,160,80,64,168,104,103,232,129,72,208,136,136,352,216,88,264,176,64,1616,47
72,152,80,56,144,88,56,152,96,96,848,752,48,592,544,104,232,128,56,288,232,96,2504,47
80,160,80,56,136,80,80,168,88,88,240,152,87,176,89,128,480,352,64,240,176,80,1680,47
72,152,80,56,136,80,71,168,97,80,232,152,80,200,120,131,552,421,48,504,456,80,2024,47
88,193,105,48,128,80,80,192,112,96,224,128,88,216,128,136,248,112,64,160,96,72,1433,47
88,152,64,72,160,88,87,159,72,88,600,512,64,144,80,120,297,177,48,152,104,88,1752,47
96,160,64,80,176,96,48,135,87,89,713,624,63,128,65,112,864,752,56,200,144,64,2440,47
65,136,71,64,144,80,64,168,104,80,192,112,64,216,152,119,216,97,64,144,80,96,1312,47
96,176,80,63,168,105,64,144,80,80,720,640,48,160,112,104,312,208,64,168,104,80,1928,47
80,241,161,64,192,128,32,184,152,96,272,176,56,191,135,129,257,128,55,200,145,79,1616,47
73,153,80,56,144,88,55,160,105,82,280,198,64,175,111,129,2401,2272,48,784,736,72,4169,47
64,128,64,64,144,80,56,184,128,88,200,112,64,200,136,128,504,376,56,264,208,40,1664,47
64,128,64,64,152,88,72,168,96,80,305,225,79,183,104,127,296,169,56,160,104,88,1480,47
79,168,89,64,136,72,64,168,104,88,208,120,64,216,152,128,217,89,55,247,192,80,1440,47
88,160,72,80,168,88,80,160,80,80,736,656,56,248,192,116,256,140,56,328,272,80,2136,47
64,167,103,57,121,64,72,152,80,112,232,120,72,160,88,136,312,176,64,176,112,80,1400,47
80,144,64,64,144,80,71,152,81,88,184,96,72,176,104,135,240,105,56,160,104,96,1296,47
72,695,623,65,192,127,64,169,105,104,623,519,65,145,80,136,320,184,56,176,120,88,2408,47
87,176,89,87,248,161,79,176,97,79,624,545,55,136,81,127,304,177,55,136,81,71,1871,47
87,176,89,80,1024,944,96,208,112,80,656,576,55,135,80,114,361,247,56,223,167,80,2863,47
93,205,112,79,1088,1009,48,168,120,63,296,233,55,160,105,152,824,672,55,160,105,64,2965,47
71,168,97,55,144,89,79,175,96,89,257,168,79,216,137,136,384,248,55,240,185,48,1632,47
80,145,65,71,184,113,80,184,104,95,295,200,57,192,135,136,881,745,56,192,136,88,2161,47
79,367,288,72,201,129,55,208,153,82,247,165,56,209,153,127,336,209,55,199,144,80,1847,47
79,191,112,64,144,80,72,161,89,94,224,130,63,168,105,160,288,128,47,160,113,87,1423,47
88,169,81,87,200,113,79,191,112,97,352,255,64,168,104,144,545,401,79,272,193,88,1985,47
104,160,56,71,1328,1257,55,159,104,81,1065,984,64,175,111,105,569,464,63,455,392,80,3991,47
80,184,104,55,137,82,64,224,160,89,247,158,64,176,112,144,296,152,56,169,113,79,1512,47
88,160,72,73,153,80,71,200,129,87,247,160,65,216,151,144,249,105,55,167,112,88,1480,47
103,176,73,88,935,847,64,177,113,71,272,201,79,175,96,144,497,353,79,383,304,88,2703,47
80,168,88,80,176,96,80,233,153,103,255,152,81,185,104,143,431,288,64,209,145,79,1736,47
79,183,104,64,169,105,63,190,127,105,257,152,69,144,75,144,272,128,57,200,143,112,1527,47
79,160,81,63,151,88,56,177,121,96,232,136,63,272,209,119,256,137,63,240,177,79,1567,47
96,184,88,56,160,104,56,176,120,88,228,140,76,220,144,136,272,136,56,144,88,80,1464,47
72,153,81,55,119,64,64,176,112,80,208,128,80,217,137,127,1735,1608,72,215,143,73,2896,47
64,185,121,39,184,145,79,160,81,88,272,184,88,1416,1328,96,407,311,88,288,200,64,2976,47
64,175,111,65,184,119,80,192,112,64,264,200,104,233,129,112,407,295,96,225,129,55,1735,47
104,200,96,80,160,80,87,143,56,104,793,689,96,216,120,103,520,417,88,408,320,88,2528,47
80,176,96,63,168,105,63,168,105,88,312,224,79,191,112,128,625,497,95,232,137,71,1943,47
96,191,95,57,161,104,96,232,136,104,327,223,97,217,120,112,1464,1352,80,199,119,81,2872,47
97,202,105,72,184,112,87,168,81,87,312,225,104,232,128,143,328,185,120,552,432,88,2066,47
87,208,121,80,232,152,87,176,89,96,311,215,97,233,136,112,1264,1152,81,288,207,72,2784,47
97,192,95,57,169,112,80,175,95,105,321,216,128,296,168,112,295,183,96,313,217,88,1849,47
80,191,111,97,233,136,88,167,79,89,449,360,95,192,97,127,872,745,89,288,199,80,2472,47
96,216,120,80,176,96,80,368,288,88,423,335,88,209,121,136,616,480,112,232,120,88,2328,47
80,192,112,88,215,127,72,153,81,112,264,152,103,248,145,120,2375,2255,97,273,176,72,3792,47
72,208,136,88,224,136,88,175,87,97,248,151,96,232,136,145,529,384,87,543,456,80,2239,47
72,176,104,80,224,144,88,151,63,104,360,256,104,241,137,143,1199,1056,81,192,111,72,2615,47
97,201,104,87,216,129,72,127,55,105,297,192,95,856,761,104,327,223,80,681,601,72,2777,47
80,184,104,65,169,104,80,152,72,119,336,217,96,224,128,120,527,407,120,304,184,88,1984,47
95,191,96,72,161,89,88,136,48,104,311,207,105,233,128,103,280,177,95,279,184,89,1680,47
96,192,96,64,201,137,72,128,56,96,296,200,72,200,128,136,399,263,120,289,169,80,1785,47
120,1032,912,63,232,169,72,159,87,97,928,831,89,193,104,136,439,303,81,329,248,71,3383,47
80,201,121,80,200,120,72,144,72,88,255,167,80,208,128,120,321,201,95,240,145,80,1649,47
81,161,80,88,224,136,88,183,95,113,481,368,112,191,79,137,1024,887,72,241,169,72,2577,47
64,160,96,88,240,152,88,200,112,111,2112,2001,88,191,103,121,416,295,96,208,112,88,3615,47
88,184,96,80,215,135,80,136,56,105,273,168,96,208,112,128,296,168,104,224,120,88,1624,47
88,176,88,96,176,80,88,144,56,95,655,560,88,217,129,112,400,288,96,224,128,80,2072,47
81,184,103,81,232,151,81,177,96,104,384,280,72,200,128,120,503,383,81,320,239,72,2072,47
97,185,88,88,215,127,88,153,65,112,319,207,89,200,111,121,409,288,87,239,152,80,1800,47
64,184,120,71,143,72,79,184,105,121,265,144,95,224,129,120,360,240,88,233,145,79,1672,47
55,224,169,88,176,88,80,159,79,120,352,232,89,200,111,121,353,232,80,248,168,72,1784,47
88,176,88,80,152,72,72,144,72,111,760,649,80,216,136,104,439,335,81,249,168,80,2216,47
71,151,80,72,201,129,56,152,96,111,1095,984,65,193,128,112,472,360,72,256,184,63,2583,47
104,176,72,72,200,128,72,144,72,103,287,184,89,209,120,128,776,648,71,464,393,64,2320,47
79,144,65,80,200,120,63,159,96,104,425,321,80,183,103,144,481,337,87,240,153,88,1920,47
95,176,81,72,167,95,89,218,129,46,886,840,73,185,112,104,816,712,63,247,184,88,2783,47
88,176,88,71,199,128,80,169,89,120,288,168,104,248,144,128,503,375,72,697,625,72,2352,47
89,185,96,72,152,80,88,184,96,144,638,494,74,201,127,113,680,567,80,256,176,88,2384,47
88,192,104,81,201,120,79,159,80,113,328,215,73,209,136,127,584,457,72,232,160,88,1993,47
103,183,80,89,216,127,72,160,88,105,561,456,64,207,143,121,576,455,81,209,128,88,2200,47
105,200,95,81,225,144,72,136,64,119,1735,1616,65,209,144,112,336,224,80,208,128,88,3137,47
56,143,87,87,233,146,112,2264,2152,95,1247,1152,96,188,92,132,2172,2040,80,232,152,89,6568,47
79,152,73,87,207,120,88,169,81,111,536,425,80,192,112,136,984,848,80,336,256,111,2687,47
96,168,72,80,208,128,88,152,64,128,936,808,81,176,95,120,296,176,79,200,121,87,2223,47
97,167,70,72,192,120,81,137,56,128,376,248,80,192,112,128,295,167,73,184,111,105,1648,47
112,168,56,80,223,143,81,136,55,105,273,168,72,192,120,96,440,344,72,271,199,80,1783,47
72,176,104,104,313,209,103,912,809,112,504,392,56,183,127,121,1776,1655,73,385,312,95,4344,47
104,160,56,96,232,136,72,160,88,80,1152,1072,72,183,111,112,377,265,64,231,167,81,2576,47
72,159,87,89,225,136,64,232,168,104,511,407,72,185,113,128,1544,1416,88,1320,1232,72,4248,47
88,168,80,72,185,113,71,168,97,111,264,153,72,200,128,128,544,416,88,240,152,88,1857,47
96,160,64,80,160,80,87,160,73,112,504,392,71,200,129,127,440,313,72,272,200,80,1976,47
55,136,81,71,152,81,88,143,55,96,513,417,79,207,128,96,1905,1809,80,208,128,80,3344,47
89,177,88,72,200,128,80,168,88,120,631,511,88,193,105,136,656,520,72,696,624,112,2833,47
96,176,80,80,224,144,79,167,88,97,457,360,88,215,127,121,576,455,73,376,303,88,2279,47
104,176,72,96,312,216,72,792,720,97,353,256,71,656,585,120,287,167,81,233,152,88,2897,47
113,201,88,88,216,128,72,160,88,95,1232,1137,88,200,112,120,328,208,95,223,128,73,2633,47
96,192,96,63,191,128,72,161,89,111,440,329,72,216,144,120,560,440,71,1328,1257,152,3240,47
104,185,81,72,200,128,64,168,104,112,464,352,79,240,161,128,448,320,72,464,392,80,2249,47
87,192,105,72,207,135,72,145,73,120,855,735,72,761,689,96,336,240,87,200,113,95,2791,47
96,152,56,79,168,89,72,176,104,111,527,416,97,209,112,127,456,329,71,263,192,121,2072,47
104,176,72,95,192,97,56,144,88,119,544,425,88,224,136,136,392,256,80,223,143,96,1991,47
104,176,72,79,168,89,79,152,73,120,519,399,88,193,105,143,328,185,104,200,96,96,1832,47
96,176,80,80,216,136,56,128,72,135,376,241,72,216,144,119,352,233,80,192,112,96,1752,47
104,192,88,80,168,88,72,192,120,104,479,375,96,200,104,129,473,344,80,224,144,112,2040,47
72,210,138,78,166,88,88,184,96,103,439,336,64,200,136,97,617,520,80,520,440,103,2439,47
112,1232,1120,80,248,168,72,176,104,111,488,377,72,176,104,128,432,304,80,264,184,111,3127,47
128,224,96,70,255,185,72,112,40,128,944,816,97,200,103,129,393,264,112,247,135,72,2447,47
104,192,88,63,151,88,73,152,79,136,345,209,80,216,136,128,671,543,72,240,168,113,2080,47
119,191,72,72,928,856,89,401,312,104,288,184,72,192,120,136,312,176,80,264,184,88,2664,47
95,176,81,72,208,136,56,160,104,112,439,327,80,192,112,121,425,304,104,216,112,104,1920,47
104,200,96,80,184,104,96,256,160,119,1239,1120,113,249,136,136,432,296,72,360,288,80,3000,47
105,201,96,72,160,88,88,232,144,111,367,256,89,240,151,153,817,664,79,328,249,96,2441,47
80,168,88,80,216,136,63,127,64,97,857,760,72,224,152,96,1072,976,64,184,120,80,2928,47
89,201,112,112,1360,1248,95,224,129,104,1272,1168,79,232,153,104,471,367,80,217,137,88,4065,47
105,177,72,79,239,160,81,241,160,88,368,280,112,240,128,127,456,329,65,312,247,79,2112,47
88,144,56,88,248,160,128,296,168,103,456,353,72,200,128,127,592,465,64,680,616,104,2720,47
88,200,112,79,144,65,95,183,88,104,320,216,80,184,104,144,369,225,87,223,136,72,1695,47
121,168,47,80,153,73,95,151,56,120,513,393,112,240,128,128,1208,1080,81,304,223,88,2825,47
88,224,136,80,288,208,111,240,129,96,592,496,96,223,127,128,1193,1065,72,552,480,112,3424,47
96,224,128,95,215,120,89,217,128,120,440,320,72,168,96,136,520,384,72,240,168,96,2120,47
97,192,95,73,1449,1376,128,192,64,103,1215,1112,88,224,136,129,448,319,72,217,145,72,4009,47
95,199,104,64,153,89,95,183,88,112,265,153,71,159,88,145,537,392,87,320,233,135,1951,47
111,168,57,88,216,128,56,136,80,112,400,288,80,183,103,136,377,241,95,256,161,88,1824,47
105,192,87,73,169,96,79,152,73,144,392,248,88,183,95,137,400,263,73,217,144,104,1809,47
111,151,40,97,225,128,96,368,272,104,391,287,73,185,112,136,632,496,72,319,247,144,2415,47
104,184,80,71,240,169,120,256,136,88,696,608,105,264,159,128,400,272,79,224,145,80,2344,47
104,176,72,80,200,120,87,159,72,121,225,104,96,224,128,128,288,160,72,215,143,80,1567,47
120,176,56,79,167,88,81,193,112,112,367,255,65,161,96,120,864,744,72,175,103,88,2191,47
72,185,113,95,224,129,64,160,96,104,904,800,72,216,144,120,648,528,64,903,839,88,3328,47
104,200,96,72,135,63,97,169,72,112,720,608,88,224,136,119,679,560,56,193,137,79,2399,47
80,168,88,64,152,88,97,313,216,103,1216,1113,72,544,472,112,384,272,80,496,416,112,3385,47
96,175,79,65,129,64,104,199,95,137,353,216,80,223,143,121,473,352,80,223,143,97,1872,47
104,168,64,79,136,57,104,184,80,120,240,120,95,224,129,127,239,112,89,201,112,120,1512,47
89,161,72,72,168,96,87,168,81,120,687,567,88,217,129,135,560,425,80,200,120,119,2280,47
96,152,56,87,200,113,72,112,40,119,256,137,80,216,136,128,432,304,71,223,152,96,1687,47
80,160,80,71,143,72,89,169,80,135,375,240,81,192,111,128,4944,4816,89,177,88,104,6264,47
96,152,56,88,224,136,80,129,49,119,303,184,105,761,656,130,967,837,72,400,328,89,3025,47
105,145,40,88,208,120,80,200,120,128,327,199,88,185,97,144,416,272,80,224,144,88,1793,47
89,185,96,55,136,81,96,184,88,136,448,312,80,248,168,120,536,416,111,240,129,88,2065,47
89,201,112,64,168,104,64,144,80,128,431,303,81,152,71,128,433,305,80,256,176,96,1881,47
103,223,120,81,209,128,72,224,152,104,488,384,96,199,103,121,1057,936,104,279,175,97,2776,47
97,129,32,63,192,129,72,151,79,128,281,153,80,223,143,136,433,297,96,224,128,71,1704,47
72,184,112,96,832,736,72,200,128,88,976,888,56,200,144,104,456,352,72,688,616,80,3616,47
72,160,88,80,152,72,64,207,143,89,385,296,80,208,128,104,720,616,64,216,152,80,2128,47
80,160,80,80,160,80,64,160,96,88,352,264,56,176,120,104,344,240,96,312,216,88,1752,47
64,160,96,56,168,112,56,144,88,80,351,271,57,153,96,104,376,272,80,360,280,80,1792,47
88,192,104,80,160,80,64,184,120,104,456,352,63,176,113,128,672,544,72,216,144,72,2128,47
92,177,85,64,184,120,47,136,89,80,343,263,65,153,88,128,528,400,56,280,224,64,1865,47
80,184,104,72,152,80,63,128,65,104,376,272,71,184,113,123,536,413,64,240,176,80,1880,47
112,192,80,80,152,72,80,144,64,113,279,166,74,209,135,119,704,585,72,184,112,88,1952,47
80,152,72,80,152,72,64,168,104,104,272,168,64,192,128,128,360,232,72,456,384,87,1839,47
80,152,72,63,136,73,72,176,104,96,304,208,64,160,96,119,888,769,64,184,120,71,2071,47
64,289,225,96,208,112,87,336,249,87,488,401,64,152,88,112,583,471,57,481,424,80,2617,47
96,216,120,64,143,79,80,177,97,128,583,455,56,144,88,112,376,264,64,192,128,81,1912,47
80,160,80,64,144,80,64,120,56,113,240,127,80,192,112,136,319,183,57,208,151,114,1497,47
80,168,88,56,128,72,79,168,89,88,231,143,65,200,135,105,1081,976,63,272,209,88,2336,47
104,192,88,79,144,65,63,128,65,114,240,126,79,176,97,112,880,768,39,152,113,80,1992,47
81,193,112,72,144,72,79,152,73,88,704,616,64,256,192,104,311,207,80,1625,1545,103,3488,47
79,208,129,55,135,80,80,168,88,105,225,120,80,208,128,120,376,256,64,512,448,63,1895,47
87,191,104,49,113,64,71,152,81,103,216,113,87,216,129,104,327,223,57,225,168,80,1520,47
81,153,72,71,136,65,71,130,59,78,221,143,88,201,113,127,336,209,56,224,168,87,1488,47
88,167,79,56,144,88,56,128,72,104,569,465,64,151,87,121,369,248,63,224,161,79,1831,47
87,176,89,55,135,80,71,160,89,88,217,129,79,183,104,113,264,151,64,200,136,80,1415,47
102,183,81,81,136,55,80,145,65,111,240,129,79,183,104,113,304,191,65,209,144,55,1455,47
103,192,89,88,160,72,80,120,40,104,689,585,63,159,96,129,392,263,56,329,273,79,2120,47
112,176,64,72,145,73,79,128,49,103,551,448,56,151,95,121,353,232,80,192,112,63,1759,47
104,240,136,64,152,88,65,128,63,113,224,111,72,209,137,111,263,152,72,224,152,72,1512,47
104,185,81,71,168,97,79,127,48,104,681,577,55,135,80,96,2048,1952,63,184,121,64,3592,47
87,191,104,64,121,57,87,143,56,112,240,128,83,209,126,135,255,120,80,185,105,79,1423,47
113,184,71,80,136,56,104,152,48,104,727,623,73,161,88,104,304,200,64,248,184,80,1992,47
104,208,104,48,145,97,63,175,112,115,576,461,64,151,87,121,297,176,64,168,104,64,1784,47
80,192,112,40,128,88,80,176,96,79,185,106,87,199,112,113,281,168,63,199,136,80,1440,47
80,145,65,63,143,80,64,144,80,81,256,175,80,168,88,128,568,440,56,232,176,80,1736,47
88,160,72,64,136,72,80,168,88,88,232,144,64,145,81,127,326,199,65,218,153,79,1464,47
88,201,113,55,127,72,104,192,88,88,224,136,96,192,96,131,648,517,56,192,136,64,1840,47
88,200,112,48,129,81,71,175,104,96,200,104,80,160,80,113,320,207,56,192,136,88,1464,47
112,176,64,64,152,88,80,257,177,103,423,320,72,144,72,129,448,319,64,184,120,72,1856,47
89,185,96,56,120,64,80,160,80,104,208,104,80,176,96,136,592,456,72,440,368,80,1961,47
104,169,65,55,144,89,80,159,79,98,281,183,112,231,119,89,401,312,80,280,200,80,1745,47
104,208,104,56,264,208,96,560,464,104,488,384,64,216,152,144,568,424,64,216,152,80,2600,47
80,184,104,40,121,81,71,151,80,96,312,216,72,240,168,113,632,519,56,168,112,64,1872,47
88,200,112,48,136,88,88,168,80,88,240,152,72,168,96,112,400,288,64,176,112,64,1552,47
104,784,680,64,176,112,72,240,168,88,409,321,79,207,128,120,367,247,56,328,272,88,2599,47
104,184,80,56,120,64,64,200,136,104,211,107,77,205,128,128,408,280,72,368,296,80,1776,47
96,184,88,56,136,80,72,176,104,88,217,129,63,175,112,128,305,177,55,183,128,104,1480,47
74,178,104,80,152,72,80,177,97,103,263,160,84,216,132,128,352,224,64,208,144,80,1626,47
88,160,72,72,200,128,56,107,51,85,293,208,72,193,121,130,471,341,64,224,160,80,1728,47
63,160,97,56,136,80,64,144,80,80,192,112,56,201,145,121,463,342,40,160,120,64,1520,47
81,176,95,64,152,88,56,144,88,80,648,568,40,1192,1152,96,368,272,64,200,136,80,2960,47
80,168,88,56,168,112,80,176,96,96,224,128,80,202,122,126,390,264,64,176,112,80,1584,47
86,141,55,72,152,80,56,128,72,80,208,128,72,176,104,114,256,142,64,175,111,73,1309,47
72,176,104,56,152,96,64,152,88,80,216,136,72,192,120,112,696,584,64,208,144,80,1872,47
88,160,72,64,160,96,80,152,72,88,208,120,64,256,192,136,528,392,72,392,320,104,1960,47
80,152,72,80,144,64,80,152,72,104,208,104,81,183,102,153,457,304,64,232,168,88,1616,47
96,216,120,56,144,88,72,144,72,105,256,151,80,217,137,127,303,176,48,200,152,80,1560,47
80,152,72,72,152,80,80,161,81,87,2751,2664,64,168,104,96,400,304,64,192,128,72,4048,47
80,160,80,72,224,152,8,384,376,96,472,376,56,136,80,128,344,216,72,176,104,64,1960,47
88,208,120,56,136,80,80,184,104,104,304,200,72,280,208,72,584,512,80,472,392,96,2264,47
80,184,104,72,208,136,56,136,80,82,216,134,88,200,112,120,360,240,80,192,112,80,1576,47
80,152,72,64,160,96,64,129,65,79,1223,1144,56,168,112,105,352,247,64,264,200,88,2536,47
80,160,80,64,144,80,72,152,80,88,240,152,80,216,136,136,1064,928,56,152,96,80,2208,47
113,208,95,56,136,80,72,152,80,105,256,151,80,224,144,128,1248,1120,56,192,136,80,2496,47
81,632,551,64,168,104,58,176,118,104,528,424,56,176,120,128,440,312,64,432,368,96,2648,47
80,159,79,57,185,128,48,128,80,88,248,160,72,200,128,120,296,176,63,168,105,80,1464,47
88,168,80,64,144,80,63,136,73,80,287,207,67,162,95,127,287,160,64,504,440,56,1744,47
80,192,112,56,168,112,64,136,72,96,248,152,72,176,104,128,328,200,55,184,129,87,1519,47
88,184,96,56,136,80,71,168,97,80,256,176,72,199,127,137,408,271,57,201,144,79,1631,47
80,152,72,64,160,96,72,136,64,80,248,168,80,185,105,142,511,369,64,1512,1448,80,2984,47
65,2063,1998,57,737,680,64,416,352,80,3032,2952,55,168,113,104,360,256,64,192,128,64,7032,47
64,143,79,81,145,64,80,152,72,80,264,184,72,176,104,128,288,160,80,312,232,107,1587,47
79,135,56,80,167,87,81,137,56,88,264,176,88,200,112,120,295,175,73,224,151,72,1494,47
72,144,72,64,128,64,64,160,96,103,784,681,63,192,129,104,512,408,72,280,208,80,2280,47
65,161,96,64,136,72,81,160,79,104,248,144,64,200,136,112,320,208,56,192,136,80,1497,47
88,168,80,56,136,80,64,176,112,88,344,256,64,240,176,114,616,502,56,208,152,80,1968,47
80,160,80,56,144,88,63,144,81,103,264,161,72,208,136,120,280,160,72,176,104,64,1440,47
78,174,96,79,144,65,79,152,73,113,680,567,40,296,256,104,839,735,57,193,136,72,2550,47
80,160,80,64,176,112,57,159,102,88,233,145,80,208,128,113,296,183,71,183,112,65,1480,47
80,200,120,40,128,88,80,176,96,71,1672,1601,55,216,161,113,792,679,64,256,192,72,3512,47
71,176,105,40,152,112,56,168,112,83,288,205,40,184,144,128,376,248,56,184,128,64,1592,47
71,144,73,64,152,88,63,168,105,80,775,695,64,185,121,111,2887,2776,49,168,119,80,4559,47
72,177,105,64,144,80,88,192,104,88,282,194,62,189,127,122,497,375,56,616,560,63,2160,47
79,184,105,55,137,82,79,191,112,103,648,545,79,191,112,96,424,328,72,200,128,64,2039,47
80,159,79,56,145,89,55,136,81,96,327,231,81,168,87,73,1153,1080,79,367,288,80,2535,47
63,167,104,56,136,80,88,193,105,88,311,223,80,193,113,119,1200,1081,48,128,80,71,2399,47
73,169,96,79,136,57,71,136,65,87,263,176,88,210,122,135,254,119,80,289,209,119,1576,47
111,183,72,64,177,113,71,127,56,80,585,505,95,184,89,103,312,209,79,208,129,55,1831,47
78,150,72,55,147,92,61,141,80,96,352,256,50,176,126,120,296,176,72,1401,1329,71,2734,47
72,153,81,63,143,80,72,160,88,80,264,184,72,184,112,112,320,208,88,224,136,80,1528,47
64,160,96,72,160,88,64,144,80,80,304,224,82,184,102,120,1632,1512,56,232,176,120,2936,47
78,143,65,63,199,136,56,137,81,95,1935,1840,88,248,160,120,641,521,103,303,200,80,3686,47
80,176,96,56,136,80,64,171,107,109,333,224,56,184,128,136,400,264,64,240,176,56,1696,47
96,176,80,56,208,152,80,136,56,96,953,857,55,159,104,88,692,604,60,292,232,72,2688,47
79,167,88,64,152,88,64,152,88,104,288,184,64,184,120,128,312,184,64,248,184,88,1591,47
88,176,88,56,224,168,80,920,840,96,296,200,64,168,104,113,512,399,56,376,320,80,2752,47
80,168,88,80,168,88,80,248,168,88,504,416,56,552,496,104,1079,975,65,249,184,72,3040,47
88,312,224,104,576,472,56,216,160,104,384,280,64,176,112,88,360,272,72,232,160,72,2328,47
72,248,176,72,376,304,64,224,160,88,440,352,80,168,88,120,968,848,72,256,184,72,2752,47
80,232,152,64,144,80,64,192,128,113,313,200,71,199,128,112,752,640,64,440,376,71,2343,47
80,227,147,77,861,784,56,240,184,88,336,248,64,168,104,128,296,168,72,184,112,80,2392,47
80,191,111,88,224,136,82,304,222,81,520,439,97,177,80,96,592,496,72,480,408,96,2584,47
80,248,168,104,456,352,72,320,248,72,344,272,72,208,136,122,360,238,80,232,152,80,2248,47
88,240,152,72,200,128,80,272,192,80,328,248,88,208,120,136,632,496,56,272,216,88,2240,47
88,192,104,56,144,88,72,208,136,104,480,376,56,160,104,112,528,416,65,320,255,73,2105,47
104,848,744,72,272,200,64,200,136,80,576,496,56,161,105,127,511,384,57,312,255,80,2960,47
80,168,88,72,168,96,64,143,79,113,273,160,64,233,169,135,591,456,88,232,144,72,1880,47
78,174,96,80,160,80,72,152,80,113,464,351,56,136,80,113,232,119,80,160,80,72,1550,47
71,184,113,87,143,56,72,153,81,96,304,208,64,183,119,130,337,207,63,224,161,79,1607,47
80,193,113,72,200,128,127,200,73,87,664,577,64,143,79,104,353,249,87,192,105,64,2009,47
80,152,72,64,152,88,55,160,105,88,272,184,63,167,104,112,305,193,80,207,127,89,1504,47
88,192,104,72,208,136,63,224,161,87,320,233,64,160,96,127,424,297,63,216,153,56,1800,47
66,159,93,56,144,88,64,168,104,81,337,256,63,143,80,113,385,272,71,176,105,63,1575,47
80,161,81,55,167,112,56,152,96,81,289,208,71,159,88,104,249,145,72,184,112,79,1440,47
79,160,81,79,184,105,87,168,81,72,688,616,55,127,72,113,513,400,79,208,129,47,2095,47
73,161,88,63,167,104,73,249,176,71,359,288,89,193,104,103,264,161,63,191,128,72,1656,47
96,184,88,71,1200,1129,72,704,632,87,368,281,79,232,153,104,335,231,72,232,160,80,3335,47
87,215,128,64,153,89,71,192,121,80,208,128,103,208,105,104,311,207,80,385,305,87,1759,47
95,544,449,63,280,217,63,240,177,71,392,321,63,143,80,128,504,376,56,233,177,71,2407,47
104,530,426,86,246,160,48,320,272,81,304,223,72,192,120,120,425,305,79,240,161,79,2336,47
80,239,159,80,184,104,64,257,193,80,512,432,64,192,128,87,408,321,95,296,201,63,2151,47
65,193,128,63,160,97,55,159,104,80,353,273,71,176,105,103,1199,1096,56,161,105,79,2480,47
79,216,137,63,175,112,65,200,135,81,960,879,48,192,144,114,336,222,64,1704,1640,80,3863,47
80,169,89,64,176,112,74,160,86,96,617,521,63,176,113,104,559,455,57,1457,1400,56,3370,47
72,201,129,55,159,104,64,190,126,83,307,224,56,144,88,127,632,505,79,191,112,81,1905,47
64,225,161,88,200,112,55,375,320,64,257,193,71,199,128,104,529,425,56,215,159,80,2080,47
79,791,712,56,184,128,48,249,201,71,263,192,72,184,112,113,352,239,56,240,184,64,2327,47
79,263,184,56,170,114,55,183,128,79,303,224,64,160,96,136,368,232,64,240,176,72,1759,47
96,232,136,64,208,144,64,248,184,80,313,233,63,151,88,104,432,328,72,248,176,64,1896,47
87,199,112,80,1056,976,56,632,576,80,384,304,65,184,119,104,360,256,72,216,144,72,3103,47
80,233,153,63,175,112,56,225,169,79,296,217,55,167,112,120,688,568,80,312,232,56,2152,47
80,184,104,56,152,96,56,144,88,80,296,216,80,152,72,122,272,150,56,216,160,80,1496,47
47,175,128,72,160,88,56,192,136,39,648,609,56,136,80,104,569,465,71,200,129,55,2135,47
72,176,104,64,144,80,64,144,80,87,296,209,72,179,107,101,973,872,48,152,104,64,2128,47
80,184,104,80,184,104,80,169,89,79,591,512,64,168,104,96,280,184,56,936,880,56,2568,47
58,141,83,59,148,89,63,151,88,72,256,184,64,176,112,128,304,176,64,200,136,64,1440,47
64,152,88,72,160,88,64,144,80,80,320,240,80,192,112,104,241,137,63,199,136,64,1472,47
80,168,88,72,160,88,48,136,88,64,593,529,79,191,112,96,368,272,64,952,888,72,2640,47
64,176,112,56,136,80,48,144,96,80,256,176,72,184,112,121,1416,1295,32,176,144,64,2552,47
72,152,80,64,152,88,56,136,80,88,321,233,79,191,112,104,232,128,56,168,112,72,1424,47
65,177,112,64,152,88,72,195,123,70,333,263,72,184,112,96,272,176,64,184,120,56,1553,47
80,184,104,56,136,80,64,152,88,80,256,176,72,188,116,116,316,200,64,160,96,80,1472,47
72,136,64,56,168,112,64,144,80,80,305,225,63,167,104,113,272,159,64,176,112,80,1448,47
80,168,88,72,792,720,80,240,160,64,728,664,56,144,88,88,272,184,48,168,120,64,2576,47
31,239,208,64,160,96,64,192,128,72,280,208,56,144,88,128,336,208,64,280,216,72,1703,47
72,152,80,56,144,88,56,168,112,96,272,176,72,168,96,137,328,191,80,208,128,64,1504,47
80,128,48,72,152,80,72,128,56,88,568,480,64,176,112,104,416,312,64,264,200,72,1904,47
92,152,60,80,192,112,72,131,59,93,581,488,80,176,96,104,288,184,64,168,104,64,1752,47
64,144,80,64,144,80,80,152,72,80,264,184,80,208,128,128,264,136,64,176,112,80,1432,47
64,144,80,40,136,96,64,144,80,104,472,368,56,160,104,104,384,280,72,208,136,56,1704,47
72,128,56,64,152,88,64,120,56,88,344,256,80,168,88,88,240,152,56,144,88,80,1376,47
64,984,920,56,207,151,48,137,89,88,360,272,72,136,64,104,256,152,56,144,88,72,2296,47
80,152,72,64,144,80,48,96,48,88,264,176,96,176,80,136,272,136,48,208,160,56,1368,47
89,305,216,64,176,112,48,178,130,102,374,272,80,152,72,104,320,216,64,224,160,64,1793,47
72,176,104,56,184,128,48,464,416,56,720,664,56,264,208,88,384,296,56,192,136,56,2440,47
40,344,304,72,184,112,56,224,168,80,408,328,56,160,104,104,512,408,56,424,368,80,2336,47
56,144,88,72,160,88,64,160,96,80,288,208,63,160,97,128,240,112,56,184,128,80,1416,47
72,144,72,56,136,80,56,136,80,96,376,280,88,192,104,96,272,176,56,240,184,72,1568,47
88,160,72,64,160,96,64,200,136,72,440,368,56,144,88,104,344,240,64,1360,1296,64,2872,47
71,136,65,56,120,64,64,144,80,104,264,160,64,175,111,121,273,152,72,208,136,71,1391,47
72,135,63,65,137,72,56,152,96,88,288,200,80,192,112,136,296,160,64,200,136,88,1488,47
64,128,64,80,144,64,64,144,80,96,248,152,88,192,104,104,248,144,64,448,384,64,1616,47
72,208,136,64,144,80,56,136,80,104,671,567,57,209,152,96,1312,1216,56,152,96,56,2888,47
72,136,64,64,144,80,56,144,88,88,280,192,65,168,103,112,336,224,64,184,120,64,1456,47
80,160,80,56,200,144,72,160,88,80,976,896,56,168,112,96,344,248,56,184,128,80,2272,47
64,120,56,80,136,56,64,129,65,79,279,200,80,192,112,113,225,112,71,199,128,64,1344,47
56,120,64,64,144,80,64,136,72,80,224,144,88,192,104,120,248,128,56,168,112,64,1296,47
88,504,416,56,944,888,48,151,103,81,297,216,64,152,88,128,304,176,72,200,128,56,2608,47
80,208,128,72,152,80,56,168,112,88,232,144,80,184,104,136,280,144,64,192,128,72,1488,47
80,159,79,57,145,88,56,104,48,96,304,208,104,200,96,120,256,136,64,192,128,88,1448,47
96,160,64,64,144,80,56,104,48,88,297,209,103,199,96,104,256,152,56,176,120,80,1416,47
81,144,63,80,176,96,104,400,296,83,680,597,64,136,72,144,248,104,56,168,112,72,2024,47
64,128,64,64,144,80,64,136,72,79,272,193,80,160,80,120,248,128,56,176,120,80,1344,47
72,144,72,72,152,80,72,1712,1640,80,1000,920,56,232,176,128,720,592,64,200,136,56,4216,47
64,144,80,72,144,72,72,160,88,80,272,192,80,200,120,121,384,263,56,192,136,64,1560,47
56,47,-9,41,281,240,96,200,104,72,184,112,80,161,81,127,255,128,64,168,104,72,1368,47
81,1313,1232,88,272,184,64,191,127,97,593,496,64,192,128,128,304,176,87,208,121,72,3145,47
88,240,152,80,216,136,104,200,96,111,792,681,64,192,128,111,383,272,97,393,296,80,2496,47
63,240,177,80,192,112,96,200,104,104,768,664,48,160,112,104,1504,1400,55,176,121,32,3272,47
79,176,97,64,144,80,48,136,88,88,239,151,81,209,128,144,408,264,64,224,160,80,1616,47
80,192,112,80,184,104,64,215,151,104,273,169,80,199,119,136,433,297,72,248,176,71,1815,47
95,255,160,80,185,105,56,184,128,104,320,216,56,192,136,127,328,201,55,232,177,63,1759,47
72,160,88,87,159,72,81,201,120,96,272,176,71,232,161,128,312,184,64,208,144,71,1615,47
55,167,112,72,161,89,56,199,143,80,233,153,63,168,105,127,384,257,56,192,136,79,1583,47
79,167,88,56,152,96,64,169,105,71,280,209,72,232,160,120,384,264,71,199,128,80,1663,47
64,152,88,64,144,80,65,137,72,96,247,151,72,184,112,144,352,208,81,209,128,80,1505,47
63,232,169,72,159,87,56,176,120,104,305,201,63,215,152,114,313,199,48,200,152,63,1663,47
79,184,105,56,167,111,57,224,167,90,921,831,56,847,791,113,361,248,79,399,320,80,3183,47
87,216,129,55,143,88,65,168,103,120,256,136,81,193,112,135,416,281,56,208,152,79,1679,47
85,185,100,131,216,85,100,269,169,85,463,378,100,385,285,85,538,453,63,348,285,84,2488,48
78,184,106,131,231,100,116,269,153,116,533,417,84,948,864,84,869,785,85,432,347,69,3535,48
78,193,115,123,154,31,147,285,138,116,431,315,116,455,339,131,616,485,100,547,447,100,2781,48
100,122,22,116,116,0,147,748,601,84,638,554,94,494,400,122,385,263,85,438,353,100,3041,48
79,163,84,115,115,0,123,301,178,100,301,201,138,416,278,122,554,432,85,448,363,68,2366,48
84,168,84,116,132,16,185,332,147,115,200,85,153,516,363,138,817,679,84,738,654,100,3003,48
100,147,47,122,817,695,106,306,200,148,617,469,84,516,432,100,763,663,69,586,517,84,3836,48
94,178,84,122,153,31,185,385,200,100,385,285,116,332,216,131,832,701,85,538,453,63,2866,48
53,184,131,132,232,100,137,338,201,94,316,222,100,517,417,115,247,132,100,284,184,100,2218,48
69,269,200,116,179,63,122,300,178,85,254,169,116,416,300,116,469,353,101,501,400,100,2488,48
99,169,70,153,153,0,131,294,163,122,238,116,131,369,238,163,400,237,132,417,285,84,2124,48
85,257,172,119,141,22,163,300,137,132,401,269,116,532,416,132,817,685,69,316,247,85,2849,48
69,216,147,122,222,100,116,263,147,100,317,217,138,396,258,151,445,294,101,608,507,91,2558,48
71,220,149,144,182,38,155,266,111,131,384,253,132,373,241,111,477,366,81,334,253,102,2338,48
101,212,111,150,383,233,184,759,575,101,376,275,111,384,273,111,504,393,81,346,265,102,3066,48
81,172,91,132,172,40,142,307,165,97,218,121,163,479,316,100,269,169,116,601,485,101,2319,48
85,269,184,116,216,100,131,332,201,84,338,254,131,416,285,116,516,400,69,470,401,84,2641,48
93,219,126,132,201,69,131,247,116,100,237,137,147,501,354,163,447,284,100,416,316,69,2337,48
93,215,122,116,232,116,153,316,163,137,454,317,116,285,169,147,679,532,84,484,400,85,2750,48
116,200,84,116,154,38,200,331,131,148,248,100,154,370,216,115,469,354,100,347,247,116,2235,48
70,201,131,116,201,85,169,284,115,132,269,137,147,401,254,147,485,338,131,363,232,116,2320,48
94,194,100,122,469,347,100,801,701,84,269,185,100,447,347,122,338,216,100,285,185,116,2919,48
84,222,138,131,231,100,163,269,106,132,316,184,148,448,300,138,438,300,100,301,201,99,2324,48
84,447,363,138,285,147,138,486,348,100,231,131,138,407,269,132,648,516,100,385,285,115,3004,48
116,253,137,116,216,100,132,285,153,100,263,163,153,369,216,147,432,285,116,316,200,116,2250,48
85,216,131,116,217,101,153,269,116,116,247,131,138,485,347,154,385,231,153,416,263,138,2373,48
100,247,147,122,253,131,163,369,206,116,263,147,154,401,247,169,416,247,122,338,216,100,2387,48
85,201,116,131,231,100,132,285,153,116,262,146,153,385,232,122,401,279,137,369,232,104,2238,48
116,231,115,147,269,122,116,200,84,132,2234,2102,131,385,254,178,331,153,116,253,137,116,4019,48
94,232,138,131,200,69,132,216,84,132,417,285,150,450,300,147,517,370,84,378,294,107,2517,48
100,247,147,116,216,100,132,270,138,100,285,185,147,463,316,138,353,215,116,332,216,100,2266,48
68,200,132,116,200,84,132,263,131,122,354,232,131,369,238,116,416,300,85,370,285,116,2288,48
84,200,116,116,200,84,147,285,138,131,278,147,138,339,201,168,516,348,84,316,232,100,2234,48
84,200,116,131,278,147,124,261,137,86,310,224,114,361,247,129,385,256,104,304,200,161,2260,48
112,240,128,120,224,104,152,312,160,112,256,144,160,336,176,142,424,282,97,288,191,127,2207,48
106,234,128,136,256,120,153,264,111,141,360,219,144,344,200,160,541,381,123,496,373,108,2603,48
95,223,128,123,203,80,175,263,88,125,288,163,158,360,202,120,493,373,123,522,399,111,2463,48
103,231,128,128,224,96,160,246,86,106,266,160,135,336,201,128,279,151,145,296,151,145,2023,48
88,216,128,120,232,112,152,232,80,137,352,215,176,415,239,159,489,330,120,509,389,104,2549,48
102,232,130,128,200,72,159,224,65,135,310,175,154,354,200,144,288,144,143,344,201,111,2063,48
117,229,112,154,224,70,163,274,111,181,336,155,182,921,739,141,672,531,104,312,208,112,3080,48
97,217,120,119,200,81,125,207,82,133,321,188,152,342,190,146,362,216,141,446,305,106,2201,48
113,231,118,137,218,81,152,280,128,137,297,160,159,732,573,137,443,306,113,326,213,138,2665,48
65,201,136,143,215,72,161,321,160,136,288,152,168,536,368,144,408,264,120,336,216,121,2426,48
84,184,100,131,185,54,169,300,131,163,285,122,178,1180,1002,137,353,216,131,285,154,131,2903,48
132,232,100,147,169,22,178,278,100,138,1055,917,116,269,153,163,517,354,100,315,215,101,2936,48
100,216,116,184,184,0,169,254,85,131,948,817,116,838,722,132,501,369,100,263,163,137,3341,48
85,185,100,147,185,38,184,300,116,116,300,184,148,332,184,132,301,169,131,300,169,147,2050,48
146,369,223,147,216,69,231,362,131,117,301,184,185,770,585,153,285,132,131,347,216,154,2804,48
116,285,169,131,194,63,169,337,168,101,301,200,147,632,485,153,1155,1002,100,601,501,147,3652,48
101,185,84,116,169,53,147,632,485,154,1071,917,131,1017,886,153,384,231,101,432,331,100,3990,48
69,216,147,122,185,63,153,253,100,116,263,147,138,454,316,163,363,200,106,369,263,116,2219,48
85,185,100,122,185,63,153,285,132,100,300,200,169,316,147,153,316,163,138,301,163,122,2010,48
100,216,116,146,246,100,138,232,94,122,322,200,147,316,169,162,716,554,69,247,178,122,2417,48
84,169,85,147,147,0,169,253,84,132,216,84,178,585,407,147,232,85,131,247,116,122,1971,48
100,184,84,116,169,53,200,247,47,169,902,733,131,400,269,131,617,486,84,384,300,116,3019,48
115,247,132,138,222,84,163,348,185,100,431,331,138,401,263,138,401,263,100,353,253,85,2488,48
116,247,131,122,122,0,185,401,216,131,363,232,153,754,601,116,300,184,132,300,168,132,2619,48
116,232,116,137,200,63,169,253,84,131,469,338,132,332,200,147,316,169,154,301,147,169,2272,48
132,270,138,147,178,31,200,285,85,137,316,179,169,322,153,147,601,454,131,300,169,132,2404,48
132,216,84,132,154,22,194,547,353,116,432,316,169,485,316,153,369,216,100,400,300,147,2750,48
116,247,131,132,170,38,184,316,132,131,269,138,178,416,238,147,348,201,100,216,116,169,2151,48
132,285,153,132,200,68,163,301,138,116,532,416,147,469,322,132,1796,1664,85,408,323,100,4091,48
85,132,47,147,200,53,169,231,62,122,316,194,154,338,184,132,485,353,100,348,248,115,2165,48
121,237,116,132,179,47,200,253,53,169,269,100,185,316,131,169,648,479,153,385,232,153,2440,48
131,247,116,137,169,32,169,300,131,116,269,153,147,294,147,154,323,169,132,316,184,116,2034,48
146,262,116,154,238,84,131,232,101,131,754,623,131,347,216,153,485,332,116,316,200,116,2750,48
100,316,216,132,201,69,147,232,85,131,316,185,154,818,664,153,285,132,137,385,248,116,2669,48
116,231,115,132,200,68,132,201,69,147,362,215,138,501,363,123,786,663,100,422,322,116,2819,48
132,232,100,132,163,31,154,254,100,170,286,116,169,401,232,169,331,162,138,270,132,168,2105,48
100,216,116,138,254,116,131,216,85,146,816,670,147,554,407,131,663,532,115,970,855,147,3836,48
116,216,100,139,185,46,154,501,347,100,269,169,147,602,455,131,532,401,100,338,238,147,2790,48
100,247,147,138,670,532,100,200,100,153,469,316,116,733,617,169,1301,1132,101,1487,1386,116,5223,48
116,232,116,131,200,69,200,717,517,100,316,216,153,331,178,138,501,363,107,269,162,132,2698,48
131,216,85,147,216,69,200,632,432,122,1386,1264,116,470,354,131,369,238,163,601,438,131,4021,48
101,170,69,169,200,31,154,285,131,131,886,755,147,516,369,131,870,739,116,316,200,147,3390,48
115,231,116,122,169,47,138,231,93,138,238,100,185,833,648,153,516,363,121,369,248,153,2740,48
116,216,100,147,147,0,184,284,100,169,338,169,163,595,432,122,338,216,115,431,316,101,2450,48
137,200,63,137,1255,1118,131,268,137,116,764,648,122,522,400,116,517,401,100,547,447,101,4174,48
85,216,131,137,200,63,169,300,131,131,238,107,162,400,238,147,363,216,132,670,538,69,2456,48
131,254,123,116,162,46,170,323,153,132,1001,869,100,1165,1065,100,168,68,147,1102,955,116,4291,48
100,200,100,132,1618,1486,184,1303,1119,84,184,100,131,753,622,116,1070,954,100,432,332,115,5675,48
100,184,84,132,200,68,163,295,132,121,584,463,138,755,617,131,869,738,132,401,269,116,3404,48
100,232,132,146,200,54,184,331,147,101,270,169,169,516,347,131,269,138,131,278,147,123,2219,48
153,238,85,147,216,69,200,369,169,100,316,216,131,332,201,153,347,194,106,422,316,100,2340,48
101,255,154,115,147,32,200,338,138,115,516,401,147,1302,1155,100,168,68,179,332,153,116,3174,48
116,232,116,116,138,22,178,316,138,115,300,185,147,432,285,131,300,169,132,332,200,153,2203,48
132,270,138,146,231,85,169,401,232,153,253,100,163,463,300,116,401,285,116,723,607,100,2842,48
115,215,100,116,232,116,153,601,448,100,839,739,115,384,269,148,617,469,84,285,201,116,3289,48
100,231,131,169,353,184,116,269,153,132,285,153,131,332,201,162,369,207,131,332,201,162,2333,48
116,231,115,154,232,78,170,254,84,116,269,153,179,532,353,147,369,222,163,316,153,147,2350,48
116,238,122,148,216,68,185,385,200,94,263,169,169,501,332,116,500,384,100,485,385,116,2704,48
100,162,62,154,216,62,154,238,84,131,263,132,201,539,338,147,500,353,132,348,216,100,2366,48
132,263,131,138,206,68,163,232,69,147,285,138,163,332,169,184,654,470,132,379,247,123,2474,48
138,217,79,153,169,16,216,1705,1489,154,432,278,125,812,687,112,368,256,79,314,235,132,4149,48
134,194,60,162,162,0,223,425,202,71,263,192,193,564,371,116,285,169,116,480,364,122,2495,48
122,181,59,132,200,68,194,278,84,122,485,363,153,416,263,138,601,463,69,285,216,100,2546,48
100,169,69,116,163,47,153,585,432,53,638,585,131,447,316,132,417,285,100,585,485,115,3119,48
116,200,84,116,201,85,146,362,216,138,754,616,116,369,253,147,448,301,100,369,269,116,2819,48
78,178,100,138,201,63,169,253,84,116,301,185,147,363,216,153,307,154,100,331,231,116,2050,48
100,238,138,115,215,100,132,232,100,131,284,153,169,385,216,147,416,269,131,347,216,107,2224,48
101,216,115,116,201,85,153,269,116,131,300,169,163,316,153,131,300,169,131,300,169,147,2049,48
116,238,122,116,194,78,169,238,69,131,247,116,153,338,185,146,416,270,100,316,216,116,2103,48
115,231,116,116,154,38,162,231,69,147,254,107,147,400,253,132,247,115,101,332,231,122,1971,48
94,232,138,115,247,132,138,200,62,122,516,394,154,323,169,131,447,316,84,200,116,153,2318,48
101,201,100,147,184,37,179,232,53,147,331,184,169,438,269,131,263,132,100,285,185,131,2065,48
85,169,84,132,200,68,185,216,31,132,316,184,154,485,331,132,232,100,100,285,185,116,2019,48
84,237,153,94,163,69,131,216,85,122,269,147,131,400,269,132,254,122,100,278,178,122,1939,48
115,237,122,116,194,78,138,185,47,139,317,178,153,353,200,116,254,138,131,332,201,68,1940,48
100,216,116,116,185,69,154,270,116,131,262,131,138,370,232,131,285,154,84,231,147,138,1957,48
100,232,132,100,185,85,138,253,115,116,285,169,178,348,170,131,316,185,115,269,154,115,2003,48
109,223,114,110,182,72,169,200,31,131,263,132,184,407,223,147,348,201,131,332,201,138,2093,48
116,222,106,132,179,47,185,238,53,147,278,131,169,338,169,147,485,338,85,301,216,100,2141,48
85,201,116,100,162,62,201,223,22,131,247,116,169,469,300,147,447,300,100,332,232,106,2187,48
100,201,101,115,184,69,163,247,84,132,417,285,137,701,564,116,231,115,107,370,263,100,2451,48
101,185,84,131,201,70,200,716,516,101,270,169,147,385,238,147,369,222,78,363,285,100,2589,48
84,216,132,137,315,178,169,1671,1502,100,654,554,100,363,263,154,270,116,100,300,200,116,3905,48
101,254,153,131,194,63,137,238,101,115,300,185,131,469,338,116,232,116,100,269,169,109,2065,48
69,247,178,85,185,100,138,217,79,100,222,122,147,332,185,169,685,516,100,416,316,100,2404,48
84,184,100,138,185,47,184,253,69,116,295,179,137,385,248,137,215,78,107,623,516,100,2240,48
84,516,432,116,185,69,115,284,169,101,385,284,116,301,185,147,278,131,100,470,370,85,2504,48
94,201,107,116,162,46,185,238,53,132,348,216,115,369,254,147,278,131,122,323,201,115,2034,48
116,187,71,120,172,52,132,312,180,94,205,111,141,373,232,153,301,148,100,231,131,122,1903,48
131,216,85,85,185,100,163,200,37,117,264,147,138,416,278,153,353,200,100,401,301,116,2151,48
100,216,116,122,1440,1318,100,331,231,116,254,138,116,447,331,138,332,194,85,269,184,85,3374,48
116,201,85,137,184,47,185,454,269,100,432,332,169,301,132,100,331,231,100,501,401,84,2488,48
116,248,132,121,168,47,169,254,85,100,263,163,137,300,163,116,269,153,100,269,169,116,1887,48
84,216,132,116,169,53,147,231,84,116,232,116,138,322,184,132,285,153,178,278,100,153,1886,48
100,284,184,132,201,69,200,585,385,84,384,300,116,448,332,147,285,138,100,269,169,100,2556,48
100,253,153,132,232,100,169,269,100,101,248,147,115,369,254,147,332,185,100,269,169,115,2087,48
100,200,100,122,153,31,147,232,85,137,338,201,115,316,201,162,331,169,116,232,116,169,1971,48
116,232,116,122,207,85,131,231,100,100,401,301,116,247,131,185,601,416,116,370,254,115,2404,48
115,200,85,116,169,53,147,216,69,131,285,154,169,316,147,153,453,300,116,217,101,147,2003,48
132,201,69,100,138,38,147,216,69,131,247,116,153,453,300,185,363,178,101,285,184,153,2056,48
85,216,131,154,154,0,147,268,121,111,527,416,154,285,131,153,316,163,115,338,223,147,2251,48
108,248,140,120,152,32,149,227,78,100,200,100,138,454,316,116,247,131,100,422,322,101,2051,48
100,231,131,116,153,37,132,232,100,116,501,385,168,801,633,100,200,100,100,269,169,132,2519,48
100,216,116,137,200,63,169,238,69,116,216,100,147,516,369,131,247,116,101,270,169,169,2072,48
131,231,100,122,169,47,154,254,100,131,200,69,163,401,238,147,363,216,84,238,154,131,1987,48
100,254,154,84,169,85,147,247,100,116,247,131,154,369,215,117,539,422,100,263,163,138,2226,48
100,231,131,116,169,53,185,216,31,132,247,115,169,370,201,153,532,379,137,253,116,132,2150,48
115,216,101,115,215,100,153,285,132,131,269,138,168,531,363,138,338,200,100,279,179,122,2255,48
78,247,169,100,185,85,184,253,69,117,401,284,163,401,238,116,262,146,132,339,207,100,2188,48
100,238,138,78,147,69,185,285,100,147,301,154,162,384,222,147,401,254,116,278,162,107,2141,48
84,253,169,116,200,84,148,216,68,132,432,300,153,300,147,116,354,238,100,479,379,100,2334,48
100,185,85,100,163,63,185,253,68,201,570,369,147,316,169,178,301,123,116,447,331,101,2336,48
112,223,111,122,211,89,152,235,83,111,648,537,121,232,111,173,718,545,73,264,191,143,2674,48
124,215,91,111,173,62,182,262,80,120,323,203,134,440,306,147,332,185,132,377,245,152,2274,48
122,221,99,205,1389,1184,122,323,201,83,539,456,135,651,516,169,648,479,69,454,385,115,4340,48
100,231,131,153,654,501,116,279,163,200,485,285,138,269,131,148,385,237,85,348,263,116,2767,48
100,269,169,131,231,100,147,216,69,116,285,169,148,332,184,169,532,363,100,400,300,138,2403,48
138,185,47,131,184,53,147,216,69,116,254,138,162,394,232,153,438,285,85,285,200,147,2103,48
115,463,348,84,169,85,137,253,116,132,316,184,132,401,269,131,271,140,98,252,154,178,2303,48
148,217,69,146,162,16,169,200,31,122,253,131,185,432,247,100,238,138,116,263,147,137,1902,48
100,185,85,147,216,69,137,216,79,100,222,122,163,579,416,154,254,100,116,269,153,116,2057,48
84,200,116,116,185,69,131,247,116,138,538,400,100,864,764,122,200,78,122,254,132,168,2656,48
115,215,100,122,185,63,137,785,648,85,348,263,137,353,216,169,347,178,85,355,270,116,2704,48
101,201,100,115,169,54,162,247,85,100,238,138,178,478,300,116,455,339,100,385,285,100,2273,48
100,200,100,163,216,53,153,184,31,116,717,601,146,585,439,185,870,685,78,194,116,106,3072,48
100,185,85,100,154,54,147,247,100,100,216,116,200,453,253,132,501,369,100,316,216,116,2188,48
94,178,84,116,169,53,116,216,100,100,269,169,147,401,254,131,447,316,100,438,338,116,2234,48
115,200,85,84,178,94,85,238,153,116,269,153,163,348,185,153,1454,1301,100,279,179,122,3088,48
100,585,485,94,147,53,116,185,69,100,500,400,101,432,331,116,385,269,53,200,147,116,2550,48
115,262,147,100,169,69,132,216,84,100,216,116,137,485,348,153,253,100,131,363,232,84,2048,48
84,216,132,121,184,63,185,269,84,116,285,169,148,533,385,116,238,122,100,248,148,153,2126,48
69,306,237,100,179,79,169,370,201,100,469,369,132,1333,1201,100,216,116,116,284,168,116,3273,48
100,216,116,131,200,69,147,232,85,100,269,169,169,432,263,137,331,194,107,223,116,115,2018,48
138,270,132,162,215,53,185,301,116,100,569,469,147,216,69,201,986,785,101,217,116,147,2921,48
185,301,116,169,147,-22,185,454,269,185,885,700,163,802,639,184,916,732,100,216,116,147,3868,48
138,222,84,132,163,31,169,200,31,116,270,154,147,363,216,169,454,285,100,253,153,163,2088,48
163,200,37,116,179,63,168,237,69,147,200,53,185,448,263,169,316,147,138,322,184,116,2018,48
138,216,78,138,169,31,169,216,47,154,454,300,147,400,253,148,248,100,115,269,154,162,2134,48
132,216,84,147,154,7,162,178,16,185,1224,1039,100,447,347,147,354,207,93,247,154,131,2951,48
138,223,85,100,147,47,154,217,63,137,338,201,116,378,262,185,739,554,116,247,131,131,2420,48
148,248,100,100,169,69,131,247,116,116,670,554,162,500,338,147,633,486,84,231,147,106,2804,48
153,253,100,116,179,63,122,184,62,138,370,232,162,563,401,184,385,201,122,238,116,147,2319,48
115,215,100,101,186,85,131,215,84,147,486,339,131,431,300,185,470,285,100,516,416,132,2651,48
107,207,100,163,316,153,131,363,232,84,222,138,132,532,400,147,716,569,116,270,154,115,2741,48
115,231,116,116,185,69,131,200,69,116,331,215,100,338,238,100,378,278,138,270,132,131,2064,48
116,285,169,116,169,53,163,247,84,138,238,100,163,417,254,162,447,285,116,417,301,115,2335,48
84,231,147,107,185,78,138,222,84,194,532,338,131,485,354,179,317,138,115,331,216,138,2441,48
131,262,131,107,169,62,185,1202,1017,153,438,285,131,848,717,155,1406,1251,116,563,447,100,4988,48
100,232,132,116,185,69,146,216,70,169,369,200,147,363,216,154,369,215,116,501,385,100,2335,48
116,247,131,169,216,47,131,316,185,137,353,216,131,802,671,115,184,69,116,563,447,122,2803,48
137,238,101,184,1085,901,100,194,94,122,438,316,147,1448,1301,185,401,216,116,300,184,122,4226,48
115,231,116,116,185,69,163,247,84,138,517,379,84,453,369,163,802,639,116,285,169,131,2851,48
94,178,84,100,185,85,115,215,100,116,285,169,115,384,269,185,633,448,138,316,178,138,2334,48
106,184,78,101,154,53,132,201,69,100,500,400,163,617,454,147,316,169,100,316,216,122,2410,48
115,169,54,100,185,85,146,231,85,100,838,738,116,279,163,138,554,416,100,232,132,115,2603,48
148,179,31,100,153,53,147,200,53,169,285,116,147,385,238,163,363,200,116,269,153,147,1981,48
132,248,116,84,169,85,147,200,53,169,369,200,163,448,285,169,400,231,116,216,100,153,2203,48
131,200,69,147,247,100,147,285,138,131,416,285,116,416,300,169,516,347,101,338,237,116,2534,48
153,238,85,116,184,68,132,517,385,131,763,632,122,401,279,138,723,585,131,748,617,116,3690,48
131,531,400,85,154,69,147,501,354,100,232,132,115,431,316,116,601,485,100,370,270,115,2935,48
116,148,32,168,1254,1086,100,316,216,116,201,85,162,632,470,131,253,122,100,379,279,122,3305,48
101,147,46,135,174,39,161,223,62,138,270,132,115,385,270,147,447,300,100,269,169,132,2047,48
163,194,31,138,153,15,201,248,47,106,253,147,147,417,270,137,638,501,116,879,763,123,2905,48
132,116,-16,185,564,379,137,638,501,100,463,363,138,454,316,84,385,301,100,416,316,131,3167,48
100,132,32,84,169,85,115,247,132,137,538,401,116,1086,970,116,232,116,84,532,448,100,3036,48
99,214,115,120,177,57,164,388,224,104,250,146,112,576,464,112,404,292,90,649,559,105,2763,48
104,176,72,113,153,40,176,362,186,97,226,129,138,449,311,129,328,199,96,660,564,104,2458,48
104,212,108,137,185,48,124,313,189,88,256,168,130,447,317,114,284,170,92,434,342,124,2255,48
105,217,112,111,162,51,165,253,88,121,281,160,132,395,263,104,330,226,114,384,270,106,2128,48
112,202,90,128,219,91,141,256,115,108,228,120,138,602,464,122,218,96,112,465,353,113,2303,48
120,234,114,128,202,74,162,251,89,116,285,169,154,493,339,121,229,108,106,658,552,116,2468,48
128,234,106,129,185,56,140,231,91,88,242,154,136,436,300,123,235,112,121,360,239,104,2027,48
131,211,80,129,201,72,184,230,46,145,282,137,159,396,237,147,254,107,131,349,218,110,2033,48
116,212,96,130,212,82,168,260,92,128,240,112,143,467,324,112,323,211,112,318,206,96,2128,48
124,255,131,128,208,80,161,241,80,112,296,184,175,452,277,122,255,133,160,445,285,132,2284,48
168,233,65,136,231,95,165,273,108,106,269,163,184,444,260,159,326,167,121,375,254,126,2277,48
113,229,116,143,212,69,147,230,83,100,204,104,174,428,254,130,363,233,122,389,267,113,2168,48
123,219,96,129,203,74,160,226,66,136,266,130,165,429,264,114,459,345,136,322,186,134,2258,48
80,201,121,126,215,89,152,219,67,127,260,133,148,465,317,139,259,120,124,338,214,143,2100,48
109,221,112,128,207,79,144,268,124,112,358,246,134,377,243,106,216,110,123,433,310,91,2171,48
120,219,99,137,200,63,163,219,56,130,253,123,169,435,266,142,321,179,121,360,239,117,2124,48
119,227,108,138,202,64,162,212,50,117,216,99,191,375,184,132,340,208,107,394,287,122,2088,48
125,243,118,128,193,65,132,204,72,149,365,216,162,523,361,129,449,320,116,252,136,131,2360,48
120,216,96,118,190,72,149,239,90,96,264,168,185,434,249,136,238,102,132,343,211,128,2052,48
128,240,112,125,205,80,145,280,135,100,427,327,120,365,245,133,799,666,106,198,92,128,2642,48
80,189,109,125,175,50,164,266,102,220,872,652,123,485,362,128,215,87,128,275,147,129,2606,48
98,201,103,106,187,81,152,241,89,111,243,132,153,339,186,152,260,108,145,314,169,143,1928,48
132,212,80,123,186,63,178,234,56,135,258,123,152,341,189,120,248,128,152,348,196,107,1934,48
117,248,131,138,216,78,170,252,82,116,262,146,166,375,209,120,243,123,155,276,121,145,2017,48
124,244,120,140,232,92,192,248,56,112,259,147,151,416,265,127,256,129,140,301,161,119,2075,48
87,258,171,96,168,72,101,237,136,82,439,357,119,310,191,113,290,177,92,295,203,112,2109,48
90,372,282,120,464,344,96,181,85,128,284,156,147,390,243,98,292,194,74,410,336,96,2489,48
109,205,96,103,176,73,128,226,98,104,222,118,133,363,230,120,365,245,112,240,128,110,1907,48
114,232,118,136,184,48,172,228,56,142,332,190,173,434,261,129,304,175,118,345,227,135,2194,48
138,241,103,147,208,61,176,259,83,126,269,143,171,473,302,143,279,136,186,447,261,169,2345,48
139,251,112,133,213,80,162,229,67,131,282,151,173,424,251,137,227,90,144,331,187,120,2077,48
149,277,128,136,210,74,169,233,64,104,216,112,165,574,409,136,235,99,126,342,216,121,2208,48
145,283,138,136,192,56,152,232,80,117,248,131,158,384,226,128,280,152,120,314,194,134,2067,48
107,208,101,129,225,96,142,336,194,75,222,147,142,417,275,117,231,114,120,322,202,112,2073,48
122,205,83,149,189,40,174,238,64,136,264,128,144,418,274,141,229,88,104,320,216,121,1984,48
112,198,86,122,186,64,145,217,72,96,208,112,155,451,296,140,348,208,115,332,217,105,2045,48
133,214,81,144,184,40,152,234,82,127,260,133,152,402,250,131,239,108,96,345,249,122,2000,48
136,219,83,112,183,71,142,262,120,136,352,216,129,497,368,123,229,106,128,309,181,120,2171,48
121,195,74,126,190,64,189,269,80,134,280,146,161,372,211,140,308,168,128,361,233,145,2120,48
153,241,88,130,172,42,175,263,88,137,894,757,168,377,209,140,225,85,117,364,247,122,2658,48
125,207,82,139,192,53,171,211,40,133,245,112,162,417,255,143,249,106,129,404,275,104,2029,48
112,251,139,129,241,112,118,209,91,145,425,280,144,444,300,105,273,168,113,367,254,112,2322,48
120,224,104,144,196,52,176,256,80,110,427,317,138,312,174,136,341,205,105,382,277,112,2250,48
144,201,57,139,166,27,174,270,96,121,272,151,167,401,234,149,256,107,137,419,282,115,2100,48
120,243,123,140,228,88,128,249,121,112,463,351,150,321,171,152,304,152,100,432,332,99,2339,48
136,278,142,159,215,56,162,236,74,126,314,188,169,410,241,157,221,64,120,330,210,115,2119,48
130,218,88,136,200,64,160,233,73,120,249,129,160,402,242,147,222,75,107,308,201,107,1939,48
112,208,96,142,228,86,162,231,69,145,388,243,157,267,110,178,399,221,131,337,206,120,2178,48
120,200,80,141,213,72,152,247,95,114,266,152,142,435,293,154,282,128,124,323,199,120,2086,48
144,245,101,115,244,129,116,212,96,96,445,349,120,435,315,133,301,168,107,350,243,115,2347,48
122,229,107,141,223,82,145,243,98,102,298,196,153,417,264,132,277,145,109,277,168,115,2079,48
107,218,111,153,201,48,162,320,158,83,250,167,166,441,275,149,280,131,112,353,241,120,2183,48
123,227,104,155,222,67,149,333,184,93,314,221,128,357,229,134,326,192,128,486,358,100,2365,48
147,275,128,131,195,64,163,235,72,104,305,201,169,440,271,122,306,184,152,576,424,112,2444,48
129,260,131,136,200,64,125,280,155,112,265,153,145,359,214,141,256,115,112,432,320,144,2196,48
130,242,112,141,189,48,152,260,108,132,331,199,145,485,340,128,234,106,128,314,186,112,2167,48
122,230,108,129,193,64,150,206,56,120,493,373,144,367,223,150,307,157,112,282,170,128,2206,48
142,215,73,120,193,73,151,215,64,144,425,281,160,376,216,144,320,176,120,344,224,115,2203,48
125,214,89,120,457,337,128,523,395,131,268,137,127,470,343,142,529,387,112,372,260,104,2937,48
126,241,115,144,216,72,137,244,107,149,424,275,140,584,444,97,185,88,112,341,229,127,2362,48
89,233,144,119,223,104,124,228,104,122,436,314,159,352,193,159,247,88,129,315,186,112,2146,48
98,229,131,114,186,72,163,219,56,130,277,147,160,381,221,137,235,98,111,256,145,117,1900,48
116,228,112,139,163,24,197,238,41,117,196,79,175,426,251,138,250,112,145,277,132,119,1897,48
144,265,121,119,143,24,157,288,131,104,387,283,163,566,403,107,155,48,104,248,144,120,2172,48
137,201,64,139,179,40,200,240,40,130,258,128,178,460,282,135,230,95,124,310,186,136,2014,48
119,194,75,135,159,24,187,261,74,131,252,121,206,408,202,123,235,112,112,264,152,136,1909,48
128,217,89,146,178,32,181,284,103,125,258,133,167,393,226,146,277,131,122,250,128,136,1993,48
132,199,67,133,192,59,162,211,49,120,234,114,169,445,276,163,347,184,126,336,210,144,2108,48
166,242,76,96,168,72,164,212,48,128,293,165,161,492,331,151,215,64,103,279,176,136,2037,48
134,206,72,122,187,65,143,193,50,128,250,122,162,501,339,165,292,127,113,265,152,128,2022,48
128,201,73,105,201,96,135,222,87,128,284,156,201,595,394,116,196,80,95,267,172,108,2074,48
118,186,68,102,158,56,160,210,50,131,259,128,163,467,304,154,242,88,112,266,154,130,1918,48
108,188,80,134,204,70,146,197,51,137,281,144,161,396,235,152,201,49,140,271,131,147,1885,48
144,209,65,136,216,80,160,218,58,150,525,375,150,562,412,117,171,54,133,276,143,140,2317,48
137,187,50,120,193,73,169,224,55,125,224,99,176,480,304,146,262,116,122,314,192,128,2012,48
115,232,117,128,208,80,151,231,80,122,273,151,145,432,287,142,224,82,108,257,149,128,1985,48
136,192,56,116,180,64,161,201,40,129,273,144,162,474,312,136,200,64,132,260,128,148,1928,48
153,241,88,170,178,8,146,311,165,88,256,168,121,405,284,160,323,163,128,320,192,144,2178,48
136,182,46,128,196,68,168,242,74,134,370,236,144,528,384,134,427,293,108,466,358,104,2515,48
114,186,72,140,188,48,161,201,40,139,262,123,163,459,296,136,192,56,128,242,114,138,1868,48
135,223,88,113,183,70,153,226,73,132,276,144,171,507,336,114,210,96,128,240,112,133,1998,48
128,224,96,125,181,56,135,218,83,142,416,274,141,352,211,147,394,247,116,345,229,112,2242,48
144,192,48,120,200,80,155,205,50,139,219,80,144,439,295,144,250,106,126,272,146,151,1928,48
164,244,80,138,246,108,121,266,145,127,299,172,160,403,243,158,230,72,120,329,209,131,2148,48
112,221,109,128,184,56,170,226,56,107,491,384,146,332,186,128,426,298,124,326,202,133,2339,48
133,184,51,125,191,66,142,216,74,142,409,267,149,493,344,128,216,88,112,395,283,129,2233,48
112,204,92,148,188,40,179,186,7,147,284,137,171,471,300,155,299,144,94,396,302,120,2148,48
118,200,82,110,159,49,151,216,65,128,260,132,166,372,206,112,227,115,112,678,566,113,2225,48
104,194,90,129,185,56,161,193,32,120,347,227,219,412,193,136,266,130,119,266,147,131,1994,48
108,172,64,141,178,37,167,212,45,119,261,142,171,475,304,143,208,65,110,278,168,133,1917,48
136,218,82,120,176,56,166,222,56,186,266,80,170,563,393,151,222,71,112,250,138,137,2054,48
137,169,32,152,183,31,162,235,73,141,720,579,130,605,475,128,176,48,105,236,131,121,2445,48
122,217,95,109,165,56,165,243,78,144,251,107,154,456,302,138,226,88,105,285,180,120,1963,48
121,193,72,112,184,72,150,287,137,121,201,80,136,481,345,148,244,96,120,264,144,141,1995,48
109,221,112,127,183,56,213,758,545,80,316,236,134,1042,908,116,434,318,99,331,232,128,3413,48
106,178,72,128,182,54,106,278,172,119,296,177,128,427,299,138,210,72,104,322,218,129,2022,48
137,268,131,101,181,80,154,284,130,100,350,250,148,489,341,130,210,80,96,316,220,115,2213,48
112,248,136,98,197,99,120,200,80,124,507,383,134,467,333,144,358,214,93,312,219,138,2427,48
144,208,64,120,186,66,157,208,51,131,234,103,141,404,263,183,292,109,128,261,133,184,1977,48
155,208,53,128,168,40,165,227,62,141,272,131,157,417,260,120,224,104,136,306,170,124,1946,48
125,213,88,120,179,59,174,254,80,120,306,186,167,403,236,147,270,123,112,259,147,152,2036,48
142,844,702,116,303,187,90,462,372,83,199,116,112,483,371,125,201,76,100,350,250,99,2941,48
101,238,137,112,201,89,135,386,251,92,238,146,144,533,389,114,226,112,106,413,307,97,2332,48
104,205,101,116,187,71,116,308,192,83,282,199,143,482,339,128,520,392,88,349,261,114,2447,48
80,194,114,104,176,72,131,252,121,118,206,88,136,473,337,120,218,98,115,441,326,114,2074,48
88,181,93,127,204,77,144,216,72,120,320,200,153,516,363,111,183,72,112,333,221,97,2050,48
119,217,98,113,194,81,136,232,96,98,657,559,109,371,262,140,424,284,96,351,255,88,2534,48
102,187,85,117,181,64,144,233,89,127,324,197,144,492,348,146,202,56,113,270,157,103,1992,48
116,212,96,121,177,56,146,203,57,130,213,83,160,470,310,166,258,92,116,252,136,106,1891,48
96,200,104,96,167,71,150,241,91,117,243,126,161,417,256,149,229,80,112,276,164,96,1869,48
123,470,347,102,346,244,99,261,162,96,339,243,140,365,225,142,200,58,108,258,150,109,2348,48
105,156,51,107,163,56,162,225,63,111,261,150,157,491,334,128,193,65,127,327,200,117,1933,48
119,170,51,124,188,64,161,203,42,117,240,123,168,432,264,128,176,48,128,284,156,136,1829,48
137,274,137,110,178,68,136,216,80,112,283,171,112,367,255,129,214,85,112,251,139,120,1903,48
116,230,114,104,198,94,123,248,125,109,287,178,125,505,380,136,192,56,119,246,127,107,2013,48
128,200,72,111,217,106,151,278,127,103,314,211,160,445,285,158,507,349,87,275,188,129,2365,48
114,154,40,177,240,63,144,233,89,104,336,232,141,573,432,120,169,49,124,354,230,119,2178,48
112,211,99,96,144,48,139,197,58,100,231,131,136,439,303,138,186,48,136,394,258,95,1897,48
99,235,136,88,156,68,144,192,48,96,558,462,143,506,363,112,156,44,120,263,143,129,2195,48
131,190,59,99,169,70,158,182,24,118,545,427,141,357,216,176,293,117,113,651,538,96,2483,48
137,196,59,148,164,16,137,201,64,128,345,217,122,399,277,166,240,74,112,267,155,116,1928,48
144,200,56,114,185,71,184,184,0,126,328,202,162,469,307,125,201,76,96,296,200,106,1969,48
129,240,111,129,169,40,160,208,48,114,360,246,160,352,192,201,275,74,110,214,104,136,1954,48
97,221,124,88,142,54,133,212,79,125,382,257,154,304,150,160,266,106,111,280,169,108,1915,48
120,198,78,131,163,32,168,217,49,128,333,205,152,323,171,184,281,97,120,230,110,128,1873,48
99,173,74,128,200,72,177,209,32,96,259,163,154,345,191,145,231,86,152,208,56,137,1762,48
137,228,91,117,215,98,145,234,89,94,298,204,137,303,166,144,225,81,142,270,128,138,1911,48
112,226,114,126,188,62,161,212,51,136,309,173,144,352,208,158,313,155,119,479,360,80,2159,48
120,261,141,112,207,95,120,191,71,118,329,211,146,265,119,150,291,141,100,257,157,105,1906,48
112,225,113,108,167,59,171,203,32,123,291,168,178,320,142,144,260,116,120,248,128,145,1859,48
112,240,128,140,231,91,121,291,170,111,310,199,168,332,164,144,272,128,102,198,96,128,2002,48
122,239,117,89,169,80,120,254,134,104,273,169,129,416,287,153,253,100,112,258,146,129,1991,48
104,200,96,128,152,24,175,240,65,133,349,216,139,344,205,153,300,147,104,216,112,140,1941,48
107,187,80,128,152,24,185,226,41,112,240,128,144,332,188,168,288,120,133,258,125,158,1841,48
120,208,88,174,174,0,184,278,94,92,204,112,162,651,489,136,192,56,128,235,107,154,2096,48
116,191,75,115,179,64,160,216,56,104,240,136,171,337,166,145,221,76,120,249,129,129,1762,48
129,214,85,113,185,72,178,210,32,136,259,123,152,395,243,152,199,47,146,266,120,144,1872,48
106,172,66,130,173,43,166,230,64,104,216,112,185,413,228,146,224,78,147,266,119,144,1838,48
131,198,67,134,192,58,155,209,54,136,341,205,143,381,238,143,191,48,131,236,105,133,1881,48
144,216,72,95,145,50,179,235,56,120,240,120,144,393,249,166,233,67,134,266,132,156,1884,48
127,185,58,128,152,24,189,229,40,128,258,130,152,436,284,149,157,8,177,367,190,161,1945,48
142,224,82,112,152,40,181,237,56,112,224,112,160,413,253,128,171,43,149,271,122,145,1837,48
145,175,30,117,203,86,147,184,37,115,207,92,150,446,296,144,195,51,136,267,131,146,1823,48
136,194,58,116,149,33,189,241,52,116,252,136,163,439,276,152,201,49,124,234,110,130,1840,48
128,204,76,123,147,24,169,258,89,131,238,107,190,366,176,183,668,485,98,244,146,127,2252,48
119,179,60,124,167,43,171,205,34,128,283,155,199,370,171,147,227,80,139,280,141,134,1845,48
128,165,37,148,211,63,172,222,50,134,266,132,160,488,328,119,633,514,104,354,250,137,2476,48
128,185,57,136,168,32,168,206,38,103,250,147,148,369,221,144,223,79,143,255,112,114,1770,48
122,203,81,144,205,61,160,194,34,112,296,184,168,426,258,115,250,135,128,236,108,102,1912,48
127,179,52,141,165,24,177,257,80,128,220,92,152,389,237,134,206,72,153,254,101,155,1825,48
120,194,74,120,203,83,170,221,51,128,241,113,161,386,225,142,264,122,111,291,180,151,1951,48
141,192,51,120,182,62,184,234,50,120,266,146,154,367,213,153,219,66,125,266,141,152,1878,48
157,197,40,145,147,2,139,476,337,112,747,635,121,641,520,118,263,145,113,207,94,160,2838,48
115,171,56,105,160,55,142,190,48,112,219,107,167,366,199,157,197,40,122,279,157,148,1730,48
131,223,92,128,167,39,251,799,548,128,940,812,159,419,260,132,172,40,128,361,233,121,3202,48
133,157,24,143,1017,874,120,318,198,81,274,193,147,451,304,133,193,60,120,266,146,152,2828,48
128,237,109,98,154,56,152,224,72,103,361,258,164,376,212,155,225,70,139,348,209,104,2029,48
104,210,106,101,191,90,166,214,48,120,355,235,159,354,195,169,261,92,130,578,448,128,2291,48
122,223,101,106,168,62,152,200,48,102,219,117,151,502,351,136,463,327,108,489,381,117,2381,48
105,193,88,139,194,55,159,218,59,112,241,129,160,417,257,162,338,176,136,325,189,137,2063,48
138,210,72,113,169,56,174,224,50,131,250,119,160,507,347,174,493,319,128,315,187,144,2312,48
113,192,79,120,200,80,170,384,214,104,469,365,156,603,447,176,424,248,106,258,152,145,2675,48
128,184,56,167,651,484,128,232,104,104,340,236,152,479,327,155,259,104,125,423,298,129,2697,48
107,171,64,134,203,69,181,283,102,109,256,147,162,441,279,159,215,56,125,272,147,129,1970,48
138,203,65,117,177,60,152,207,55,141,265,124,168,408,240,168,264,96,121,277,156,175,1976,48
135,192,57,115,179,64,181,197,16,114,239,125,193,413,220,188,241,53,155,262,107,160,1883,48
134,198,64,128,202,74,160,169,9,134,301,167,152,361,209,169,274,105,112,297,185,198,2000,48
124,188,64,120,176,56,153,187,34,120,232,112,190,418,228,172,259,87,115,263,148,136,1859,48
120,208,88,128,176,48,155,192,37,124,225,101,186,406,220,138,210,72,132,337,205,146,1900,48
141,189,48,128,194,66,157,194,37,131,267,136,168,416,248,192,640,448,101,383,282,107,2390,48
160,216,56,123,163,40,147,581,434,120,496,376,128,464,336,182,364,182,88,273,185,128,2685,48
133,180,47,114,162,48,179,227,48,116,268,152,144,392,248,193,344,151,128,492,364,112,2177,48
118,198,80,136,186,50,139,227,88,122,230,108,142,439,297,143,247,104,113,501,388,112,2140,48
120,192,72,109,189,80,176,239,63,136,248,112,144,394,250,160,256,96,112,290,178,129,1937,48
120,166,46,150,198,48,136,238,102,113,206,93,146,472,326,178,253,75,140,244,104,122,1899,48
125,181,56,144,192,48,177,233,56,117,219,102,150,892,742,134,158,24,144,391,247,128,2394,48
136,258,122,149,183,34,127,623,496,127,448,321,106,446,340,125,210,85,80,421,341,82,2671,48
118,225,107,154,189,35,138,218,80,108,175,67,147,558,411,138,209,71,109,328,219,120,2022,48
120,220,100,121,182,61,168,232,64,120,235,115,142,531,389,170,453,283,107,440,333,118,2411,48
119,159,40,136,185,49,152,192,40,110,271,161,148,364,216,162,252,90,168,296,128,160,1879,48
136,200,64,123,175,52,142,197,55,112,228,116,191,420,229,203,275,72,144,295,151,151,1941,48
128,192,64,123,171,48,160,224,64,132,213,81,167,582,415,152,216,64,169,244,75,160,2002,48
120,168,48,128,493,365,123,337,214,130,708,578,120,472,352,148,250,102,112,294,182,120,2842,48
124,204,80,119,179,60,123,211,88,104,213,109,151,441,290,160,203,43,98,322,224,136,1909,48
104,378,274,149,272,123,140,246,106,107,330,223,161,657,496,158,222,64,105,273,168,128,2506,48
